# hjd             mag      mag_err  
  2457698.80551   13.611   0.02201  
  2458222.68865   13.615   0.02196  
  2458213.6351    13.633   0.02199  
  2458233.57606   13.587   0.02196  
  2457833.5995    13.648   0.02203  
  2458102.79034   13.59    0.02197  
  2457779.67644   13.602   0.02199  
  2457752.74088   13.624   0.02198  
  2457760.60405   13.606   0.02194  
  2457701.76088   13.567   0.02189  
  2458165.62654   13.629   0.02205  
  2457714.80688   13.595   0.02198  
  2458104.73375   13.569   0.02189  
  2458073.85      13.625   0.02204  
  2458167.64124   13.625   0.02204  
  2458209.51253   13.615   0.02202  
  2458043.85332   13.62    0.02203  
  2457758.59649   13.587   0.02191  
  2457726.7623    13.589   0.02192  
  2457437.8256    13.646   0.02202  
  2457448.59385   13.575   0.0219   
  2457444.84384   13.586   0.02196  
  2457904.54689   13.595   0.02198  
  2457847.72469   13.621   0.02203  
  2457444.70308   13.605   0.02194  
  2457853.58108   13.581   0.02191  
  2457817.79194   13.593   0.02192  
  2457659.87058   13.618   0.02197  
  2457763.78695   13.58    0.02191  
  2458122.85677   13.623   0.02204  
  2458175.59597   13.597   0.02198  
  2457874.65867   13.609   0.022    
  2458169.60505   13.602   0.02199  
  2457448.58634   13.64    0.02208  
  2458022.87826   13.606   0.02194  
  2458170.74799   13.592   0.02192  
  2457754.6754    13.606   0.022    
  2458166.53667   13.606   0.02194  
  2458238.52437   13.564   0.02189  
  2457664.88988   13.579   0.02195  
  2458215.55743   13.61    0.02195  
  2457693.8256    13.592   0.02197  
  2457741.79025   13.626   0.02204  
  2457778.73022   13.593   0.02192  
  2458088.73139   13.593   0.02197  
  2458229.6948    13.59    0.02197  
  2457667.84832   13.641   0.02201  
  2458034.85692   13.614   0.02202  
  2457438.78716   13.613   0.02196  
  2457799.71422   13.604   0.02199  
  2457850.47575   13.654   0.02204  
  2457794.69295   13.579   0.02195  
  2457457.68064   13.657   0.02212  
  2457737.73069   13.566   0.02189  
  2457894.61479   13.583   0.02195  
  2457791.84913   13.621   0.02197  
  2458167.54761   13.585   0.02191  
  2458179.69564   13.591   0.02197  
  2458213.7262    13.575   0.02194  
  2457751.65049   13.625   0.02204  
  2458029.87498   13.565   0.02193  
  2457837.72902   13.619   0.02197  
  2457768.74462   13.601   0.02199  
  2458118.71603   13.628   0.02205  
  2457933.4471    13.649   0.02203  
  2458181.6371    13.583   0.02191  
  2457762.61974   13.584   0.02196  
  2457913.51379   13.576   0.0219   
  2457856.65194   13.609   0.022    
  2458079.79451   13.605   0.022    
  2458020.89639   13.594   0.02197  
  2458118.64575   13.677   0.0221   
  2458224.64954   13.604   0.02194  
  2457759.63555   13.584   0.02196  
  2457466.74625   13.58    0.02191  
  2457421.54216   13.616   0.02196  
  2457456.50067   13.604   0.02194  
  2457446.83442   13.584   0.02196  
  2457843.69855   13.592   0.02197  
  2457465.72367   13.601   0.02199  
  2457835.70514   13.609   0.02195  
  2457827.78381   13.649   0.0221   
  2458036.87392   13.627   0.02198  
  2457765.64687   13.535   0.02189  
  2458226.70478   13.586   0.02196  
  2457478.67431   13.612   0.02201  
  2458208.69268   13.601   0.02194  
  2457789.65242   13.58    0.02191  
  2458203.6857    13.591   0.02197  
  2457792.56676   13.595   0.02193  
  2457656.89665   13.592   0.02197  
  2458107.67823   13.623   0.02204  
  2458084.78663   13.638   0.02207  
  2458176.67907   13.554   0.02188  
  2457745.75033   13.623   0.02197  
  2457840.73032   13.634   0.022    
  2458096.82859   13.588   0.02196  
  2458107.76849   13.613   0.02196  
  2457801.75942   13.595   0.02198  
  2457720.78819   13.61    0.02195  
  2457902.58593   13.614   0.02202  
  2457765.61696   13.578   0.0219   
  2458198.74698   13.589   0.02192  
  2458209.54268   13.548   0.02187  
  2457825.58576   13.613   0.02201  
  2458081.78062   13.633   0.02206  
  2458153.81275   13.592   0.02192  
  2457420.55057   13.579   0.02195  
  2458211.56092   13.651   0.02211  
  2457774.64043   13.625   0.02204  
  2458092.74663   13.599   0.02198  
  2458227.58245   13.593   0.02192  
  2458183.62705   13.623   0.02197  
  2458163.6999    13.611   0.02195  
  2458019.89975   13.634   0.02206  
  2457423.71152   13.619   0.02197  
  2458077.78971   13.606   0.02194  
  2458161.68186   13.592   0.02192  
  2457790.52831   13.564   0.02189  
  2457689.78966   13.588   0.02192  
  2457916.5371    13.589   0.02197  
  2457747.66986   13.603   0.02199  
  2457555.44817   13.568   0.02189  
  2458174.70732   13.603   0.02194  
  2457478.58661   13.602   0.02194  
  2458223.62182   13.583   0.02191  
  2458157.73874   13.632   0.02206  
  2457460.66744   13.618   0.02197  
  2458198.73183   13.605   0.022    
  2458208.58089   13.573   0.02194  
  2458241.65175   13.634   0.02206  
  2457831.6968    13.603   0.02194  
  2457568.48702   13.578   0.02195  
  2457477.75055   13.621   0.02203  
  2458210.6045    13.596   0.02193  
  2458172.66737   13.611   0.02201  
  2458171.51739   13.631   0.02199  
  2458172.54764   13.599   0.02193  
  2457457.57809   13.638   0.022    
  2458161.6374    13.608   0.022    
  2457428.73043   13.613   0.02201  
  2458071.84965   13.583   0.02195  
  2458301.45151   13.586   0.02191  
  2457447.7399    13.629   0.02205  
  2458186.65299   13.63    0.02205  
  2458171.56426   13.599   0.02198  
  2458012.89707   13.585   0.02191  
  2457850.73493   13.629   0.02205  
  2457874.63158   13.61    0.02195  
  2458185.59105   13.617   0.02196  
  2458196.78669   13.584   0.02196  
  2458192.55781   13.58    0.02191  
  2457836.4917    13.578   0.0219   
  2457452.69671   13.617   0.02202  
  2457729.68895   13.592   0.02192  
  2458103.68922   13.631   0.02206  
  2458178.55837   13.596   0.02198  
  2457744.71825   13.602   0.02199  
  2457486.64923   13.626   0.02198  
  2458164.51858   13.702   0.02217  
  2457781.52889   13.588   0.02192  
  2458153.74774   13.571   0.02193  
  2457654.89964   13.55    0.0219   
  2457709.78758   13.608   0.022    
  2457923.51918   13.594   0.02197  
  2457822.76198   13.614   0.02196  
  2457864.63084   13.586   0.02196  
  2457421.54607   13.589   0.02197  
  2457764.65964   13.602   0.02194  
  2458080.72403   13.577   0.0219   
  2457690.81575   13.616   0.02202  
  2458175.62683   13.584   0.02191  
  2458041.82637   13.625   0.02198  
  2458120.65252   13.519   0.02185  
  2458205.68362   13.635   0.02206  
  2458193.76322   13.584   0.02196  
  2457821.5531    13.613   0.02201  
  2458244.606     13.634   0.02206  
  2458197.76257   13.618   0.02202  
  2457438.79648   13.639   0.02207  
  2457798.80709   13.584   0.02191  
  2457942.45313   13.598   0.02198  
  2458236.56101   13.615   0.02202  
  2457721.73723   13.606   0.022    
  2457789.53689   13.627   0.02205  
  2457701.84316   13.562   0.02192  
  2457562.48968   13.615   0.02202  
  2457742.80071   13.588   0.02196  
  2457437.82188   13.595   0.02198  
  2457772.67868   13.586   0.02196  
  2457546.47381   13.608   0.022    
  2458228.70326   13.589   0.02197  
  2457670.84201   13.615   0.02196  
  2457768.79431   13.648   0.02203  
  2458111.81037   13.615   0.02202  
  2458220.67881   13.595   0.02193  
  2457846.48719   13.596   0.02193  
  2457803.7954    13.605   0.02194  
  2458174.71661   13.611   0.02201  
  2457698.78399   13.62    0.02197  
  2458207.72737   13.685   0.02212  
  2457823.64318   13.62    0.02197  
  2457772.77387   13.624   0.02198  
  2458203.71929   13.637   0.022    
  2457687.79606   13.656   0.02205  
  2457769.74131   13.591   0.02192  
  2457424.76273   13.595   0.02198  
  2457420.54278   13.586   0.02191  
  2458095.75665   13.601   0.02194  
  2457854.59217   13.618   0.02197  
  2458200.6882    13.624   0.02204  
  2458201.71056   13.61    0.02201  
  2457445.75555   13.596   0.02193  
  2457738.73528   13.63    0.02205  
  2457481.67954   13.618   0.02202  
  2458212.68522   13.617   0.02196  
  2458196.73701   13.593   0.02192  
  2457439.82406   13.603   0.02194  
  2458074.76123   13.577   0.0219   
  2458183.65841   13.593   0.02197  
  2458032.85196   13.622   0.02197  
  2458222.71937   13.592   0.02197  
  2458243.63168   13.612   0.02195  
  2457716.80355   13.609   0.02195  
  2457693.78049   13.587   0.02191  
  2457687.85155   13.617   0.02202  
  2458235.65244   13.55    0.02187  
  2457933.47752   13.607   0.022    
  2457896.56911   13.598   0.02198  
  2458157.71929   13.572   0.0219   
  2458199.69313   13.616   0.02202  
  2457802.65181   13.592   0.02197  
  2458192.79796   13.598   0.02198  
  2457771.84545   13.57    0.02193  
  2458165.55052   13.601   0.02194  
  2457801.77903   13.607   0.02195  
  2457825.66413   13.641   0.02201  
  2457479.48058   13.553   0.02188  
  2458191.77522   13.577   0.0219   
  2458201.74415   13.591   0.02192  
  2457725.73975   13.647   0.02202  
  2457783.53207   13.585   0.02191  
  2458180.8236    13.644   0.02209  
  2457845.54326   13.623   0.02204  
  2458216.56721   13.621   0.02197  
  2457480.70592   13.614   0.02196  
  2457830.54912   13.584   0.02196  
  2458018.88782   13.613   0.02196  
  2458220.72646   13.606   0.022    
  2458121.70591   13.638   0.022    
  2458225.61021   13.6     0.02193  
  2457757.61213   13.606   0.02194  
  2458007.90326   13.621   0.02197  
  2458301.47894   13.645   0.02209  
  2458188.71138   13.588   0.02196  
  2457775.81857   13.629   0.02199  
  2457806.77133   13.64    0.02201  
  2457828.63401   13.597   0.02198  
  2458085.7423    13.597   0.02193  
  2458087.70206   13.642   0.02201  
  2458210.60876   13.607   0.022    
  2457882.60842   13.593   0.02192  
  2458205.73683   13.614   0.02196  
  2457729.73388   13.624   0.02204  
  2458194.74279   13.58    0.02191  
  2457797.76221   13.628   0.02205  
  2458075.77614   13.599   0.02198  
  2457914.54219   13.636   0.02207  
  2457461.7383    13.584   0.02196  
  2457757.74099   13.604   0.02199  
  2458163.65152   13.607   0.022    
  2457740.70328   13.622   0.02197  
  2458176.63671   13.641   0.02208  
  2457427.74262   13.619   0.02197  
  2458189.72762   13.591   0.02192  
  2458159.64177   13.546   0.02187  
  2458263.56458   13.605   0.02194  
  2457722.72953   13.581   0.02195  
  2458244.62862   13.621   0.02197  
  2458189.70819   13.622   0.02203  
  2458119.65073   13.574   0.0219   
  2458188.67279   13.593   0.02192  
  2457802.82014   13.616   0.02196  
  2458207.76178   13.653   0.02211  
  2458041.88007   13.605   0.022    
  2458243.61129   13.56    0.02192  
  2457911.52558   13.609   0.022    
  2458178.6884    13.62    0.02197  
  2458072.84902   13.587   0.02196  
  2457706.77396   13.541   0.02189  
  2458194.75877   13.597   0.02198  
  2457828.74108   13.549   0.02187  
  2458199.64972   13.602   0.02194  
  2458181.55217   13.637   0.02207  
  2457661.89563   13.594   0.02197  
  2457666.86735   13.589   0.02197  
  2458159.72599   13.581   0.02195  
  2457468.58148   13.601   0.02199  
  2458179.50699   13.73    0.02226  
  2457795.56119   13.613   0.02196  
  2457453.7295    13.648   0.02203  
  2458191.80677   13.587   0.02196  
