# HJD             mag      mag_err  
  2458231.89675   15.889   0.138    
  2458232.89105   15.696   0.115    
  2458252.83864   15.775   0.117    
  2458252.83985   15.678   0.099    
  2458252.84106   15.948   0.152    
  2458282.46256   15.748   0.098    
  2458282.46378   15.875   0.109    
  2458282.46499   15.883   0.102    
  2458282.78174   15.800   0.092    
  2458282.78295   15.838   0.116    
  2458282.78417   15.974   0.097    
  2458283.50848   15.872   0.107    
  2458283.50971   15.801   0.085    
  2458283.51093   15.728   0.084    
  2458283.86288   15.693   0.126    
  2458283.86531   15.789   0.136    
  2458284.85669   15.665   0.105    
  2458285.84079   15.986   0.119    
  2458285.84201   15.965   0.116    
  2458285.84323   16.033   0.141    
  2458286.6498    15.794   0.092    
  2458286.65101   15.756   0.092    
  2458286.65223   15.679   0.087    
  2458287.6997    15.813   0.101    
  2458287.70091   15.886   0.102    
  2458288.8144    15.674   0.099    
  2458288.81683   15.821   0.136    
  2458289.54267   15.747   0.093    
  2458289.5439    15.888   0.12     
  2458289.54511   15.959   0.133    
  2458289.72622   16.023   0.122    
  2458289.72744   15.898   0.108    
  2458289.72865   15.957   0.101    
  2458290.57608   15.843   0.122    
  2458290.57729   15.993   0.172    
  2458290.57851   15.716   0.137    
  2458290.76068   15.802   0.096    
  2458290.76189   15.774   0.088    
  2458291.76326   15.973   0.118    
  2458300.65677   15.952   0.186    
  2458300.65798   15.706   0.144    
  2458300.6592    15.794   0.185    
  2458301.56782   15.661   0.11     
  2458301.56903   15.623   0.112    
  2458301.57025   15.719   0.113    
  2458301.77489   15.627   0.134    
  2458301.77734   15.931   0.186    
  2458303.57903   15.750   0.087    
  2458303.59216   15.822   0.111    
  2458305.63472   15.833   0.11     
  2458305.63594   15.724   0.095    
  2458305.63716   15.706   0.091    
  2458310.59508   16.024   0.13     
  2458310.5963    16.136   0.134    
  2458310.59752   15.948   0.107    
  2458316.60453   16.042   0.139    
  2458316.60575   15.999   0.164    
  2458316.60697   16.038   0.185    
  2458316.77197   15.854   0.129    
  2458316.77319   15.809   0.127    
  2458316.77441   15.785   0.117    
  2458319.767     15.666   0.131    
  2458319.76822   15.978   0.188    
  2458319.76943   15.672   0.137    
  2458328.56005   15.522   0.125    
  2458328.56126   15.894   0.19     
  2458329.52216   15.816   0.163    
  2458329.52338   15.774   0.142    
  2458329.52459   15.908   0.127    
  2458330.54436   15.732   0.111    
  2458330.54558   15.893   0.134    
  2458330.5468    15.967   0.178    
  2458334.53807   16.048   0.106    
  2458334.53929   15.827   0.105    
  2458334.5405    15.760   0.095    
  2458334.72015   16.123   0.16     
  2458334.72136   16.102   0.174    
  2458334.72259   16.459   0.182    
  2458335.54215   15.790   0.1      
  2458335.54337   15.669   0.086    
  2458335.54459   15.684   0.092    
  2458335.71249   16.067   0.156    
  2458335.7137    15.887   0.12     
  2458335.71493   15.722   0.113    
  2458337.70728   15.777   0.132    
  2458337.7085    15.820   0.11     
  2458337.70971   15.622   0.099    
  2458339.53209   15.812   0.101    
  2458339.53331   16.006   0.126    
  2458339.53452   16.188   0.143    
  2458339.71182   15.786   0.117    
  2458339.71303   15.874   0.135    
  2458339.71425   15.789   0.108    
  2458342.49574   15.640   0.078    
  2458342.49696   15.701   0.092    
  2458342.49818   15.797   0.106    
  2458343.51853   16.119   0.19     
  2458343.51975   15.916   0.14     
  2458343.52097   15.707   0.111    
  2458344.50747   15.793   0.101    
  2458344.50869   15.650   0.086    
  2458344.50991   15.934   0.121    
  2458355.48437   15.709   0.162    
  2458355.48558   15.647   0.158    
  2458355.48681   15.865   0.19     
  2458356.5377    15.462   0.149    
  2458358.63998   15.544   0.159    
  2458361.65023   15.824   0.141    
  2458361.65267   15.611   0.126    
  2458365.6222    15.676   0.101    
  2458365.62342   15.970   0.139    
  2458365.62464   15.736   0.106    
  2458366.62164   16.196   0.178    
  2458366.62286   15.732   0.117    
  2458366.62407   15.504   0.106    
  2458370.63655   15.607   0.082    
  2458370.63777   15.794   0.124    
  2458370.63899   16.132   0.164    
  2458372.60428   15.491   0.097    
  2458372.60551   15.844   0.107    
  2458372.60673   15.806   0.108    
  2458373.59954   15.749   0.115    
  2458373.60077   16.045   0.14     
  2458373.60199   15.847   0.13     
  2458375.59758   15.882   0.142    
  2458375.5988    15.797   0.145    
  2458375.60002   16.108   0.163    
  2458383.56386   15.899   0.195    
  2458393.54588   15.678   0.092    
  2458393.54715   15.732   0.097    
  2458393.54843   15.709   0.097    
  2458394.54251   15.772   0.091    
  2458394.54377   15.856   0.103    
  2458394.54504   16.046   0.122    
  2458395.53868   15.683   0.191    
  2458395.53995   15.863   0.209    
  2458396.53693   15.623   0.108    
  2458397.52869   15.870   0.103    
  2458397.52996   15.795   0.109    
  2458397.53123   15.777   0.093    
  2458398.5287    15.834   0.106    
  2458398.52997   15.929   0.123    
  2458398.53123   15.824   0.113    
  2458401.52195   16.314   0.166    
  2458401.52321   15.551   0.117    
  2458408.49775   15.810   0.153    
  2458408.49903   15.985   0.175    
  2458408.5003    15.862   0.149    
  2458410.49095   15.946   0.214    
  2458410.49222   15.635   0.15     
  2458411.48881   15.712   0.2      
  2458517.87931   15.631   0.191    
  2458518.87496   15.715   0.141    
  2458518.87622   15.966   0.194    
  2458518.87749   16.007   0.21     
  2458519.87175   15.798   0.128    
  2458519.87302   15.898   0.151    
  2458519.87429   15.894   0.104    
  2458520.8705    16.058   0.164    
  2458520.87294   15.744   0.126    
  2458522.86657   15.808   0.117    
  2458522.86784   15.631   0.105    
  2458522.86911   15.713   0.12     
  2458523.86186   15.581   0.1      
  2458523.86311   15.872   0.129    
  2458523.86438   15.734   0.104    
  2458524.8575    15.846   0.115    
  2458524.85879   15.740   0.112    
  2458524.86005   15.690   0.116    
  2458525.85688   15.540   0.097    
  2458525.85814   15.671   0.11     
  2458525.85941   15.847   0.126    
  2458526.85242   15.874   0.135    
  2458526.85369   15.688   0.117    
  2458526.85496   15.717   0.122    
  2458527.85187   15.600   0.092    
  2458527.85314   15.580   0.096    
  2458527.85441   15.691   0.105    
  2458529.86914   15.818   0.128    
  2458529.87035   15.528   0.091    
  2458529.87158   15.720   0.117    
  2458530.87817   15.839   0.116    
  2458530.87939   15.871   0.152    
  2458530.88062   15.782   0.121    
  2458532.85723   15.909   0.176    
  2458532.85845   15.844   0.172    
  2458532.85966   15.567   0.151    
  2458536.88385   15.779   0.177    
  2458536.88507   15.772   0.195    
  2458538.86538   15.989   0.195    
  2458538.86661   15.870   0.198    
  2458538.86782   15.828   0.184    
  2458539.86851   15.985   0.184    
  2458539.86973   15.889   0.143    
  2458546.85985   15.667   0.092    
  2458546.86111   15.823   0.103    
  2458546.86238   15.941   0.112    
  2458547.87363   15.931   0.134    
  2458548.87398   15.799   0.096    
  2458549.81203   15.568   0.092    
  2458549.8133    15.651   0.11     
  2458549.81456   15.937   0.134    
  2458550.81134   15.749   0.109    
  2458550.8126    15.769   0.112    
  2458550.81388   15.626   0.096    
  2458552.80529   15.979   0.127    
  2458552.80651   15.925   0.133    
  2458552.80773   16.170   0.172    
  2458553.80216   15.738   0.103    
  2458553.80343   15.681   0.103    
  2458553.8047    15.682   0.093    
  2458554.80159   15.619   0.086    
  2458554.80286   15.645   0.097    
  2458554.80412   15.624   0.091    
  2458555.79693   15.792   0.103    
  2458555.79823   15.727   0.103    
  2458555.79948   15.779   0.113    
  2458556.79504   15.610   0.093    
  2458556.79627   15.900   0.128    
  2458556.79748   15.986   0.147    
  2458557.79542   15.886   0.121    
  2458557.7967    16.197   0.154    
  2458557.79797   15.762   0.091    
  2458558.82378   15.911   0.115    
  2458558.825     15.921   0.129    
  2458558.82622   15.695   0.118    
  2458561.81469   15.557   0.129    
  2458561.81597   15.867   0.202    
  2458561.81723   15.930   0.216    
  2458562.7801    15.791   0.213    
  2458565.78545   15.755   0.213    
  2458565.788     15.688   0.185    
  2458566.78304   15.400   0.16     
  2458571.7512    15.676   0.103    
  2458571.75246   15.824   0.129    
  2458571.88457   15.744   0.123    
  2458571.88579   15.970   0.152    
  2458571.88701   15.854   0.131    
  2458572.56321   16.037   0.134    
  2458572.56443   16.053   0.138    
  2458572.56564   15.756   0.112    
  2458573.8291    15.614   0.085    
  2458575.64252   15.766   0.104    
  2458575.64373   15.583   0.08     
  2458575.64494   15.861   0.097    
  2458575.84171   15.653   0.094    
  2458575.84292   15.793   0.113    
  2458575.84415   15.910   0.115    
  2458576.78122   15.839   0.11     
  2458576.7825    15.591   0.088    
  2458576.78378   15.929   0.109    
  2458577.94023   15.804   0.124    
  2458577.94145   15.877   0.119    
  2458577.94267   15.638   0.106    
  2458578.93816   15.823   0.131    
  2458578.93937   15.657   0.105    
  2458578.94058   16.063   0.15     
  2458579.94483   15.979   0.121    
  2458579.94605   15.562   0.097    
  2458579.94727   15.790   0.106    
  2458580.84937   15.867   0.122    
  2458580.85059   15.993   0.135    
  2458580.8518    15.900   0.14     
  2458583.88142   15.916   0.115    
  2458583.88264   16.132   0.129    
  2458583.88386   15.951   0.124    
  2458585.50399   16.014   0.132    
  2458585.5052    15.867   0.092    
  2458585.50643   15.730   0.103    
  2458586.68845   15.791   0.113    
  2458586.68972   15.801   0.111    
  2458586.69099   15.533   0.083    
  2458588.70395   15.800   0.157    
  2458589.69883   15.991   0.216    
  2458589.70004   15.660   0.157    
  2458590.97598   15.717   0.15     
  2458590.9772    15.680   0.142    
  2458590.97844   15.465   0.119    
  2458602.40341   15.740   0.099    
  2458602.40464   15.862   0.099    
  2458602.40585   15.941   0.128    
  2458604.41555   15.727   0.094    
  2458604.41677   15.605   0.087    
  2458605.89879   15.637   0.08     
  2458605.90009   15.935   0.129    
  2458605.90136   15.656   0.092    
  2458605.91235   15.865   0.106    
  2458605.91356   15.754   0.106    
  2458605.91478   15.914   0.133    
  2458607.6552    16.161   0.202    
  2458607.65648   15.687   0.168    
  2458607.65793   15.938   0.186    
  2458608.66199   15.878   0.111    
  2458608.66326   15.614   0.084    
  2458608.66452   15.900   0.12     
  2458609.66834   15.834   0.19     
  2458609.66957   16.071   0.163    
  2458609.67079   16.139   0.165    
  2458611.69685   15.771   0.211    
  2458611.69807   15.484   0.127    
  2458611.69929   15.788   0.144    
  2458613.39065   15.646   0.096    
  2458613.39187   15.743   0.098    
  2458613.39308   15.556   0.081    
  2458614.76301   15.912   0.135    
  2458614.76423   15.556   0.078    
  2458614.76544   15.806   0.117    
  2458615.69904   15.763   0.109    
  2458615.70026   15.802   0.119    
  2458615.70147   15.895   0.118    
  2458617.41014   15.615   0.177    
  2458618.61938   15.612   0.147    
  2458618.62065   15.976   0.194    
  2458618.62191   15.737   0.156    
  2458619.62418   15.630   0.21     
  2458620.69652   15.716   0.204    
  2458621.81169   15.613   0.2      
  2458626.33877   15.336   0.131    
  2458626.33999   15.383   0.12     
  2458626.3412    15.867   0.191    
  2458626.61481   15.652   0.15     
  2458626.61608   15.681   0.128    
  2458626.82752   16.008   0.168    
  2458626.82879   15.548   0.106    
  2458626.83006   15.731   0.144    
  2458626.91225   16.035   0.215    
  2458626.91352   15.943   0.185    
  2458626.91479   15.569   0.135    
  2458627.41193   15.904   0.148    
  2458627.41314   15.640   0.129    
  2458627.41434   15.635   0.127    
  2458628.33963   15.722   0.106    
  2458628.34083   15.842   0.112    
  2458628.34205   15.702   0.11     
  2458628.49512   15.765   0.157    
  2458628.49633   15.620   0.133    
  2458628.49755   15.789   0.153    
  2458629.46392   15.795   0.139    
  2458629.46513   15.670   0.111    
  2458629.46635   15.870   0.158    
  2458630.87952   15.692   0.143    
  2458630.88111   15.762   0.158    
  2458630.8827    15.958   0.174    
  2458631.58468   15.675   0.105    
  2458631.58594   15.894   0.115    
  2458631.58721   15.518   0.087    
  2458631.75518   15.953   0.148    
  2458631.75645   15.648   0.122    
  2458631.75773   15.609   0.162    
  2458633.35161   15.905   0.121    
  2458633.3529    15.903   0.109    
  2458633.35416   15.645   0.092    
  2458635.86775   15.738   0.103    
  2458635.869     15.752   0.094    
  2458635.87027   15.677   0.091    
  2458636.63873   16.124   0.137    
  2458636.63995   15.843   0.124    
  2458636.64117   16.012   0.141    
  2458636.91183   15.833   0.159    
  2458636.91343   15.808   0.171    
  2458637.35447   15.727   0.089    
  2458637.35567   15.687   0.103    
  2458637.35689   15.843   0.115    
  2458637.48459   15.749   0.098    
  2458637.48579   15.748   0.116    
  2458637.48703   15.683   0.096    
  2458637.88936   15.714   0.119    
  2458637.89058   15.688   0.101    
  2458637.89179   15.984   0.137    
  2458638.84674   15.964   0.167    
  2458638.84796   15.692   0.12     
  2458638.84918   15.824   0.181    
  2458639.55721   15.605   0.111    
  2458639.55848   15.701   0.112    
  2458639.55974   15.856   0.137    
  2458639.87006   15.591   0.148    
  2458641.2956    15.589   0.131    
  2458641.29802   15.847   0.124    
  2458641.4604    15.612   0.086    
  2458641.86057   15.676   0.097    
  2458641.86217   15.991   0.134    
  2458641.86377   15.759   0.117    
  2458642.72286   15.776   0.104    
  2458642.72412   15.787   0.106    
  2458642.72538   15.838   0.106    
  2458642.88912   15.853   0.142    
  2458642.89034   16.213   0.178    
  2458642.89155   16.002   0.134    
  2458643.31104   16.070   0.149    
  2458643.31224   15.866   0.124    
  2458643.31346   15.943   0.15     
  2458643.57687   15.622   0.087    
  2458643.57814   15.763   0.111    
  2458643.57941   15.706   0.107    
  2458643.83252   15.969   0.139    
  2458643.83377   16.095   0.154    
  2458643.83498   15.646   0.101    
  2458644.7624    15.777   0.114    
  2458644.76362   15.975   0.122    
  2458644.76483   16.047   0.143    
  2458645.33229   15.721   0.133    
  2458645.33352   15.788   0.137    
  2458645.33474   15.935   0.14     
  2458645.58256   15.865   0.158    
  2458645.58379   15.869   0.155    
  2458645.58501   15.897   0.148    
  2458646.5963    15.513   0.107    
  2458646.59758   15.707   0.135    
  2458646.59885   15.865   0.165    
  2458647.63153   15.867   0.191    
  2458647.63275   15.884   0.186    
  2458647.63396   15.534   0.132    
  2458647.79174   15.730   0.133    
  2458647.79302   15.572   0.111    
  2458647.7943    15.805   0.133    
  2458648.27425   15.767   0.215    
  2458648.51507   15.631   0.127    
  2458648.51628   15.760   0.15     
  2458653.84635   15.373   0.171    
  2458655.50705   16.003   0.183    
  2458655.50832   15.760   0.207    
  2458655.50958   15.539   0.107    
  2458655.67532   15.648   0.211    
  2458657.50513   16.061   0.159    
  2458657.50635   15.867   0.114    
  2458657.50758   15.820   0.117    
  2458658.58543   16.054   0.214    
  2458658.82627   15.782   0.158    
  2458658.82749   15.923   0.187    
  2458659.74308   15.598   0.101    
  2458659.7443    15.986   0.155    
  2458659.74552   15.728   0.112    
  2458660.66316   15.414   0.087    
  2458660.66444   15.519   0.08     
  2458660.66571   15.872   0.127    
  2458660.83537   15.913   0.132    
  2458660.83664   15.828   0.129    
  2458660.83793   15.674   0.101    
  2458662.81113   15.599   0.094    
  2458662.81241   15.558   0.096    
  2458662.81373   15.743   0.103    
  2458667.22541   15.953   0.112    
  2458667.22663   15.703   0.096    
  2458667.22785   15.675   0.103    
  2458668.59655   15.787   0.103    
  2458668.59781   15.721   0.095    
  2458668.59908   15.670   0.092    
  2458670.60491   15.851   0.127    
  2458670.60613   15.770   0.107    
  2458670.60736   15.825   0.117    
  2458672.78807   15.608   0.112    
  2458673.27219   16.034   0.169    
  2458673.2734    15.718   0.115    
  2458673.2746    15.636   0.096    
  2458674.26842   15.688   0.108    
  2458674.26969   15.687   0.12     
  2458674.27127   15.766   0.133    
  2458676.62027   15.727   0.152    
  2458676.62154   15.960   0.174    
  2458676.62282   15.931   0.148    
  2458683.61331   15.819   0.192    
  2458684.64699   16.138   0.21     
  2458684.65175   15.924   0.152    
  2458684.65301   15.960   0.134    
  2458684.65429   15.599   0.115    
  2458686.29432   15.615   0.089    
  2458686.29561   15.665   0.094    
  2458686.29705   15.796   0.104    
  2458687.53909   15.604   0.215    
  2458688.69086   16.281   0.182    
  2458689.71188   15.738   0.113    
  2458690.41563   15.656   0.089    
  2458690.41685   15.662   0.093    
  2458690.41806   15.613   0.102    
  2458691.42651   15.962   0.118    
  2458691.42772   15.798   0.108    
  2458691.42893   16.065   0.149    
  2458691.57411   15.726   0.098    
  2458691.57532   15.903   0.134    
  2458691.57654   15.474   0.087    
  2458694.73614   15.888   0.116    
  2458694.73737   15.827   0.122    
  2458694.73858   15.820   0.122    
  2458695.74116   15.929   0.137    
  2458695.74238   15.719   0.13     
  2458695.7436    15.809   0.132    
  2458696.75247   15.871   0.16     
  2458696.75369   15.790   0.158    
  2458696.7549    15.835   0.155    
  2458697.73779   15.910   0.155    
  2458697.73902   15.809   0.127    
  2458697.74024   15.862   0.16     
  2458698.47447   15.726   0.103    
  2458698.56814   15.901   0.113    
  2458698.56937   15.938   0.129    
  2458698.57058   15.867   0.104    
  2458698.72593   16.022   0.158    
  2458698.72713   15.837   0.134    
  2458698.72835   15.872   0.149    
  2458699.27968   16.072   0.132    
  2458699.28089   15.765   0.095    
  2458699.28212   15.654   0.091    
  2458699.55138   15.956   0.116    
  2458699.55266   15.721   0.113    
  2458699.55393   15.789   0.107    
  2458700.23383   16.111   0.14     
  2458700.23504   15.789   0.107    
  2458700.7199    15.562   0.113    
  2458700.72111   15.705   0.147    
  2458700.72233   16.103   0.219    
  2458701.5922    15.843   0.124    
  2458701.59343   15.677   0.097    
  2458701.59465   15.863   0.125    
  2458701.71815   15.583   0.116    
  2458701.71936   16.086   0.159    
  2458701.72057   15.767   0.129    
  2458702.23053   15.999   0.135    
  2458702.23173   15.938   0.136    
  2458702.23294   15.689   0.117    
  2458702.71543   15.546   0.185    
  2458702.71789   15.768   0.219    
  2458703.54687   15.837   0.149    
  2458703.54808   16.006   0.184    
  2458703.5493    15.974   0.188    
  2458708.51022   15.768   0.174    
  2458708.51149   15.498   0.134    
  2458709.33003   15.688   0.17     
  2458709.33125   15.494   0.163    
  2458710.23319   15.719   0.194    
  2458710.51793   15.645   0.184    
  2458710.5192    15.472   0.151    
  2458711.51982   15.654   0.155    
  2458711.52109   15.920   0.186    
  2458712.27004   15.685   0.168    
  2458712.48211   15.923   0.133    
  2458712.48333   15.896   0.132    
  2458712.48454   15.599   0.115    
  2458715.42725   16.166   0.219    
  2458715.42966   15.907   0.188    
  2458715.67285   15.835   0.146    
  2458715.67409   16.192   0.191    
  2458715.6753    15.651   0.119    
  2458717.67311   16.200   0.174    
  2458717.67437   15.863   0.125    
  2458717.67566   15.755   0.109    
  2458718.67515   15.836   0.116    
  2458718.67637   15.686   0.097    
  2458718.67759   15.986   0.149    
  2458719.62354   15.733   0.102    
  2458719.62475   15.696   0.099    
  2458719.62597   15.853   0.111    
  2458719.67233   15.840   0.113    
  2458719.67361   15.883   0.119    
  2458719.67487   15.644   0.088    
  2458720.21783   16.053   0.163    
  2458720.21907   15.879   0.143    
  2458720.22029   15.862   0.115    
  2458721.56883   15.910   0.097    
  2458721.57005   16.237   0.165    
  2458721.57127   15.724   0.099    
  2458721.65652   16.012   0.139    
  2458721.65774   15.954   0.149    
  2458721.65894   15.963   0.13     
  2458722.652     15.756   0.112    
  2458722.65322   15.812   0.132    
  2458722.65444   16.102   0.17     
  2458723.60692   15.987   0.152    
  2458723.60813   15.768   0.145    
  2458723.64861   15.748   0.105    
  2458723.64983   15.895   0.125    
  2458723.65105   15.931   0.146    
  2458724.65412   15.854   0.117    
  2458724.65534   15.957   0.135    
  2458724.65655   16.123   0.158    
  2458724.65935   15.667   0.093    
  2458724.66063   15.743   0.1      
  2458724.6619    15.719   0.103    
  2458725.64505   15.693   0.145    
  2458725.64626   15.767   0.149    
  2458725.64748   15.731   0.155    
  2458726.65044   15.898   0.113    
  2458727.39083   15.831   0.1      
  2458727.65348   16.061   0.206    
  2458727.65469   16.306   0.184    
  2458727.65591   15.693   0.13     
  2458728.38245   15.844   0.11     
  2458728.38366   15.910   0.11     
  2458728.38488   15.882   0.12     
  2458728.6257    15.833   0.195    
  2458728.62691   15.642   0.165    
  2458729.23899   15.786   0.109    
  2458729.2402    15.684   0.102    
  2458729.2414    15.859   0.105    
  2458729.62724   15.967   0.183    
  2458729.62846   15.936   0.18     
  2458729.62966   15.909   0.164    
  2458730.23195   15.861   0.123    
  2458730.23317   15.565   0.093    
  2458730.23437   15.593   0.091    
  2458730.62637   15.981   0.188    
  2458730.62759   15.961   0.213    
  2458731.58856   15.939   0.156    
  2458731.58984   15.644   0.117    
  2458731.59111   15.671   0.118    
  2458742.60869   15.521   0.157    
  2458743.32867   15.877   0.184    
  2458743.33108   15.493   0.155    
  2458743.60043   15.684   0.186    
  2458743.6017    15.520   0.159    
  2458744.28861   15.574   0.097    
  2458744.28981   15.792   0.119    
  2458744.29102   15.642   0.094    
  2458744.60056   15.835   0.18     
  2458744.60182   15.609   0.131    
  2458744.60308   15.812   0.174    
  2458745.60014   15.715   0.115    
  2458745.60142   15.617   0.094    
  2458745.6027    15.642   0.106    
  2458746.3341    15.661   0.178    
  2458746.58049   15.761   0.114    
  2458746.59279   15.939   0.13     
  2458746.59405   15.826   0.113    
  2458746.59533   15.717   0.106    
  2458747.33557   15.729   0.201    
  2458747.33679   15.764   0.17     
  2458747.59317   16.064   0.152    
  2458747.59438   16.201   0.182    
  2458747.59561   15.884   0.124    
  2458748.58985   15.757   0.124    
  2458748.59107   16.181   0.15     
  2458748.59228   15.820   0.124    
  2458750.58306   15.695   0.106    
  2458750.58433   15.693   0.109    
  2458750.58559   15.898   0.115    
  2458751.58319   15.843   0.113    
  2458751.58446   15.659   0.102    
  2458751.58572   15.825   0.126    
  2458752.25209   15.543   0.101    
  2458752.2533    15.896   0.093    
  2458752.2545    15.544   0.101    
  2458752.57714   15.880   0.125    
  2458752.5784    15.793   0.098    
  2458752.57968   15.903   0.123    
  2458753.30681   15.937   0.14     
  2458753.30804   15.953   0.141    
  2458753.30924   15.994   0.15     
  2458753.57502   15.706   0.105    
  2458753.57629   15.674   0.102    
  2458753.57755   15.777   0.117    
  2458754.31414   15.623   0.107    
  2458754.31537   15.788   0.116    
  2458754.31659   15.960   0.143    
  2458754.57369   15.923   0.131    
  2458754.57497   15.743   0.103    
  2458754.57623   15.865   0.133    
  2458755.52732   15.836   0.123    
  2458755.52854   15.954   0.132    
  2458755.52977   15.935   0.134    
  2458756.56487   16.050   0.137    
  2458756.56609   16.296   0.203    
  2458756.56731   15.706   0.111    
  2458757.56534   15.999   0.157    
  2458757.56655   15.833   0.134    
  2458757.56777   15.826   0.144    
  2458758.30054   15.524   0.084    
  2458758.30177   15.796   0.125    
  2458758.30299   15.941   0.128    
  2458758.55849   15.802   0.149    
  2458758.5597    15.929   0.156    
  2458758.56092   16.171   0.164    
  2458763.24385   15.725   0.167    
  2458763.24627   15.551   0.152    
  2458763.54322   15.846   0.172    
  2458763.54938   15.762   0.146    
  2458763.55064   15.560   0.141    
  2458763.5519    16.029   0.205    
  2458764.49388   15.917   0.188    
  2458764.49516   15.867   0.167    
  2458764.49642   15.886   0.192    
  2458766.51413   15.713   0.141    
  2458766.5154    15.544   0.135    
  2458767.25301   15.462   0.187    
  2458767.25422   15.417   0.158    
  2458768.50896   15.519   0.135    
  2458768.51024   15.624   0.13     
  2458772.50039   16.086   0.217    
  2458772.50162   16.304   0.216    
  2458772.50283   15.991   0.173    
  2458773.4976    15.647   0.124    
  2458773.49887   16.046   0.143    
  2458773.50015   15.538   0.1      
  2458773.54463   15.751   0.128    
  2458773.54589   15.427   0.098    
  2458773.54715   15.741   0.117    
  2458774.49184   15.894   0.174    
  2458774.49311   16.123   0.213    
  2458775.29066   15.841   0.154    
  2458775.29187   15.810   0.143    
  2458775.29307   15.780   0.12     
  2458777.28867   15.681   0.138    
  2458889.88184   15.413   0.205    
  2458890.87879   15.220   0.157    
  2458893.8838    15.769   0.179    
  2458899.84757   15.981   0.137    
  2458899.84885   15.707   0.107    
  2458899.85014   15.621   0.093    
  2458900.84688   15.526   0.094    
  2458900.84815   15.665   0.103    
  2458902.76774   15.729   0.11     
  2458902.76774   15.981   0.147    
  2458902.76774   15.403   0.091    
  2458903.84767   15.692   0.13     
  2458903.84888   15.731   0.129    
  2458903.8501    15.837   0.143    
  2458904.57875   15.725   0.12     
  2458904.57998   15.611   0.091    
  2458904.84693   15.943   0.143    
  2458904.84819   15.671   0.101    
  2458904.84947   15.537   0.086    
  2458905.83051   15.735   0.113    
  2458905.83177   15.728   0.125    
  2458905.83305   15.795   0.12     
  2458906.85686   15.872   0.125    
  2458906.85814   15.638   0.11     
  2458907.82654   15.481   0.095    
  2458907.82782   16.312   0.163    
  2458908.85195   15.702   0.103    
  2458908.85324   16.075   0.136    
  2458908.85452   15.737   0.109    
  2458909.81861   16.032   0.173    
  2458909.81983   15.771   0.119    
  2458909.82107   15.842   0.127    
  2458910.81895   15.809   0.142    
  2458910.82017   15.859   0.13     
  2458910.8214    15.707   0.123    
  2458911.8144    15.645   0.109    
  2458911.81566   15.668   0.096    
  2458911.81693   15.940   0.139    
  2458915.01007   16.169   0.201    
  2458915.01129   15.802   0.149    
  2458916.81196   15.667   0.185    
  2458917.89863   15.639   0.211    
  2458920.79084   15.756   0.203    
  2458920.79212   15.744   0.212    
  2458921.78024   15.131   0.137    
  2458921.88363   15.895   0.192    
  2458922.78921   15.411   0.179    
  2458929.52028   15.729   0.105    
  2458931.50787   15.625   0.096    
  2458931.5103    15.817   0.1      
  2458955.98306   15.815   0.218    
  2458958.89599   15.759   0.099    
  2458962.88953   15.883   0.123    
  2458962.89074   15.818   0.124    
  2458962.89196   15.917   0.139    
  2458964.90098   16.076   0.142    
  2458964.9022    16.051   0.144    
  2458964.90342   15.808   0.108    
  2458966.87884   15.250   0.202    
  2458966.88007   15.830   0.139    
  2458967.86881   15.687   0.113    
  2458967.87003   15.698   0.105    
  2458967.87126   15.879   0.136    
  2458983.82157   15.633   0.097    
  2458983.82279   15.765   0.106    
  2458983.82401   15.691   0.1      
  2458990.91389   15.935   0.133    
  2458990.91511   15.637   0.104    
  2458990.91634   15.831   0.135    
  2458991.38852   15.900   0.131    
  2458993.84304   15.724   0.114    
  2458993.84426   15.731   0.108    
  2458993.84548   15.591   0.1      
  2458998.78619   15.869   0.127    
  2458998.78742   15.566   0.104    
  2458998.7886    15.744   0.118    
  2459002.3272    15.669   0.186    
  2459002.32842   15.703   0.17     
  2459002.34316   15.527   0.149    
  2459009.28926   15.571   0.187    
  2459009.29048   15.519   0.171    
  2459013.73832   15.686   0.106    
  2459019.48661   15.705   0.101    
  2459019.4891    15.770   0.107    
  2459020.52063   15.743   0.157    
  2459025.25687   15.608   0.108    
  2459025.2581    15.624   0.105    
  2459030.83459   15.775   0.212    
  2459031.26888   15.642   0.172    
  2459031.27016   15.705   0.198    
  2459042.67691   15.738   0.1      
  2459042.67813   15.676   0.092    
  2459042.67936   15.735   0.115    
  2459045.77675   15.562   0.126    
  2459047.53004   15.625   0.095    
  2459047.53126   15.722   0.108    
  2459047.53247   15.684   0.111    
  2459050.45638   15.796   0.114    
  2459050.45772   15.729   0.103    
  2459050.45897   15.348   0.088    
  2459052.77774   15.750   0.117    
  2459052.77896   15.723   0.129    
  2459052.78017   15.587   0.109    
  2459056.49081   15.605   0.104    
  2459056.49223   15.614   0.103    
  2459056.49348   15.538   0.104    
  2459057.75174   15.708   0.132    
  2459057.75297   15.582   0.108    
  2459057.75419   16.000   0.148    
  2459070.6897    15.339   0.078    
  2459070.69092   15.454   0.092    
  2459070.69213   15.337   0.088    
  2459075.63051   15.016   0.061    
  2459075.63173   15.051   0.057    
  2459075.63296   15.097   0.066    
  2459079.69465   14.446   0.056    
  2459084.27214   14.684   0.049    
  2459084.27335   14.788   0.05     
  2459084.27459   14.729   0.049    
  2459085.39557   14.868   0.074    
  2459085.39697   14.923   0.074    
  2459085.39818   14.854   0.077    
  2459095.59985   15.796   0.201    
  2459095.60107   15.224   0.122    
  2459101.36858   15.570   0.096    
  2459101.3698    15.895   0.13     
  2459101.37101   15.449   0.092    
  2459110.34298   15.711   0.118    
  2459110.34419   15.605   0.107    
  2459110.34541   15.783   0.128    
  2459114.23079   15.668   0.131    
  2459114.23323   15.810   0.154    
  2459114.3277    15.489   0.1      
  2459114.32891   15.580   0.125    
  2459114.33013   15.503   0.118    
  2459130.23781   15.853   0.184    
  2459130.2391    15.972   0.178    
  2459130.24067   15.728   0.154    
  2459135.24966   15.488   0.188    
  2459135.25091   15.547   0.156    
  2459135.25213   15.589   0.183    
  2459136.25181   15.582   0.12     
  2459136.25304   15.482   0.113    
  2459136.25427   15.618   0.141    
  2459137.2485    15.845   0.141    
  2459137.24971   15.683   0.133    
  2459137.25093   15.853   0.154    
  2459139.25787   15.983   0.157    
  2459139.2591    15.513   0.112    
  2459139.26032   15.808   0.107    
  2459250.8612    15.548   0.187    
  2459250.86249   15.594   0.186    
  2459254.86588   15.740   0.133    
  2459254.86717   15.525   0.095    
  2459254.86847   16.283   0.209    
  2459255.8698    15.844   0.137    
  2459255.87103   15.593   0.128    
  2459255.87226   15.857   0.151    
  2459256.8563    15.864   0.158    
  2459256.85753   16.054   0.186    
  2459256.85876   15.910   0.175    
  2459258.61387   15.884   0.168    
  2459260.83641   15.956   0.193    
  2459262.82544   15.683   0.114    
  2459262.82674   15.788   0.131    
  2459262.82806   15.780   0.125    
  2459263.82816   15.908   0.181    
  2459263.8294    16.018   0.184    
  2459263.83061   16.072   0.152    
  2459264.83518   15.766   0.139    
  2459264.83647   15.862   0.132    
  2459264.83777   15.734   0.121    
  2459266.82035   15.763   0.117    
  2459266.82165   15.883   0.136    
  2459266.82293   15.746   0.121    
  2459267.81985   15.577   0.114    
  2459267.8211    16.030   0.19     
  2459267.82233   16.315   0.218    
  2459268.82004   15.678   0.144    
  2459268.82127   15.810   0.145    
  2459268.8225    15.970   0.185    
  2459269.82778   15.912   0.146    
  2459269.82907   15.747   0.119    
  2459269.83037   15.527   0.099    
  2459273.84979   15.244   0.158    
  2459276.83673   15.706   0.191    
  2459283.99232   15.683   0.11     
  2459283.99351   15.822   0.124    
  2459283.99474   15.905   0.136    
  2459285.82138   15.713   0.12     
  2459285.82261   16.223   0.203    
  2459285.82384   16.092   0.171    
  2459287.83923   15.586   0.102    
  2459287.84054   15.879   0.123    
  2459287.84182   15.869   0.109    
  2459287.88004   15.970   0.159    
  2459287.88127   15.772   0.132    
  2459287.8825    16.035   0.174    
  2459291.53174   15.928   0.138    
  2459292.87082   15.558   0.214    
  2459294.74974   15.582   0.103    
  2459294.75102   15.763   0.14     
  2459294.75232   15.572   0.122    
  2459294.8771    15.816   0.12     
  2459294.87844   15.873   0.116    
  2459294.87973   15.734   0.118    
  2459295.48793   15.930   0.14     
  2459295.49039   15.850   0.111    
  2459295.75067   15.794   0.137    
  2459295.7519    15.734   0.132    
  2459295.75312   15.979   0.166    
  2459296.74441   15.628   0.114    
  2459296.74571   15.854   0.13     
  2459296.74702   15.988   0.138    
  2459297.55241   15.588   0.136    
  2459297.55364   15.789   0.16     
  2459297.55488   15.625   0.117    
  2459298.964     15.524   0.106    
  2459301.72579   15.376   0.213    
  2459301.91118   15.796   0.212    
  2459309.45488   15.635   0.135    
  2459309.45735   16.159   0.2      
  2459309.7008    15.638   0.145    
  2459309.70202   15.827   0.146    
  2459309.70327   16.033   0.172    
  2459309.83719   16.026   0.186    
  2459309.83842   16.091   0.213    
  2459310.76796   16.005   0.182    
  2459310.76919   16.032   0.175    
  2459310.77043   15.728   0.136    
  2459311.82199   15.959   0.156    
  2459311.8232    16.103   0.17     
  2459312.89197   15.831   0.126    
  2459312.89325   15.794   0.117    
  2459312.89452   15.850   0.117    
  2459313.87001   16.217   0.19     
  2459313.87124   15.916   0.14     
  2459313.87247   15.694   0.116    
  2459315.92322   16.020   0.143    
  2459315.92444   15.607   0.105    
  2459316.61127   15.976   0.131    
  2459316.67635   15.884   0.165    
  2459316.67757   15.795   0.146    
  2459316.6788    15.931   0.128    
  2459316.80349   15.774   0.119    
  2459316.8047    15.618   0.088    
  2459316.80592   16.021   0.173    
  2459319.67887   15.757   0.115    
  2459319.68015   16.043   0.163    
  2459319.68141   15.528   0.102    
  2459320.67768   15.565   0.094    
  2459320.6789    16.109   0.169    
  2459320.68012   16.052   0.195    
  2459321.71748   15.821   0.138    
  2459321.71873   15.945   0.161    
  2459321.71994   16.148   0.172    
  2459321.76351   16.195   0.156    
  2459321.76478   15.844   0.12     
  2459321.76606   15.854   0.133    
  2459322.77428   15.997   0.149    
  2459322.7755    15.700   0.11     
  2459322.77673   16.211   0.194    
  2459323.46217   15.725   0.129    
  2459323.4634    15.616   0.108    
  2459323.46463   16.170   0.167    
  2459323.49566   15.783   0.137    
  2459323.4969    15.672   0.131    
  2459323.49814   15.806   0.131    
  2459323.70261   16.194   0.205    
  2459323.70507   15.543   0.218    
  2459323.79623   15.589   0.111    
  2459323.79752   15.705   0.117    
  2459323.7988    15.705   0.115    
  2459323.89466   15.811   0.132    
  2459323.89588   15.912   0.144    
  2459323.89712   16.176   0.188    
  2459325.53989   15.848   0.143    
  2459325.54113   15.764   0.114    
  2459325.54236   15.616   0.104    
  2459326.79742   15.904   0.16     
  2459326.79863   15.914   0.162    
  2459326.79985   16.059   0.17     
  2459327.72597   15.800   0.197    
  2459327.7272    15.690   0.194    
  2459330.65465   15.345   0.203    
  2459330.7734    15.555   0.212    
  2459336.57374   15.808   0.158    
  2459336.57497   16.069   0.218    
  2459336.5762    15.823   0.209    
  2459337.37957   15.208   0.094    
  2459337.38097   15.542   0.116    
  2459337.38227   15.775   0.154    
  2459337.43079   15.448   0.151    
  2459337.68668   15.747   0.13     
  2459337.68796   15.700   0.135    
  2459337.73619   15.846   0.147    
  2459337.73747   16.109   0.164    
  2459337.73875   15.854   0.148    
  2459338.82162   16.277   0.195    
  2459338.82291   15.650   0.111    
  2459338.82419   15.784   0.138    
  2459340.62382   15.879   0.144    
  2459340.62505   15.793   0.137    
  2459340.62628   16.025   0.179    
  2459340.65015   15.917   0.158    
  2459340.65138   15.832   0.148    
  2459340.65261   15.803   0.139    
  2459340.70273   16.084   0.179    
  2459340.70397   15.973   0.16     
  2459340.7052    16.005   0.177    
  2459342.86227   15.583   0.123    
  2459342.86351   15.734   0.134    
  2459342.86474   16.163   0.218    
  2459343.86627   15.579   0.098    
  2459343.86749   15.774   0.122    
  2459343.86871   15.751   0.111    
  2459343.91869   15.683   0.106    
  2459343.91992   15.625   0.108    
  2459343.92115   15.371   0.096    
  2459344.36221   15.571   0.107    
  2459344.36346   15.729   0.108    
  2459344.36467   15.869   0.145    
  2459344.42858   15.700   0.109    
  2459344.42982   15.806   0.115    
  2459344.43105   15.917   0.142    
  2459344.84411   15.736   0.112    
  2459344.84534   15.810   0.143    
  2459344.84658   15.624   0.1      
  2459348.38914   15.599   0.103    
  2459348.39036   15.904   0.129    
  2459348.39163   15.995   0.159    
  2459351.34626   15.763   0.149    
  2459351.34749   15.821   0.118    
  2459351.38443   15.593   0.114    
  2459351.38565   15.946   0.162    
  2459351.38687   15.807   0.139    
  2459351.59073   15.658   0.11     
  2459351.592     15.497   0.094    
  2459351.59327   15.918   0.161    
  2459351.74843   15.859   0.146    
  2459351.74966   15.902   0.148    
  2459351.75087   16.002   0.154    
  2459353.4011    15.640   0.101    
  2459353.40254   15.661   0.109    
  2459353.40396   15.953   0.143    
  2459354.86344   15.703   0.114    
  2459354.86592   16.077   0.151    
  2459356.80548   15.732   0.108    
  2459356.80676   15.860   0.124    
  2459356.88382   15.899   0.14     
  2459356.8851    15.809   0.13     
  2459356.88638   15.636   0.097    
  2459358.33998   15.429   0.197    
  2459358.7327    15.740   0.211    
  2459358.73515   15.770   0.205    
  2459358.91574   15.839   0.125    
  2459358.91702   15.696   0.103    
  2459358.91831   15.846   0.124    
  2459365.34288   16.020   0.142    
  2459365.3441    15.618   0.131    
  2459365.34533   15.776   0.151    
  2459365.3748    15.454   0.126    
  2459365.37611   15.907   0.167    
  2459365.55638   15.995   0.147    
  2459365.55766   15.663   0.117    
  2459365.55894   15.849   0.131    
  2459365.70864   15.984   0.196    
  2459365.70987   16.029   0.213    
  2459365.7111    15.929   0.194    
  2459366.64932   16.056   0.174    
  2459366.65056   15.888   0.139    
  2459366.65179   15.960   0.165    
  2459367.55042   15.838   0.145    
  2459367.55163   16.026   0.174    
  2459367.55285   15.743   0.131    
  2459368.85601   15.794   0.134    
  2459368.8573    15.504   0.097    
  2459368.85859   15.710   0.133    
  2459369.85191   15.660   0.127    
  2459369.85314   16.052   0.182    
  2459369.85438   15.658   0.107    
  2459370.7586    15.738   0.108    
  2459370.75987   15.648   0.108    
  2459370.76117   15.806   0.109    
  2459370.8138    15.986   0.151    
  2459370.81502   16.038   0.159    
  2459370.81624   15.678   0.123    
  2459371.67293   15.930   0.119    
  2459371.67422   15.853   0.113    
  2459371.6755    15.940   0.13     
  2459372.29672   15.777   0.133    
  2459372.29805   15.618   0.11     
  2459372.29941   15.756   0.114    
  2459372.54128   15.736   0.128    
  2459372.54255   15.599   0.11     
  2459372.54384   15.708   0.131    
  2459372.70048   15.768   0.122    
  2459372.70172   16.011   0.17     
  2459372.70296   16.174   0.187    
  2459373.84425   16.099   0.178    
  2459373.84548   15.663   0.116    
  2459373.84671   16.031   0.171    
  2459374.88243   15.480   0.117    
  2459374.88366   16.242   0.21     
  2459374.8849    15.883   0.155    
  2459375.82197   15.612   0.103    
  2459375.82327   15.567   0.105    
  2459375.82455   15.955   0.167    
  2459376.7506    15.958   0.132    
  2459376.75183   16.032   0.151    
  2459376.75306   16.035   0.156    
  2459377.80027   16.120   0.147    
  2459377.80157   16.016   0.133    
  2459377.80284   15.777   0.102    
  2459377.81681   15.606   0.115    
  2459377.81804   15.719   0.129    
  2459377.81926   16.286   0.216    
  2459377.8411    15.970   0.145    
  2459377.84233   15.861   0.174    
  2459377.84356   15.750   0.132    
  2459378.88332   15.800   0.133    
  2459378.88461   15.734   0.113    
  2459378.88589   15.751   0.115    
  2459379.27318   15.905   0.138    
  2459379.27441   15.796   0.135    
  2459379.27565   15.731   0.136    
  2459379.51265   16.043   0.19     
  2459379.51388   15.437   0.109    
  2459379.51511   15.657   0.137    
  2459379.66193   15.826   0.141    
  2459379.66316   15.925   0.152    
  2459379.6644    15.967   0.158    
  2459379.68138   15.744   0.128    
  2459379.68265   15.836   0.113    
  2459379.68393   15.747   0.102    
  2459379.88348   15.529   0.103    
  2459379.88475   15.695   0.11     
  2459379.88604   15.601   0.107    
  2459380.71081   15.786   0.112    
  2459380.71209   15.841   0.124    
  2459380.71339   15.796   0.12     
  2459383.57829   16.020   0.208    
  2459383.57953   15.741   0.138    
  2459383.58077   15.902   0.188    
  2459383.6048    15.724   0.135    
  2459383.60604   16.067   0.193    
  2459384.65905   15.703   0.154    
  2459384.66029   16.059   0.206    
  2459384.67671   15.752   0.166    
  2459384.67797   15.673   0.159    
  2459384.67923   15.817   0.172    
  2459385.68486   15.709   0.156    
  2459385.84855   16.022   0.197    
  2459385.8498    15.477   0.117    
  2459385.85103   15.745   0.124    
  2459386.49889   15.385   0.186    
  2459386.65361   15.691   0.162    
  2459386.68516   15.755   0.205    
  2459386.68765   15.451   0.156    
  2459386.85269   16.034   0.181    
  2459386.85393   16.093   0.191    
  2459386.85517   15.761   0.153    
  2459393.4955    15.809   0.148    
  2459393.49675   15.804   0.152    
  2459393.49799   16.079   0.185    
  2459396.73053   15.788   0.123    
  2459396.73185   16.125   0.172    
  2459396.73315   15.729   0.124    
  2459398.81807   15.621   0.174    
  2459398.81931   16.120   0.203    
  2459398.82054   15.961   0.207    
  2459401.81189   15.868   0.137    
  2459401.81312   16.230   0.207    
  2459401.81434   15.804   0.14     
  2459402.71815   15.827   0.145    
  2459402.7194    15.913   0.157    
  2459402.72063   15.945   0.143    
  2459403.72767   15.671   0.117    
  2459403.72892   15.835   0.146    
  2459406.3822    15.752   0.113    
  2459406.38345   15.729   0.117    
  2459406.38468   16.070   0.145    
  2459407.48158   15.911   0.134    
  2459407.48288   15.616   0.104    
  2459407.48417   15.975   0.132    
  2459407.50191   15.642   0.112    
  2459407.50321   16.080   0.143    
  2459407.50452   15.554   0.097    
  2459407.65528   16.050   0.177    
  2459407.65652   15.888   0.158    
  2459407.80571   15.792   0.135    
  2459407.80701   15.876   0.124    
  2459407.80832   15.658   0.11     
  2459408.62843   15.620   0.108    
  2459408.62973   15.642   0.104    
  2459408.63104   15.660   0.105    
  2459409.7366    16.103   0.183    
  2459409.73784   15.863   0.151    
  2459412.25115   15.833   0.142    
  2459412.25239   15.782   0.149    
  2459412.25363   15.749   0.121    
  2459415.32972   14.935   0.218    
  2459422.22054   15.897   0.141    
  2459422.22184   15.538   0.095    
  2459422.22318   15.743   0.109    
  2459423.70281   15.703   0.151    
  2459423.70412   15.674   0.146    
  2459423.70543   15.681   0.126    
  2459424.70056   15.678   0.135    
  2459424.70184   15.712   0.126    
  2459425.48209   15.802   0.146    
  2459425.48332   15.788   0.176    
  2459426.3015    15.949   0.148    
  2459426.30275   15.814   0.12     
  2459426.30399   15.878   0.124    
  2459428.70457   15.714   0.11     
  2459428.70587   15.682   0.111    
  2459428.70717   15.870   0.129    
  2459433.41786   15.664   0.111    
  2459433.4191    15.948   0.145    
  2459433.42035   15.726   0.119    
  2459434.37681   15.995   0.138    
  2459434.37804   15.935   0.155    
  2459434.37929   16.287   0.197    
  2459435.66234   15.851   0.131    
  2459435.6636    15.730   0.139    
  2459435.66484   15.868   0.15     
  2459436.56422   15.934   0.149    
  2459436.56673   16.154   0.18     
  2459437.54952   16.161   0.193    
  2459437.55077   15.689   0.12     
  2459437.55202   15.758   0.13     
  2459439.524     16.138   0.175    
  2459439.52531   15.685   0.111    
  2459439.52659   15.883   0.137    
  2459442.28604   15.958   0.203    
  2459442.28914   15.739   0.164    
  2459442.51027   15.546   0.203    
  2459442.51156   15.592   0.142    
  2459450.66081   15.504   0.192    
  2459451.27338   15.844   0.159    
  2459451.27462   15.754   0.139    
  2459451.27586   15.741   0.145    
  2459451.64378   15.956   0.193    
  2459451.64625   15.762   0.154    
  2459455.50262   15.814   0.124    
  2459455.50393   15.574   0.09     
  2459455.50522   15.559   0.096    
  2459458.40086   15.900   0.15     
  2459458.4021    15.853   0.151    
  2459463.62256   15.635   0.115    
  2459463.62382   15.625   0.106    
  2459464.27063   15.994   0.137    
  2459464.27189   15.640   0.101    
  2459464.27313   15.653   0.115    
  2459465.40102   15.727   0.133    
  2459465.40226   15.723   0.142    
  2459465.4035    15.901   0.148    
  2459467.31463   15.649   0.124    
  2459467.31587   16.002   0.188    
  2459467.31711   15.682   0.133    
  2459469.26212   15.753   0.219    
  2459473.48993   15.729   0.188    
  2459474.58429   15.606   0.203    
  2459474.58687   15.509   0.184    
  2459479.31903   15.285   0.186    
  2459480.51196   15.818   0.118    
  2459480.51325   15.908   0.14     
  2459480.51453   15.815   0.141    
  2459481.49661   16.028   0.174    
  2459481.49784   15.505   0.097    
  2459481.54598   15.990   0.16     
  2459481.54724   16.006   0.186    
  2459481.54848   16.276   0.202    
  2459482.56202   15.716   0.114    
  2459482.5645    15.970   0.149    
  2459483.52804   16.159   0.168    
  2459483.52934   15.876   0.123    
  2459483.53064   15.660   0.111    
  2459483.56967   15.744   0.12     
  2459483.57096   16.123   0.171    
  2459483.57227   15.845   0.151    
  2459484.57352   15.747   0.142    
  2459484.57476   15.810   0.148    
  2459484.576     16.085   0.172    
  2459486.53627   15.826   0.179    
  2459489.2883    16.059   0.168    
  2459489.28963   15.932   0.154    
  2459489.29093   15.865   0.145    
  2459490.49196   15.678   0.116    
  2459490.49319   15.915   0.172    
  2459490.49444   15.573   0.117    
  2459491.55641   16.062   0.153    
  2459491.55772   16.103   0.171    
  2459491.55901   15.960   0.153    
  2459493.50472   15.900   0.126    
  2459493.50597   16.186   0.176    
  2459493.50721   15.768   0.148    
  2459495.2547    15.629   0.13     
  2459495.25591   15.936   0.187    
  2459495.25717   15.905   0.167    
  2459496.50948   15.973   0.191    
  2459496.51072   15.772   0.142    
  2459496.51196   15.725   0.162    
  2459501.51292   16.059   0.217    
  2459501.5155    15.867   0.183    
  2459507.49616   15.310   0.194    
  2459509.4926    15.501   0.197    
  2459509.49506   15.346   0.18     
  2459610.86644   15.861   0.196    
  2459610.86774   15.769   0.167    
  2459610.86902   15.806   0.188    
  2459614.87638   15.809   0.168    
  2459614.8777    15.703   0.185    
  2459614.87899   15.443   0.176    
  2459617.60158   15.895   0.183    
  2459618.85441   15.909   0.177    
  2459618.85567   15.976   0.177    
  2459618.85693   15.754   0.192    
  2459627.86083   15.092   0.184    
  2459629.57876   15.439   0.215    
  2459629.58      15.437   0.211    
  2459639.57289   15.582   0.109    
  2459639.57415   16.326   0.213    
  2459640.79385   15.973   0.179    
  2459640.79635   15.807   0.174    
  2459643.00778   15.801   0.214    
  2459643.01027   15.811   0.19     
  2459644.57669   16.127   0.216    
  2459644.57794   15.857   0.164    
  2459644.5792    15.164   0.076    
  2459645.88081   15.592   0.091    
  2459645.88206   16.061   0.136    
  2459645.88332   15.557   0.088    
  2459647.99156   15.950   0.116    
  2459647.99279   15.828   0.111    
  2459647.99403   15.955   0.127    
  2459650.77589   15.684   0.095    
  2459650.77718   15.879   0.139    
  2459650.77848   15.804   0.105    
  2459651.8965    16.189   0.128    
  2459651.89774   16.034   0.137    
  2459651.89898   16.257   0.19     
  2459653.81726   16.215   0.204    
  2459653.81973   16.002   0.153    
  2459657.84359   15.837   0.215    
  2459657.84484   15.586   0.159    
  2459660.75349   15.719   0.194    
  2459660.8001    15.704   0.163    
  2459660.80138   15.940   0.217    
  2459665.81751   15.924   0.141    
  2459665.81877   16.379   0.193    
  2459665.82002   15.861   0.121    
  2459666.71869   15.527   0.088    
  2459666.71999   15.867   0.108    
  2459666.7213    15.619   0.096    
  2459669.71755   15.685   0.106    
  2459669.71879   15.948   0.137    
  2459669.72007   16.154   0.179    
  2459670.72719   15.986   0.155    
  2459670.72848   15.909   0.112    
  2459670.72979   15.809   0.1      
  2459670.76715   15.685   0.089    
  2459670.76846   15.689   0.1      
  2459670.76975   15.785   0.117    
  2459670.80489   15.782   0.108    
  2459670.80619   15.716   0.11     
  2459670.80747   15.620   0.09     
  2459671.80775   15.699   0.101    
  2459671.80899   15.935   0.122    
  2459671.81024   15.732   0.101    
  2459673.71724   15.829   0.106    
  2459673.71854   15.989   0.135    
  2459673.71985   15.951   0.134    
  2459674.72394   15.815   0.116    
  2459674.72524   15.455   0.084    
  2459674.72653   15.680   0.091    
  2459674.75965   16.000   0.131    
  2459674.7609    15.856   0.123    
  2459674.76217   15.707   0.098    
  2459675.78925   16.148   0.166    
  2459675.79049   15.857   0.107    
  2459675.79173   15.829   0.101    
  2459676.77084   15.988   0.124    
  2459676.77215   15.525   0.079    
  2459676.77344   15.521   0.083    
  2459677.92306   15.836   0.152    
  2459677.92432   15.843   0.127    
  2459677.92555   15.849   0.131    
  2459677.9385    15.700   0.134    
  2459677.93974   15.683   0.115    
  2459677.94099   15.545   0.098    
  2459681.4963    15.822   0.201    
  2459681.49754   15.647   0.189    
  2459681.49878   15.859   0.192    
  2459684.6774    15.652   0.206    
  2459688.48169   14.394   0.165    
  2459688.48292   14.284   0.189    
  2459692.94213   15.824   0.153    
  2459692.94337   15.778   0.16     
  2459692.94461   15.878   0.187    
  2459695.41839   16.095   0.184    
  2459695.41964   15.835   0.156    
  2459695.42088   15.813   0.142    
  2459695.58751   15.852   0.157    
  2459695.58876   15.571   0.105    
  2459695.59001   15.728   0.124    
  2459697.44717   15.655   0.126    
  2459697.44841   15.636   0.12     
  2459697.44966   15.467   0.114    
  2459698.86754   15.766   0.117    
  2459698.86879   16.009   0.168    
  2459698.87003   15.845   0.143    
  2459700.87185   15.722   0.156    
  2459700.87311   15.840   0.189    
  2459700.87438   15.767   0.184    
  2459702.86331   15.830   0.135    
  2459702.86456   15.741   0.118    
  2459702.86585   15.852   0.143    
  2459702.89772   15.943   0.135    
  2459702.89895   15.851   0.136    
  2459702.9002    15.851   0.108    
  2459704.91484   15.809   0.131    
  2459704.91608   16.093   0.167    
  2459704.91737   15.734   0.115    
  2459706.88094   15.834   0.101    
  2459706.88223   15.952   0.113    
  2459706.88351   15.676   0.082    
  2459709.37005   15.815   0.194    
  2459709.85687   15.782   0.163    
  2459709.85813   15.570   0.131    
  2459709.85941   15.923   0.186    
  2459710.92469   15.610   0.136    
  2459710.92599   15.871   0.157    
  2459710.92728   15.773   0.143    
  2459711.78388   15.836   0.185    
  2459711.87419   15.784   0.095    
  2459711.87545   16.001   0.111    
  2459711.8767    15.840   0.114    
  2459712.68943   14.587   0.205    
  2459714.87587   15.877   0.188    
  2459714.87717   15.768   0.191    
  2459714.87848   15.852   0.219    
  2459720.80415   15.762   0.135    
  2459720.80545   15.768   0.19     
  2459720.80676   15.705   0.201    
  2459721.81475   15.713   0.125    
  2459721.81607   15.934   0.16     
  2459721.81739   15.847   0.138    
  2459722.65383   15.984   0.108    
  2459722.65514   15.892   0.101    
  2459722.65643   15.722   0.098    
  2459725.56328   15.694   0.104    
  2459725.56458   15.736   0.104    
  2459725.56586   15.868   0.102    
  2459727.83071   15.987   0.176    
  2459730.78195   15.604   0.097    
  2459730.78321   15.727   0.127    
  2459730.78443   15.929   0.135    
  2459730.8803    16.115   0.187    
  2459730.88151   15.835   0.133    
  2459730.88276   15.959   0.158    
  2459731.41263   15.920   0.158    
  2459731.41387   15.892   0.143    
  2459731.41511   15.643   0.124    
  2459733.85486   15.606   0.112    
  2459733.85609   15.605   0.098    
  2459733.85734   16.002   0.147    
  2459735.36201   16.155   0.211    
  2459735.36325   15.863   0.141    
  2459735.36448   15.812   0.131    
  2459737.32091   15.773   0.16     
  2459737.32215   16.015   0.198    
  2459737.32339   15.935   0.214    
  2459738.85959   15.696   0.126    
  2459738.86083   16.056   0.166    
  2459738.86208   15.549   0.116    
  2459739.83371   15.539   0.081    
  2459739.83499   16.050   0.108    
  2459739.83629   15.866   0.106    
  2459740.80551   15.779   0.117    
  2459740.80677   15.937   0.119    
  2459740.80801   15.692   0.107    
  2459741.7686    16.160   0.195    
  2459741.76987   15.855   0.146    
  2459741.77118   15.900   0.149    
  2459741.856     15.697   0.09     
  2459741.8573    16.069   0.131    
  2459741.8586    15.923   0.114    
  2459742.8758    15.981   0.202    
  2459742.87711   15.668   0.154    
  2459742.8784    15.988   0.211    
  2459749.56002   15.709   0.09     
  2459749.56133   15.831   0.101    
  2459749.56262   15.713   0.104    
  2459754.83918   15.814   0.144    
  2459754.84042   15.863   0.123    
  2459754.84165   15.784   0.143    
  2459756.65845   15.794   0.139    
  2459756.77386   15.980   0.195    
  2459757.80881   15.771   0.134    
  2459757.81005   15.648   0.134    
  2459757.81128   15.826   0.167    
  2459760.64205   15.858   0.113    
  2459760.64334   15.830   0.098    
  2459760.64464   15.641   0.085    
  2459761.75607   15.854   0.134    
  2459761.75731   15.975   0.146    
  2459761.75854   15.745   0.122    
  2459761.77874   15.977   0.168    
  2459761.77998   15.931   0.146    
  2459761.78121   15.818   0.143    
  2459761.82017   15.958   0.165    
  2459761.82141   15.633   0.113    
  2459761.82265   15.944   0.165    
  2459763.72942   15.840   0.147    
  2459763.73065   15.830   0.145    
  2459763.73189   15.831   0.122    
  2459764.72211   15.784   0.114    
  2459764.7234    15.747   0.091    
  2459764.7247    15.926   0.105    
  2459764.75036   15.714   0.101    
  2459764.75166   15.754   0.095    
  2459764.75297   15.702   0.103    
  2459764.79045   15.760   0.104    
  2459764.79174   15.851   0.105    
  2459764.79304   15.818   0.111    
  2459765.81785   15.837   0.118    
  2459765.81915   15.526   0.108    
  2459765.82043   15.672   0.11     
  2459767.63808   15.873   0.135    
  2459767.63933   15.708   0.111    
  2459767.64057   15.960   0.14     
  2459768.81057   15.763   0.163    
  2459768.81181   15.224   0.097    
  2459779.76976   15.747   0.147    
  2459779.771     15.810   0.159    
  2459779.77223   15.626   0.159    
  2459783.25381   15.916   0.214    
  2459783.2551    15.785   0.175    
  2459784.55019   15.866   0.108    
  2459784.55149   15.766   0.091    
  2459784.55278   15.714   0.092    
  2459788.22076   15.713   0.142    
  2459788.22206   15.843   0.156    
  2459788.2234    15.899   0.15     
  2459789.72085   15.633   0.123    
  2459789.72215   15.790   0.138    
  2459789.72345   15.998   0.158    
  2459790.74924   15.978   0.142    
  2459790.75172   15.720   0.109    
  2459791.64513   15.965   0.124    
  2459791.64638   15.980   0.142    
  2459791.64762   15.708   0.098    
  2459792.61457   16.180   0.164    
  2459792.61581   15.777   0.129    
  2459792.61705   15.901   0.113    
  2459793.62185   15.868   0.106    
  2459793.62315   15.721   0.095    
  2459793.62444   15.633   0.081    
  2459793.73867   15.709   0.116    
  2459793.73991   16.112   0.143    
  2459793.74114   15.937   0.132    
  2459795.69087   15.864   0.156    
  2459795.69211   15.947   0.183    
  2459795.69335   15.558   0.128    
  2459796.65441   15.954   0.151    
  2459796.65567   15.800   0.117    
  2459796.6569    15.910   0.126    
  2459801.63025   15.698   0.209    
  2459801.63282   15.673   0.207    
  2459804.50352   15.510   0.133    
  2459804.50478   15.918   0.209    
