# HJD             mag      mag_err  
  2458282.6909    12.534   0.009    
  2458282.69212   12.528   0.009    
  2458282.69334   12.523   0.01     
  2458283.76876   12.5     0.009    
  2458283.76998   12.511   0.01     
  2458283.7712    12.533   0.009    
  2458284.77497   12.538   0.01     
  2458284.77619   12.549   0.011    
  2458284.77741   12.532   0.01     
  2458301.64013   12.493   0.011    
  2458301.64135   12.505   0.011    
  2458301.64257   12.507   0.011    
  2458304.70656   12.526   0.018    
  2458304.70779   12.525   0.021    
  2458304.70901   12.539   0.043    
  2458309.69776   12.538   0.01     
  2458309.69899   12.541   0.01     
  2458309.7002    12.54    0.011    
  2458312.63738   12.531   0.009    
  2458312.63859   12.546   0.011    
  2458312.63981   12.541   0.01     
  2458314.67983   12.518   0.009    
  2458314.68106   12.526   0.01     
  2458314.68227   12.511   0.009    
  2458321.52457   99.99    99.99    
  2458321.5258    12.432   0.069    
  2458321.52702   99.99    99.99    
  2458324.66297   12.498   0.012    
  2458324.66418   12.507   0.012    
  2458324.66541   12.505   0.011    
  2458325.66519   12.523   0.022    
  2458325.66641   12.484   0.023    
  2458328.6473    12.508   0.011    
  2458328.64851   12.502   0.011    
  2458328.64973   12.496   0.012    
  2458332.63581   12.494   0.011    
  2458332.63703   12.506   0.01     
  2458332.63826   12.5     0.01     
  2458335.6141    12.529   0.01     
  2458335.61531   12.533   0.01     
  2458335.61653   12.503   0.01     
  2458339.61519   12.541   0.011    
  2458339.61641   12.535   0.011    
  2458339.61762   12.545   0.011    
  2458340.57085   12.523   0.01     
  2458340.57206   12.505   0.01     
  2458340.57329   12.512   0.011    
  2458342.61251   12.515   0.01     
  2458342.61373   12.512   0.011    
  2458342.61496   12.498   0.01     
  2458343.60583   12.536   0.012    
  2458343.60704   12.523   0.013    
  2458343.60826   12.519   0.013    
  2458345.5018    12.519   0.01     
  2458345.50302   12.513   0.01     
  2458345.50423   12.52    0.011    
  2458346.51327   12.548   0.011    
  2458346.51448   12.546   0.011    
  2458346.5157    12.554   0.011    
  2458355.56818   12.523   0.013    
  2458355.56939   12.523   0.013    
  2458355.57062   12.54    0.013    
  2458357.55357   12.535   0.012    
  2458357.55479   12.523   0.012    
  2458357.556     12.53    0.012    
  2458359.47607   12.528   0.011    
  2458359.4773    12.533   0.011    
  2458359.47851   12.533   0.011    
  2458364.5385    12.606   0.013    
  2458365.53354   12.562   0.013    
  2458365.53476   12.554   0.013    
  2458365.536     12.571   0.013    
  2458366.53417   12.531   0.01     
  2458366.5354    12.507   0.011    
  2458366.53662   12.535   0.011    
  2458367.50808   12.509   0.01     
  2458367.5093    12.516   0.01     
  2458367.51052   12.516   0.01     
  2458368.53096   12.509   0.01     
  2458368.53219   12.52    0.01     
  2458368.5334    12.492   0.009    
  2458370.52371   12.5     0.01     
  2458370.52493   12.511   0.01     
  2458370.52614   12.508   0.01     
  2458371.51286   12.506   0.009    
  2458371.51408   12.518   0.01     
  2458371.5153    12.501   0.01     
  2458372.51342   12.51    0.01     
  2458372.51462   12.522   0.01     
  2458372.51585   12.506   0.01     
  2458373.50229   12.509   0.01     
  2458373.50351   12.504   0.01     
  2458373.50473   12.49    0.01     
  2458374.51025   12.514   0.039    
  2458374.51147   99.99    99.99    
  2458375.49938   12.512   0.01     
  2458375.50061   12.512   0.011    
  2458375.50183   12.504   0.011    
  2458376.49217   12.513   0.01     
  2458376.49339   12.524   0.011    
  2458376.49461   12.496   0.01     
  2458379.49695   12.528   0.011    
  2458379.49818   12.524   0.011    
  2458379.49939   12.53    0.011    
  2458380.49957   12.68    0.092    
  2458380.50079   99.99    99.99    
  2458380.50201   12.519   0.083    
  2458381.49442   12.499   0.038    
  2458381.49563   12.501   0.046    
  2458381.49685   12.548   0.085    
  2458382.47926   12.532   0.012    
  2458382.48047   12.533   0.012    
  2458382.48169   12.542   0.012    
  2458385.48018   12.551   0.014    
  2458385.48141   12.527   0.013    
  2458385.48262   12.539   0.015    
  2458489.86641   12.507   0.016    
  2458490.86271   12.515   0.015    
  2458490.86398   12.532   0.02     
  2458490.86535   12.46    0.023    
  2458491.85897   12.509   0.011    
  2458491.86026   12.482   0.011    
  2458491.86153   12.409   0.011    
  2458492.85893   12.52    0.011    
  2458492.86021   12.504   0.011    
  2458492.86146   12.525   0.012    
  2458494.86582   12.474   0.012    
  2458494.86709   12.525   0.013    
  2458494.86836   12.539   0.015    
  2458498.86019   12.521   0.01     
  2458499.85989   12.537   0.01     
  2458503.87723   12.485   0.015    
  2458504.84356   12.528   0.014    
  2458504.84483   12.566   0.015    
  2458504.84613   12.529   0.014    
  2458505.84317   12.523   0.013    
  2458505.84443   12.513   0.012    
  2458505.84571   12.525   0.012    
  2458506.83359   12.513   0.012    
  2458506.83481   12.49    0.012    
  2458506.83602   12.517   0.011    
  2458507.88027   12.495   0.019    
  2458508.83592   12.546   0.013    
  2458508.8372    12.535   0.012    
  2458509.82603   12.511   0.011    
  2458509.82725   12.483   0.011    
  2458509.82848   12.496   0.011    
  2458510.84155   12.538   0.011    
  2458510.84283   12.481   0.011    
  2458510.84411   12.552   0.011    
  2458511.83      12.496   0.01     
  2458511.83122   12.479   0.01     
  2458511.83245   12.471   0.01     
  2458515.86392   12.504   0.01     
  2458515.86513   12.509   0.011    
  2458515.86635   12.498   0.01     
  2458516.84637   12.522   0.01     
  2458516.84763   12.557   0.01     
  2458516.8489    12.517   0.01     
  2458518.81624   12.501   0.01     
  2458518.81751   12.539   0.01     
  2458518.81878   12.533   0.01     
  2458521.80283   12.524   0.011    
  2458521.8041    12.542   0.011    
  2458521.80537   12.525   0.011    
  2458522.79825   12.528   0.01     
  2458522.79952   12.499   0.01     
  2458522.80079   12.529   0.01     
  2458523.84727   12.526   0.01     
  2458523.84854   12.482   0.01     
  2458523.84981   12.522   0.01     
  2458524.84166   12.532   0.01     
  2458524.84286   12.506   0.01     
  2458524.84408   12.515   0.011    
  2458525.78242   12.522   0.011    
  2458525.78364   12.503   0.011    
  2458525.78486   12.514   0.011    
  2458526.79664   12.531   0.012    
  2458526.79785   12.524   0.01     
  2458526.79907   12.505   0.011    
  2458528.78415   12.532   0.011    
  2458528.78543   12.535   0.009    
  2458530.77178   12.51    0.01     
  2458530.77299   12.525   0.01     
  2458530.77421   12.495   0.011    
  2458532.7699    12.54    0.013    
  2458532.77118   12.555   0.013    
  2458532.77245   12.52    0.012    
  2458533.77314   12.563   0.016    
  2458533.77441   12.575   0.015    
  2458533.77578   12.51    0.015    
  2458537.86132   12.539   0.01     
  2458537.86259   12.524   0.011    
  2458538.83358   12.526   0.011    
  2458538.83483   12.499   0.01     
  2458538.83612   12.5     0.01     
  2458540.8658    12.508   0.011    
  2458540.86701   12.52    0.011    
  2458540.86823   12.509   0.011    
  2458541.86906   12.534   0.01     
  2458541.87034   12.522   0.01     
  2458541.87161   12.506   0.01     
  2458542.78246   12.501   0.01     
  2458542.7837    12.487   0.01     
  2458542.78491   12.499   0.01     
  2458543.85318   12.532   0.01     
  2458543.85445   12.521   0.01     
  2458543.85573   12.54    0.01     
  2458544.77586   12.493   0.009    
  2458544.77713   12.536   0.01     
  2458544.7784    12.534   0.01     
  2458546.74624   12.498   0.01     
  2458546.74745   12.517   0.01     
  2458546.74867   12.523   0.01     
  2458547.8375    12.507   0.01     
  2458547.83872   12.5     0.01     
  2458547.83995   12.495   0.01     
  2458548.7584    12.547   0.01     
  2458548.75967   12.534   0.01     
  2458548.76095   12.528   0.01     
  2458550.83996   12.527   0.011    
  2458550.84128   12.52    0.01     
  2458550.84255   12.51    0.01     
  2458552.83728   12.5     0.01     
  2458552.83851   12.499   0.01     
  2458552.83974   12.484   0.01     
  2458553.71029   12.519   0.011    
  2458553.71152   12.509   0.011    
  2458553.71274   12.52    0.011    
  2458554.72643   12.528   0.01     
  2458554.72769   12.535   0.01     
  2458554.72897   12.546   0.01     
  2458555.82754   12.531   0.01     
  2458555.82877   12.521   0.01     
  2458555.82998   12.508   0.01     
  2458556.70757   12.512   0.01     
  2458556.70879   12.515   0.01     
  2458556.71      12.513   0.01     
  2458557.84451   12.525   0.01     
  2458557.84573   12.508   0.01     
  2458557.84694   12.515   0.01     
  2458559.71523   12.546   0.011    
  2458559.71649   12.477   0.011    
  2458559.71775   12.536   0.011    
  2458562.68759   12.555   0.019    
  2458562.6888    12.516   0.015    
  2458562.69002   12.507   0.013    
  2458563.69006   12.508   0.013    
  2458563.69128   12.492   0.014    
  2458563.69249   12.506   0.013    
  2458563.89328   12.53    0.013    
  2458563.8945    12.525   0.014    
  2458563.89571   12.517   0.013    
  2458564.75739   12.541   0.012    
  2458564.75866   12.539   0.012    
  2458565.80088   12.518   0.013    
  2458565.80209   12.505   0.012    
  2458565.8033    12.508   0.011    
  2458566.82251   12.515   0.011    
  2458566.82372   12.499   0.011    
  2458566.82494   12.524   0.011    
  2458567.78488   12.537   0.011    
  2458567.78615   12.511   0.011    
  2458567.78742   12.512   0.011    
  2458568.77551   12.53    0.011    
  2458568.77672   12.506   0.011    
  2458568.77794   12.527   0.011    
  2458569.73657   12.499   0.011    
  2458569.73779   12.507   0.011    
  2458569.73901   12.494   0.01     
  2458570.67416   12.502   0.01     
  2458570.67537   12.509   0.01     
  2458570.67659   12.515   0.01     
  2458571.64678   12.508   0.011    
  2458571.64807   12.637   0.02     
  2458571.64934   12.503   0.014    
  2458571.88906   12.503   0.01     
  2458571.89028   12.508   0.01     
  2458571.89149   12.516   0.01     
  2458572.87711   12.555   0.018    
  2458573.44942   99.99    99.99    
  2458573.45063   12.498   0.023    
  2458573.45183   99.99    99.99    
  2458573.7942    12.505   0.01     
  2458573.79543   12.514   0.01     
  2458573.79664   12.518   0.01     
  2458575.4275    12.511   0.015    
  2458575.4287    12.492   0.014    
  2458575.42993   12.483   0.019    
  2458575.63351   12.518   0.01     
  2458575.63473   12.499   0.01     
  2458575.63596   12.513   0.01     
  2458576.62528   12.49    0.01     
  2458576.62649   12.493   0.01     
  2458576.62773   12.494   0.01     
  2458578.62345   12.521   0.01     
  2458578.62466   12.513   0.011    
  2458578.62588   12.505   0.011    
  2458579.63571   12.536   0.011    
  2458579.63699   12.524   0.01     
  2458579.63827   12.537   0.01     
  2458580.64059   12.544   0.01     
  2458580.64186   12.527   0.01     
  2458580.64312   12.514   0.01     
  2458581.64703   12.497   0.01     
  2458581.64825   12.501   0.01     
  2458581.64948   12.508   0.01     
  2458582.64455   12.528   0.01     
  2458582.64581   12.521   0.01     
  2458582.64709   12.542   0.01     
  2458583.65316   12.538   0.01     
  2458583.65444   12.527   0.01     
  2458583.65571   12.512   0.01     
  2458584.63028   12.508   0.01     
  2458584.6315    12.501   0.01     
  2458584.63272   12.513   0.01     
  2458585.62533   12.525   0.01     
  2458585.6266    12.519   0.01     
  2458585.62786   12.513   0.01     
  2458586.61379   12.505   0.01     
  2458586.61502   12.51    0.011    
  2458586.61624   12.48    0.01     
  2458588.60743   12.515   0.011    
  2458588.6087    12.507   0.011    
  2458588.60997   12.529   0.011    
  2458589.59607   12.463   0.011    
  2458589.59737   12.485   0.011    
  2458589.59864   12.526   0.012    
  2458590.69886   12.499   0.012    
  2458590.70008   12.504   0.012    
  2458590.7013    12.501   0.012    
  2458591.67945   12.507   0.012    
  2458591.68068   12.526   0.012    
  2458591.6819    12.502   0.011    
  2458591.79712   12.527   0.013    
  2458591.79839   12.515   0.013    
  2458591.79967   12.518   0.014    
  2458593.72322   12.492   0.013    
  2458593.72444   12.5     0.013    
  2458593.72566   12.487   0.014    
  2458594.58986   12.509   0.012    
  2458594.59108   12.489   0.012    
  2458594.59231   12.528   0.013    
  2458595.69493   12.504   0.011    
  2458595.69614   12.51    0.011    
  2458595.69737   12.503   0.012    
  2458596.70295   12.551   0.011    
  2458596.70423   12.539   0.011    
  2458596.70549   12.516   0.011    
  2458598.35074   99.99    99.99    
  2458598.35196   99.99    99.99    
  2458598.35318   99.99    99.99    
  2458598.54292   12.496   0.01     
  2458598.54413   12.482   0.01     
  2458598.54533   12.484   0.01     
  2458598.65783   12.494   0.011    
  2458598.65904   12.505   0.011    
  2458598.66025   12.512   0.011    
  2458599.33418   12.503   0.009    
  2458599.33538   12.504   0.009    
  2458599.33658   99.99    99.99    
  2458599.5451    12.514   0.01     
  2458599.54631   12.513   0.01     
  2458599.54751   12.508   0.01     
  2458599.90541   12.529   0.011    
  2458599.90669   12.534   0.01     
  2458599.90796   12.55    0.011    
  2458600.48633   12.506   0.009    
  2458600.48754   12.5     0.009    
  2458600.48875   12.497   0.009    
  2458600.71785   12.511   0.01     
  2458600.71907   12.504   0.01     
  2458600.72028   12.52    0.01     
  2458601.31164   12.522   0.009    
  2458601.31285   12.512   0.009    
  2458601.31407   12.498   0.009    
  2458601.86281   12.518   0.01     
  2458601.86409   12.51    0.01     
  2458601.86537   12.532   0.01     
  2458602.39925   12.524   0.01     
  2458602.40046   12.511   0.01     
  2458602.40167   12.509   0.009    
  2458602.53121   12.515   0.009    
  2458602.53242   12.506   0.01     
  2458602.53369   12.496   0.01     
  2458602.75725   12.505   0.01     
  2458602.75848   12.498   0.01     
  2458602.75969   12.51    0.01     
  2458602.84974   12.52    0.01     
  2458602.85102   12.511   0.01     
  2458602.85228   12.522   0.01     
  2458603.40854   12.518   0.009    
  2458603.40975   12.514   0.009    
  2458603.41096   12.514   0.01     
  2458603.66117   12.489   0.021    
  2458603.66239   12.489   0.012    
  2458603.66361   12.496   0.014    
  2458603.81062   12.515   0.013    
  2458603.81183   12.538   0.014    
  2458603.81306   12.558   0.024    
  2458604.31342   99.99    99.99    
  2458604.31464   12.483   0.009    
  2458604.31585   12.492   0.009    
  2458604.48809   99.99    99.99    
  2458604.48932   12.498   0.009    
  2458604.49054   12.487   0.01     
  2458604.62318   12.467   0.021    
  2458604.62439   12.425   0.015    
  2458604.62559   99.99    99.99    
  2458604.77246   12.503   0.01     
  2458604.77367   12.517   0.01     
  2458604.77489   12.501   0.01     
  2458604.85281   12.521   0.01     
  2458604.85403   12.529   0.011    
  2458604.85525   12.533   0.01     
  2458605.90124   12.539   0.012    
  2458605.90246   12.532   0.012    
  2458605.90368   12.536   0.013    
  2458606.39183   99.99    99.99    
  2458606.39305   99.99    99.99    
  2458606.3943    99.99    99.99    
  2458606.77264   12.481   0.01     
  2458606.77386   12.505   0.01     
  2458606.7751    12.51    0.01     
  2458607.81375   12.529   0.011    
  2458607.81496   12.516   0.01     
  2458607.81618   12.535   0.01     
  2458608.54859   12.538   0.011    
  2458608.54985   12.535   0.011    
  2458608.55112   12.543   0.011    
  2458608.82079   12.535   0.011    
  2458608.82202   12.523   0.011    
  2458608.82325   12.532   0.011    
  2458612.86793   12.498   0.01     
  2458612.86915   12.504   0.01     
  2458612.87038   12.493   0.011    
  2458614.4575    12.487   0.009    
  2458614.45873   12.478   0.009    
  2458614.45995   12.507   0.009    
  2458614.7397    12.509   0.01     
  2458614.74093   12.505   0.01     
  2458614.74214   12.508   0.011    
  2458615.83499   12.517   0.011    
  2458615.83621   12.535   0.011    
  2458615.83742   12.521   0.01     
  2458616.85799   12.506   0.01     
  2458616.8592    12.519   0.011    
  2458616.86043   12.411   0.011    
  2458618.36803   12.508   0.011    
  2458618.36924   12.494   0.012    
  2458618.37046   12.511   0.012    
  2458618.6519    12.501   0.011    
  2458618.65311   12.451   0.01     
  2458618.65432   12.511   0.011    
  2458618.87039   12.536   0.013    
  2458619.52059   12.334   0.013    
  2458619.52192   12.532   0.016    
  2458619.5232    12.479   0.017    
  2458619.61347   12.501   0.013    
  2458619.61468   12.494   0.016    
  2458620.25453   12.52    0.013    
  2458620.25574   12.503   0.012    
  2458620.50088   12.497   0.011    
  2458620.50208   12.5     0.012    
  2458620.50329   12.521   0.011    
  2458620.72409   12.466   0.016    
  2458620.72535   12.679   0.02     
  2458620.72663   12.491   0.016    
  2458621.27543   12.481   0.012    
  2458621.27665   12.513   0.013    
  2458621.27787   12.524   0.012    
  2458621.60561   12.708   0.028    
  2458621.60688   12.457   0.018    
  2458621.60815   12.539   0.02     
  2458621.80306   12.469   0.012    
  2458621.80429   12.506   0.013    
  2458621.80549   12.513   0.014    
  2458622.2682    12.505   0.013    
  2458622.26942   12.535   0.014    
  2458622.27062   12.5     0.013    
  2458622.4095    12.486   0.014    
  2458624.67823   12.506   0.013    
  2458624.67951   12.511   0.013    
  2458624.68077   12.487   0.013    
  2458625.25501   12.499   0.01     
  2458625.25623   99.99    99.99    
  2458625.71871   12.511   0.012    
  2458625.71993   12.496   0.011    
  2458625.72115   12.311   0.01     
  2458625.84848   12.5     0.012    
  2458625.84977   12.52    0.013    
  2458625.85104   12.523   0.013    
  2458626.48174   12.529   0.011    
  2458626.48295   12.529   0.01     
  2458626.48417   12.514   0.011    
  2458626.70626   12.515   0.011    
  2458626.70749   12.512   0.011    
  2458626.70871   12.446   0.01     
  2458627.27454   12.506   0.01     
  2458627.27576   12.497   0.01     
  2458627.42859   12.524   0.01     
  2458627.42981   12.533   0.01     
  2458627.43101   12.521   0.011    
  2458627.69697   12.506   0.013    
  2458627.69824   12.522   0.011    
  2458627.69951   12.476   0.013    
  2458628.26597   12.509   0.01     
  2458628.26718   12.499   0.01     
  2458628.26838   12.541   0.01     
  2458628.44182   12.51    0.01     
  2458628.44304   12.512   0.01     
  2458628.44424   12.511   0.01     
  2458629.32842   12.514   0.01     
  2458629.32962   12.504   0.01     
  2458629.33084   12.506   0.01     
  2458629.83612   99.99    99.99    
  2458629.83734   99.99    99.99    
  2458631.23595   12.502   0.01     
  2458631.23718   12.47    0.011    
  2458631.23839   99.99    99.99    
  2458631.59874   12.53    0.01     
  2458631.60002   12.528   0.01     
  2458631.60129   12.524   0.01     
  2458633.30884   12.518   0.015    
  2458633.31006   12.517   0.011    
  2458633.31127   12.496   0.009    
  2458637.77069   12.55    0.01     
  2458637.77202   12.522   0.01     
  2458637.77328   12.523   0.01     
  2458638.29806   12.504   0.01     
  2458638.29927   12.496   0.011    
  2458638.30048   12.532   0.012    
  2458638.67724   12.5     0.011    
  2458638.67845   12.523   0.011    
  2458638.67967   12.525   0.013    
  2458639.63579   12.523   0.013    
  2458639.63701   12.505   0.013    
  2458639.63823   12.545   0.012    
  2458640.58518   12.509   0.01     
  2458640.5864    12.528   0.01     
  2458640.58761   12.499   0.01     
  2458641.38671   12.494   0.009    
  2458641.38791   12.483   0.009    
  2458641.38913   12.499   0.009    
  2458641.63266   12.464   0.011    
  2458641.63393   12.514   0.011    
  2458641.63521   12.52    0.011    
  2458642.35025   12.513   0.01     
  2458642.35147   12.51    0.01     
  2458642.35268   99.99    99.99    
  2458642.64052   12.527   0.01     
  2458642.64178   12.509   0.01     
  2458642.64305   12.531   0.01     
  2458643.46768   99.99    99.99    
  2458643.46888   99.99    99.99    
  2458643.47011   12.499   0.01     
  2458643.74051   12.53    0.01     
  2458643.74177   12.517   0.01     
  2458643.74305   12.502   0.01     
  2458644.46596   12.537   0.01     
  2458644.46727   12.53    0.011    
  2458644.46855   12.465   0.01     
  2458644.73786   12.521   0.01     
  2458644.73908   12.52    0.01     
  2458644.7403    12.523   0.01     
  2458648.41158   12.498   0.011    
  2458648.41279   12.492   0.011    
  2458648.41401   12.53    0.011    
  2458648.66241   12.51    0.012    
  2458648.66363   12.529   0.012    
  2458648.66484   12.484   0.011    
  2458649.19683   12.52    0.014    
  2458649.19806   12.513   0.013    
  2458649.19928   12.518   0.012    
  2458649.43767   12.521   0.011    
  2458649.43889   12.51    0.012    
  2458649.44009   12.498   0.012    
  2458650.43158   12.522   0.013    
  2458650.43278   12.514   0.012    
  2458650.43402   12.494   0.012    
  2458650.67809   12.509   0.013    
  2458651.2082    12.513   0.013    
  2458651.20941   12.523   0.014    
  2458651.21063   12.517   0.015    
  2458651.48005   12.52    0.013    
  2458651.48128   12.506   0.013    
  2458651.4825    12.511   0.013    
  2458651.60388   12.552   0.015    
  2458651.60516   12.507   0.014    
  2458652.35637   12.483   0.014    
  2458652.35758   12.524   0.013    
  2458652.35881   12.498   0.012    
  2458652.46375   12.492   0.014    
  2458652.46497   12.524   0.015    
  2458652.4662    12.515   0.014    
  2458652.68348   12.505   0.013    
  2458652.68475   12.495   0.013    
  2458652.68603   12.499   0.013    
  2458653.2304    12.514   0.014    
  2458653.2316    12.499   0.015    
  2458653.23282   12.501   0.014    
  2458653.421     12.528   0.02     
  2458653.42222   12.514   0.017    
  2458653.42344   12.481   0.017    
  2458653.69088   12.503   0.013    
  2458653.6921    12.502   0.012    
  2458653.69331   12.516   0.012    
  2458654.67576   12.512   0.012    
  2458654.67704   12.51    0.012    
  2458654.67832   12.488   0.013    
  2458655.56235   12.481   0.012    
  2458655.56357   12.48    0.011    
  2458655.56479   12.512   0.014    
  2458656.5772    12.502   0.023    
  2458656.57843   12.517   0.021    
  2458656.57965   12.522   0.024    
  2458657.6263    12.484   0.01     
  2458657.62758   12.51    0.01     
  2458657.62885   12.525   0.01     
  2458658.52128   12.529   0.01     
  2458658.52255   12.54    0.01     
  2458658.52382   12.512   0.01     
  2458659.72956   12.479   0.011    
  2458659.73079   12.499   0.011    
  2458659.73202   12.478   0.011    
  2458660.73894   12.501   0.01     
  2458660.74017   12.492   0.011    
  2458660.74138   12.503   0.011    
  2458661.7344    12.549   0.024    
  2458661.73563   12.498   0.03     
  2458661.73685   12.612   0.043    
  2458667.57776   12.501   0.01     
  2458667.57898   12.507   0.01     
  2458667.5802    12.527   0.01     
  2458668.55493   12.5     0.01     
  2458668.55615   12.515   0.01     
  2458668.55737   12.536   0.011    
  2458669.57354   12.503   0.01     
  2458669.57476   12.519   0.01     
  2458669.57597   12.495   0.01     
  2458670.72428   12.536   0.012    
  2458670.72551   12.529   0.012    
  2458670.72673   12.558   0.013    
  2458674.71605   12.509   0.011    
  2458674.71731   12.502   0.01     
  2458674.7186    12.552   0.011    
  2458675.66563   12.525   0.011    
  2458675.66689   12.494   0.011    
  2458675.66817   12.505   0.011    
  2458675.71082   12.514   0.013    
  2458675.71203   12.524   0.015    
  2458675.71325   12.519   0.015    
  2458676.68579   12.521   0.011    
  2458676.687     12.513   0.012    
  2458676.68822   12.493   0.011    
  2458678.50371   12.507   0.011    
  2458678.50493   12.518   0.011    
  2458678.50614   12.511   0.012    
  2458679.38342   12.513   0.012    
  2458679.38462   12.511   0.013    
  2458679.70168   12.576   0.015    
  2458679.70295   12.552   0.014    
  2458679.70423   12.585   0.015    
  2458681.68638   12.535   0.015    
  2458681.68767   12.491   0.015    
  2458681.68892   12.492   0.015    
  2458682.69032   12.514   0.013    
  2458682.69154   12.523   0.013    
  2458682.69276   12.537   0.015    
  2458683.66895   12.502   0.012    
  2458683.67015   12.531   0.012    
  2458683.67136   12.504   0.011    
  2458684.55694   12.504   0.011    
  2458684.55816   12.476   0.011    
  2458684.55937   12.507   0.011    
  2458684.68291   12.507   0.011    
  2458684.68413   12.484   0.012    
  2458685.3847    12.525   0.01     
  2458685.38591   12.498   0.01     
  2458685.68217   12.496   0.034    
  2458685.68339   99.99    99.99    
  2458685.68461   99.99    99.99    
  2458686.35172   12.515   0.011    
  2458686.35307   12.505   0.011    
  2458686.35428   12.502   0.01     
  2458691.6661    12.529   0.01     
  2458691.66736   12.499   0.01     
  2458691.66863   12.489   0.01     
  2458692.60525   12.488   0.01     
  2458692.63916   12.505   0.01     
  2458692.64042   12.547   0.011    
  2458692.66195   12.522   0.013    
  2458692.66317   12.509   0.013    
  2458692.66438   12.504   0.011    
  2458693.65775   12.535   0.011    
  2458693.65895   12.52    0.011    
  2458693.66018   12.522   0.011    
  2458694.65663   12.514   0.01     
  2458694.6579    12.46    0.01     
  2458694.65916   12.475   0.01     
  2458695.65538   12.521   0.012    
  2458695.65661   12.527   0.012    
  2458695.65782   12.555   0.013    
  2458696.65325   12.455   0.053    
  2458696.65447   12.435   0.036    
  2458697.63866   12.53    0.011    
  2458697.63987   12.523   0.01     
  2458697.6411    12.536   0.012    
  2458698.59463   12.518   0.011    
  2458698.59585   12.517   0.011    
  2458698.59707   12.522   0.011    
  2458700.6427    12.525   0.01     
  2458700.64397   12.429   0.01     
  2458700.64524   12.477   0.01     
  2458701.63949   12.531   0.01     
  2458701.64076   12.51    0.01     
  2458701.64202   12.515   0.011    
  2458703.63267   99.99    99.99    
  2458703.63393   99.99    99.99    
  2458703.6352    99.99    99.99    
  2458704.62916   12.517   0.011    
  2458704.63042   12.474   0.011    
  2458704.63168   12.521   0.011    
  2458705.62885   12.508   0.012    
  2458705.63012   12.498   0.011    
  2458705.6314    12.483   0.011    
  2458706.61697   12.525   0.019    
  2458706.61819   12.536   0.026    
  2458706.6194    12.511   0.018    
  2458707.6074    12.534   0.012    
  2458707.60867   12.524   0.013    
  2458708.61366   12.509   0.013    
  2458708.61488   12.521   0.012    
  2458708.61609   12.526   0.013    
  2458709.60869   12.371   0.022    
  2458709.60997   12.361   0.03     
  2458709.61123   12.563   0.034    
  2458710.3407    12.5     0.012    
  2458710.34192   12.535   0.013    
  2458710.34314   12.497   0.011    
  2458710.59525   12.545   0.016    
  2458710.59646   12.522   0.015    
  2458710.59768   12.528   0.016    
  2458711.29335   12.503   0.012    
  2458711.29455   12.479   0.012    
  2458711.29578   12.502   0.012    
  2458711.61229   12.695   0.028    
  2458711.61358   12.5     0.03     
  2458711.61486   12.476   0.026    
  2458712.25014   12.528   0.012    
  2458712.25135   12.504   0.012    
  2458712.25255   12.526   0.012    
  2458714.58204   12.452   0.029    
  2458714.58332   12.592   0.029    
  2458714.58459   12.589   0.028    
  2458715.58668   12.533   0.01     
  2458715.58791   12.518   0.01     
  2458715.58913   12.519   0.011    
  2458716.59638   12.465   0.01     
  2458716.59765   12.474   0.01     
  2458716.59892   12.467   0.01     
  2458717.58059   12.512   0.01     
  2458717.58181   12.516   0.01     
  2458717.58302   12.513   0.011    
  2458719.58659   12.517   0.012    
  2458719.58781   12.513   0.012    
  2458719.58902   12.53    0.012    
  2458720.56551   99.99    99.99    
  2458720.56805   99.99    99.99    
  2458720.58039   12.529   0.013    
  2458720.5816    12.503   0.013    
  2458720.58282   12.497   0.016    
  2458721.58415   12.535   0.011    
  2458721.58544   12.526   0.01     
  2458721.5867    12.527   0.01     
  2458722.56773   12.518   0.011    
  2458722.56895   12.53    0.011    
  2458722.57017   12.524   0.011    
  2458723.57633   12.525   0.011    
  2458723.5776    12.525   0.01     
  2458723.57887   12.526   0.01     
  2458724.31788   12.512   0.01     
  2458724.31908   99.99    99.99    
  2458724.32032   12.511   0.01     
  2458724.56655   12.516   0.011    
  2458724.56781   12.535   0.011    
  2458724.5693    12.485   0.01     
  2458725.55861   12.478   0.01     
  2458725.5599    12.464   0.01     
  2458725.56117   12.52    0.01     
  2458726.5566    12.514   0.01     
  2458726.55782   12.507   0.01     
  2458726.55905   12.52    0.01     
  2458727.54999   12.497   0.011    
  2458727.55121   12.522   0.011    
  2458727.55244   12.519   0.011    
  2458728.54619   12.525   0.011    
  2458728.54741   12.518   0.011    
  2458728.54862   12.521   0.01     
  2458729.54261   12.527   0.01     
  2458729.54389   12.541   0.01     
  2458729.54517   12.527   0.01     
  2458730.5459    12.5     0.011    
  2458730.54711   12.503   0.01     
  2458730.54833   12.506   0.011    
  2458731.55302   12.524   0.011    
  2458731.55428   12.538   0.011    
  2458731.55555   12.531   0.011    
  2458734.2869    12.515   0.012    
  2458734.28812   12.525   0.012    
  2458734.28934   12.538   0.012    
  2458734.54534   12.505   0.012    
  2458734.54656   12.503   0.012    
  2458734.5478    12.498   0.013    
  2458738.5179    12.506   0.012    
  2458738.51912   12.514   0.013    
  2458738.52034   12.511   0.012    
  2458739.51012   12.531   0.015    
  2458739.51134   12.543   0.014    
  2458739.51255   12.504   0.013    
  2458740.50419   12.496   0.013    
  2458740.50547   12.52    0.014    
  2458740.50674   12.506   0.014    
  2458741.536     12.516   0.014    
  2458741.53727   12.527   0.014    
  2458741.53855   12.537   0.013    
  2458742.4999    12.52    0.011    
  2458742.50113   12.51    0.01     
  2458742.50235   12.517   0.011    
  2458743.50109   12.526   0.01     
  2458743.50236   12.499   0.01     
  2458743.50364   12.514   0.01     
  2458744.49307   12.516   0.012    
  2458744.49429   12.517   0.012    
  2458744.49551   12.508   0.011    
  2458745.49343   12.54    0.012    
  2458745.49464   12.526   0.012    
  2458745.49585   12.52    0.012    
  2458746.47508   12.472   0.014    
  2458746.47635   12.506   0.013    
  2458746.47763   12.51    0.012    
  2458747.48654   12.534   0.011    
  2458747.48777   12.514   0.01     
  2458747.489     12.523   0.011    
  2458748.47962   12.509   0.011    
  2458748.48089   12.525   0.012    
  2458748.48216   12.517   0.011    
  2458749.48382   12.53    0.011    
  2458749.48508   12.51    0.011    
  2458749.48642   12.508   0.011    
  2458750.22882   12.549   0.014    
  2458750.48031   12.534   0.012    
  2458750.48158   12.497   0.011    
  2458750.48284   12.548   0.011    
  2458751.47676   12.525   0.016    
  2458751.47806   12.504   0.014    
  2458751.47932   12.488   0.012    
  2458755.4782    12.537   0.015    
  2458755.48065   12.55    0.015    
  2458875.84632   12.457   0.012    
  2458875.84761   12.478   0.01     
  2458875.84889   12.453   0.01     
  2458876.84958   12.533   0.012    
  2458876.8508    12.519   0.012    
  2458876.85203   12.513   0.012    
  2458878.85003   12.469   0.012    
  2458878.8513    12.507   0.012    
  2458879.85619   12.481   0.012    
  2458879.85746   12.438   0.011    
  2458880.85122   12.498   0.011    
  2458880.85246   12.501   0.012    
  2458880.85368   12.492   0.012    
  2458881.85781   12.505   0.011    
  2458881.85903   12.52    0.011    
  2458881.86024   12.505   0.011    
  2458882.85432   12.505   0.011    
  2458882.85559   12.463   0.01     
  2458882.85687   12.479   0.01     
  2458883.85407   12.475   0.011    
  2458883.85529   12.502   0.011    
  2458885.84119   12.448   0.011    
  2458885.84246   12.529   0.011    
  2458885.84373   12.544   0.012    
  2458887.86286   12.48    0.011    
  2458887.86408   12.495   0.012    
  2458887.86532   12.498   0.012    
  2458889.87288   12.486   0.012    
  2458889.8741    12.503   0.012    
  2458889.87532   12.502   0.012    
  2458890.86597   12.433   0.016    
  2458890.86726   12.58    0.015    
  2458890.86853   12.491   0.014    
  2458892.84698   12.639   0.046    
  2458892.84826   99.99    99.99    
  2458893.85107   12.507   0.012    
  2458893.85352   12.515   0.012    
  2458894.86856   12.528   0.013    
  2458894.86984   12.463   0.013    
  2458894.87112   12.434   0.013    
  2458898.75735   12.485   0.012    
  2458898.75857   12.499   0.012    
  2458898.75979   12.491   0.012    
  2458899.77053   12.487   0.01     
  2458899.7718    12.452   0.011    
  2458899.77308   12.486   0.01     
  2458900.77712   12.399   0.011    
  2458900.77839   12.378   0.01     
  2458901.78308   12.517   0.01     
  2458903.49071   12.469   0.01     
  2458903.49193   12.463   0.01     
  2458903.49315   12.488   0.01     
  2458903.82205   12.445   0.01     
  2458903.82333   12.438   0.01     
  2458903.82461   12.434   0.01     
  2458904.88387   12.455   0.01     
  2458904.88631   12.468   0.011    
  2458905.85097   12.468   0.011    
  2458905.85219   12.467   0.012    
  2458906.78198   12.256   0.009    
  2458906.78319   12.271   0.01     
  2458906.78441   12.269   0.01     
  2458907.73306   12.46    0.011    
  2458907.73435   12.455   0.011    
  2458909.72762   12.385   0.01     
  2458909.72889   12.422   0.01     
  2458909.73017   12.408   0.01     
  2458911.72357   12.263   0.01     
  2458911.72485   12.235   0.01     
  2458912.71733   12.449   0.011    
  2458912.71861   12.443   0.011    
  2458912.71989   12.408   0.011    
  2458913.74472   12.28    0.01     
  2458913.74595   12.283   0.011    
  2458913.74717   12.284   0.01     
  2458914.71493   12.338   0.024    
  2458914.71616   12.283   0.021    
  2458914.71738   12.253   0.021    
  2458915.70204   12.359   0.012    
  2458915.70326   12.35    0.012    
  2458915.70449   12.361   0.012    
  2458916.82795   12.091   0.012    
  2458916.82923   12.109   0.012    
  2458916.83051   12.116   0.012    
  2458918.72457   12.266   0.016    
  2458918.81451   12.354   0.016    
  2458918.81579   12.319   0.016    
  2458919.87619   12.179   0.01     
  2458919.87741   12.167   0.011    
  2458919.87863   12.167   0.011    
  2458920.69297   12.421   0.013    
  2458920.69425   12.4     0.013    
  2458920.69552   12.414   0.014    
  2458921.68653   11.985   0.009    
  2458921.68775   11.971   0.009    
  2458921.68897   11.989   0.009    
  2458922.82239   12.066   0.009    
  2458922.82362   12.083   0.009    
  2458922.82483   12.078   0.009    
  2458923.83538   12.401   0.011    
  2458923.8366    12.39    0.01     
  2458924.89086   12.34    0.01     
  2458924.89208   12.342   0.01     
  2458926.43169   12.299   0.009    
  2458926.43291   12.295   0.01     
  2458928.4387    12.44    0.01     
  2458928.43992   12.388   0.009    
  2458928.44114   12.404   0.01     
  2458929.43785   12.33    0.009    
  2458929.43907   12.333   0.009    
  2458929.44029   12.315   0.009    
  2458931.40892   12.401   0.01     
  2458931.41015   12.385   0.009    
  2458931.41136   12.384   0.009    
  2458980.63023   12.378   0.012    
  2458981.46788   12.475   0.014    
  2458981.46909   12.5     0.015    
  2458981.4703    12.466   0.014    
  2458984.27585   12.427   0.015    
  2458984.27709   12.339   0.01     
  2458984.27834   12.358   0.015    
  2458985.4495    99.99    99.99    
  2458985.45072   99.99    99.99    
  2458985.45195   12.438   0.01     
  2458989.36084   12.269   0.009    
  2458989.36207   12.256   0.009    
  2458989.36328   12.262   0.01     
  2459007.31247   12.428   0.013    
  2459007.31369   12.431   0.013    
  2459007.3149    12.443   0.013    
  2459014.45345   12.437   0.01     
  2459014.45469   12.42    0.01     
  2459014.45593   12.408   0.01     
  2459016.5354    12.476   0.011    
  2459016.53662   12.452   0.01     
  2459016.53784   12.464   0.01     
  2459019.32607   99.99    99.99    
  2459019.32732   99.99    99.99    
  2459019.32861   12.454   0.01     
  2459019.33739   99.99    99.99    
  2459019.33861   99.99    99.99    
  2459019.33984   12.465   0.011    
  2459024.26639   12.438   0.01     
  2459024.2676    12.439   0.01     
  2459024.26882   12.45    0.01     
  2459032.46654   12.447   0.013    
  2459032.46818   12.483   0.013    
  2459033.35384   12.447   0.013    
  2459033.35506   12.457   0.012    
  2459033.35628   12.442   0.012    
  2459047.37666   12.495   0.01     
  2459047.37788   99.99    99.99    
  2459047.37909   12.473   0.01     
  2459049.45145   12.522   0.013    
  2459049.4527    12.525   0.014    
  2459049.45393   12.55    0.015    
  2459055.2133    12.485   0.011    
  2459055.21452   12.497   0.011    
  2459055.21574   12.487   0.011    
  2459058.2256    12.484   0.011    
  2459058.22682   12.5     0.011    
  2459058.22804   12.478   0.011    
  2459061.30072   12.454   0.011    
  2459061.30194   12.472   0.011    
  2459061.30315   12.472   0.011    
  2459061.35664   12.5     0.011    
  2459061.35785   12.477   0.012    
  2459061.35906   12.484   0.011    
  2459065.40224   12.441   0.016    
  2459065.40351   12.489   0.016    
  2459065.40482   12.482   0.017    
  2459068.38587   12.507   0.011    
  2459068.38709   12.461   0.012    
  2459068.3883    12.483   0.012    
  2459072.38052   12.465   0.01     
  2459072.38173   99.99    99.99    
  2459072.383     12.438   0.011    
  2459081.35391   99.99    99.99    
  2459081.35515   99.99    99.99    
  2459081.35636   99.99    99.99    
  2459088.3054    12.49    0.012    
  2459088.30661   12.49    0.012    
  2459088.30792   12.479   0.012    
  2459097.29003   12.492   0.012    
  2459097.29177   12.5     0.012    
  2459097.29315   12.507   0.012    
  2459102.29991   12.507   0.012    
  2459102.30114   12.489   0.013    
  2459102.30236   12.492   0.014    
  2459107.27941   99.99    99.99    
  2459107.28063   99.99    99.99    
  2459112.26995   12.478   0.012    
  2459112.27116   12.461   0.012    
  2459112.27238   12.49    0.012    
  2459115.25612   12.52    0.012    
  2459115.25732   12.492   0.011    
  2459115.25854   12.524   0.011    
  2459126.22742   12.49    0.015    
  2459126.22865   12.492   0.015    
  2459126.22987   12.495   0.013    
  2459215.85028   12.453   0.014    
  2459215.8515    12.488   0.015    
  2459215.85273   12.482   0.014    
  2459217.86147   12.493   0.015    
  2459217.86271   12.469   0.016    
  2459217.86394   12.478   0.016    
  2459219.84386   12.476   0.011    
  2459219.84515   12.515   0.011    
  2459219.84648   12.509   0.012    
  2459221.85806   12.503   0.013    
  2459221.85929   12.486   0.013    
  2459221.86052   12.496   0.013    
  2459226.83324   12.48    0.011    
  2459226.83448   12.489   0.011    
  2459226.83571   12.462   0.01     
  2459229.57528   99.99    99.99    
  2459229.5765    12.487   0.01     
  2459229.60879   12.455   0.012    
  2459229.61003   12.478   0.013    
  2459229.61126   12.472   0.013    
  2459231.81697   12.488   0.011    
  2459231.81829   12.476   0.011    
  2459231.81958   12.483   0.01     
  2459234.82188   12.486   0.01     
  2459234.82318   12.517   0.011    
  2459234.82447   12.499   0.011    
  2459236.82386   12.486   0.011    
  2459236.8251    12.495   0.011    
  2459236.82634   12.506   0.011    
  2459237.82702   12.494   0.01     
  2459237.82834   12.466   0.01     
  2459237.82965   12.469   0.01     
  2459240.86271   12.517   0.01     
  2459240.86401   12.509   0.011    
  2459240.8653    12.507   0.011    
  2459241.60816   99.99    99.99    
  2459241.60939   12.507   0.011    
  2459241.61062   12.497   0.012    
  2459242.79743   12.488   0.015    
  2459242.79867   12.486   0.014    
  2459242.79991   12.491   0.014    
  2459244.55432   12.507   0.013    
  2459244.55554   12.494   0.012    
  2459244.55679   12.482   0.013    
  2459245.79027   12.468   0.012    
  2459245.79151   12.481   0.012    
  2459245.79275   12.455   0.013    
  2459247.79808   12.508   0.012    
  2459247.79938   12.524   0.012    
  2459247.80068   12.484   0.012    
  2459247.82978   12.457   0.012    
  2459247.83108   12.524   0.012    
  2459247.83236   12.482   0.011    
  2459248.80237   12.465   0.011    
  2459248.8036    12.452   0.012    
  2459248.80483   12.478   0.012    
  2459249.83578   12.497   0.011    
  2459249.83707   12.513   0.011    
  2459250.87706   12.485   0.012    
  2459250.8783    12.494   0.012    
  2459250.87952   12.487   0.012    
  2459251.54469   99.99    99.99    
  2459251.54592   99.99    99.99    
  2459251.54714   99.99    99.99    
  2459254.51597   12.507   0.011    
  2459254.5172    12.483   0.01     
  2459254.51843   12.498   0.01     
  2459255.76066   12.476   0.011    
  2459255.76196   12.481   0.01     
  2459255.76325   12.503   0.011    
  2459256.77847   12.487   0.011    
  2459256.7797    12.491   0.011    
  2459256.78092   12.475   0.011    
  2459256.78251   12.493   0.01     
  2459256.78381   12.528   0.011    
  2459256.7851    12.499   0.011    
  2459257.81242   12.505   0.01     
  2459257.81373   12.503   0.01     
  2459257.81503   12.503   0.01     
  2459258.75855   12.473   0.011    
  2459258.75979   12.468   0.011    
  2459258.76104   12.47    0.011    
  2459262.74495   12.466   0.012    
  2459262.74619   12.467   0.011    
  2459262.74742   12.448   0.011    
  2459263.73599   12.487   0.011    
  2459263.73723   12.479   0.011    
  2459263.73846   12.473   0.011    
  2459264.73716   12.488   0.01     
  2459264.73847   12.506   0.011    
  2459264.73977   12.499   0.011    
  2459266.49572   12.499   0.011    
  2459266.49695   12.498   0.011    
  2459266.49818   12.486   0.01     
  2459268.47897   12.47    0.011    
  2459268.48021   12.526   0.011    
  2459268.48145   12.509   0.011    
  2459269.72124   12.455   0.012    
  2459269.72253   12.472   0.012    
  2459269.72383   12.488   0.012    
  2459270.72688   12.474   0.013    
  2459270.72811   12.486   0.014    
  2459270.72934   12.505   0.014    
  2459271.73229   12.454   0.015    
  2459271.73352   12.45    0.016    
  2459271.73475   12.445   0.018    
  2459272.70969   12.525   0.016    
  2459272.711     12.504   0.016    
  2459272.71231   12.523   0.015    
  2459272.73034   12.452   0.014    
  2459272.73156   12.489   0.016    
  2459272.73281   12.457   0.015    
  2459273.71772   12.474   0.014    
  2459273.71894   12.488   0.015    
  2459273.72019   12.474   0.013    
  2459275.69365   12.483   0.014    
  2459275.69489   12.477   0.013    
  2459275.69612   12.503   0.014    
  2459276.68746   12.473   0.013    
  2459276.6887    12.474   0.014    
  2459276.68993   12.483   0.013    
  2459276.79269   12.497   0.012    
  2459276.79392   12.494   0.012    
  2459276.79514   12.473   0.012    
  2459277.76798   12.452   0.012    
  2459277.76921   12.46    0.012    
  2459277.77044   12.472   0.012    
  2459278.80874   12.493   0.012    
  2459278.80998   12.492   0.012    
  2459278.81121   12.487   0.012    
  2459279.78511   12.474   0.012    
  2459279.78634   12.48    0.012    
  2459279.78757   12.464   0.011    
  2459280.79385   12.495   0.011    
  2459280.79508   12.487   0.011    
  2459280.79631   12.49    0.011    
  2459280.80514   12.499   0.012    
  2459280.80637   12.485   0.011    
  2459280.80762   12.494   0.011    
  2459282.67373   12.479   0.011    
  2459282.67503   12.5     0.011    
  2459282.67632   12.457   0.01     
  2459283.83784   12.489   0.011    
  2459283.83914   12.486   0.011    
  2459283.84044   12.447   0.015    
  2459285.70566   12.46    0.011    
  2459285.70696   12.498   0.01     
  2459285.70827   12.494   0.01     
  2459285.73172   12.468   0.011    
  2459285.73296   12.46    0.012    
  2459285.73417   12.456   0.012    
  2459286.77153   12.465   0.012    
  2459286.77277   12.439   0.011    
  2459286.77398   12.47    0.012    
  2459288.6987    12.472   0.012    
  2459288.69993   12.484   0.012    
  2459288.70117   12.474   0.012    
  2459291.44139   12.501   0.01     
  2459291.44262   12.485   0.011    
  2459291.44385   12.484   0.01     
  2459291.477     12.474   0.01     
  2459291.47824   12.484   0.01     
  2459291.47946   12.497   0.011    
  2459293.65744   12.482   0.011    
  2459293.65875   12.518   0.012    
  2459293.66006   12.492   0.012    
  2459294.66467   12.482   0.011    
  2459294.66597   12.48    0.011    
  2459294.66646   12.478   0.011    
  2459294.66725   12.517   0.011    
  2459294.66769   12.484   0.011    
  2459294.66892   12.495   0.011    
  2459296.64042   12.472   0.012    
  2459296.64164   12.48    0.012    
  2459296.64287   12.492   0.012    
  2459297.69155   12.487   0.012    
  2459297.69277   12.477   0.011    
  2459297.694     12.49    0.012    
  2459297.71783   12.475   0.012    
  2459297.71906   12.496   0.012    
  2459297.72029   12.475   0.011    
  2459298.69727   12.469   0.012    
  2459298.6985    12.489   0.012    
  2459298.69973   12.487   0.012    
  2459298.70095   12.47    0.012    
  2459298.70219   12.488   0.012    
  2459298.70342   12.485   0.012    
  2459299.65381   12.483   0.013    
  2459299.65505   12.484   0.013    
  2459299.65627   12.469   0.013    
  2459299.66884   12.495   0.013    
  2459299.67013   12.493   0.012    
  2459299.67146   12.492   0.013    
  2459300.70678   12.475   0.013    
  2459300.71003   12.471   0.013    
  2459300.71125   12.463   0.013    
  2459301.73206   12.493   0.014    
  2459301.73336   12.462   0.012    
  2459301.73467   12.479   0.013    
  2459301.76786   12.473   0.013    
  2459301.76916   12.494   0.013    
  2459301.77047   12.493   0.013    
  2459303.67045   12.495   0.015    
  2459303.67168   12.498   0.015    
  2459303.67291   12.487   0.013    
  2459305.44153   12.482   0.013    
  2459305.44276   12.492   0.012    
  2459305.444     12.5     0.012    
  2459305.46397   12.492   0.021    
  2459305.46521   12.463   0.019    
  2459305.46645   12.486   0.02     
  2459306.68854   12.53    0.012    
  2459306.68984   12.538   0.012    
  2459306.69114   12.482   0.011    
  2459307.80331   99.99    99.99    
  2459307.80454   99.99    99.99    
  2459307.80577   99.99    99.99    
  2459308.50725   12.475   0.011    
  2459308.50846   12.486   0.011    
  2459308.50967   12.476   0.011    
  2459311.64457   12.504   0.011    
  2459311.64579   12.488   0.01     
  2459311.64702   12.518   0.01     
  2459312.90411   12.487   0.011    
  2459312.9054    12.491   0.011    
  2459312.90669   12.485   0.01     
  2459313.81337   12.499   0.011    
  2459313.81461   12.503   0.011    
  2459313.81583   12.503   0.011    
  2459313.85158   12.482   0.011    
  2459313.85286   12.518   0.011    
  2459313.85413   12.508   0.011    
  2459314.89089   12.514   0.011    
  2459314.89216   12.471   0.011    
  2459314.89345   12.488   0.01     
  2459317.4868    12.447   0.011    
  2459317.5914    12.48    0.011    
  2459317.59263   12.47    0.011    
  2459317.59386   12.465   0.011    
  2459318.66      12.463   0.01     
  2459318.66128   12.474   0.01     
  2459318.66257   12.484   0.01     
  2459319.65986   12.488   0.011    
  2459319.66108   12.512   0.011    
  2459319.66232   12.464   0.011    
  2459320.63661   12.479   0.011    
  2459320.63786   12.481   0.011    
  2459320.63909   12.482   0.011    
  2459320.65804   12.506   0.01     
  2459320.6593    12.505   0.01     
  2459320.66057   12.466   0.01     
  2459321.60838   12.448   0.01     
  2459321.60965   12.502   0.011    
  2459321.61093   12.477   0.011    
  2459321.66061   12.503   0.012    
  2459321.66187   12.496   0.012    
  2459321.6631    12.49    0.012    
  2459322.61462   12.476   0.011    
  2459322.61585   12.493   0.011    
  2459322.61708   12.474   0.011    
  2459324.57647   12.494   0.011    
  2459324.57776   12.524   0.012    
  2459324.57903   12.496   0.011    
  2459325.57405   12.466   0.013    
  2459325.5753    12.46    0.013    
  2459326.69262   12.483   0.016    
  2459326.69385   12.481   0.014    
  2459327.57714   12.489   0.022    
  2459327.57837   12.488   0.026    
  2459327.5796    12.354   0.02     
  2459328.41503   12.486   0.011    
  2459328.41628   12.499   0.011    
  2459328.4175    12.489   0.012    
  2459329.56729   12.505   0.013    
  2459329.56856   12.518   0.014    
  2459329.56984   12.494   0.013    
  2459331.62979   12.483   0.015    
  2459331.63102   12.499   0.016    
  2459331.63225   12.494   0.017    
  2459331.71012   12.485   0.014    
  2459331.71136   12.515   0.015    
  2459331.71258   12.506   0.015    
  2459333.87845   12.497   0.015    
  2459333.87968   12.492   0.015    
  2459333.88092   12.505   0.014    
  2459336.53958   12.492   0.012    
  2459336.54088   12.505   0.012    
  2459336.54217   12.506   0.012    
