2455377.74968	16.213	0.01
2455378.6398	16.195999999999998	0.009000000000000001
2455378.88022	16.213	0.01
2455379.78504	16.211	0.01
2455380.65857	16.19	0.009000000000000001
2455381.52868	16.207	0.013000000000000001
2455381.74249	16.212	0.012
2455382.61751	16.209	0.013000000000000001
2455382.8256	16.214000000000002	0.012
2455385.8275200003	16.215999999999998	0.009000000000000001
2455386.53603	16.195	0.009000000000000001
2455386.61834	16.215999999999998	0.009000000000000001
2455386.70274	16.203	0.009000000000000001
2455386.84209	16.21	0.009000000000000001
2455387.8272599997	16.221	0.01
2455388.78167	16.212	0.01
2455389.69247	16.189	0.009000000000000001
2455390.66257	16.203	0.01
2455391.52134	16.209	0.01
2455391.8497099997	16.22	0.01
2455392.78976	16.203	0.009000000000000001
2455393.76602	16.219	0.012
2455396.67972	16.198	0.009000000000000001
2455396.7143	16.215	0.01
2455402.5216	16.21	0.022000000000000002
2455403.49812	16.214000000000002	0.009000000000000001
2455403.69066	16.213	0.01
2455404.56154	16.198	0.009000000000000001
2455404.7605	16.211	0.01
2455405.7741400003	16.19	0.01
2455407.6305400003	16.211	0.012
2455408.54891	16.211	0.012
2455408.75096	16.206	0.012
2455409.7530400003	16.211	0.009000000000000001
2455410.7574400003	16.206	0.01
2455411.77038	16.207	0.01
2455412.69019	16.218	0.01
2455413.76222	16.214000000000002	0.01
2455416.6071200003	16.209	0.012
2455418.6708400003	16.201	0.009000000000000001
2455421.6866099997	16.208	0.01
2455423.50429	16.211	0.009000000000000001
2455426.5312200002	16.199	0.012
2455430.6011900003	16.215999999999998	0.01
2455431.5959799998	16.198	0.009000000000000001
2455432.5601	16.211	0.013000000000000001
2455434.5671200003	16.219	0.01
2455435.53728	16.197	0.01
2455436.59998	16.204	0.01
2455438.5927	16.21	0.01
2455439.63343	16.208	0.01
2455443.65222	16.203	0.009000000000000001
2455444.67342	16.215999999999998	0.01
2455446.56342	16.194000000000003	0.009000000000000001
2455447.57242	16.201	0.009000000000000001
2455449.50532	16.168	0.01
2455450.58907	16.213	0.01
2455453.5449	16.212	0.013000000000000001
2455457.61682	16.211	0.009000000000000001
2455459.50858	16.204	0.01
2455460.5281700003	16.205	0.01
2455461.5547	16.204	0.015
2455462.61107	16.21	0.01
2455465.54225	16.223	0.012
2455469.54226	16.198	0.009000000000000001
2455471.57787	16.212	0.01
2455473.50581	16.215	0.012
2455478.49822	16.202	0.01
2455480.5501099997	16.223	0.012
2455485.5520099998	16.21	0.012
2455487.53538	16.197	0.01
2455489.5359099996	16.197	0.012
2455493.5225400003	16.208	0.015
2455497.53332	16.198	0.01
2455598.87422	16.205	0.01
2455599.86435	16.205	0.01
2455600.86082	16.212	0.009000000000000001
2455620.86993	16.201	0.009000000000000001
2455622.9029200003	16.208	0.01
2455625.83666	16.212	0.009000000000000001
2455627.82995	16.214000000000002	0.009000000000000001
2455629.84039	16.215	0.009000000000000001
2455631.86871	16.192	0.009000000000000001
2455633.8237900003	16.201	0.009000000000000001
2455634.81755	16.194000000000003	0.01
2455637.85461	16.215999999999998	0.009000000000000001
2455639.82202	16.207	0.01
2455641.7610299997	16.222	0.012
2455643.77591	16.204	0.009000000000000001
2455648.77914	16.195	0.009000000000000001
2455649.91675	16.207	0.009000000000000001
2455651.88495	16.206	0.009000000000000001
2455654.82027	16.211	0.009000000000000001
2455656.79091	16.198	0.009000000000000001
2455658.7783	16.213	0.01
2455659.8341200002	16.215999999999998	0.009000000000000001
2455662.74545	16.206	0.01
2455664.81842	16.202	0.009000000000000001
2455667.75001	16.197	0.01
2455669.84106	16.208	0.009000000000000001
2455675.78808	16.197	0.009000000000000001
2455677.75117	16.195	0.009000000000000001
2455680.66158	16.203	0.01
2455681.83206	16.212	0.009000000000000001
2455683.79369	16.205	0.009000000000000001
2455685.78355	16.209	0.008
2455687.68943	16.212	0.01
2455690.69526	16.198	0.009000000000000001
2455691.91255	16.225	0.009000000000000001
2455693.73255	16.208	0.009000000000000001
2455694.82912	16.191	0.009000000000000001
2455696.60457	16.213	0.012
2455697.71342	16.201	0.009000000000000001
2455698.79203	16.192	0.01
2455705.836	16.21	0.009000000000000001
2455707.75205	16.195999999999998	0.009000000000000001
2455708.8355900003	16.217	0.01
2455712.83342	16.201	0.009000000000000001
2455715.71694	16.202	0.009000000000000001
2455716.8832400003	16.214000000000002	0.009000000000000001
2455722.73173	16.205	0.009000000000000001
2455722.74522	16.218	0.009000000000000001
2455723.87071	16.217	0.01
2455725.76774	16.189	0.009000000000000001
2455735.6527299997	16.22	0.01
2455736.75017	16.207	0.009000000000000001
2455737.80868	16.2	0.009000000000000001
2455739.6243	16.21	0.01
2455740.7286400003	16.205	0.009000000000000001
2455741.77477	16.197	0.009000000000000001
2455742.7847599997	16.199	0.008
2455744.50272	16.211	0.013000000000000001
2455745.57706	16.22	0.012
2455746.7570700003	16.202	0.009000000000000001
2455749.51757	16.191	0.012
2455752.65597	16.226	0.01
2455760.80373	16.205	0.009000000000000001
2455762.57995	16.208	0.009000000000000001
2455763.72605	16.2	0.009000000000000001
2455765.49973	16.197	0.009000000000000001
2455766.64219	16.199	0.008
2455767.79811	16.22	0.012
2455769.58363	16.217	0.01
2455776.6107099997	16.206	0.012
2455778.5792099996	16.233	0.01
2455785.61471	16.213	0.01
2455787.58176	16.21	0.009000000000000001
2455790.47789	16.217	0.01
2455793.5993	16.213	0.01
2455795.63303	16.197	0.01
2455801.6011200002	16.217	0.012
2455804.66384	16.215	0.012
2455812.50189	16.19	0.013000000000000001
2455815.53486	16.215999999999998	0.009000000000000001
2455817.6189900003	16.219	0.01
2455820.51345	16.218	0.012
2455822.62012	16.21	0.01
2455823.48795	16.225	0.013000000000000001
2455824.48855	16.203	0.012
2455825.49235	16.21	0.01
2455826.48595	16.223	0.012
2455827.60676	16.209	0.01
2455829.57567	16.215	0.009000000000000001
2455831.58564	16.2	0.009000000000000001
2455833.59449	16.202	0.009000000000000001
2455836.58685	16.208	0.01
2455840.61476	16.204	0.012
2455842.58047	16.219	0.012
2455844.58634	16.24	0.013000000000000001
2455850.52092	16.215999999999998	0.01
2455852.56905	16.226	0.013000000000000001
2455858.51755	16.189	0.013000000000000001
2455978.83946	16.227	0.009000000000000001
2455983.85047	16.208	0.009000000000000001
2455986.84755	16.215999999999998	0.009000000000000001
2455989.8328	16.217	0.009000000000000001
2455991.8943	16.197	0.008
2455994.83523	16.208	0.009000000000000001
2455996.8422	16.204	0.009000000000000001
2455998.86454	16.208	0.008
2456004.76105	16.217	0.01
2456005.91202	16.2	0.008
2456007.87988	16.198	0.008
2456009.81405	16.194000000000003	0.008
2456010.92041	16.202	0.012
2456012.87299	16.209	0.008
2456014.78493	16.211	0.008
2456015.89126	16.195	0.008
2456017.79624	16.191	0.008
2456018.91649	16.208	0.008
2456020.76948	16.197	0.008
2456021.82988	16.213	0.008
2456022.90375	16.215	0.008
2456025.73119	16.212	0.01
2456031.85109	16.203	0.008
2456033.8172	16.207	0.009000000000000001
2456036.75985	16.201	0.008
2456038.80357	16.213	0.008
2456040.88572	16.222	0.009000000000000001
2456047.78766	16.2	0.008
2456049.75023	16.194000000000003	0.008
2456050.9133200003	16.197	0.009000000000000001
2456053.67525	16.192	0.01
2456058.69434	16.180999999999997	0.009000000000000001
2456059.68677	16.202	0.009000000000000001
2456061.84171	16.194000000000003	0.008
2456063.7797	16.215999999999998	0.01
2456065.65092	16.194000000000003	0.009000000000000001
2456066.8490400002	16.206	0.008
2456067.90692	16.202	0.008
2456069.7349	16.217	0.008
2456070.81933	16.204	0.008
2456071.87597	16.204	0.009000000000000001
2456076.6293900004	16.208	0.009000000000000001
2456077.8634599997	16.215	0.008
2456079.5638900003	16.194000000000003	0.009000000000000001
2456080.6114	16.195999999999998	0.01
2456081.64635	16.214000000000002	0.009000000000000001
2456082.72767	16.217	0.012
2456085.84015	16.21	0.01
2456086.85997	16.205	0.009000000000000001
2456089.63198	16.213	0.008
2456092.89858	16.203	0.01
2456094.65718	16.215999999999998	0.009000000000000001
2456096.79058	16.205	0.009000000000000001
2456098.60065	16.186	0.009000000000000001
2456100.53137	16.211	0.01
2456101.57858	16.206	0.009000000000000001
2456102.63851	16.2	0.009000000000000001
2456103.64986	16.202	0.008
2456104.72435	16.208	0.008
2456105.77709	16.21	0.01
2456108.85099	16.214000000000002	0.009000000000000001
2456109.73248	16.195	0.009000000000000001
2456113.80183	16.209	0.009000000000000001
2456115.51301	16.195999999999998	0.009000000000000001
2456116.65001	16.209	0.008
2456117.72262	16.205	0.009000000000000001
2456118.77397	16.201	0.008
2456119.78161	16.195999999999998	0.009000000000000001
2456121.54227	16.21	0.008
2456123.68055	16.212	0.009000000000000001
2456124.79403	16.22	0.009000000000000001
2456126.54685	16.215999999999998	0.009000000000000001
2456128.55871	16.187	0.008
2456132.65873	16.203	0.009000000000000001
2456134.61198	16.223	0.01
2456136.65808	16.21	0.01
2456141.5484599997	16.227999999999998	0.01
2456150.52632	16.207	0.01
2456152.5531	16.213	0.01
2456159.61876	16.214000000000002	0.009000000000000001
2456161.65287	16.225	0.009000000000000001
2456161.66714	16.194000000000003	0.009000000000000001
2456179.6445	16.215	0.01
2456182.57112	16.227	0.009000000000000001
2456191.57284	16.204	0.009000000000000001
2456196.56167	16.187	0.009000000000000001
2456204.5525	16.204	0.009000000000000001
2456211.535	16.202	0.009000000000000001
2456213.58076	16.209	0.01
2456218.56439	16.208	0.012
2456221.51762	16.214000000000002	0.016
2456234.51302	16.209	0.01
2456239.51957	16.238	0.012
2456341.88447	16.21	0.01
2456347.8601599997	16.204	0.008
2456350.90268	16.215	0.012
2456354.86183	16.215999999999998	0.008
2456362.80823	16.204	0.009000000000000001
2456368.7840299997	16.229	0.009000000000000001
2456370.79785	16.222	0.008
2456373.76317	16.215999999999998	0.009000000000000001
2456374.8901	16.217	0.008
2456376.8478599996	16.207	0.008
2456378.7930799997	16.192	0.008
2456379.91238	16.192	0.008
2456381.87633	16.221	0.008
2456386.8143599997	16.207	0.008
2456387.90077	16.208	0.009000000000000001
2456389.8191	16.19	0.008
2456390.89445	16.205	0.008
2456393.8881900003	16.204	0.009000000000000001
2456395.8928400003	16.207	0.008
2456397.86355	16.218	0.008
2456399.78795	16.21	0.008
2456401.82288	16.201	0.008
2456403.7376099997	16.205	0.008
2456407.8687400003	16.199	0.008
2456415.79318	16.212	0.01
2456417.70536	16.205	0.01
2456418.80318	16.195	0.008
2456420.65617	16.214000000000002	0.008
2456422.71451	16.21	0.008
2456424.6307200002	16.212	0.009000000000000001
2456426.84333	16.207	0.008
2456431.6165299998	16.212	0.01
2456432.73437	16.206	0.008
2456433.83785	16.215	0.006
2456435.67601	16.213	0.009000000000000001
2456436.75732	16.221	0.008
2456441.72932	16.208	0.009000000000000001
2456442.81182	16.197	0.008
2456444.9487799997	16.244	0.016
2456447.56918	16.205	0.009000000000000001
2456448.59981	16.191	0.008
2456449.64247	16.229	0.009000000000000001
2456450.69876	16.2	0.008
2456451.77005	16.192	0.008
2456452.87879	16.221	0.008
2456454.91916	16.211	0.009000000000000001
2456456.80552	16.198	0.008
2456458.65872	16.191	0.008
2456459.73339	16.19	0.006
2456461.60029	16.203	0.009000000000000001
2456462.87545	16.2	0.009000000000000001
2456464.57608	16.2	0.01
2456469.84597	16.197	0.012
2456473.63669	16.215	0.008
2456474.72433	16.207	0.01
2456475.80567	16.225	0.009000000000000001
2456477.4947200003	16.212	0.01
2456478.61538	16.199	0.008
2456480.69501	16.206	0.009000000000000001
2456481.83078	16.214000000000002	0.01
2456485.70623	16.204	0.008
2456486.81706	16.19	0.008
2456490.69966	16.192999999999998	0.008
2456492.4893	16.198	0.012
2456498.6389900004	16.207	0.008
2456500.73581	16.227999999999998	0.01
2456505.56727	16.211	0.009000000000000001
2456507.72671	16.237000000000002	0.012
2456509.6565900003	16.202	0.006
2456511.57424	16.221	0.009000000000000001
2456515.54857	16.209	0.008
2456518.66565	16.223	0.008
2456523.62076	16.205	0.009000000000000001
2456525.66173	16.206	0.012
2456531.63356	16.207	0.009000000000000001
2456534.6016599997	16.202	0.008
2456539.56825	16.23	0.008
2456544.60586	16.215	0.008
2456551.57943	16.218	0.012
2456560.49051	16.219	0.009000000000000001
2456563.59613	16.212	0.009000000000000001
2456567.54097	16.212	0.01
2456569.60813	16.222	0.009000000000000001
2456572.5987400003	16.211	0.009000000000000001
2456577.51865	16.197	0.012
2456581.56842	16.23	0.012
2456584.56079	16.221	0.012
2456701.89395	16.213	0.009000000000000001
2456709.83611	16.199	0.01
2456711.86197	16.187	0.008
2456715.81515	16.203	0.008
2456717.87362	16.218	0.009000000000000001
2456720.8404200003	16.195	0.008
2456722.866	16.195999999999998	0.008
2456724.88623	16.225	0.009000000000000001
2456726.88991	16.215999999999998	0.008
2456728.88027	16.192	0.008
2456730.8518	16.186	0.009000000000000001
2456732.91613	16.227	0.01
2456734.86082	16.217	0.008
2456736.79857	16.222	0.01
2456737.88808	16.211	0.008
2456742.84675	16.206	0.008
2456745.74386	16.208	0.008
2456746.85665	16.207	0.008
2456749.75536	16.204	0.009000000000000001
2456751.8445599996	16.219	0.006
2456754.8629	16.215	0.008
2456756.9066	16.222	0.008
2456759.6994	16.206	0.009000000000000001
2456760.88685	16.205	0.008
2456762.88034	16.205	0.006
2456764.8065299997	16.21	0.008
2456768.74572	16.188	0.008
2456769.87321	16.199	0.008
2456771.75479	16.215999999999998	0.008
2456772.91822	16.213	0.008
2456774.79493	16.222	0.01
2456776.7442	16.206	0.006
2456784.7106	16.202	0.009000000000000001
2456785.68734	16.201	0.008
2456786.6954900003	16.205	0.009000000000000001
2456789.63864	16.202	0.01
2456790.7130400003	16.21	0.01
2456791.77	16.195	0.009000000000000001
2456792.80786	16.194000000000003	0.009000000000000001
2456796.87188	16.2	0.009000000000000001
2456798.7763900002	16.22	0.013000000000000001
2456803.8226	16.205	0.006
2456804.84008	16.206	0.009000000000000001
2456805.88905	16.195	0.012
2456807.87346	16.212	0.01
2456808.89693	16.195999999999998	0.009000000000000001
2456810.5731900004	16.214000000000002	0.01
2456811.58691	16.203	0.01
2456813.6909	16.199	0.009000000000000001
2456814.80077	16.198	0.009000000000000001
2456815.8776700003	16.202	0.009000000000000001
2456817.60645	16.186	0.01
2456818.66651	16.207	0.012
2456819.8502700003	16.213	0.01
2456824.73052	16.202	0.009000000000000001
2456825.7527799997	16.194000000000003	0.009000000000000001
2456826.7632400002	16.197	0.009000000000000001
2456827.8320400002	16.205	0.009000000000000001
2456828.87481	16.199	0.01
2456829.85152	16.185	0.01
2456830.8824	16.2	0.009000000000000001
2456831.79644	16.207	0.009000000000000001
2456832.64774	16.195999999999998	0.009000000000000001
2456833.72402	16.199	0.01
2456834.72815	16.201	0.009000000000000001
2456835.78039	16.203	0.009000000000000001
2456836.8136	16.215999999999998	0.01
2456837.82474	16.214000000000002	0.009000000000000001
2456838.82545	16.211	0.01
2456839.83663	16.203	0.01
2456841.5967	16.199	0.009000000000000001
2456842.65033	16.192	0.009000000000000001
2456844.69502	16.195	0.009000000000000001
2456845.6672799997	16.192	0.009000000000000001
2456847.6397	16.199	0.009000000000000001
2456851.61635	16.207	0.01
2456852.69695	16.224	0.015
2456855.75215	16.208	0.009000000000000001
2456856.77881	16.206	0.009000000000000001
2456858.48803	16.134	0.008
2456859.67562	16.201	0.01
2456863.51917	16.188	0.008
2456864.61826	16.19	0.009000000000000001
2456870.71154	16.199	0.009000000000000001
2456873.58927	16.194000000000003	0.012
2456879.7461200003	16.179000000000002	0.013000000000000001
2456881.72449	16.171	0.012
2456883.58647	16.192	0.009000000000000001
2456886.53852	16.186	0.009000000000000001
2456887.70605	16.175	0.01
2456889.6408700002	16.167	0.009000000000000001
2456891.56726	16.166	0.009000000000000001
2456896.55496	16.169	0.009000000000000001
2456907.51737	16.159000000000002	0.009000000000000001
2456909.6159099997	16.168	0.012
2456915.52323	16.133	0.009000000000000001
2456921.63199	16.105	0.009000000000000001
2456924.59158	16.09	0.01
2456927.58701	16.086	0.009000000000000001
2456931.50448	16.058	0.009000000000000001
2456936.50756	16.005	0.009000000000000001
2456939.54582	15.987	0.01
2456944.5147700002	15.919	0.009000000000000001
2456951.49707	15.847999999999999	0.008
2456953.54699	15.838	0.009000000000000001
2456956.5310400003	15.823	0.009000000000000001
2457069.84732	16.221	0.01
2457071.87181	16.195	0.008
2457074.8955099997	16.197	0.012
2457075.8728	16.211	0.009000000000000001
2457077.85824	16.185	0.01
2457079.8259400004	16.199	0.01
2457082.81807	16.203	0.009000000000000001
2457083.85616	16.207	0.01
2457084.85269	16.185	0.01
2457087.80851	16.205	0.01
2457089.84064	16.211	0.009000000000000001
2457091.86433	16.203	0.009000000000000001
2457097.78198	16.203	0.009000000000000001
2457099.77635	16.192999999999998	0.009000000000000001
2457101.78991	16.205	0.013000000000000001
2457108.85992	16.222	0.009000000000000001
2457109.80944	16.218	0.009000000000000001
2457111.7513200003	16.205	0.009000000000000001
2457112.89904	16.2	0.008
2457114.76508	16.215	0.009000000000000001
2457116.75485	16.201	0.013000000000000001
2457118.7593400003	16.205	0.01
2457120.7647700002	16.201	0.009000000000000001
2457125.90832	16.215999999999998	0.009000000000000001
2457129.85989	16.195999999999998	0.008
2457131.74947	16.192999999999998	0.009000000000000001
2457133.87316	16.211	0.009000000000000001
2457135.72903	16.203	0.008
2457136.87393	16.205	0.009000000000000001
2457138.7005	16.205	0.009000000000000001
2457139.86412	16.203	0.009000000000000001
2457141.68976	16.209	0.009000000000000001
2457142.80424	16.195999999999998	0.008
2457143.93593	16.212	0.012
2457145.8746700003	16.212	0.009000000000000001
2457146.89633	16.199	0.009000000000000001
2457147.91824	16.206	0.009000000000000001
2457153.77643	16.205	0.008
2457154.89217	16.211	0.008
2457156.63858	16.199	0.008
2457157.90381	16.199	0.009000000000000001
2457159.64079	16.2	0.009000000000000001
2457160.70707	16.21	0.009000000000000001
2457161.8005	16.208	0.008
2457162.8476400003	16.21	0.009000000000000001
2457163.8997400003	16.225	0.01
2457166.6766	16.23	0.01
2457169.64949	16.19	0.008
2457170.68103	16.192	0.008
2457172.73734	16.207	0.009000000000000001
2457173.77988	16.192999999999998	0.009000000000000001
2457174.767	16.198	0.009000000000000001
2457175.83545	16.192999999999998	0.01
2457176.92227	16.189	0.01
2457178.7310099998	16.203	0.01
2457179.72709	16.203	0.009000000000000001
2457180.7205	16.202	0.009000000000000001
2457181.74481	16.208	0.009000000000000001
2457182.76588	16.219	0.009000000000000001
2457183.76957	16.213	0.01
2457184.80455	16.211	0.01
2457185.81122	16.214000000000002	0.009000000000000001
2457187.58396	16.208	0.009000000000000001
2457188.59809	16.21	0.009000000000000001
2457189.69735	16.215	0.009000000000000001
2457190.7606900004	16.217	0.009000000000000001
2457193.7215299997	16.2	0.008
2457194.79367	16.215	0.008
2457197.8827400003	16.204	0.012
2457199.51808	16.209	0.009000000000000001
2457200.49952	16.192	0.01
2457202.72815	16.209	0.01
2457206.76625	16.204	0.01
2457207.7831900003	16.199	0.012
2457211.5222	16.219	0.01
2457212.8072200003	16.226	0.009000000000000001
2457217.7535200003	16.194000000000003	0.009000000000000001
2457220.54515	16.199	0.009000000000000001
2457221.57633	16.204	0.009000000000000001
2457222.64909	16.191	0.009000000000000001
2457222.6694099996	16.208	0.009000000000000001
2457223.78094	16.194000000000003	0.01
2457225.53022	16.203	0.009000000000000001
2457226.7748	16.180999999999997	0.01
2457227.78702	16.203	0.01
2457229.51675	16.207	0.009000000000000001
2457235.7870099996	16.209	0.012
2457249.66565	16.206	0.01
2457253.4933700003	16.198	0.009000000000000001
2457256.51395	16.203	0.01
2457258.65962	16.186	0.01
2457263.6076	16.202	0.009000000000000001
2457265.5627	16.2	0.009000000000000001
2457268.5633799997	16.199	0.008
2457270.5424900004	16.199	0.008
2457273.5536599997	16.203	0.01
2457277.5975200003	16.22	0.01
2457283.59533	16.227999999999998	0.012
2457292.5984400003	16.187	0.013000000000000001
2457295.59933	16.195999999999998	0.01
2457300.56439	16.201	0.01
2457318.5002599997	16.192	0.01
2457324.51845	16.186	0.012
2457329.52513	16.198	0.012
2457439.83898	16.183	0.013000000000000001
2457442.825	16.211	0.01
2457446.82754	16.205	0.009000000000000001
2457448.8399799997	16.192999999999998	0.009000000000000001
2457452.8037799997	16.201	0.008
2457454.87793	16.208	0.009000000000000001
2457456.89712	16.199	0.009000000000000001
2457458.90398	16.201	0.009000000000000001
2457462.77233	16.21	0.009000000000000001
2457464.8481	16.212	0.008
2457467.82305	16.199	0.01
2457470.90843	16.208	0.009000000000000001
2457472.82842	16.203	0.009000000000000001
2457474.83951	16.202	0.009000000000000001
2457475.87514	16.194000000000003	0.01
2457476.78185	16.2	0.009000000000000001
2457480.81012	16.191	0.01
2457485.7477	16.19	0.009000000000000001
2457486.8542	16.198	0.009000000000000001
2457488.74964	16.214000000000002	0.009000000000000001
2457491.76177	16.191	0.01
2457492.8056900003	16.202	0.008
2457493.80303	16.209	0.008
2457494.7796099996	16.21	0.009000000000000001
2457495.7598200003	16.203	0.009000000000000001
2457497.90605	16.192999999999998	0.009000000000000001
2457498.91381	16.227	0.01
2457499.86792	16.187	0.01
2457500.80768	16.199	0.01
2457507.84762	16.195	0.008
2457508.8977	16.205	0.008
2457511.74412	16.2	0.008
2457523.91027	16.21	0.009000000000000001
2457526.9247	16.184	0.01
2457530.8051400003	16.21	0.01
2457534.91791	16.213	0.009000000000000001
2457545.64847	16.184	0.009000000000000001
2457546.77888	16.212	0.009000000000000001
2457547.7124400004	16.063	0.009000000000000001
2457548.93325	16.226	0.008
2457549.93651	16.2	0.012
2457550.91898	16.213	0.012
2457555.6629	16.219	0.009000000000000001
2457557.60321	16.215999999999998	0.01
2457561.77434	16.203	0.009000000000000001
2457566.6407	16.203	0.009000000000000001
2457567.56484	16.219	0.01
2457567.88415	16.213	0.01
2457569.57537	16.197	0.009000000000000001
2457573.71556	16.203	0.009000000000000001
2457576.7173099997	16.197	0.009000000000000001
2457583.77534	16.219	0.01
2457589.6913400004	16.203	0.009000000000000001
2457593.50395	16.2	0.009000000000000001
2457599.5863	16.198	0.01
2457602.56243	16.217	0.01
2457604.4900599997	16.201	0.01
2457605.73474	16.204	0.009000000000000001
2457608.68542	16.215999999999998	0.008
2457611.53706	16.206	0.009000000000000001
2457616.6826400002	16.207	0.01
2457619.56306	16.185	0.012
2457623.63443	16.221	0.009000000000000001
2457626.63859	16.198	0.009000000000000001
2457633.55667	16.206	0.012
2457637.6193	16.219	0.009000000000000001
2457647.5249099997	16.195999999999998	0.01
2457652.52911	16.215999999999998	0.009000000000000001
2457660.5863099997	16.180999999999997	0.01
2457671.53572	16.214000000000002	0.012
2457675.52695	16.201	0.01
2457682.5207	16.215999999999998	0.01
