2455377.7367700003	18.583	0.06
2455378.61122	18.495	0.043
2455378.86772	18.456	0.067
2455379.77245	18.594	0.053
2455380.6299799997	18.541	0.040999999999999995
2455380.8547900002	18.645	0.102
2455381.72981	18.607	0.08
2455382.60514	18.59	0.08
2455382.81245	18.574	0.08900000000000001
2455385.81507	18.598	0.05
2455386.5185700003	18.567999999999998	0.055
2455386.6006400003	18.576	0.046
2455386.68513	18.569000000000003	0.045
2455386.82937	18.585	0.055
2455387.81241	18.602999999999998	0.06
2455388.7689900002	18.555999999999997	0.06
2455389.65661	18.573	0.051
2455390.60255	18.474	0.05
2455391.5079200002	18.559	0.067
2455391.8374	18.599	0.068
2455392.77727	18.588	0.051
2455393.75341	18.595	0.075
2455396.6672	18.602999999999998	0.062
2455397.70541	18.644000000000002	0.079
2455403.48547	18.554000000000002	0.063
2455403.67807	18.682000000000002	0.077
2455404.54911	18.559	0.057999999999999996
2455404.74797	18.484	0.063
2455405.7617200003	18.570999999999998	0.068
2455407.61785	18.588	0.079
2455408.53643	18.58	0.08199999999999999
2455408.73847	18.459	0.08199999999999999
2455409.74054	18.604	0.057999999999999996
2455410.74422	18.567999999999998	0.063
2455411.75772	18.398	0.055
2455412.67767	18.612000000000002	0.062
2455413.7496	18.616	0.063
2455414.77264	18.589000000000002	0.057999999999999996
2455418.65277	18.522000000000002	0.048
2455421.67263	18.567999999999998	0.055999999999999994
2455423.4893099996	18.552	0.045
2455426.51829	18.619	0.087
2455430.5885099997	18.557000000000002	0.067
2455431.58351	18.551	0.055999999999999994
2455432.52944	18.683	0.109
2455434.55448	18.559	0.06
2455435.5214299997	18.565	0.06
2455436.54647	18.567	0.073
2455438.57912	18.558	0.063
2455439.62077	18.575	0.067
2455443.6349	18.527	0.057999999999999996
2455444.6606	18.621	0.07
2455446.54955	18.594	0.057999999999999996
2455447.55981	18.545	0.055999999999999994
2455449.49276	18.61	0.068
2455450.57114	18.618	0.07
2455453.53235	18.637	0.102
2455457.6042	18.645	0.077
2455459.49388	18.552	0.065
2455460.51443	18.474	0.062
2455461.54129	18.792	0.17800000000000002
2455462.5957400003	18.574	0.06
2455465.55454	18.538	0.091
2455467.57281	18.582	0.05
2455469.5361599997	18.562	0.045
2455470.55293	18.567	0.055
2455471.5592400003	18.543	0.053
2455472.51364	18.506	0.063
2455472.59565	18.646	0.067
2455473.55882	18.637	0.065
2455476.54721	18.532	0.07
2455478.52865	18.545	0.062
2455480.53298	18.594	0.067
2455481.5019400003	18.631	0.106
2455485.54894	18.590999999999998	0.079
2455486.53517	18.597	0.08900000000000001
2455487.51829	18.584	0.057999999999999996
2455488.50556	18.565	0.07
2455489.49174	18.578	0.10800000000000001
2455490.4918299997	18.518	0.13
2455490.54887	18.65	0.10800000000000001
2455493.51947	18.609	0.114
2455495.50881	18.593	0.063
2455497.50827	18.676	0.08199999999999999
2455499.51434	18.602999999999998	0.091
2455504.50424	18.671	0.109
2455598.88135	18.517	0.085
2455599.88888	18.632	0.13
2455600.87744	18.523	0.055999999999999994
2455616.90061	18.397000000000002	0.084
2455622.89988	18.688	0.063
2455625.83359	18.545	0.057999999999999996
2455627.82691	18.5	0.053
2455628.90966	18.581	0.091
2455629.83736	18.512	0.057999999999999996
2455631.8656900004	18.554000000000002	0.055999999999999994
2455633.82077	18.528	0.051
2455634.81455	18.581	0.065
2455637.8511200002	18.644000000000002	0.073
2455639.81746	18.602999999999998	0.07
2455639.89305	18.544	0.053
2455640.7919099997	18.552	0.08900000000000001
2455640.8779	18.548	0.057999999999999996
2455641.79698	18.590999999999998	0.068
2455642.76272	18.575	0.075
2455642.85727	18.559	0.057999999999999996
2455642.87857	18.538	0.06
2455643.78414	18.456	0.055999999999999994
2455643.8824	18.474	0.046
2455644.79164	18.495	0.096
2455644.90741	18.667	0.067
2455648.77455	18.503	0.057999999999999996
2455648.88246	18.506	0.046
2455649.77991	18.496	0.051
2455649.88639	18.548	0.039
2455650.77203	18.534000000000002	0.043
2455650.87868	18.575	0.046
2455651.7943	18.521	0.048
2455651.9128099997	18.54	0.040999999999999995
2455652.8369	18.519000000000002	0.036000000000000004
2455653.87975	18.62	0.048
2455653.8928400003	18.541	0.040999999999999995
2455654.8155	18.542	0.045
2455654.89854	18.555999999999997	0.046
2455655.80629	18.555	0.05
2455655.89155	18.498	0.040999999999999995
2455656.8424299997	18.514	0.038
2455657.80381	18.631	0.045
2455657.89076	18.547	0.038
2455658.79992	18.544	0.053
2455658.89723	18.598	0.055999999999999994
2455659.75138	18.492	0.045
2455659.82957	18.547	0.05
2455659.91994	18.515	0.046
2455660.80365	18.496	0.043
2455660.91842	18.583	0.063
2455662.79481	18.593	0.046
2455662.89663	18.54	0.048
2455664.75895	18.555	0.077
2455664.86099	18.561	0.053
2455665.74185	18.62	0.08199999999999999
2455665.8519900003	18.572	0.05
2455667.7222700003	18.572	0.055
2455667.9256700003	18.458	0.043
2455668.92805	18.493	0.08
2455669.9227	18.601	0.07200000000000001
2455670.8974599997	18.506	0.065
2455675.77393	18.512999999999998	0.055999999999999994
2455676.70055	18.563	0.033
2455676.87948	18.502	0.038
2455677.82864	18.589000000000002	0.053
2455679.7404400003	18.48	0.040999999999999995
2455679.92373	18.525	0.05
2455680.82665	18.593	0.048
2455681.71467	18.474	0.055
2455681.90157	18.58	0.051
2455682.79457	18.544	0.05
2455683.7696	18.579	0.046
2455684.68162	18.602999999999998	0.055999999999999994
2455684.89293	18.602999999999998	0.055
2455685.8599400003	18.542	0.038
2455686.76376	18.575	0.040999999999999995
2455687.65773	18.506	0.07
2455687.84815	18.593	0.045
2455689.77698	18.555	0.040999999999999995
2455690.76765	18.512999999999998	0.051
2455691.68964	18.489	0.048
2455691.88005	18.666	0.06
2455692.7817599997	18.553	0.048
2455692.94057	18.633	0.111
2455693.80613	18.559	0.043
2455694.62676	18.504	0.062
2455694.81446	18.574	0.046
2455695.63491	18.581	0.067
2455695.85427	18.529	0.040999999999999995
2455696.6611900004	18.395	0.053
2455696.84216	18.552	0.062
2455697.67672	18.524	0.055999999999999994
2455697.8443	18.545	0.055
2455698.68381	18.428	0.06
2455698.8437900003	18.537	0.06
2455703.78332	18.53	0.07200000000000001
2455705.8218900003	18.554000000000002	0.057999999999999996
2455706.7566400003	18.56	0.057999999999999996
2455707.65179	18.519000000000002	0.048
2455707.8172400002	18.614	0.05
2455708.62472	18.518	0.08
2455708.81955	18.611	0.073
2455709.66651	18.434	0.038
2455712.72352	18.575	0.048
2455712.92121	18.509	0.085
2455714.60145	18.578	0.07
2455714.61587	18.631	0.06
2455715.67345	18.549	0.046
2455715.84863	18.567	0.053
2455716.74544	18.577	0.045
2455716.9163	18.567999999999998	0.073
2455721.82014	18.583	0.06
2455722.6466200002	18.517	0.05
2455723.54772	18.543	0.08
2455723.72528	18.573	0.045
2455724.54451	18.566	0.102
2455724.77481	18.5	0.055999999999999994
2455725.6999	18.553	0.043
2455726.60211	18.547	0.068
2455726.77283	18.633	0.10099999999999999
2455734.75422	18.499000000000002	0.079
2455735.68093	18.547	0.055999999999999994
2455735.88356	18.778	0.102
2455736.6217900002	18.577	0.039
2455736.83572	18.55	0.046
2455737.63177	18.539	0.036000000000000004
2455737.8072099998	18.62	0.051
2455738.65893	18.538	0.039
2455739.49647	18.410999999999998	0.073
2455739.54396	18.552	0.063
2455739.6005	18.599	0.048
2455739.66405	18.588	0.040999999999999995
2455739.72946	18.55	0.045
2455739.80123	18.48	0.053
2455740.5181299997	18.509	0.07
2455740.65681	18.583	0.055
2455740.72715	18.438	0.051
2455740.7884400003	18.578	0.051
2455740.8667900003	18.555999999999997	0.084
2455741.49853	18.625	0.084
2455741.57253	18.611	0.057999999999999996
2455741.65792	18.512	0.046
2455741.7510599997	18.523	0.043
2455741.83715	18.58	0.053
2455742.5148400003	18.496	0.063
2455742.55786	18.548	0.057999999999999996
2455742.59304	18.562	0.055
2455742.6708400003	18.482	0.036000000000000004
2455742.77039	18.543	0.040999999999999995
2455743.64268	18.554000000000002	0.06
2455743.81965	18.506	0.055
2455744.57776	18.532	0.063
2455744.7963	18.518	0.048
2455745.57554	18.609	0.08
2455745.75289	18.534000000000002	0.051
2455746.59865	18.453	0.048
2455746.78055	18.527	0.055999999999999994
2455747.67857	18.523	0.073
2455748.6585	18.444000000000003	0.045
2455749.61855	18.518	0.046
2455749.78452	18.685	0.084
2455752.6921099997	18.675	0.07200000000000001
2455753.57412	18.546	0.091
2455759.8227	18.526	0.084
2455760.5751799997	18.587	0.08
2455760.76453	18.563	0.063
2455761.59373	18.498	0.040999999999999995
2455762.6200599996	18.532	0.055
2455763.49038	18.625	0.062
2455763.67685	18.618	0.055
2455764.50005	18.522000000000002	0.051
2455764.67033	18.575	0.045
2455765.54148	18.487000000000002	0.05
2455765.74127	18.627	0.068
2455766.6142	18.517	0.045
2455767.48712	18.535	0.063
2455767.6992	18.532	0.06
2455768.52952	18.537	0.05
2455768.72841	18.61	0.05
2455769.56726	18.554000000000002	0.048
2455769.77319	18.496	0.065
2455775.63934	18.567	0.065
2455776.72489	18.494	0.07
2455777.65868	18.527	0.045
2455778.56292	18.48	0.055999999999999994
2455779.69972	18.548	0.055999999999999994
2455785.52157	18.368	0.067
2455785.71268	18.651	0.09699999999999999
2455786.65911	18.544	0.06
2455787.4928	18.567	0.067
2455787.69218	18.632	0.068
2455788.61061	18.509	0.06
2455790.48921	18.483	0.06
2455790.67118	18.578	0.055
2455793.49266	18.559	0.063
2455793.67815	18.529	0.05
2455794.59212	18.545	0.055999999999999994
2455795.58761	18.634	0.08
2455796.56924	18.468	0.057999999999999996
2455798.68959	18.503	0.079
2455801.65352	18.574	0.063
2455803.53883	18.614	0.099
2455804.63597	18.489	0.055999999999999994
2455805.59762	18.549	0.048
2455807.55359	18.535	0.067
2455812.54069	18.656	0.09699999999999999
2455813.52319	18.558	0.07
2455815.48031	18.424	0.06
2455815.65521	18.616	0.057999999999999996
2455816.6285	18.456	0.079
2455817.63019	18.519000000000002	0.075
2455818.6129	18.561	0.08
2455819.62017	18.551	0.055
2455820.59678	18.612000000000002	0.07
2455822.55565	18.602999999999998	0.073
2455823.4849400003	18.506	0.087
2455823.57585	18.489	0.063
2455824.50005	18.605	0.068
2455824.59509	18.507	0.051
2455825.51462	18.519000000000002	0.065
2455825.6189099997	18.617	0.07
2455826.54439	18.581	0.063
2455827.48399	18.487000000000002	0.08900000000000001
2455827.56294	18.582	0.077
2455828.4837	18.464000000000002	0.065
2455828.57296	18.57	0.06
2455829.4989099996	18.522000000000002	0.062
2455829.58385	18.592	0.055999999999999994
2455830.52093	18.629	0.053
2455830.59705	18.675	0.075
2455831.56863	18.570999999999998	0.055999999999999994
2455832.51448	18.616	0.051
2455832.59369	18.605999999999998	0.08
2455833.5520200003	18.542	0.053
2455834.51164	18.577	0.048
2455834.58868	18.492	0.057999999999999996
2455836.48631	18.545	0.092
2455836.5602700002	18.593	0.084
2455839.5164099997	18.581	0.08
2455839.59003	18.524	0.106
2455840.55192	18.495	0.057999999999999996
2455841.48645	18.535999999999998	0.094
2455841.57051	18.544	0.077
2455842.52845	18.588	0.092
2455843.48645	18.615	0.094
2455843.5707	18.458	0.06
2455844.5150900004	18.455	0.057999999999999996
2455844.59361	18.515	0.102
2455845.55499	18.619	0.092
2455846.5182	18.617	0.10099999999999999
2455850.54192	18.545	0.055999999999999994
2455851.5052400003	18.595	0.063
2455852.53307	18.54	0.094
2455854.5257200003	18.54	0.068
2455855.5139	18.557000000000002	0.079
2455856.51291	18.684	0.113
2455857.5303700003	18.616	0.10800000000000001
2455859.5235099997	18.555999999999997	0.063
2455860.5366	18.56	0.07
2455862.50153	18.583	0.07
2455866.51688	18.739	0.142
2455867.52038	18.62	0.075
2455868.5213599997	18.616	0.126
2455869.51229	18.687	0.092
2455870.51796	18.637999999999998	0.075
2455971.86447	18.57	0.062
2455976.8826200003	18.523	0.053
2455977.88014	18.508	0.057999999999999996
2455978.89043	18.582	0.06
2455979.89498	18.491	0.085
2455982.8329	18.506	0.062
2455983.83608	18.410999999999998	0.062
2455984.83269	18.533	0.055
2455985.81819	18.587	0.077
2455985.89531	18.543	0.06
2455986.87129	18.646	0.055999999999999994
2455987.8477	18.604	0.057999999999999996
2455988.83781	18.764	0.085
2455989.81862	18.547	0.057999999999999996
2455989.89841	18.503	0.068
2455990.86611	18.502	0.053
2455991.84061	18.629	0.055
2455992.8117299997	18.487000000000002	0.063
2455993.80013	18.359	0.077
2455993.8778	18.641	0.073
2455994.84618	18.572	0.055
2455995.7957200003	18.671	0.068
2455995.8714	18.602999999999998	0.053
2455996.81406	18.444000000000003	0.05
2455996.8984	18.574	0.045
2455997.84614	18.658	0.062
2455998.79619	18.593	0.062
2455998.88665	18.573	0.048
2455999.81895	18.61	0.065
2455999.9057	18.563	0.051
2456003.9023599997	18.523	0.063
2456004.83713	18.535	0.05
2456005.7641	18.525	0.06
2456005.85367	18.51	0.046
2456006.79277	18.487000000000002	0.045
2456006.89075	18.608	0.045
2456007.79405	18.565	0.055999999999999994
2456007.88923	18.566	0.040999999999999995
2456008.78764	18.583	0.062
2456008.88412	18.52	0.05
2456009.7891	18.507	0.048
2456009.88443	18.474	0.039
2456010.78077	18.569000000000003	0.05
2456010.87895	18.57	0.043
2456011.76685	18.712	0.073
2456011.88478	18.512999999999998	0.06
2456012.7851299997	18.597	0.055999999999999994
2456012.88253	18.502	0.034
2456013.77925	18.546	0.046
2456013.88145	18.552	0.046
2456014.7562	18.546	0.055
2456014.8547400003	18.548	0.043
2456015.73335	18.625999999999998	0.062
2456015.81151	18.56	0.038
2456015.9013	18.497	0.038
2456016.7941400004	18.529	0.043
2456016.8976	18.518	0.036000000000000004
2456017.78051	18.512	0.039
2456017.87726	18.461	0.033
2456018.76888	18.647000000000002	0.063
2456018.84765	18.475	0.036000000000000004
2456019.74748	18.541	0.063
2456019.84412	18.622	0.040999999999999995
2456019.92183	18.475	0.043
2456020.7793	18.618	0.046
2456020.87425	18.537	0.036000000000000004
2456021.7253	18.551	0.067
2456021.8023200002	18.583	0.051
2456021.89925	18.573	0.040999999999999995
2456022.75091	18.491	0.053
2456022.8281400003	18.544	0.048
2456022.92723	18.518	0.067
2456023.78503	18.555	0.053
2456023.8671	18.578	0.045
2456024.7423400003	18.469	0.067
2456024.843	18.535	0.045
2456025.72662	18.465999999999998	0.077
2456025.80711	18.596	0.08199999999999999
2456026.7006099997	18.561	0.102
2456031.8084400003	18.595	0.051
2456032.73814	18.554000000000002	0.05
2456032.91844	18.484	0.039
2456033.8697900004	18.535999999999998	0.040999999999999995
2456034.79944	18.522000000000002	0.038
2456036.71418	18.553	0.051
2456036.93615	18.453	0.07
2456037.89665	18.572	0.05
2456038.8582099997	18.535999999999998	0.045
2456039.85305	18.557000000000002	0.053
2456040.81952	18.506	0.046
2456041.7713900004	18.494	0.05
2456045.91024	18.583	0.055
2456047.7334	18.590999999999998	0.05
2456047.92749	18.539	0.048
2456048.85813	18.575	0.053
2456049.78572	18.49	0.034
2456050.6721200002	18.423	0.062
2456050.8601	18.5	0.048
2456052.66945	18.673	0.08199999999999999
2456052.84474	18.508	0.051
2456053.70104	18.506	0.07200000000000001
2456053.89285	18.545	0.063
2456058.73311	18.599	0.092
2456058.90323	18.514	0.055
2456059.78808	18.558	0.043
2456060.79534	18.535999999999998	0.046
2456061.6878400003	18.614	0.063
2456061.86564	18.519000000000002	0.05
2456062.7363	18.574	0.07
2456062.9136799998	18.506	0.062
2456063.90247	18.523	0.053
2456064.83179	18.555999999999997	0.045
2456065.66194	18.524	0.051
2456065.84149	18.480999999999998	0.043
2456066.7655700003	18.523	0.036000000000000004
2456066.93854	18.486	0.045
2456067.75107	18.502	0.034
2456067.91795	18.541	0.045
2456068.76766	18.527	0.036000000000000004
2456069.72072	18.562	0.043
2456069.9081200003	18.492	0.039
2456070.70638	18.538	0.05
2456070.88338	18.477999999999998	0.040999999999999995
2456071.6819	18.582	0.053
2456071.86157	18.523	0.045
2456075.6621	18.525	0.039
2456075.84525	18.521	0.039
2456076.70339	18.539	0.039
2456076.8877	18.771	0.073
2456077.83435	18.459	0.043
2456078.6362400004	18.543	0.057999999999999996
2456078.81722	18.555	0.043
2456079.61415	18.476	0.043
2456079.8047700003	18.500999999999998	0.048
2456080.5845	18.482	0.068
2456080.7503299997	18.654	0.07
2456080.93056	18.464000000000002	0.046
2456081.70439	18.562	0.05
2456081.88023	18.456	0.055999999999999994
2456082.7017900003	18.564	0.08900000000000001
2456082.89597	18.439	0.10099999999999999
2456085.69657	18.648	0.07200000000000001
2456085.86576	18.581	0.113
2456086.6424	18.56	0.048
2456086.8234900003	18.581	0.053
2456087.61602	18.512999999999998	0.053
2456088.5883400002	18.570999999999998	0.045
2456089.66959	18.756	0.06
2456089.91774	18.792	0.084
2456092.7828900004	18.52	0.046
2456093.61917	18.487000000000002	0.045
2456093.81937	18.588	0.06
2456094.66813	18.433	0.048
2456094.84297	18.552	0.057999999999999996
2456096.66268	18.684	0.055
2456096.85671	18.425	0.073
2456097.79108	18.602	0.053
2456098.5845	18.585	0.067
2456098.76345	18.56	0.046
2456099.64272	18.484	0.07200000000000001
2456100.61296	18.562	0.06
2456100.79747	18.522000000000002	0.057999999999999996
2456101.56464	18.498	0.055
2456101.74215	18.514	0.043
2456102.7038	18.535999999999998	0.048
2456102.8615	18.567999999999998	0.07
2456103.61193	18.480999999999998	0.039
2456103.81698	18.578	0.057999999999999996
2456104.7741099996	18.559	0.045
2456105.53179	18.492	0.057999999999999996
2456105.72159	18.592	0.046
2456108.53152	18.734	0.08199999999999999
2456108.71668	18.486	0.05
2456108.87359	18.651	0.065
2456109.70677	18.499000000000002	0.051
2456109.8677	18.538	0.084
2456113.67179	18.57	0.07
2456113.82702	18.564	0.068
2456114.6866	18.514	0.063
2456114.85208	18.705	0.091
2456115.63385	18.506	0.051
2456116.4956099996	18.57	0.048
2456116.6743400004	18.487000000000002	0.048
2456116.83681	18.62	0.057999999999999996
2456117.656	18.67	0.053
2456117.81046	18.486	0.057999999999999996
2456118.58626	18.555999999999997	0.040999999999999995
2456118.7725	18.522000000000002	0.043
2456119.54952	18.595	0.048
2456120.5633	18.407	0.05
2456120.76112	18.596	0.062
2456121.55336	18.507	0.034
2456121.72254	18.527	0.039
2456123.60125	18.500999999999998	0.05
2456123.77069	18.567	0.053
2456124.58682	18.479	0.040999999999999995
2456124.7793900003	18.722	0.08199999999999999
2456125.5915099997	18.514	0.043
2456125.78731	18.584	0.06
2456126.62227	18.581	0.046
2456127.52204	18.567999999999998	0.053
2456128.5438200003	18.545	0.040999999999999995
2456129.66198	18.539	0.040999999999999995
2456131.61845	18.679000000000002	0.05
2456132.64101	18.577	0.057999999999999996
2456133.58482	18.58	0.057999999999999996
2456134.50748	18.607	0.084
2456134.7137	18.511	0.08199999999999999
2456135.69225	18.572	0.057999999999999996
2456136.61258	18.402	0.075
2456140.48227	18.589000000000002	0.094
2456140.66207	18.586	0.077
2456141.5093099996	18.680999999999997	0.073
2456141.6825	18.58	0.063
2456142.5517599997	18.488	0.077
2456147.56667	18.547	0.05
2456148.49821	18.542	0.040999999999999995
2456148.68211	18.498	0.040999999999999995
2456150.53744	18.546	0.06
2456151.5413	18.522000000000002	0.07
2456151.70371	18.644000000000002	0.075
2456152.59277	18.452	0.046
2456154.52853	18.561	0.053
2456157.6778700002	18.557000000000002	0.055999999999999994
2456158.6181799998	18.544	0.05
2456159.5249	18.605999999999998	0.068
2456160.50611	18.581	0.05
2456160.71595	18.589000000000002	0.053
2456161.60858	18.567	0.055999999999999994
2456164.5956	18.438	0.067
2456167.58992	18.389	0.079
2456168.6065	18.399	0.046
2456169.5957400003	18.452	0.048
2456171.55081	18.642	0.06
2456172.5095599997	18.566	0.039
2456174.64817	18.524	0.073
2456175.63975	18.544	0.053
2456179.63059	18.555	0.067
2456180.61626	18.521	0.062
2456181.5745	18.5	0.046
2456182.58578	18.569000000000003	0.05
2456183.6345	18.636	0.053
2456185.58239	18.516	0.043
2456186.5921	18.555999999999997	0.053
2456191.4898099997	18.54	0.077
2456195.48399	18.592	0.068
2456195.5745	18.609	0.062
2456196.48495	18.416	0.06
2456196.57201	18.426	0.062
2456197.48539	18.523	0.075
2456197.57339	18.651	0.07
2456198.59292	18.55	0.102
2456200.6131	18.5	0.079
2456202.55412	18.551	0.096
2456203.55742	18.497	0.08
2456204.50417	18.598	0.055999999999999994
2456204.58755	18.554000000000002	0.062
2456205.53377	18.523	0.046
2456205.60803	18.567	0.05
2456209.5526400004	18.486	0.084
2456210.50468	18.532	0.06
2456210.5819099997	18.559	0.067
2456211.53197	18.574	0.051
2456212.53126	18.6	0.055999999999999994
2456213.56023	18.525	0.073
2456214.5408	18.575	0.067
2456216.54037	18.642	0.063
2456216.5820400002	18.817	0.12300000000000001
2456217.56346	18.583	0.051
2456218.5484700003	18.601	0.067
2456223.5152	18.665	0.094
2456224.5022	18.701	0.10400000000000001
2456227.52015	18.566	0.075
2456232.50567	18.485	0.079
2456234.52875	18.619	0.094
2456239.51495	18.53	0.084
2456334.85781	18.498	0.057999999999999996
2456334.89191	18.631	0.106
2456335.86934	18.493	0.046
2456337.88167	18.721	0.07200000000000001
2456338.85925	18.467	0.063
2456339.87565	18.529	0.043
2456340.88579	18.565	0.051
2456343.8956	18.645	0.096
2456345.8355	18.476	0.046
2456347.8442700002	18.394000000000002	0.055999999999999994
2456348.83825	18.472	0.053
2456349.85041	18.448	0.062
2456350.85073	18.565	0.067
2456351.85395	18.484	0.055999999999999994
2456352.8536400003	18.516	0.048
2456353.8286900003	18.589000000000002	0.055999999999999994
2456354.84458	18.497	0.040999999999999995
2456358.86131	18.590999999999998	0.055
2456360.8467599996	18.522000000000002	0.039
2456361.8323	18.565	0.048
2456362.83016	18.493	0.048
2456362.85619	18.672	0.06
2456363.8259799997	18.58	0.057999999999999996
2456367.8448099997	18.57	0.038
2456368.78093	18.586	0.055
2456368.87324	18.614	0.046
2456369.80235	18.604	0.051
2456369.90018	18.543	0.038
2456370.8454	18.493	0.043
2456371.77032	18.652	0.057999999999999996
2456371.85847	18.529	0.039
2456372.76321	18.593	0.055999999999999994
2456372.85179	18.567	0.040999999999999995
2456373.78001	18.515	0.068
2456373.86872	18.477999999999998	0.048
2456374.78384	18.577	0.057999999999999996
2456374.87507	18.491	0.040999999999999995
2456375.78296	18.567999999999998	0.045
2456375.8903099997	18.463	0.036000000000000004
2456376.79706	18.523	0.046
2456376.88842	18.585	0.036000000000000004
2456377.8184599997	18.605	0.048
2456377.89883	18.516	0.036000000000000004
2456378.81402	18.505	0.045
2456378.89452	18.538	0.038
2456379.8102	18.53	0.051
2456379.89623	18.547	0.046
2456380.79142	18.541	0.045
2456380.89575	18.562	0.046
2456381.82256	18.579	0.043
2456381.9016299997	18.512999999999998	0.038
2456382.8063	18.528	0.055
2456382.8861700003	18.631	0.065
2456386.81196	18.56	0.051
2456386.9094700003	18.61	0.06
2456387.71599	18.480999999999998	0.057999999999999996
2456387.8016	18.611	0.053
2456387.8804099998	18.597	0.05
2456388.7209400004	18.515	0.063
2456388.82263	18.621	0.045
2456389.7259299997	18.595	0.07200000000000001
2456389.80331	18.625999999999998	0.046
2456389.87882	18.551	0.043
2456390.75722	18.546	0.046
2456390.8435299997	18.509	0.040999999999999995
2456391.71764	18.522000000000002	0.073
2456393.7121599996	18.437	0.055
2456393.90282	18.55	0.062
2456394.86146	18.574	0.051
2456395.82424	18.493	0.038
2456396.77079	18.534000000000002	0.036000000000000004
2456397.71182	18.535	0.040999999999999995
2456397.8879	18.502	0.038
2456398.81893	18.590999999999998	0.046
2456399.72503	18.502	0.040999999999999995
2456400.6833599997	18.557000000000002	0.067
2456400.90041	18.549	0.046
2456401.83423	18.558	0.038
2456402.7454	18.643	0.063
2456402.923	18.561	0.08900000000000001
2456403.83479	18.543	0.038
2456404.77005	18.598	0.048
2456405.82941	18.737000000000002	0.07
2456406.77822	18.524	0.094
2456407.72706	18.502	0.063
2456407.9027299997	18.497	0.053
2456408.83798	18.586	0.067
2456415.72514	18.511	0.062
2456415.91817	18.559	0.053
2456416.8142	18.554000000000002	0.039
2456417.72946	18.634	0.055
2456417.90404	18.779	0.065
2456418.7511299998	18.477999999999998	0.043
2456418.92563	18.496	0.046
2456419.81236	18.524	0.043
2456420.66709	18.525	0.040999999999999995
2456420.83878	18.601	0.040999999999999995
2456421.84718	18.531	0.046
2456422.79282	18.588	0.055
2456423.78094	18.637999999999998	0.055999999999999994
2456424.6291	18.538	0.055
2456424.82255	18.58	0.043
2456426.66956	18.651	0.05
2456426.9100099998	18.604	0.046
2456427.90353	18.695	0.051
2456428.7096	18.557000000000002	0.075
2456428.89782	18.546	0.05
2456431.69839	18.494	0.055
2456431.88334	18.570999999999998	0.05
2456432.73277	18.578	0.048
2456432.90515	18.547	0.046
2456433.70964	18.432000000000002	0.046
2456434.63043	18.512	0.067
2456434.8143599997	18.558	0.051
2456435.66092	18.403	0.051
2456435.849	18.663	0.055
2456436.64734	18.563	0.055999999999999994
2456436.8374400004	18.515	0.055
2456437.9341700003	18.823	0.11599999999999999
2456441.70597	18.44	0.063
2456441.87608	18.569000000000003	0.073
2456442.6526099998	18.62	0.048
2456442.83692	18.558	0.043
2456443.6444200003	18.434	0.036000000000000004
2456443.75811	18.442	0.048
2456444.71772	18.564	0.05
2456444.85672	18.592	0.053
2456445.66011	18.521	0.043
2456445.86678	18.562	0.067
2456446.64756	18.521	0.038
2456446.83733	18.543	0.038
2456447.62172	18.534000000000002	0.045
2456447.8087400002	18.494	0.036000000000000004
2456448.5713400003	18.634	0.068
2456448.7532200003	18.543	0.033
2456448.92068	18.65	0.091
2456449.69507	18.496	0.039
2456449.87899	18.57	0.053
2456450.64739	18.570999999999998	0.040999999999999995
2456450.8296	18.519000000000002	0.046
2456451.59687	18.519000000000002	0.055
2456451.78197	18.619	0.05
2456452.55138	18.564	0.048
2456452.78637	18.592	0.039
2456454.56794	18.438	0.055999999999999994
2456454.75451	18.564	0.040999999999999995
2456454.91756	18.579	0.053
2456456.53926	18.547	0.043
2456456.72133	18.480999999999998	0.033
2456456.91696	18.542	0.046
2456457.85984	18.605	0.05
2456458.64338	18.519000000000002	0.043
2456458.82812	18.533	0.048
2456459.59689	18.468	0.048
2456459.78719	18.561	0.045
2456460.61283	18.639	0.057999999999999996
2456461.54235	18.417	0.055
2456461.72715	18.442999999999998	0.051
2456462.61271	18.684	0.063
2456462.8738599997	18.503	0.055999999999999994
2456463.64814	18.528	0.053
2456463.83945	18.498	0.051
2456464.65609	18.768	0.077
2456464.8484900002	18.592	0.063
2456468.64275	18.433	0.079
2456469.54357	18.498	0.062
2456469.73116	18.474	0.046
2456471.65153	18.627	0.062
2456472.7118900004	18.553	0.05
2456473.66248	18.52	0.036000000000000004
2456473.84652	18.625999999999998	0.07200000000000001
2456474.61377	18.524	0.062
2456474.79943	18.487000000000002	0.06
2456475.5737099997	18.649	0.057999999999999996
2456475.77548	18.586	0.055
2456476.5424	18.622	0.067
2456476.73095	18.537	0.045
2456477.53574	18.546	0.057999999999999996
2456477.7242400004	18.65	0.055
2456478.5735400002	18.494	0.051
2456479.63694	18.512999999999998	0.046
2456480.54784	18.435	0.057999999999999996
2456480.73382	18.49	0.045
2456481.54417	18.563	0.053
2456481.7867400004	18.539	0.055999999999999994
2456483.81536	18.757	0.075
2456485.51597	18.633	0.055
2456485.7474700003	18.524	0.038
2456486.4889	18.641	0.057999999999999996
2456486.69729	18.525	0.048
2456487.4873099998	18.576	0.05
2456487.68981	18.541	0.034
2456490.55182	18.54	0.046
2456490.73848	18.565	0.046
2456491.60421	18.637	0.055999999999999994
2456491.8055	18.454	0.055999999999999994
2456492.64375	18.445	0.062
2456496.47529	18.592	0.106
2456497.5586099997	18.607	0.07
2456497.7434099996	18.772000000000002	0.08
2456498.5742099998	18.484	0.036000000000000004
2456498.7516900003	18.56	0.051
2456499.5872400003	18.557000000000002	0.053
2456501.5246599996	18.493	0.055999999999999994
2456501.72402	18.503	0.055
2456504.73942	18.616	0.068
2456505.66653	18.573	0.05
2456506.55551	18.575	0.079
2456507.62788	18.445	0.053
2456508.55638	18.491	0.045
2456508.7496700003	18.533	0.051
2456509.65501	18.566	0.039
2456510.5400400003	18.542	0.038
2456510.74125	18.555999999999997	0.065
2456511.69048	18.598	0.048
2456514.57031	18.528	0.045
2456515.51057	18.539	0.040999999999999995
2456516.49914	18.504	0.055
2456518.54315	18.537	0.039
2456519.48383	18.555	0.048
2456519.70138	18.586	0.055999999999999994
2456523.6055799997	18.663	0.063
2456524.5399	18.641	0.063
2456525.54177	18.737000000000002	0.087
2456529.61251	18.589000000000002	0.08
2456531.60036	18.539	0.045
2456532.5803400003	18.584	0.048
2456533.61171	18.526	0.048
2456534.65632	18.489	0.055999999999999994
2456536.63645	18.554000000000002	0.045
2456539.5334400004	18.559	0.043
2456541.52929	18.583	0.051
2456543.60353	18.483	0.046
2456545.50251	18.529	0.043
2456546.5254900004	18.48	0.07
2456551.50185	18.572	0.094
2456555.62585	18.567999999999998	0.084
2456558.58523	18.525	0.046
2456560.48888	18.464000000000002	0.055999999999999994
2456561.5457099997	18.659000000000002	0.062
2456562.63405	18.502	0.048
2456563.61996	18.541	0.07200000000000001
2456564.55501	18.596	0.053
2456565.5265099998	18.488	0.055999999999999994
2456565.61677	18.529	0.053
2456568.50387	18.757	0.102
2456568.59407	18.502	0.06
2456569.55192	18.648	0.05
2456570.52943	18.674	0.07200000000000001
2456571.53627	18.487000000000002	0.062
2456572.48785	18.471	0.07200000000000001
2456572.5970799997	18.57	0.063
2456573.56165	18.549	0.057999999999999996
2456577.5288299997	18.782	0.113
2456578.48667	18.55	0.091
2456578.51136	18.533	0.067
2456578.55757	18.480999999999998	0.065
2456578.59017	18.521	0.062
2456579.5812	18.374000000000002	0.068
2456581.52258	18.467	0.055
2456582.56038	18.57	0.062
2456583.54515	18.594	0.099
2456584.5451	18.641	0.096
2456585.54438	18.543	0.091
2456590.52552	18.475	0.065
2456590.55765	18.637	0.08
2456593.5013099997	18.566	0.087
2456595.5233299998	18.49	0.075
2456696.88778	18.485	0.07200000000000001
2456697.88453	18.584	0.048
2456699.8646	18.54	0.046
2456701.87604	18.484	0.046
2456704.8535	18.625	0.075
2456705.89569	18.410999999999998	0.073
2456708.84099	18.581	0.055999999999999994
2456709.86488	18.570999999999998	0.05
2456710.88113	18.555999999999997	0.043
2456714.85843	18.576	0.07
2456715.8802799997	18.577	0.046
2456716.8832900003	18.549	0.036000000000000004
2456717.88451	18.402	0.055999999999999994
2456718.90452	18.58	0.063
2456719.89435	18.484	0.045
2456720.87108	18.592	0.039
2456721.84995	18.599	0.055
2456722.8443	18.539	0.055
2456723.81537	18.563	0.055
2456724.7993799997	18.602999999999998	0.065
2456724.89527	18.549	0.065
2456725.87453	18.451	0.048
2456726.83714	18.599	0.055
2456727.8083	18.572	0.045
2456727.90259	18.594	0.038
2456728.8749599997	18.554000000000002	0.039
2456729.8309400002	18.627	0.043
2456730.78087	18.502	0.073
2456730.87696	18.456	0.06
2456732.78913	18.625	0.08199999999999999
2456732.8838	18.6	0.062
2456733.82416	18.491	0.05
2456733.9127700003	18.464000000000002	0.046
2456734.8555	18.572	0.045
2456735.78303	18.601	0.07
2456735.89249	18.559	0.05
2456736.82767	18.45	0.055999999999999994
2456737.78859	18.529	0.046
2456737.86823	18.563	0.039
2456742.78018	18.504	0.045
2456742.8718	18.5	0.033
2456744.78854	18.535999999999998	0.040999999999999995
2456744.8812	18.567	0.045
2456746.77932	18.572	0.046
2456746.8694	18.595	0.046
2456747.89554	18.553	0.043
2456749.74123	18.572	0.062
2456749.91318	18.549	0.045
2456751.76725	18.655	0.046
2456752.73623	18.508	0.05
2456754.7390400004	18.497	0.057999999999999996
2456755.738	18.514	0.06
2456756.7809900003	18.602	0.034
2456756.90487	18.623	0.046
2456757.8617	18.534000000000002	0.040999999999999995
2456758.89358	18.453	0.05
2456759.84168	18.57	0.038
2456760.79047	18.572	0.040999999999999995
2456761.7261200002	18.489	0.057999999999999996
2456761.89912	18.575	0.055999999999999994
2456762.89413	18.511	0.040999999999999995
2456763.8166799997	18.577	0.046
2456764.75674	18.599	0.048
2456765.69122	18.499000000000002	0.063
2456765.84276	18.516	0.045
2456768.82391	18.599	0.062
2456769.73759	18.54	0.038
2456769.90036	18.444000000000003	0.039
2456770.80109	18.551	0.045
2456771.7370700003	18.577	0.043
2456771.9300700002	18.627	0.062
2456772.8565	18.539	0.039
2456773.7662	18.774	0.06
2456774.68545	18.533	0.065
2456774.852	18.561	0.055999999999999994
2456775.84417	18.548	0.045
2456776.7623400004	18.44	0.039
2456777.74634	18.570999999999998	0.045
2456784.65089	18.519000000000002	0.048
2456784.8475200003	18.565	0.05
2456785.6367599997	18.500999999999998	0.043
2456785.83046	18.605	0.051
2456786.64763	18.502	0.043
2456786.86322	18.616	0.053
2456787.74398	18.595	0.05
2456788.8517400003	18.6	0.063
2456789.78382	18.516	0.045
2456790.65332	18.465999999999998	0.062
2456790.82275	18.512999999999998	0.053
2456791.66052	18.503	0.068
2456791.8330599996	18.547	0.068
2456792.66719	18.575	0.068
2456792.73012	18.567999999999998	0.055
2456792.82005	18.539	0.055999999999999994
2456796.6075	18.499000000000002	0.07200000000000001
2456796.77478	18.565	0.05
2456796.94251	18.539	0.08900000000000001
2456797.81553	18.506	0.068
2456798.79484	18.51	0.084
2456799.87732	18.528	0.08199999999999999
2456803.76059	18.534000000000002	0.039
2456803.9199599996	18.502	0.051
2456804.70512	18.499000000000002	0.038
2456804.88315	18.529	0.063
2456805.68681	18.525	0.051
2456805.87304	18.631	0.067
2456807.63923	18.496	0.07
2456807.82717	18.537	0.067
2456808.61509	18.377	0.055999999999999994
2456808.8056099997	18.621	0.048
2456809.57448	18.47	0.065
2456809.77958	18.508	0.043
2456810.58651	18.531	0.062
2456810.77672	18.529	0.046
2456810.94399	18.445	0.094
2456811.7333	18.54	0.053
2456811.91855	18.503	0.068
2456813.80855	18.605	0.048
2456814.6177	18.553	0.057999999999999996
2456814.8289400004	18.528	0.051
2456815.61314	18.471	0.077
2456815.8256	18.609	0.053
2456816.6489	18.61	0.073
2456816.86048	18.548	0.067
2456817.70265	18.529	0.045
2456817.8892200002	18.563	0.073
2456818.87524	18.627	0.073
2456819.6839099997	18.727999999999998	0.125
2456819.84881	18.535999999999998	0.07200000000000001
2456823.85722	18.614	0.07
2456824.64958	18.611	0.068
2456824.84295	18.587	0.067
2456825.62429	18.590999999999998	0.057999999999999996
2456825.8110599997	18.589000000000002	0.067
2456826.57603	18.586	0.065
2456826.76178	18.558	0.05
2456827.5612	18.548	0.048
2456827.7708	18.605999999999998	0.051
2456827.9060400003	18.500999999999998	0.063
2456828.7104	18.546	0.040999999999999995
2456828.89706	18.518	0.075
2456829.66977	18.565	0.048
2456829.83475	18.577	0.053
2456830.62855	18.535999999999998	0.038
2456830.8179200003	18.521	0.043
2456831.73098	18.602999999999998	0.045
2456832.52374	18.515	0.055
2456832.71856	18.629	0.055999999999999994
2456833.5429599998	18.567999999999998	0.077
2456833.73726	18.529	0.051
2456834.5137400003	18.477999999999998	0.068
2456834.68652	18.559	0.043
2456835.51874	18.493	0.08900000000000001
2456835.70493	18.485	0.046
2456835.8645900004	18.662	0.091
2456836.6753599998	18.55	0.055
2456836.84174	18.589000000000002	0.099
2456837.62608	18.575	0.046
2456837.80851	18.58	0.053
2456838.5825099996	18.583	0.06
2456838.7645900003	18.549	0.051
2456839.5498	18.525	0.055
2456839.7363400003	18.605999999999998	0.057999999999999996
2456840.5483	18.509	0.067
2456840.74175	18.548	0.053
2456841.60942	18.601	0.051
2456841.79316	18.579	0.068
2456842.59444	18.532	0.065
2456842.7779099997	18.56	0.057999999999999996
2456844.56525	18.576	0.045
2456844.75251	18.51	0.048
2456845.49643	18.531	0.048
2456845.66557	18.56	0.043
2456845.83402	18.504	0.057999999999999996
2456847.59895	18.46	0.046
2456847.74187	18.539	0.055999999999999994
2456851.47324	18.56	0.087
2456851.6488	18.509	0.055
2456851.82081	18.567	0.135
2456853.5547	18.615	0.14
2456854.47335	18.38	0.053
2456855.6094	18.593	0.046
2456855.79672	18.508	0.057999999999999996
2456856.60168	18.477999999999998	0.045
2456856.77734	18.523	0.057999999999999996
2456857.59035	18.573	0.045
2456857.78124	18.585	0.057999999999999996
2456858.62651	18.583	0.039
2456859.56304	18.551	0.07
2456859.75374	18.588	0.073
2456862.70345	18.509	0.055999999999999994
2456863.54751	18.619	0.045
2456863.74035	18.623	0.062
2456864.5915	18.573	0.046
2456864.7739	18.535	0.068
2456866.76625	18.544	0.067
2456870.4956099996	18.526	0.055
2456870.72499	18.493	0.06
2456872.5491400003	18.547	0.062
2456873.51931	18.497	0.055999999999999994
2456874.72866	18.467	0.073
2456879.696	18.480999999999998	0.079
2456880.64225	18.587	0.094
2456881.56139	18.516	0.067
2456882.51787	18.579	0.062
2456882.69067	18.637	0.067
2456883.59969	18.500999999999998	0.055
2456885.5901900004	18.605	0.055
2456886.49329	18.551	0.065
2456886.68585	18.486	0.07
2456887.61032	18.564	0.043
2456888.54341	18.554000000000002	0.043
2456889.4788	18.61	0.06
2456889.66994	18.633	0.06
2456890.61044	18.622	0.067
2456891.55081	18.498	0.045
2456895.48299	18.555	0.048
2456895.67831	18.577	0.055999999999999994
2456896.64193	18.602999999999998	0.063
2456907.4989099996	18.508	0.053
2456907.66113	18.577	0.075
2456908.54023	18.573	0.063
2456909.50428	18.589000000000002	0.087
2456912.52251	18.555	0.053
2456915.5503599998	18.523	0.051
2456918.54833	18.56	0.063
2456919.59113	18.555	0.068
2456922.57276	18.535999999999998	0.062
2456923.60705	18.557000000000002	0.087
2456925.5109099997	18.524	0.079
2456926.5363	18.624000000000002	0.063
2456927.58519	18.465	0.068
2456929.50858	18.445	0.067
2456930.5559	18.621	0.09699999999999999
2456936.5207	18.549	0.08
2456937.51822	18.448	0.063
2456938.51783	18.605999999999998	0.08
2456939.5427900003	18.547	0.092
2456940.5652799997	18.529	0.085
2456942.53609	18.456	0.065
2456943.54219	18.423	0.08
2456947.49081	18.515	0.073
2456949.5328900004	18.404	0.08199999999999999
2456951.55167	18.529	0.077
2456954.5350099998	18.561	0.085
2456956.54244	18.541	0.077
2457063.8657299997	18.449	0.079
2457065.86687	18.439	0.063
2457069.8569799997	18.417	0.062
2457070.87052	18.392	0.040999999999999995
2457071.88281	18.435	0.043
2457072.89062	18.352	0.046
2457075.89646	18.282	0.07
2457076.8981	18.361	0.057999999999999996
2457077.89415	18.317999999999998	0.055999999999999994
2457078.88529	18.316	0.038
2457080.8305599997	18.314	0.057999999999999996
2457081.89434	18.469	0.067
2457082.87483	18.328	0.038
2457083.85465	18.274	0.048
2457084.83486	18.284000000000002	0.046
2457085.80939	18.305999999999997	0.048
2457085.89762	18.291	0.039
2457086.87575	18.313	0.043
2457087.84326	18.238	0.048
2457088.80706	18.257	0.043
2457088.90279	18.245	0.055999999999999994
2457089.86831	18.287	0.046
2457090.83536	18.188	0.043
2457091.80285	18.237000000000002	0.045
2457091.87768	18.223	0.036000000000000004
2457092.82542	18.238	0.040999999999999995
2457092.90353	18.197	0.038
2457097.8012900003	18.226	0.034
2457097.8894	18.16	0.027999999999999997
2457098.83953	18.183	0.031
2457099.78597	18.136	0.034
2457099.8960599997	18.17	0.033
2457100.82968	18.176	0.034
2457101.80541	18.21	0.06
2457102.77969	18.102999999999998	0.039
2457102.89451	18.221	0.043
2457108.8552099997	18.137	0.043
2457109.80471	18.166	0.038
2457109.9092200003	18.123	0.034
2457110.81518	18.114	0.026000000000000002
2457111.7568900003	18.122	0.036000000000000004
2457111.84719	18.147000000000002	0.031
2457112.75434	18.101	0.05
2457112.86209	18.16	0.033
2457113.78233	18.125999999999998	0.031
2457114.77812	18.164	0.036000000000000004
2457115.73015	18.077	0.043
2457115.91373	18.202	0.033
2457116.8960599997	18.160999999999998	0.038
2457117.7899599997	18.115	0.031
2457117.8248400004	18.172	0.040999999999999995
2457117.8643900002	18.137999999999998	0.033
2457117.8881	18.072	0.027999999999999997
2457117.9029599996	18.102	0.027999999999999997
2457117.9183400003	18.129	0.034
2457117.9246900002	18.105999999999998	0.046
2457118.91243	18.148	0.036000000000000004
2457119.90672	18.108	0.033
2457120.84003	18.086	0.031
2457125.78314	18.156	0.036000000000000004
2457126.72976	18.178	0.038
2457129.6919299997	18.201	0.045
2457129.87217	18.195999999999998	0.028999999999999998
2457130.79967	18.205	0.034
2457131.7187799998	18.162	0.034
2457131.90554	18.237000000000002	0.034
2457132.84113	18.275	0.034
2457134.6732099997	18.237000000000002	0.055999999999999994
2457134.8498299997	18.262	0.039
2457135.75669	18.236	0.028999999999999998
2457136.67554	18.225	0.046
2457136.85646	18.256	0.034
2457137.74356	18.273	0.031
2457137.92892	18.287	0.051
2457138.803	18.285	0.036000000000000004
2457139.73914	18.227999999999998	0.039
2457139.92311	18.29	0.046
2457140.80835	18.259	0.033
2457141.70297	18.305999999999997	0.033
2457141.88949	18.325	0.036000000000000004
2457142.7586	18.295	0.036000000000000004
2457143.65465	18.29	0.048
2457143.8202	18.326	0.036000000000000004
2457144.7017200002	18.28	0.063
2457145.73755	18.358	0.053
2457145.90437	18.417	0.051
2457146.7406599997	18.265	0.043
2457146.88234	18.276	0.043
2457147.7231900003	18.293	0.05
2457147.86483	18.289	0.045
2457152.8640900003	18.367	0.046
2457153.70123	18.354	0.034
2457153.8656099997	18.327	0.036000000000000004
2457154.7450200003	18.423	0.038
2457154.93456	18.438	0.053
2457155.77423	18.412	0.036000000000000004
2457156.62299	18.349	0.040999999999999995
2457156.8295	18.393	0.034
2457157.83329	18.365	0.034
2457158.69691	18.430999999999997	0.040999999999999995
2457158.88051	18.487000000000002	0.048
2457159.69741	18.399	0.036000000000000004
2457159.88157	18.331	0.040999999999999995
2457160.72009	18.425	0.039
2457160.9081599996	18.395	0.046
2457161.7571799997	18.387999999999998	0.033
2457161.93353	18.426	0.048
2457162.75925	18.419	0.040999999999999995
2457162.93665	18.475	0.057999999999999996
2457163.77007	18.425	0.046
2457164.60702	18.419	0.053
2457164.8679	18.485	0.048
2457166.64781	18.371	0.048
2457169.6200599996	18.416	0.043
2457170.65174	18.410999999999998	0.045
2457172.6982299997	18.500999999999998	0.048
2457173.72976	18.423	0.045
2457174.7275400003	18.422	0.040999999999999995
2457175.75666	18.413	0.057999999999999996
2457176.91927	18.442	0.08900000000000001
2457178.72804	18.403	0.05
2457179.69584	18.511	0.055999999999999994
2457180.6910200003	18.471	0.045
2457181.71201	18.524	0.045
2457182.72437	18.522000000000002	0.045
2457183.73988	18.507	0.046
2457184.7755	18.485	0.053
2457185.78277	18.404	0.040999999999999995
2457187.55462	18.385	0.057999999999999996
2457188.56313	18.51	0.063
2457189.66696	18.493	0.045
2457190.73052	18.508	0.05
2457193.68694	18.498	0.036000000000000004
2457194.76406	18.519000000000002	0.048
2457197.85176	18.553	0.073
2457198.88277	18.503	0.06
2457199.87682	18.482	0.053
2457200.8614	18.432000000000002	0.048
2457202.69826	18.547	0.062
2457206.73749	18.516	0.065
2457207.75449	18.511	0.079
2457211.49352	18.582	0.075
2457212.5309	18.414	0.043
2457217.64022	18.551	0.055
2457220.51684	18.516	0.055
2457221.54757	18.587	0.055
2457222.6093200003	18.464000000000002	0.040999999999999995
2457223.74546	18.576	0.063
2457225.50285	18.465	0.05
2457226.74633	18.559	0.053
2457227.7568900003	18.512	0.046
2457229.48802	18.451	0.045
2457235.75123	18.535999999999998	0.067
2457249.6401299997	18.578	0.048
2457252.71783	18.623	0.07200000000000001
2457255.67086	18.522000000000002	0.048
2457258.63799	18.546	0.068
2457263.57808	18.523	0.048
2457265.5329299998	18.477999999999998	0.045
2457268.5240599997	18.511	0.034
2457270.51265	18.474	0.038
2457272.62861	18.548	0.079
2457277.5463799997	18.575	0.063
2457281.58753	18.572	0.067
2457291.54654	18.503	0.10099999999999999
2457292.57938	18.444000000000003	0.10099999999999999
2457293.53677	18.570999999999998	0.068
2457294.55052	18.51	0.09699999999999999
2457295.50979	18.53	0.068
2457296.5756599996	18.497	0.073
2457299.54905	18.499000000000002	0.068
2457301.4964799997	18.527	0.079
2457311.50607	18.543	0.045
2457312.52712	18.534000000000002	0.079
2457317.52704	18.539	0.077
2457322.50506	18.757	0.12
2457324.53029	18.439	0.085
2457329.5218	18.607	0.079
2457333.50772	18.578	0.102
2457436.8629799997	18.592	0.084
2457439.84224	18.337	0.07200000000000001
2457441.8947	18.504	0.06
2457446.81784	18.635	0.057999999999999996
2457448.82513	18.497	0.048
2457451.8823599997	18.447	0.065
2457454.86332	18.505	0.048
2457456.88231	18.537	0.062
2457458.8890400003	18.51	0.039
2457461.8978	18.484	0.038
2457464.8297599996	18.557000000000002	0.046
2457467.8077700003	18.557000000000002	0.057999999999999996
2457470.89348	18.519000000000002	0.048
2457472.81378	18.512	0.055999999999999994
2457474.82706	18.542	0.057999999999999996
2457475.85861	18.557000000000002	0.073
2457476.7788	18.539	0.055999999999999994
2457480.7807400003	18.488	0.077
2457485.73382	18.534000000000002	0.068
2457486.83997	18.516	0.057999999999999996
2457488.73507	18.551	0.053
2457491.74753	18.461	0.057999999999999996
2457492.79291	18.590999999999998	0.043
2457493.78038	18.499000000000002	0.040999999999999995
2457494.7669900004	18.616	0.043
2457495.7473299997	18.463	0.055
2457497.8933599996	18.522000000000002	0.055
2457498.91074	18.572	0.06
2457499.85447	18.508	0.053
2457500.79497	18.538	0.063
2457507.83277	18.514	0.045
2457508.88355	18.498	0.039
2457511.73006	18.511	0.039
2457516.64212	18.566	0.065
2457516.65682	18.559	0.057999999999999996
2457523.89624	18.532	0.055999999999999994
2457526.9104299997	18.359	0.057999999999999996
2457530.7846	18.468	0.062
2457534.90326	18.487000000000002	0.075
2457536.90149	18.444000000000003	0.055999999999999994
2457546.7649	18.566	0.05
2457547.69497	18.549	0.051
2457548.93037	18.607	0.053
2457549.92577	18.56	0.079
2457550.9051	18.579	0.07
2457555.64767	18.514	0.046
2457557.58752	18.519000000000002	0.063
2457561.76015	18.57	0.062
2457566.61612	18.582	0.065
2457567.55006	18.516	0.055999999999999994
2457567.87	18.502	0.07
2457569.5615	18.612000000000002	0.055999999999999994
2457570.7127900003	18.467	0.045
2457575.70624	18.515	0.039
2457576.71583	18.539	0.048
2457579.7555299997	18.592	0.06
2457584.6343799997	18.627	0.062
2457589.63232	18.58	0.065
2457590.6495	18.539	0.048
2457593.63026	18.500999999999998	0.051
2457596.60077	18.644000000000002	0.045
2457600.6608700003	18.615	0.06
2457602.6946799997	18.55	0.055999999999999994
2457603.73717	18.509	0.055
2457604.743	18.506	0.055999999999999994
2457605.78164	18.625999999999998	0.067
2457607.75862	18.528	0.065
2457609.6054700003	18.483	0.046
2457611.51369	18.534000000000002	0.062
2457612.7053400003	18.506	0.057999999999999996
2457617.56405	18.534000000000002	0.073
2457618.68738	18.574	0.077
2457622.53127	18.527	0.046
2457623.6918200003	18.533	0.051
2457625.64395	18.437	0.046
2457630.65559	18.512	0.055
2457632.66071	18.596	0.055
2457636.55369	18.612000000000002	0.068
2457638.6157	18.575	0.062
2457645.48618	18.612000000000002	0.10400000000000001
2457649.54285	18.538	0.05
2457652.48832	18.565	0.045
2457658.49034	18.506	0.062
2457660.5718400003	18.463	0.068
2457671.5211	18.59	0.09699999999999999
2457673.54924	18.694000000000003	0.096
2457681.5184400002	18.534000000000002	0.063
2457796.88367	18.522000000000002	0.06
2457798.89046	18.487000000000002	0.075
2457800.8818	18.605999999999998	0.055
2457802.8736099997	18.408	0.075
2457807.87659	18.544	0.046
2457809.8418799997	18.54	0.055999999999999994
2457810.83832	18.545	0.046
2457812.88854	18.578	0.046
2457814.85798	18.493	0.051
2457815.88641	18.537	0.048
2457816.87633	18.53	0.043
2457817.87291	18.574	0.043
2457818.8591	18.572	0.046
2457819.83893	18.561	0.055
2457820.84824	18.52	0.053
2457821.84639	18.665	0.07
2457822.84216	18.485	0.057999999999999996
2457823.82766	18.517	0.057999999999999996
2457824.82218	18.581	0.10400000000000001
2457825.8152099997	18.516	0.06
2457825.9043900003	18.549	0.055
2457826.86326	18.590999999999998	0.075
2457827.85037	18.565	0.055
2457828.8196900003	18.500999999999998	0.05
2457828.9089599997	18.467	0.045
2457830.81355	18.401	0.08900000000000001
2457830.8961400003	18.508	0.051
2457834.8065299997	18.507	0.057999999999999996
2457836.83591	18.541	0.055
2457838.82793	18.544	0.043
2457840.83647	18.570999999999998	0.048
2457842.80089	18.435	0.053
2457844.75245	18.464000000000002	0.045
2457845.89436	18.546	0.045
2457847.84453	18.52	0.043
2457849.7691200003	18.519000000000002	0.043
2457850.90179	18.567999999999998	0.048
2457853.87602	18.558	0.063
2457855.75163	18.494	0.051
2457856.8744	18.559	0.079
2457858.87704	18.52	0.053
2457863.83945	18.555999999999997	0.043
2457864.8163400004	18.512999999999998	0.036000000000000004
2457865.92487	18.578	0.062
2457867.78527	18.512	0.038
2457869.73235	18.545	0.043
2457870.87363	18.577	0.039
2457872.75772	18.592	0.039
2457873.8872599998	18.52	0.039
2457875.7705	18.527	0.046
2457876.87854	18.547	0.046
2457878.74008	18.535999999999998	0.038
2457879.85215	18.558	0.063
2457881.8064	18.469	0.05
2457882.93384	18.533	0.057999999999999996
2457893.69284	18.549	0.063
2457894.6921099997	18.541	0.043
2457897.64638	18.590999999999998	0.067
2457901.84135	18.527	0.07200000000000001
2457903.7541099996	18.6	0.07
2457904.72617	18.525	0.038
2457905.69495	18.526	0.043
2457906.65066	18.553	0.045
2457907.68902	18.533	0.053
2457908.76527	18.489	0.053
2457909.68695	18.53	0.046
2457910.58415	18.482	0.065
2457910.9416	18.614	0.067
2457911.90715	18.757	0.11599999999999999
2457916.8391400003	18.497	0.099
2457917.8354	18.703	0.08199999999999999
2457922.5877400003	18.593	0.063
2457923.74156	18.631	0.068
2457924.68816	18.549	0.040999999999999995
2457925.72328	18.503	0.046
2457926.7795700002	18.570999999999998	0.075
2457932.77449	18.525	0.057999999999999996
2457933.76355	18.518	0.06
2457934.76646	18.538	0.05
2457935.77777	18.531	0.039
2457936.78449	18.523	0.051
2457937.76054	18.489	0.06
2457944.5542599997	18.517	0.067
2457945.4689	18.598	0.10099999999999999
2457945.7873	18.480999999999998	0.051
2457946.74955	18.486	0.057999999999999996
2457947.80162	18.542	0.10400000000000001
2457948.8085	18.57	0.06
2457952.74452	18.637999999999998	0.063
2457953.7694599996	18.6	0.055
2457955.72353	18.49	0.043
2457956.77158	18.485	0.05
2457958.70334	18.608	0.063
2457959.73306	18.52	0.040999999999999995
2457960.7829400003	18.629	0.06
2457962.52991	18.503	0.043
2457964.7892	18.541	0.062
2457966.68356	18.596	0.062
2457971.60957	18.506	0.063
2457972.62578	18.528	0.073
2457974.51725	18.598	0.055
2457979.50366	18.555	0.048
2457980.67679	18.479	0.065
2457982.63945	18.555	0.06
2457984.59362	18.533	0.055
2457986.63479	18.499000000000002	0.040999999999999995
2457990.61327	18.454	0.053
2457992.5781	18.555999999999997	0.05
2457994.55922	18.527	0.062
2458000.51376	18.485	0.068
2458002.5332299997	18.455	0.10800000000000001
2458007.5182	18.555	0.063
2458012.50247	18.534000000000002	0.051
2458015.5133599997	18.534000000000002	0.07
2458019.4871099996	18.604	0.053
2458026.53314	18.342	0.07
2458039.49876	18.465	0.068
2458041.49251	18.508	0.092
2458048.51685	18.548	0.053
2458055.5137	18.558	0.07
