2455377.8160900003	16.669	0.013999999999999999
2455378.74021	16.665	0.012
2455379.54918	16.665	0.015
2455379.847	16.695	0.017
2455380.54488	16.683	0.013999999999999999
2455380.73928	16.674	0.013999999999999999
2455381.59038	16.679000000000002	0.019
2455381.81346	16.642	0.017
2455382.68323	16.667	0.015
2455384.7906400003	16.669	0.019
2455386.61086	16.674	0.013999999999999999
2455387.4804	16.672	0.013999999999999999
2455387.55142	16.669	0.012
2455387.61623	16.672	0.01
2455387.62407	16.636	0.01
2455387.652	16.672	0.01
2455387.69048	16.663	0.012
2455388.50866	16.688	0.015
2455389.47059	16.719	0.022000000000000002
2455389.79966	16.69	0.015
2455390.73682	16.680999999999997	0.013999999999999999
2455391.5838099997	16.692999999999998	0.013999999999999999
2455392.52152	16.674	0.015
2455393.62896	16.669	0.017
2455393.82801	16.680999999999997	0.019
2455396.81108	16.685	0.019
2455403.55888	16.68	0.015
2455403.7554599997	16.688	0.017
2455404.62879	16.67	0.015
2455405.6450799997	16.672	0.017
2455407.49959	16.669	0.017
2455407.69379	16.688	0.017
2455408.62274	16.695	0.017
2455409.48506	16.682000000000002	0.013999999999999999
2455410.4892599997	16.686	0.015
2455411.5038799997	16.703	0.013999999999999999
2455412.55447	16.701	0.017
2455413.4961	16.695999999999998	0.013999999999999999
2455414.51427	16.676	0.012
2455416.6891799998	16.674	0.015
2455421.5231	16.707	0.015
2455422.5062599997	16.701	0.015
2455423.63469	16.680999999999997	0.015
2455426.69719	16.66	0.017
2455430.65471	16.672	0.017
2455431.65177	16.686	0.017
2455433.54168	16.683	0.019
2455434.62451	16.664	0.013999999999999999
2455435.62151	16.684	0.015
2455437.48983	16.676	0.012
2455438.68136	16.657	0.013999999999999999
2455443.50171	16.69	0.015
2455444.5085400003	16.687	0.015
2455445.58113	16.685	0.013999999999999999
2455446.6179299997	16.654	0.012
2455448.4804599998	16.708	0.017
2455449.5506700003	16.692	0.015
2455450.64853	16.702	0.015
2455457.47853	16.688	0.015
2455458.52735	16.677	0.022000000000000002
2455459.56765	16.694000000000003	0.015
2455460.5808599996	16.671	0.023
2455461.60848	16.679000000000002	0.017
2455463.53188	16.663	0.013999999999999999
2455464.52376	16.697	0.017
2455467.5075	16.676	0.013999999999999999
2455470.54655	16.686	0.015
2455472.51995	16.68	0.017
2455473.58654	16.665	0.015
2455479.5134099997	16.668	0.015
2455481.50673	16.697	0.02
2455486.52578	16.65	0.017
2455488.51034	16.68	0.015
2455490.5219799997	16.659000000000002	0.02
2455495.50079	16.695	0.013999999999999999
2455499.52881	16.705	0.02
2455621.87459	16.684	0.012
2455624.90799	16.680999999999997	0.022000000000000002
2455625.84743	16.678	0.013999999999999999
2455627.85469	16.660999999999998	0.013999999999999999
2455628.89091	16.692	0.013999999999999999
2455630.85597	16.687	0.013999999999999999
2455632.84605	16.679000000000002	0.015
2455634.82842	16.665	0.015
2455635.89396	16.701	0.015
2455638.80566	16.667	0.015
2455639.85975	16.666	0.013999999999999999
2455641.80127	16.671	0.015
2455643.81385	16.678	0.013999999999999999
2455648.84424	16.672	0.012
2455650.7634099997	16.682000000000002	0.013999999999999999
2455652.75121	16.678	0.013999999999999999
2455654.85973	16.667	0.012
2455656.83424	16.687	0.01
2455658.81701	16.707	0.015
2455659.8814	16.677	0.012
2455662.7856400004	16.689	0.013999999999999999
2455664.87854	16.67	0.019
2455667.84257	16.685	0.012
2455670.7258200003	16.694000000000003	0.015
2455675.89883	16.654	0.013999999999999999
2455677.8424	16.671	0.013999999999999999
2455680.73922	16.694000000000003	0.013999999999999999
2455681.9161400003	16.688	0.013999999999999999
2455683.89401	16.682000000000002	0.012
2455685.8772400003	16.673	0.012
2455687.7828	16.671	0.012
2455690.79642	16.707	0.013999999999999999
2455692.71068	16.682000000000002	0.013999999999999999
2455693.82032	16.692999999999998	0.012
2455694.90391	16.699	0.013999999999999999
2455696.6979400003	16.657	0.013999999999999999
2455697.79487	16.668	0.012
2455698.8706	16.671	0.015
2455705.94022	16.695	0.02
2455707.83237	16.692999999999998	0.013999999999999999
2455709.58739	16.694000000000003	0.013999999999999999
2455713.76186	16.694000000000003	0.01
2455715.80787	16.684	0.012
2455721.65367	16.682000000000002	0.013999999999999999
2455722.83568	16.66	0.013999999999999999
2455724.6521400004	16.687	0.017
2455726.58177	16.722	0.019
2455735.75996	16.677	0.013999999999999999
2455736.85297	16.664	0.012
2455737.89628	16.679000000000002	0.013999999999999999
2455739.73104	16.676	0.012
2455740.81323	16.703	0.015
2455741.8514799997	16.687	0.013999999999999999
2455742.86314	16.673	0.012
2455744.5794	16.7	0.017
2455745.66752	16.672	0.012
2455746.84527	16.697	0.017
2455749.59309	16.678	0.013999999999999999
2455752.7521900004	16.711	0.013999999999999999
2455759.84486	16.644000000000002	0.02
2455761.5389	16.701	0.009000000000000001
2455762.66175	16.682000000000002	0.013999999999999999
2455763.80198	16.677	0.019
2455765.60574	16.677	0.012
2455766.7277900004	16.699	0.015
2455768.55533	16.673	0.013999999999999999
2455769.6963	16.658	0.012
2455776.72661	16.702	0.017
2455779.6167099997	16.672	0.012
2455785.70163	16.680999999999997	0.017
2455787.6655200003	16.682000000000002	0.013999999999999999
2455790.57766	16.674	0.017
2455793.6799	16.68	0.013999999999999999
2455796.48203	16.687	0.013999999999999999
2455801.6809	16.734	0.017
2455805.54878	16.689	0.012
2455812.5816900004	16.57	0.019
2455815.62071	16.679000000000002	0.012
2455818.52365	16.668	0.013999999999999999
2455820.59855	16.674	0.015
2455823.53584	16.677	0.017
2455824.54518	16.698	0.013999999999999999
2455825.54212	16.695	0.013999999999999999
2455826.5260099997	16.726	0.015
2455828.48861	16.687	0.013999999999999999
2455829.61412	16.694000000000003	0.013999999999999999
2455831.62155	16.687	0.015
2455834.51643	16.677	0.012
2455839.50678	16.698	0.023
2455841.5041099996	16.669	0.019
2455843.49137	16.682000000000002	0.019
2455845.50655	16.704	0.017
2455850.5597200003	16.679000000000002	0.013999999999999999
2455854.5139599997	16.657	0.017
2455859.51418	16.680999999999997	0.015
2455978.88222	16.707	0.013999999999999999
2455983.8977200002	16.678	0.013999999999999999
2455986.89477	16.695999999999998	0.012
2455989.87432	16.695	0.015
2455992.8130200002	16.671	0.015
2455994.88579	16.679000000000002	0.013999999999999999
2455996.8887	16.665	0.01
2455998.9019400002	16.667	0.012
2456004.80215	16.714000000000002	0.015
2456006.79558	16.653	0.012
2456007.91722	16.662	0.013999999999999999
2456009.86225	16.688	0.012
2456011.7696700003	16.701	0.015
2456012.9106400004	16.669	0.01
2456014.8440400003	16.69	0.012
2456016.74243	16.676	0.012
2456017.83535	16.669	0.01
2456019.75032	16.72	0.015
2456020.82533	16.695	0.012
2456021.88815	16.692999999999998	0.012
2456023.72148	16.683	0.015
2456024.7067299997	16.69	0.019
2456025.7713900004	16.694000000000003	0.015
2456032.69914	16.692999999999998	0.017
2456033.91295	16.706	0.013999999999999999
2456036.88196	16.658	0.01
2456038.9032900003	16.654	0.012
2456041.74386	16.663	0.015
2456047.90099	16.692	0.013999999999999999
2456049.84923	16.664	0.013999999999999999
2456051.7576599997	16.657	0.012
2456053.76266	16.680999999999997	0.012
2456058.7722099996	16.679000000000002	0.012
2456059.76343	16.703	0.015
2456061.91829	16.678	0.013999999999999999
2456063.86927	16.69	0.013999999999999999
2456065.7373099998	16.675	0.012
2456066.92746	16.680999999999997	0.012
2456068.66877	16.677	0.013999999999999999
2456069.8434099997	16.680999999999997	0.012
2456070.89774	16.683	0.012
2456075.59838	16.687	0.012
2456076.72675	16.667	0.01
2456077.9434599997	16.658	0.015
2456079.64091	16.695999999999998	0.012
2456080.69632	16.707	0.012
2456081.7313200003	16.676	0.013999999999999999
2456082.62624	16.692	0.022000000000000002
2456082.84295	16.675	0.017
2456085.92031	16.691	0.017
2456089.73154	16.682000000000002	0.012
2456093.6079599997	16.675	0.015
2456094.75422	16.679000000000002	0.012
2456096.87289	16.67	0.015
2456098.67674	16.679000000000002	0.013999999999999999
2456100.627	16.695999999999998	0.013999999999999999
2456101.6562900003	16.672	0.012
2456102.71811	16.682000000000002	0.012
2456103.73977	16.691	0.012
2456104.8028700002	16.698	0.012
2456108.50815	16.673	0.02
2456109.60059	16.623	0.022000000000000002
2456109.81348	16.677	0.015
2456114.57667	16.711	0.019
2456115.6006099996	16.703	0.013999999999999999
2456116.7340599997	16.68	0.013999999999999999
2456117.79941	16.688	0.013999999999999999
2456118.8475900004	16.677	0.013999999999999999
2456119.63928	16.692	0.012
2456120.55237	16.67	0.013999999999999999
2456121.64732	16.678	0.012
2456123.7568599996	16.695	0.017
2456126.65157	16.705	0.012
2456128.64872	16.68	0.01
2456130.55373	16.683	0.013999999999999999
2456132.78189	16.660999999999998	0.012
2456135.4934400003	16.699	0.015
2456140.51084	16.724	0.02
2456141.64654	16.689	0.015
2456143.5378900003	16.68	0.017
2456147.50795	16.695999999999998	0.013999999999999999
2456148.48561	16.692999999999998	0.01
2456150.61703	16.715999999999998	0.015
2456151.4888	16.702	0.019
2456152.64498	16.707	0.013999999999999999
2456158.49108	16.671	0.012
2456160.49323	16.686	0.012
2456164.4959400003	16.679000000000002	0.013999999999999999
2456168.4992299997	16.654	0.013999999999999999
2456171.4992400003	16.679000000000002	0.012
2456172.49735	16.694000000000003	0.01
2456175.48605	16.701	0.012
2456180.55179	16.673	0.013999999999999999
2456182.65778	16.708	0.015
2456185.48637	16.705	0.012
2456186.48446	16.687	0.015
2456195.48576	16.689	0.015
2456196.6026	16.677	0.013999999999999999
2456200.59248	16.689	0.02
2456204.59081	16.682000000000002	0.013999999999999999
2456208.51948	16.694000000000003	0.017
2456211.5773099996	16.68	0.013999999999999999
2456212.4964900003	16.695	0.015
2456214.53144	16.689	0.013999999999999999
2456216.50545	16.688	0.015
2456219.53189	16.698	0.013999999999999999
2456225.57274	16.71	0.019
2456231.50784	16.707	0.017
2456347.89829	16.662	0.012
2456351.85677	16.701	0.013999999999999999
2456358.8346700002	16.66	0.012
2456360.8121599997	16.680999999999997	0.012
2456362.84541	16.674	0.012
2456368.8368599997	16.649	0.012
2456370.84673	16.689	0.012
2456373.8073299997	16.689	0.013999999999999999
2456375.75978	16.685	0.013999999999999999
2456376.88974	16.671	0.01
2456378.84155	16.656	0.01
2456380.78002	16.680999999999997	0.012
2456381.91655	16.685	0.012
2456386.8617700003	16.68	0.012
2456388.7382900002	16.668	0.013999999999999999
2456389.8573	16.656	0.012
2456391.7222	16.71	0.017
2456394.74957	16.695999999999998	0.013999999999999999
2456396.74706	16.667	0.01
2456398.69423	16.687	0.012
2456399.87993	16.664	0.012
2456401.90312	16.682000000000002	0.012
2456403.82345	16.683	0.01
2456405.931	16.648	0.013999999999999999
2456408.73097	16.726	0.027000000000000003
2456415.88341	16.660999999999998	0.013999999999999999
2456417.78098	16.667	0.012
2456418.9015599997	16.677	0.01
2456420.73149	16.679000000000002	0.01
2456422.79421	16.677	0.013999999999999999
2456424.72087	16.646	0.01
2456426.92507	16.686	0.012
2456431.69991	16.695	0.013999999999999999
2456432.82568	16.691	0.012
2456434.64537	16.679000000000002	0.015
2456435.77878	16.653	0.01
2456436.85237	16.689	0.012
2456441.8341	16.66	0.019
2456442.89162	16.685	0.012
2456445.6617099997	16.685	0.012
2456446.592	16.692999999999998	0.01
2456447.64984	16.676	0.012
2456448.68113	16.697	0.013999999999999999
2456449.7338	16.674	0.012
2456450.79016	16.677	0.01
2456451.85132	16.664	0.013999999999999999
2456454.57117	16.673	0.013999999999999999
2456455.6252599997	16.68	0.012
2456456.9185900004	16.667	0.012
2456458.76118	16.663	0.012
2456459.81586	16.663	0.012
2456461.68895	16.688	0.013999999999999999
2456463.56951	16.711	0.015
2456464.65777	16.674	0.015
2456468.75764	16.69	0.015
2456473.73979	16.672	0.012
2456474.81459	16.657	0.015
2456476.50343	16.705	0.017
2456477.57865	16.675	0.012
2456479.5970799997	16.675	0.013999999999999999
2456480.77612	16.687	0.012
2456483.6147	16.628	0.009000000000000001
2456485.79523	16.677	0.012
2456487.5180599997	16.673	0.012
2456490.79951	16.677	0.012
2456492.58461	16.692	0.012
2456497.60109	16.658	0.017
2456498.72554	16.684	0.012
2456501.62382	16.694000000000003	0.012
2456505.68185	16.689	0.013999999999999999
2456508.54459	16.703	0.013999999999999999
2456509.74086	16.669	0.012
2456511.69233	16.689	0.012
2456515.67825	16.672	0.01
2456519.4994200002	16.664	0.01
2456523.70299	16.684	0.017
2456526.68433	16.688	0.013999999999999999
2456532.51275	16.687	0.012
2456535.54391	16.715999999999998	0.013999999999999999
2456541.49973	16.668	0.012
2456545.56025	16.666	0.01
2456555.57603	16.652	0.013999999999999999
2456560.59251	16.688	0.015
2456564.4945099996	16.67	0.017
2456567.58335	16.679000000000002	0.012
2456570.54481	16.692999999999998	0.013999999999999999
2456573.50679	16.660999999999998	0.013999999999999999
2456582.52342	16.659000000000002	0.013999999999999999
2456585.53056	16.677	0.017
2456593.55118	16.689	0.017
2456599.53461	16.663	0.013999999999999999
2456702.86563	16.675	0.013999999999999999
2456704.86948	16.688	0.015
2456705.86761	16.677	0.017
2456709.8826200003	16.655	0.012
2456715.86742	16.688	0.012
2456718.8361400003	16.705	0.015
2456720.88704	16.667	0.012
2456723.80242	16.685	0.015
2456725.8134	16.69	0.013999999999999999
2456727.81157	16.680999999999997	0.012
2456729.78712	16.675	0.013999999999999999
2456730.91033	16.673	0.015
2456733.81297	16.69	0.013999999999999999
2456734.9049	16.685	0.01
2456736.85454	16.669	0.013999999999999999
2456738.80615	16.703	0.02
2456742.8894700003	16.667	0.01
2456745.807	16.692999999999998	0.012
2456747.83462	16.688	0.012
2456749.81795	16.654	0.01
2456751.9078900004	16.665	0.01
2456755.73954	16.697	0.015
2456757.74125	16.711	0.013999999999999999
2456759.76043	16.692999999999998	0.012
2456761.71158	16.665	0.015
2456763.69481	16.67	0.013999999999999999
2456764.86392	16.671	0.01
2456768.79855	16.68	0.012
2456769.93106	16.697	0.013999999999999999
2456771.84215	16.673	0.012
2456773.7185299997	16.709	0.015
2456774.85425	16.673	0.012
2456776.8162	16.656	0.01
2456784.7741900003	16.66	0.012
2456785.74929	16.655	0.012
2456786.76822	16.65	0.012
2456789.69702	16.687	0.013999999999999999
2456790.77163	16.682000000000002	0.012
2456791.83443	16.698	0.013999999999999999
2456792.85976	16.692999999999998	0.015
2456796.93103	16.667	0.015
2456798.85226	16.692	0.019
2456803.88342	16.668	0.012
2456804.8993	16.695999999999998	0.015
2456805.9434700003	16.707	0.022000000000000002
2456807.9391099997	16.641	0.019
2456809.57824	16.674	0.017
2456810.6351799998	16.654	0.012
2456811.64592	16.692	0.013999999999999999
2456813.76771	16.657	0.012
2456814.86136	16.685	0.013999999999999999
2456815.93485	16.669	0.013999999999999999
2456817.67108	16.664	0.017
2456819.55848	16.698	0.022000000000000002
2456823.75843	16.667	0.013999999999999999
2456824.80029	16.672	0.013999999999999999
2456825.81258	16.704	0.013999999999999999
2456826.8354700003	16.685	0.013999999999999999
2456827.88753	16.682000000000002	0.013999999999999999
2456829.51874	16.689	0.019
2456830.5389099997	16.701	0.015
2456831.6639	16.685	0.012
2456832.72012	16.674	0.013999999999999999
2456833.78265	16.683	0.013999999999999999
2456834.78744	16.695999999999998	0.017
2456835.83921	16.673	0.015
2456837.49713	16.689	0.017
2456838.49268	16.660999999999998	0.019
2456839.50342	16.678	0.017
2456840.54988	16.691	0.017
2456841.67747	16.67	0.012
2456842.71942	16.688	0.013999999999999999
2456844.75412	16.672	0.013999999999999999
2456845.7354900003	16.669	0.012
2456847.6935900003	16.658	0.013999999999999999
2456851.68169	16.685	0.013999999999999999
2456852.77079	16.708	0.022000000000000002
2456855.81098	16.687	0.013999999999999999
2456857.49053	16.666	0.012
2456858.5477400003	16.66	0.012
2456859.74051	16.674	0.015
2456863.60489	16.687	0.012
2456864.67795	16.689	0.012
2456871.54066	16.674	0.013999999999999999
2456880.5658299997	16.653	0.017
2456882.51958	16.67	0.013999999999999999
2456884.7104599997	16.701	0.013999999999999999
2456886.61003	16.703	0.013999999999999999
2456888.5191599997	16.657	0.012
2456889.70159	16.686	0.013999999999999999
2456891.63232	16.684	0.013999999999999999
2456896.61421	16.669	0.013999999999999999
2456907.5758599997	16.683	0.013999999999999999
2456915.5809	16.685	0.015
2456922.51493	16.684	0.015
2456925.52811	16.687	0.017
2456928.51602	16.68	0.019
2456936.55419	16.697	0.017
2456940.5259	16.666	0.015
2456947.50916	16.71	0.015
2456951.5534	16.694000000000003	0.015
2456955.5022299998	16.68	0.015
2457084.8968700003	16.668	0.012
2457087.84606	16.691	0.015
2457089.88422	16.676	0.013999999999999999
2457091.90913	16.666	0.017
2457097.8321599998	16.664	0.012
2457099.8231099998	16.686	0.013999999999999999
2457101.84689	16.646	0.019
2457109.86602	16.663	0.012
2457111.8087299997	16.658	0.012
2457114.8263	16.654	0.012
2457116.8174	16.653	0.013999999999999999
2457118.83477	16.664	0.012
2457120.81663	16.659000000000002	0.012
2457126.73107	16.69	0.013999999999999999
2457129.91971	16.660999999999998	0.012
2457131.82053	16.657	0.01
2457133.9314	16.684	0.019
2457135.78758	16.666	0.01
2457136.93335	16.688	0.02
2457138.76038	16.653	0.012
2457139.92443	16.692	0.013999999999999999
2457141.74876	16.669	0.01
2457142.88521	16.674	0.012
2457144.688	16.679000000000002	0.017
2457145.93445	16.671	0.019
2457147.64902	16.695999999999998	0.023
2457152.78863	16.657	0.012
2457153.83795	16.672	0.01
2457155.62212	16.688	0.017
2457156.69394	16.665	0.012
2457158.65413	16.665	0.013999999999999999
2457159.6987900003	16.664	0.012
2457160.77561	16.666	0.012
2457161.85945	16.682000000000002	0.01
2457162.909	16.673	0.013999999999999999
2457164.68202	16.660999999999998	0.013999999999999999
2457166.77147	16.685	0.01
2457169.72381	16.664	0.01
2457170.78038	16.665	0.012
2457172.82293	16.671	0.015
2457173.8559	16.671	0.012
2457174.84087	16.663	0.013999999999999999
2457175.90471	16.655	0.017
2457178.82631	16.678	0.015
2457179.80253	16.671	0.015
2457180.8045099997	16.672	0.013999999999999999
2457181.8199299998	16.663	0.013999999999999999
2457182.83867	16.682000000000002	0.012
2457183.84585	16.663	0.013999999999999999
2457184.8802	16.68	0.013999999999999999
2457185.89072	16.698	0.017
2457187.66615	16.67	0.012
2457188.6696599997	16.686	0.013999999999999999
2457189.77505	16.667	0.012
2457190.8418400004	16.677	0.013999999999999999
2457193.8053200003	16.678	0.012
2457197.5592799997	16.7	0.013999999999999999
2457198.58463	16.679000000000002	0.013999999999999999
2457199.59018	16.675	0.012
2457200.58643	16.671	0.012
2457202.80608	16.7	0.019
2457202.8228	16.675	0.019
2457206.83972	16.7	0.02
2457208.51927	16.68	0.017
2457211.5935400003	16.663	0.012
2457214.56951	16.672	0.013999999999999999
2457217.8354599997	16.701	0.013999999999999999
2457220.63066	16.671	0.012
2457221.67167	16.66	0.012
2457222.76244	16.692	0.013999999999999999
2457224.52949	16.697	0.013999999999999999
2457225.6135400003	16.680999999999997	0.01
2457227.47275	16.666	0.019
2457228.51855	16.663	0.015
2457229.58915	16.666	0.01
2457236.54705	16.678	0.015
2457249.73268	16.674	0.015
2457253.59123	16.682000000000002	0.012
2457256.6124	16.663	0.017
2457263.68166	16.69	0.013999999999999999
2457265.64788	16.684	0.013999999999999999
2457268.65535	16.654	0.012
2457270.62597	16.682000000000002	0.013999999999999999
2457273.6387099996	16.684	0.013999999999999999
2457277.67191	16.664	0.015
2457284.55203	16.683	0.013999999999999999
2457293.51139	16.672	0.013999999999999999
2457296.59249	16.72	0.019
2457307.5583099998	16.659000000000002	0.015
2457319.50693	16.7	0.019
2457325.50457	16.648	0.015
2457331.521	16.695999999999998	0.019
2457429.8831700003	16.667	0.019
2457430.88318	16.672	0.015
2457431.86564	16.674	0.013999999999999999
2457432.87436	16.672	0.013999999999999999
2457433.8889200003	16.669	0.015
2457436.86777	16.66	0.017
2457437.86336	16.651	0.013999999999999999
2457438.87791	16.672	0.017
2457440.85129	16.648	0.013999999999999999
2457441.8548	16.667	0.015
2457442.87459	16.666	0.013999999999999999
2457443.87942	16.667	0.015
2457444.85714	16.682000000000002	0.015
2457445.85145	16.669	0.013999999999999999
2457446.86417	16.676	0.012
2457447.87225	16.674	0.012
2457448.88129	16.685	0.012
2457449.8367	16.671	0.019
2457452.8453599997	16.649	0.012
2457453.8423900004	16.674	0.01
2457455.81152	16.688	0.015
2457456.8151	16.671	0.015
2457457.8013299997	16.676	0.015
2457458.7966299998	16.680999999999997	0.019
2457460.79785	16.675	0.015
2457461.79933	16.671	0.012
2457462.7824	16.678	0.013999999999999999
2457463.8053900003	16.671	0.012
2457464.87566	16.666	0.01
2457465.88405	16.651	0.012
2457467.81811	16.662	0.013999999999999999
2457470.77492	16.632	0.02
2457470.9034700003	16.677	0.012
2457471.84808	16.67	0.015
2457472.79677	16.679000000000002	0.017
2457473.75851	16.68	0.019
2457474.80001	16.668	0.013999999999999999
2457474.90256	16.656	0.013999999999999999
2457475.8317	16.658	0.017
2457476.80448	16.677	0.013999999999999999
2457480.86007	16.676	0.015
2457485.77713	16.649	0.013999999999999999
2457486.9079	16.7	0.013999999999999999
2457488.79203	16.66	0.012
2457491.80274	16.654	0.012
2457492.83195	16.674	0.01
2457493.8199299998	16.660999999999998	0.01
2457494.81625	16.648	0.01
2457495.7769299997	16.675	0.013999999999999999
2457497.92313	16.680999999999997	0.015
2457499.68439	16.659000000000002	0.019
2457499.88533	16.665	0.013999999999999999
2457500.82474	16.654	0.013999999999999999
2457507.89403	16.663	0.012
2457509.73176	16.672	0.013999999999999999
2457511.79478	16.668	0.01
2457516.71306	16.659000000000002	0.012
2457523.93976	16.660999999999998	0.015
2457528.79361	16.664	0.015
2457530.68261	16.648	0.017
2457530.8480599998	16.651	0.015
2457536.61558	16.672	0.017
2457545.76626	16.655	0.012
2457546.80893	16.67	0.015
2457547.7603	16.672	0.012
2457549.62805	16.648	0.012
2457550.6221	16.660999999999998	0.015
2457552.88681	16.658	0.013999999999999999
2457555.7093700003	16.651	0.012
2457557.64385	16.655	0.013999999999999999
2457561.80208	16.653	0.013999999999999999
2457566.67078	16.65	0.012
2457567.5947	16.66	0.015
2457568.5883400002	16.671	0.015
2457569.60582	16.665	0.013999999999999999
2457570.7895	16.662	0.012
2457573.63174	16.655	0.013999999999999999
2457575.77035	16.637999999999998	0.012
2457576.77933	16.64	0.012
2457581.79614	16.652	0.012
2457584.69939	16.660999999999998	0.013999999999999999
2457589.70276	16.643	0.017
2457590.71284	16.653	0.017
2457593.69311	16.64	0.012
2457599.5568	16.639	0.015
2457601.6921200003	16.637	0.012
2457602.7595	16.637999999999998	0.013999999999999999
2457604.48875	16.642	0.017
2457605.50492	16.636	0.013999999999999999
2457606.73275	16.662	0.015
2457608.5668900004	16.635	0.012
2457609.6823299997	16.628	0.013999999999999999
2457611.6537	16.629	0.012
2457617.6376400003	16.609	0.015
2457619.52864	16.609	0.017
2457622.61887	16.631	0.013999999999999999
2457624.51058	16.594	0.012
2457626.5173	16.622	0.01
2457631.54421	16.569000000000003	0.01
2457633.6163	16.582	0.013999999999999999
2457636.62861	16.587	0.012
2457639.53977	16.573	0.013999999999999999
2457647.50765	16.557000000000002	0.019
2457649.6173799997	16.518	0.01
2457651.4976	16.526	0.01
2457652.5499299997	16.484	0.012
2457653.58919	16.493	0.01
2457655.5913400003	16.486	0.013999999999999999
2457657.5786900003	16.452	0.01
2457660.53992	16.428	0.012
2457661.58439	16.406	0.012
2457664.54207	16.354	0.013999999999999999
2457666.49024	16.319000000000003	0.013999999999999999
2457671.54721	16.16	0.012
2457679.5151299997	15.119000000000002	0.006999999999999999
2457800.85463	16.686	0.019
2457807.86256	16.699	0.015
2457810.88721	16.689	0.013999999999999999
2457814.87462	16.667	0.013999999999999999
2457817.85927	16.673	0.012
2457819.8920299998	16.659000000000002	0.012
2457822.8583	16.674	0.015
2457824.8990599997	16.663	0.015
2457827.8088	16.665	0.015
2457829.81929	16.702	0.02
2457834.86919	16.663	0.015
2457836.90055	16.668	0.015
2457838.89019	16.676	0.013999999999999999
2457840.89893	16.667	0.012
2457842.86248	16.699	0.013999999999999999
2457844.8229799997	16.689	0.017
2457846.77775	16.677	0.013999999999999999
2457847.90876	16.666	0.012
2457849.8303400003	16.665	0.012
2457851.75269	16.665	0.015
2457853.91733	16.665	0.017
2457855.81399	16.671	0.015
2457857.8580099996	16.666	0.019
2457862.72086	16.65	0.015
2457863.9245599997	16.66	0.012
2457864.88619	16.680999999999997	0.012
2457866.73496	16.67	0.012
2457867.86932	16.678	0.012
2457869.79378	16.656	0.012
2457871.71091	16.668	0.012
2457872.8442599997	16.655	0.01
2457874.66646	16.660999999999998	0.017
2457875.8798599998	16.689	0.013999999999999999
2457877.65582	16.671	0.015
2457878.81458	16.676	0.012
2457880.68219	16.703	0.017
2457881.8722200003	16.674	0.017
2457889.92103	16.701	0.02
2457893.76395	16.673	0.015
2457894.77263	16.666	0.013999999999999999
2457897.7026400003	16.673	0.013999999999999999
2457902.62904	16.660999999999998	0.017
2457903.79786	16.689	0.015
2457904.8014599998	16.68	0.012
2457905.76812	16.673	0.013999999999999999
2457906.72127	16.671	0.01
2457907.74441	16.651	0.01
2457908.8281099997	16.665	0.012
2457909.75086	16.679000000000002	0.012
2457910.64548	16.674	0.015
2457910.94735	16.686	0.013999999999999999
2457917.56282	16.69	0.019
2457917.8969900003	16.674	0.017
2457922.6512599997	16.699	0.013999999999999999
2457923.8051299998	16.678	0.013999999999999999
2457924.7615900002	16.676	0.012
2457925.7960599996	16.694000000000003	0.013999999999999999
2457926.8761400003	16.691	0.019
2457932.83523	16.677	0.013999999999999999
2457933.8155900002	16.682000000000002	0.015
2457934.82767	16.676	0.013999999999999999
2457935.8624	16.684	0.012
2457936.84745	16.695999999999998	0.015
2457937.82305	16.675	0.017
2457944.60684	16.660999999999998	0.015
2457945.51875	16.653	0.017
2457945.84845	16.711	0.017
2457946.8139299997	16.688	0.013999999999999999
2457948.4937	16.697	0.017
2457949.55821	16.694000000000003	0.017
2457952.81553	16.665	0.015
2457954.47438	16.659000000000002	0.013999999999999999
2457955.78973	16.652	0.013999999999999999
2457957.6466	16.663	0.013999999999999999
2457958.77091	16.7	0.015
2457959.79504	16.678	0.015
2457961.56108	16.677	0.012
2457962.66427	16.685	0.01
2457965.66956	16.698	0.013999999999999999
2457967.58692	16.672	0.015
2457972.6900400002	16.706	0.017
2457974.58344	16.677	0.015
2457979.57944	16.679000000000002	0.013999999999999999
2457981.56201	16.657	0.013999999999999999
2457983.5184	16.687	0.015
2457984.65615	16.709	0.013999999999999999
2457987.49596	16.679000000000002	0.012
2457991.4819799997	16.654	0.013999999999999999
2457992.6488	16.676	0.013999999999999999
2457994.6246	16.701	0.015
2458000.56904	16.679000000000002	0.017
2458002.63754	16.656	0.019
2458007.5955	16.705	0.015
2458012.5751900002	16.67	0.012
2458016.48481	16.677	0.015
2458019.56313	16.678	0.012
2458029.51363	16.69	0.015
2458040.50215	16.685	0.017
2458041.49896	16.675	0.015
2458053.53254	16.689	0.017
