2455377.52392	17.621	0.034
2455377.7623099997	17.61	0.024
2455378.67056	17.616	0.024
2455379.49406	17.586	0.03
2455379.79771	17.599	0.027000000000000003
2455380.5054900004	17.584	0.027999999999999997
2455380.68903	17.614	0.021
2455381.54189	17.618	0.031
2455381.7554099998	17.599	0.033
2455382.63044	17.63	0.036000000000000004
2455382.8382900003	17.599	0.042
2455385.84017	17.601	0.022000000000000002
2455386.54328	17.622	0.022000000000000002
2455386.62481	17.609	0.022000000000000002
2455386.70924	17.625	0.022000000000000002
2455387.4742	17.62	0.025
2455387.83989	17.627	0.027000000000000003
2455388.7944900002	17.633	0.025
2455389.7269	17.613	0.025
2455390.67562	17.605	0.033
2455391.5354299997	17.589000000000002	0.033
2455392.47253	17.609	0.031
2455392.8025700003	17.609	0.024
2455393.7790099997	17.645	0.03
2455396.7269099997	17.633	0.027000000000000003
2455396.76167	17.616	0.021
2455403.51064	17.62	0.025
2455403.70349	17.6	0.024
2455404.5742	17.609	0.027999999999999997
2455404.77923	17.609	0.03
2455405.7867799997	17.634	0.027000000000000003
2455407.64338	17.59	0.033
2455408.57107	17.594	0.027999999999999997
2455408.76377	17.574	0.031
2455409.76598	17.593	0.027999999999999997
2455410.7702599997	17.589000000000002	0.027000000000000003
2455411.78138	17.69	0.036000000000000004
2455412.7039900003	17.607	0.036000000000000004
2455413.77484	17.604	0.027999999999999997
2455416.6200900003	17.617	0.03
2455418.68732	17.668	0.027000000000000003
2455421.70071	17.605	0.022000000000000002
2455423.51824	17.605999999999998	0.021
2455426.5443599997	17.637	0.027999999999999997
2455430.61509	17.602999999999998	0.031
2455431.61255	17.61	0.027999999999999997
2455432.62812	17.637	0.036000000000000004
2455434.58057	17.612000000000002	0.027999999999999997
2455435.54996	17.622	0.027000000000000003
2455436.6496	17.602	0.024
2455438.64172	17.62	0.024
2455439.6463099997	17.635	0.03
2455443.66488	17.587	0.025
2455445.4815599998	17.637999999999998	0.025
2455446.5776	17.605999999999998	0.027000000000000003
2455447.6112	17.614	0.022000000000000002
2455449.51803	17.585	0.027999999999999997
2455450.60697	17.64	0.031
2455453.54658	17.619	0.033
2455457.61847	17.593	0.025
2455459.51026	17.663	0.027999999999999997
2455460.5298200003	17.66	0.03
2455461.55637	17.735	0.052000000000000005
2455462.6127299997	17.611	0.033
2455465.55923	17.67	0.045
2455469.5537799997	17.596	0.022000000000000002
2455471.58905	17.596	0.025
2455473.51918	17.665	0.033
2455478.51272	17.628	0.027000000000000003
2455480.5612	17.588	0.03
2455485.55362	17.622	0.033
2455487.5466400003	17.594	0.031
2455489.54951	17.577	0.042
2455494.51757	17.643	0.042
2455497.54122	17.567	0.033
2455620.87761	17.632	0.031
2455621.8999	17.605999999999998	0.027000000000000003
2455624.89109	17.645	0.021
2455626.8623	17.616	0.024
2455628.82173	17.631	0.024
2455629.84838	17.623	0.025
2455631.8776700003	17.631	0.022000000000000002
2455633.83165	17.62	0.022000000000000002
2455635.86454	17.61	0.025
2455637.90728	17.63	0.033
2455638.86534	17.608	0.024
2455639.81887	17.570999999999998	0.027000000000000003
2455639.89448	17.639	0.024
2455640.81567	17.612000000000002	0.027999999999999997
2455640.90365	17.651	0.025
2455641.81188	17.611	0.025
2455642.77228	17.605999999999998	0.031
2455642.89303	17.599	0.027000000000000003
2455643.79819	17.611	0.027999999999999997
2455643.8988900003	17.625	0.021
2455644.80448	17.58	0.027999999999999997
2455647.75607	17.587	0.025
2455647.7929	17.655	0.025
2455647.82912	17.618	0.027000000000000003
2455647.8613400003	17.662	0.024
2455647.91273	17.641	0.036000000000000004
2455648.8122400003	17.625	0.022000000000000002
2455648.89948	17.621	0.022000000000000002
2455649.7947	17.615	0.021
2455649.90064	17.621	0.022000000000000002
2455650.78662	17.62	0.019
2455650.8982599997	17.621	0.025
2455651.8108900003	17.628	0.022000000000000002
2455652.74834	17.627	0.021
2455652.85208	17.649	0.021
2455653.9073400004	17.602	0.018000000000000002
2455654.82992	17.611	0.022000000000000002
2455655.7435	17.633	0.025
2455655.82053	17.617	0.022000000000000002
2455656.7708400004	17.614	0.021
2455656.8565599998	17.616	0.018000000000000002
2455657.81777	17.637999999999998	0.019
2455657.9079400003	17.618	0.018000000000000002
2455658.8141099997	17.608	0.024
2455658.91253	17.592	0.024
2455659.7653900003	17.627	0.021
2455659.84365	17.59	0.024
2455660.72994	17.58	0.025
2455660.82063	17.605	0.021
2455662.729	17.587	0.031
2455662.83112	17.588	0.024
2455662.91125	17.602999999999998	0.024
2455664.77511	17.573	0.025
2455664.87562	17.639	0.03
2455665.75614	17.625	0.027000000000000003
2455665.86607	17.618	0.024
2455667.77476	17.563	0.024
2455668.76428	17.594	0.027999999999999997
2455669.77703	17.621	0.024
2455670.75158	17.605999999999998	0.027999999999999997
2455671.73348	17.623	0.027000000000000003
2455675.8132	17.619	0.025
2455676.73965	17.65	0.018000000000000002
2455676.9287900003	17.624000000000002	0.024
2455677.88056	17.634	0.021
2455679.79244	17.625999999999998	0.025
2455680.68599	17.59	0.027000000000000003
2455680.8692799998	17.623	0.021
2455681.7539	17.59	0.021
2455682.66374	17.596	0.027000000000000003
2455682.88441	17.578	0.019
2455683.81802	17.621	0.019
2455684.7322299997	17.605	0.021
2455684.93309	17.616	0.031
2455685.90395	17.631	0.021
2455686.81506	17.631	0.021
2455687.70221	17.6	0.027000000000000003
2455688.87159	17.594	0.019
2455689.8168599997	17.625999999999998	0.019
2455690.8092	17.607	0.024
2455691.74767	17.574	0.024
2455692.64058	17.54	0.036000000000000004
2455692.82221	17.570999999999998	0.024
2455693.64912	17.583	0.027000000000000003
2455693.84431	17.602	0.019
2455694.6612	17.607	0.025
2455694.85237	17.605	0.021
2455695.6837400002	17.599	0.03
2455695.8919900004	17.646	0.021
2455696.7179799997	17.63	0.025
2455697.72434	17.578	0.025
2455697.88893	17.592	0.024
2455698.72275	17.6	0.037000000000000005
2455698.88359	17.586	0.031
2455703.84997	17.623	0.034
2455705.8738	17.621	0.03
2455706.8087	17.614	0.03
2455707.69906	17.644000000000002	0.025
2455707.8563900003	17.597	0.025
2455708.68065	17.611	0.027000000000000003
2455708.8656599997	17.577	0.031
2455710.788	17.576	0.024
2455712.7653799998	17.58	0.021
2455713.77415	17.562	0.018000000000000002
2455714.69187	17.559	0.019
2455715.7153	17.625999999999998	0.021
2455715.90503	17.57	0.027000000000000003
2455716.78912	17.595	0.024
2455721.63436	17.624000000000002	0.025
2455721.8722099997	17.592	0.025
2455722.70127	17.612000000000002	0.022000000000000002
2455723.58722	17.592	0.024
2455723.76487	17.616	0.021
2455724.58615	17.627	0.033
2455724.6003799997	17.648	0.031
2455724.61296	17.679000000000002	0.034
2455724.81593	17.625999999999998	0.027000000000000003
2455725.74052	17.645	0.022000000000000002
2455726.63998	17.668	0.03
2455726.81274	17.585	0.03
2455734.79714	17.59	0.024
2455735.63986	17.625	0.031
2455735.6570200003	17.615	0.027000000000000003
2455735.67153	17.621	0.031
2455735.686	17.608	0.025
2455735.70329	17.623	0.025
2455735.72537	17.609	0.024
2455735.74576	17.562	0.021
2455735.76478	17.576	0.021
2455735.78298	17.605	0.024
2455735.79763	17.587	0.024
2455735.8125400003	17.59	0.022000000000000002
2455735.82915	17.599	0.024
2455735.84446	17.597	0.03
2455735.85934	17.642	0.027000000000000003
2455735.8741	17.6	0.031
2455735.88895	17.608	0.031
2455736.61246	17.642	0.019
2455736.62671	17.599	0.018000000000000002
2455736.64183	17.623	0.021
2455736.66093	17.593	0.018000000000000002
2455736.6821	17.617	0.018000000000000002
2455736.6977	17.624000000000002	0.018000000000000002
2455736.70584	17.622	0.018000000000000002
2455736.71883	17.602999999999998	0.018000000000000002
2455736.72816	17.645	0.018000000000000002
2455736.7371900002	17.637999999999998	0.018000000000000002
2455736.7456900002	17.637	0.019
2455736.7540700003	17.614	0.019
2455736.7683	17.627	0.019
2455736.77813	17.612000000000002	0.019
2455736.7856900003	17.62	0.019
2455736.79355	17.583	0.019
2455736.80131	17.609	0.021
2455736.80927	17.597	0.021
2455736.81718	17.601	0.019
2455736.8251099996	17.589000000000002	0.021
2455736.83273	17.6	0.021
2455736.8406700003	17.617	0.021
2455736.8484099996	17.588	0.021
2455736.85642	17.607	0.021
2455736.86402	17.648	0.022000000000000002
2455736.87326	17.6	0.024
2455736.88088	17.611	0.027999999999999997
2455736.88747	17.594	0.025
2455736.89518	17.576	0.024
2455736.9016400003	17.609	0.031
2455737.5155	17.57	0.027999999999999997
2455737.56812	17.602999999999998	0.022000000000000002
2455737.62879	17.598	0.019
2455737.67263	17.614	0.018000000000000002
2455737.7442400004	17.602999999999998	0.018000000000000002
2455737.79758	17.595	0.021
2455737.85285	17.590999999999998	0.022000000000000002
2455738.71343	17.616	0.019
2455739.5822799997	17.587	0.027000000000000003
2455739.76849	17.61	0.022000000000000002
2455740.56291	17.61	0.031
2455740.76702	17.584	0.022000000000000002
2455741.53687	17.627	0.025
2455741.7192	17.623	0.021
2455741.87536	17.622	0.021
2455742.6417	17.604	0.022000000000000002
2455742.8088	17.618	0.019
2455743.6836599996	17.599	0.025
2455743.85745	17.62	0.031
2455744.61602	17.663	0.033
2455744.8412200003	17.602	0.027000000000000003
2455745.61588	17.602999999999998	0.027999999999999997
2455745.79104	17.683	0.034
2455746.63662	17.71	0.022000000000000002
2455746.82305	17.625	0.033
2455747.72162	17.622	0.031
2455749.50346	17.55	0.036000000000000004
2455749.66871	17.633	0.027000000000000003
2455752.54778	17.615	0.036000000000000004
2455752.73671	17.629	0.024
2455753.6274900003	17.633	0.045
2455759.8418	17.602	0.039
2455760.63035	17.625	0.027999999999999997
2455760.8023099997	17.625999999999998	0.025
2455762.50237	17.622	0.027000000000000003
2455762.6602	17.602	0.025
2455763.5351	17.678	0.022000000000000002
2455763.72464	17.6	0.024
2455764.53977	17.61	0.022000000000000002
2455764.71836	17.631	0.019
2455765.60417	17.631	0.019
2455766.4716	17.585	0.027999999999999997
2455766.6551900003	17.622	0.021
2455767.53187	17.613	0.027999999999999997
2455767.74165	17.599	0.027000000000000003
2455768.59013	17.614	0.022000000000000002
2455768.76928	17.611	0.024
2455769.62516	17.660999999999998	0.021
2455770.67039	17.601	0.025
2455776.54203	17.590999999999998	0.031
2455777.48182	17.635	0.03
2455777.70891	17.643	0.021
2455778.61132	17.61	0.027999999999999997
2455779.74442	17.598	0.025
2455785.58202	17.61	0.033
2455786.49515	17.677	0.042
2455786.71459	17.631	0.034
2455787.5642	17.601	0.022000000000000002
2455787.7394	17.635	0.036000000000000004
2455788.65251	17.617	0.027000000000000003
2455790.5391599997	17.615	0.024
2455790.7115700003	17.642	0.027000000000000003
2455793.55833	17.625999999999998	0.024
2455793.71857	17.624000000000002	0.027999999999999997
2455794.63094	17.643	0.025
2455795.64408	17.611	0.025
2455796.6127400002	17.611	0.022000000000000002
2455801.53498	17.566	0.027000000000000003
2455801.69369	17.584	0.03
2455804.50688	17.635	0.022000000000000002
2455804.68021	17.651	0.027000000000000003
2455805.64409	17.605999999999998	0.027000000000000003
2455807.59529	17.651	0.036000000000000004
2455812.58006	17.575	0.036000000000000004
2455813.56537	17.599	0.024
2455815.53342	17.633	0.022000000000000002
2455816.50478	17.655	0.024
2455817.50594	17.621	0.022000000000000002
2455818.48518	17.587	0.025
2455819.4852299998	17.611	0.027000000000000003
2455819.6572	17.572	0.031
2455820.63469	17.657	0.036000000000000004
2455822.5736599998	17.636	0.03
2455823.50527	17.594	0.034
2455823.59209	17.582	0.027999999999999997
2455824.5309599997	17.596	0.022000000000000002
2455824.61139	17.63	0.027000000000000003
2455825.54048	17.655	0.025
2455825.6291900002	17.596	0.025
2455826.55911	17.643	0.027999999999999997
2455827.49838	17.633	0.037000000000000005
2455827.57889	17.572	0.027000000000000003
2455828.50954	17.616	0.024
2455828.58708	17.627	0.025
2455829.52227	17.605999999999998	0.024
2455829.5984799997	17.628	0.022000000000000002
2455830.5354299997	17.619	0.022000000000000002
2455831.49269	17.65	0.024
2455831.58268	17.628	0.024
2455832.52868	17.608	0.022000000000000002
2455832.60655	17.566	0.033
2455833.56612	17.596	0.024
2455834.52575	17.62	0.022000000000000002
2455834.59969	17.586	0.024
2455836.50935	17.689	0.034
2455836.5744	17.594	0.031
2455839.52907	17.559	0.043
2455839.59839	17.636	0.051
2455840.57163	17.583	0.025
2455841.50247	17.632	0.037000000000000005
2455841.58556	17.636	0.034
2455842.54848	17.734	0.039
2455843.50085	17.637999999999998	0.031
2455843.58838	17.631	0.048
2455844.52972	17.659000000000002	0.034
2455845.4906599997	17.570999999999998	0.034
2455845.57038	17.601	0.034
2455846.53237	17.692999999999998	0.04
2455850.55658	17.598	0.025
2455851.51981	17.666	0.03
2455851.57399	17.614	0.034
2455852.55093	17.557000000000002	0.033
2455854.54196	17.598	0.033
2455855.52875	17.66	0.034
2455856.53034	17.601	0.037000000000000005
2455858.50172	17.595	0.048
2455859.54614	17.625	0.034
2455861.51875	17.629	0.027999999999999997
2455862.52617	17.635	0.031
2455866.51847	17.56	0.049
2455867.5219799997	17.563	0.033
2455868.5229700003	17.845	0.049
2455869.5139	17.629	0.037000000000000005
2455870.51955	17.645	0.03
2455971.8920299998	17.529	0.033
2455976.90008	17.666	0.027999999999999997
2455977.8941599997	17.637	0.025
2455979.8487	17.644000000000002	0.025
2455980.85263	17.605999999999998	0.034
2455982.85701	17.665	0.024
2455983.8599099996	17.633	0.021
2455984.85344	17.648	0.021
2455985.83732	17.621	0.027000000000000003
2455986.8219	17.62	0.027000000000000003
2455986.90458	17.647000000000002	0.031
2455987.87181	17.641	0.022000000000000002
2455988.8616400003	17.637999999999998	0.024
2455989.84228	17.651	0.027000000000000003
2455990.81204	17.622	0.027000000000000003
2455990.8912400003	17.567	0.021
2455991.86524	17.62	0.019
2455992.84186	17.597	0.022000000000000002
2455993.82388	17.608	0.034
2455994.80517	17.595	0.03
2455994.88124	17.598	0.03
2455995.81317	17.63	0.024
2455995.89548	17.575	0.022000000000000002
2455996.8375	17.615	0.024
2455997.79536	17.629	0.03
2455997.87975	17.642	0.024
2455998.82073	17.635	0.027000000000000003
2455998.9100200003	17.625	0.025
2455999.85316	17.611	0.024
2456003.83213	17.605999999999998	0.036000000000000004
2456004.7734	17.558	0.03
2456004.86978	17.607	0.022000000000000002
2456005.7883900004	17.63	0.024
2456005.89531	17.618	0.018000000000000002
2456006.8067099997	17.619	0.019
2456006.9047	17.567	0.018000000000000002
2456007.8171	17.612000000000002	0.021
2456007.9031700003	17.607	0.021
2456008.8021	17.62	0.022000000000000002
2456008.89798	17.61	0.021
2456009.81241	17.623	0.019
2456009.89825	17.602	0.019
2456010.79603	17.645	0.019
2456010.89311	17.609	0.017
2456011.78467	17.594	0.021
2456011.89897	17.587	0.025
2456012.79998	17.595	0.021
2456012.89647	17.637999999999998	0.017
2456013.79341	17.602	0.022000000000000002
2456013.89565	17.658	0.019
2456014.77038	17.594	0.019
2456014.8692099997	17.584	0.025
2456015.74835	17.63	0.021
2456015.82558	17.592	0.018000000000000002
2456015.91672	17.629	0.024
2456016.80882	17.609	0.019
2456016.9119599997	17.634	0.018000000000000002
2456017.7946099997	17.63	0.019
2456017.89145	17.629	0.017
2456018.7835	17.609	0.024
2456018.86263	17.619	0.022000000000000002
2456019.7617200003	17.589000000000002	0.027999999999999997
2456019.85813	17.605	0.018000000000000002
2456020.7165	17.601	0.03
2456020.81134	17.605	0.021
2456020.8888	17.625999999999998	0.019
2456021.74909	17.575	0.025
2456021.82675	17.633	0.021
2456021.92551	17.637999999999998	0.031
2456022.7749	17.57	0.022000000000000002
2456022.8706900002	17.611	0.021
2456023.73064	17.641	0.03
2456023.81116	17.622	0.024
2456023.91627	17.605999999999998	0.025
2456024.76818	17.622	0.027000000000000003
2456024.87189	17.569000000000003	0.021
2456025.74295	17.547	0.03
2456025.82303	17.570999999999998	0.025
2456026.71632	17.599	0.049
2456031.84935	17.607	0.022000000000000002
2456032.78605	17.593	0.022000000000000002
2456033.71065	17.636	0.027999999999999997
2456033.91155	17.587	0.025
2456034.8620700003	17.597	0.018000000000000002
2456034.90002	17.62	0.021
2456036.75826	17.67	0.022000000000000002
2456037.7425599997	17.596	0.025
2456038.7105099997	17.578	0.031
2456038.90187	17.641	0.022000000000000002
2456039.89737	17.62	0.021
2456040.88413	17.597	0.022000000000000002
2456041.7072900003	17.617	0.027999999999999997
2456041.73332	17.598	0.027999999999999997
2456041.7621299997	17.612000000000002	0.025
2456041.82314	17.611	0.024
2456041.88115	17.627	0.019
2456046.8805400003	17.632	0.022000000000000002
2456047.77371	17.633	0.019
2456048.71344	17.583	0.021
2456048.90389	17.614	0.022000000000000002
2456049.83392	17.622	0.017
2456050.71033	17.625999999999998	0.027999999999999997
2456050.899	17.65	0.021
2456052.7075	17.602	0.027000000000000003
2456052.8843400003	17.576	0.021
2456053.73873	17.61	0.022000000000000002
2456053.93185	17.660999999999998	0.033
2456058.77078	17.613	0.021
2456059.6710200002	17.574	0.022000000000000002
2456059.8480599998	17.608	0.019
2456061.72614	17.595	0.022000000000000002
2456061.90388	17.567	0.024
2456062.7747299997	17.611	0.022000000000000002
2456063.74518	17.629	0.034
2456063.94098	17.594	0.034
2456064.8717799997	17.645	0.022000000000000002
2456065.7005	17.649	0.022000000000000002
2456066.63913	17.598	0.021
2456066.81949	17.613	0.022000000000000002
2456067.62338	17.627	0.025
2456067.8023	17.634	0.021
2456068.61823	17.57	0.022000000000000002
2456068.84185	17.604	0.019
2456069.77225	17.609	0.018000000000000002
2456070.5898700003	17.61	0.031
2456070.74436	17.602	0.021
2456070.92279	17.617	0.027999999999999997
2456071.72057	17.602999999999998	0.019
2456071.8999	17.632	0.022000000000000002
2456075.70351	17.602999999999998	0.021
2456076.57693	17.605	0.025
2456076.76047	17.631	0.019
2456076.93327	17.62	0.025
2456077.87452	17.578	0.022000000000000002
2456078.67478	17.596	0.024
2456078.86051	17.605999999999998	0.018000000000000002
2456079.6521	17.593	0.019
2456079.8555400004	17.63	0.019
2456080.6225400004	17.572	0.027999999999999997
2456080.79002	17.633	0.022000000000000002
2456081.58022	17.566	0.031
2456081.74299	17.62	0.025
2456081.9284099997	17.596	0.034
2456082.73906	17.634	0.043
2456082.8703400004	17.61	0.036000000000000004
2456085.57528	17.618	0.034
2456085.74825	17.570999999999998	0.025
2456086.68127	17.602	0.022000000000000002
2456086.87238	17.58	0.027000000000000003
2456087.7714299997	17.628	0.024
2456088.62666	17.588	0.021
2456089.73006	17.589000000000002	0.019
2456092.58674	17.637	0.027000000000000003
2456092.86304	17.608	0.025
2456093.6570599996	17.643	0.022000000000000002
2456093.85819	17.632	0.025
2456094.71773	17.598	0.022000000000000002
2456094.8930099998	17.581	0.033
2456096.72452	17.613	0.024
2456096.73733	17.583	0.025
2456096.89761	17.55	0.033
2456097.8287299997	17.576	0.024
2456098.62421	17.61	0.025
2456098.80398	17.588	0.022000000000000002
2456099.75325	17.664	0.03
2456100.65069	17.64	0.022000000000000002
2456100.8381	17.655	0.027999999999999997
2456101.60263	17.566	0.024
2456101.78101	17.596	0.019
2456102.56641	17.608	0.027000000000000003
2456102.7420200002	17.599	0.019
2456103.5046099997	17.622	0.031
2456103.67038	17.651	0.022000000000000002
2456104.50673	17.612000000000002	0.024
2456104.65483	17.627	0.021
2456104.81549	17.615	0.018000000000000002
2456105.56949	17.612000000000002	0.03
2456105.7615099996	17.632	0.024
2456108.57052	17.648	0.025
2456108.75635	17.565	0.021
2456109.74419	17.647000000000002	0.027999999999999997
2456109.8439	17.64	0.031
2456113.5496900002	17.645	0.034
2456113.71177	17.602999999999998	0.024
2456114.56255	17.652	0.04
2456114.73411	17.648	0.024
2456115.49818	17.577	0.024
2456115.6867400003	17.61	0.027000000000000003
2456116.53716	17.617	0.024
2456116.71606	17.614	0.021
2456117.51739	17.658	0.025
2456117.69528	17.587	0.024
2456117.84838	17.632	0.027000000000000003
2456118.64239	17.625	0.021
2456118.81007	17.644000000000002	0.022000000000000002
2456119.5975599997	17.594	0.021
2456119.75307	17.555999999999997	0.024
2456120.62933	17.532	0.022000000000000002
2456120.8059	17.637	0.024
2456121.60603	17.625999999999998	0.018000000000000002
2456121.76078	17.578	0.015
2456123.65222	17.6	0.021
2456123.8097599996	17.6	0.021
2456124.6581	17.616	0.021
2456124.8199400003	17.579	0.025
2456125.65887	17.614	0.024
2456125.82964	17.602999999999998	0.027999999999999997
2456126.69228	17.588	0.021
2456127.566	17.66	0.031
2456128.58332	17.636	0.021
2456130.7179099997	17.607	0.027000000000000003
2456131.66456	17.597	0.018000000000000002
2456131.73302	17.652	0.021
2456132.6888099997	17.569000000000003	0.033
2456133.64117	17.649	0.027000000000000003
2456134.5523599996	17.614	0.027999999999999997
2456135.52103	17.599	0.025
2456135.6321	17.628	0.036000000000000004
2456135.74394	17.589000000000002	0.022000000000000002
2456136.67174	17.622	0.024
2456140.5218700003	17.607	0.037000000000000005
2456140.7016	17.633	0.036000000000000004
2456141.54706	17.641	0.027000000000000003
2456141.7236099998	17.582	0.03
2456147.60899	17.634	0.034
2456148.53651	17.614	0.018000000000000002
2456149.56154	17.628	0.022000000000000002
2456150.58989	17.574	0.027999999999999997
2456151.5825099996	17.629	0.027000000000000003
2456151.74189	17.643	0.025
2456152.6433900003	17.655	0.022000000000000002
2456154.59038	17.62	0.027000000000000003
2456157.72097	17.657	0.033
2456158.6587	17.59	0.022000000000000002
2456159.57936	17.581	0.024
2456160.57926	17.578	0.021
2456160.73421	17.813	0.024
2456161.68122	17.590999999999998	0.027000000000000003
2456164.65279	17.612000000000002	0.027000000000000003
2456168.66299	17.634	0.024
2456169.6360299997	17.561	0.025
2456171.6003400004	17.586	0.022000000000000002
2456172.5597	17.627	0.021
2456175.52183	17.598	0.024
2456179.4854200003	17.594	0.03
2456179.66819	17.655	0.036000000000000004
2456180.6532	17.632	0.034
2456181.61705	17.622	0.022000000000000002
2456182.6305400003	17.609	0.024
2456184.5304799997	17.586	0.019
2456185.62879	17.615	0.022000000000000002
2456190.4911700003	17.615	0.027000000000000003
2456191.54566	17.601	0.025
2456195.51955	17.613	0.024
2456195.59885	17.644000000000002	0.025
2456196.5186400004	17.595	0.027000000000000003
2456196.59795	17.570999999999998	0.025
2456197.5202900004	17.605	0.025
2456197.59968	17.579	0.034
2456199.53084	17.605	0.036000000000000004
2456200.6234	17.552	0.042
2456202.57995	17.665	0.043
2456203.5718799997	17.554000000000002	0.031
2456204.52535	17.628	0.025
2456204.60179	17.602999999999998	0.03
2456205.54827	17.59	0.021
2456210.5191900004	17.583	0.022000000000000002
2456210.5964900004	17.631	0.027999999999999997
2456211.55045	17.602	0.021
2456212.54589	17.62	0.022000000000000002
2456213.49677	17.678	0.031
2456213.57392	17.632	0.027999999999999997
2456214.55724	17.613	0.025
2456216.5556400004	17.618	0.024
2456217.51143	17.604	0.021
2456217.58636	17.612000000000002	0.022000000000000002
2456218.56288	17.553	0.027999999999999997
2456223.54882	17.657	0.033
2456233.50557	17.599	0.039
2456234.54523	17.529	0.033
2456239.52917	17.569000000000003	0.033
2456334.86072	17.595	0.025
2456335.84968	17.624000000000002	0.027000000000000003
2456337.89027	17.622	0.025
2456338.8700599996	17.627	0.022000000000000002
2456339.8933200003	17.623	0.027000000000000003
2456341.86838	17.592	0.03
2456344.84605	17.589000000000002	0.021
2456345.8648900003	17.656	0.024
2456347.86813	17.625	0.024
2456348.86477	17.602999999999998	0.022000000000000002
2456349.8702	17.623	0.025
2456350.8834	17.573	0.022000000000000002
2456352.8810900003	17.646	0.022000000000000002
2456353.85671	17.614	0.022000000000000002
2456354.8746700003	17.62	0.022000000000000002
2456358.87618	17.646	0.027000000000000003
2456360.87066	17.627	0.019
2456361.8461	17.617	0.021
2456362.81912	17.608	0.022000000000000002
2456362.8827299997	17.599	0.022000000000000002
2456363.84142	17.625999999999998	0.021
2456367.85899	17.597	0.018000000000000002
2456368.79527	17.592	0.021
2456368.88833	17.615	0.019
2456369.82713	17.654	0.019
2456370.783	17.605	0.024
2456370.87353	17.642	0.022000000000000002
2456371.79488	17.594	0.019
2456371.8826900003	17.590999999999998	0.015
2456372.7875599996	17.623	0.022000000000000002
2456372.87642	17.599	0.018000000000000002
2456373.80436	17.576	0.025
2456373.89335	17.601	0.021
2456374.8201	17.624000000000002	0.021
2456374.90135	17.647000000000002	0.021
2456375.81708	17.594	0.019
2456375.83535	17.587	0.019
2456375.91623	17.608	0.021
2456376.8314	17.622	0.022000000000000002
2456376.9131400003	17.648	0.019
2456377.84331	17.614	0.018000000000000002
2456378.75072	17.644000000000002	0.024
2456378.83857	17.601	0.018000000000000002
2456378.91968	17.618	0.024
2456379.82521	17.654	0.024
2456379.91053	17.66	0.022000000000000002
2456380.8396099997	17.649	0.022000000000000002
2456381.75312	17.618	0.024
2456381.84686	17.615	0.018000000000000002
2456382.7509	17.599	0.033
2456382.83113	17.641	0.027999999999999997
2456386.74655	17.647000000000002	0.034
2456386.84142	17.64	0.022000000000000002
2456387.73171	17.644000000000002	0.022000000000000002
2456387.81817	17.631	0.019
2456387.8988799998	17.629	0.021
2456388.73531	17.619	0.024
2456388.8369299998	17.628	0.019
2456389.73363	17.593	0.025
2456389.82711	17.639	0.021
2456389.90967	17.63	0.021
2456390.77172	17.574	0.019
2456390.85799	17.660999999999998	0.019
2456391.76715	17.637999999999998	0.025
2456393.7680200003	17.643	0.025
2456394.72219	17.570999999999998	0.031
2456394.92607	17.621	0.024
2456395.8632	17.597	0.017
2456396.82077	17.625999999999998	0.018000000000000002
2456397.76244	17.618	0.018000000000000002
2456397.92663	17.575	0.024
2456398.8585099997	17.65	0.019
2456399.7631099997	17.637	0.021
2456400.7319	17.582	0.021
2456401.70112	17.616	0.027000000000000003
2456401.8761299998	17.664	0.019
2456402.79248	17.647000000000002	0.025
2456403.7108400003	17.632	0.021
2456403.8746700003	17.625	0.021
2456404.73515	17.623	0.022000000000000002
2456404.81915	17.616	0.019
2456404.9287799997	17.599	0.025
2456405.8223200003	17.614	0.022000000000000002
2456406.8407900003	17.604	0.031
2456407.7650200003	17.579	0.022000000000000002
2456408.71654	17.562	0.042
2456409.81066	17.663	0.037000000000000005
2456415.77641	17.521	0.022000000000000002
2456416.65847	17.621	0.025
2456416.8704	17.613	0.021
2456417.76694	17.628	0.03
2456418.64137	17.628	0.024
2456418.78888	17.597	0.019
2456419.6771299997	17.645	0.024
2456419.85366	17.631	0.022000000000000002
2456420.70473	17.61	0.018000000000000002
2456420.87763	17.623	0.018000000000000002
2456421.92096	17.631	0.025
2456422.9134400003	17.592	0.036000000000000004
2456423.83021	17.652	0.022000000000000002
2456424.66957	17.59	0.021
2456424.86411	17.593	0.018000000000000002
2456426.7644	17.645	0.019
2456427.92854	17.584	0.021
2456428.7508400003	17.605	0.024
2456428.93862	17.653	0.033
2456431.74935	17.639	0.022000000000000002
2456431.92387	17.611	0.027000000000000003
2456432.78265	17.583	0.021
2456432.94741	17.649	0.057
2456433.7700799997	17.645	0.024
2456434.6708400003	17.558	0.025
2456434.85527	17.621	0.024
2456435.70192	17.62	0.022000000000000002
2456435.8906799997	17.605999999999998	0.021
2456436.69001	17.64	0.024
2456436.8793099998	17.582	0.022000000000000002
2456437.81494	17.602	0.033
2456441.69872	17.623	0.027999999999999997
2456441.72768	17.544	0.025
2456441.91806	17.646	0.03
2456442.6927	17.632	0.021
2456442.87674	17.598	0.019
2456443.65173	17.635	0.022000000000000002
2456443.85792	17.608	0.024
2456444.7226	17.64	0.027000000000000003
2456444.89846	17.609	0.022000000000000002
2456445.71717	17.614	0.022000000000000002
2456445.91438	17.59	0.027000000000000003
2456446.69722	17.611	0.018000000000000002
2456446.90341	17.61	0.021
2456447.66147	17.574	0.021
2456447.84879	17.625999999999998	0.021
2456448.6115099997	17.607	0.022000000000000002
2456448.7959	17.636	0.019
2456449.57318	17.63	0.024
2456449.74705	17.64	0.022000000000000002
2456449.9219400003	17.648	0.031
2456450.69715	17.617	0.018000000000000002
2456450.8752599997	17.65	0.021
2456451.63699	17.58	0.024
2456451.82235	17.629	0.022000000000000002
2456452.59778	17.62	0.019
2456452.8358	17.609	0.018000000000000002
2456454.61055	17.643	0.022000000000000002
2456454.7952	17.618	0.021
2456455.56777	17.648	0.022000000000000002
2456456.5767599996	17.625	0.017
2456456.7632299997	17.612000000000002	0.018000000000000002
2456457.72541	17.611	0.017
2456457.90039	17.589000000000002	0.021
2456458.68407	17.634	0.022000000000000002
2456458.86915	17.589000000000002	0.022000000000000002
2456459.63818	17.634	0.021
2456459.82796	17.637	0.019
2456460.66892	17.607	0.019
2456461.58493	17.601	0.021
2456461.79049	17.637999999999998	0.022000000000000002
2456462.65392	17.573	0.021
2456463.53035	17.602999999999998	0.036000000000000004
2456463.7062	17.595	0.022000000000000002
2456463.88196	17.609	0.022000000000000002
2456464.70397	17.625999999999998	0.024
2456464.8892200002	17.554000000000002	0.027000000000000003
2456469.58405	17.577	0.027000000000000003
2456469.77152	17.631	0.022000000000000002
2456471.7878900003	17.594	0.036000000000000004
2456472.7636	17.642	0.022000000000000002
2456473.53825	17.639	0.027999999999999997
2456473.72463	17.597	0.019
2456473.88187	17.595	0.027999999999999997
2456474.65421	17.617	0.024
2456474.8396900003	17.605999999999998	0.03
2456475.63503	17.602	0.019
2456475.8176700003	17.607	0.024
2456476.5833400004	17.602999999999998	0.025
2456476.7718	17.570999999999998	0.019
2456477.577	17.592	0.024
2456477.76485	17.593	0.025
2456478.6138299997	17.632	0.022000000000000002
2456479.69098	17.6	0.025
2456480.59059	17.585	0.022000000000000002
2456480.77447	17.612000000000002	0.021
2456481.58574	17.604	0.024
2456481.82922	17.61	0.036000000000000004
2456484.49693	17.62	0.024
2456485.56335	17.589000000000002	0.024
2456485.7935900004	17.642	0.022000000000000002
2456486.53031	17.662	0.025
2456486.74016	17.633	0.021
2456487.53018	17.623	0.022000000000000002
2456487.73299	17.631	0.018000000000000002
2456490.59302	17.635	0.021
2456490.79785	17.675	0.022000000000000002
2456491.67073	17.625999999999998	0.025
2456492.48776	17.604	0.033
2456496.51617	17.563	0.039
2456497.59943	17.63	0.03
2456497.7842	17.588	0.03
2456498.6201299997	17.587	0.019
2456498.7938099997	17.614	0.025
2456500.55647	17.648	0.034
2456501.57503	17.637999999999998	0.022000000000000002
2456501.76655	17.611	0.027999999999999997
2456505.4909	17.62	0.025
2456505.7084	17.654	0.024
2456506.6041900003	17.546	0.027999999999999997
2456507.68671	17.582	0.03
2456508.60593	17.605	0.019
2456509.51031	17.615	0.018000000000000002
2456509.6965799998	17.59	0.018000000000000002
2456510.58544	17.649	0.018000000000000002
2456511.49279	17.581	0.022000000000000002
2456511.7420200002	17.618	0.022000000000000002
2456514.6422099997	17.642	0.019
2456515.5964	17.614	0.019
2456516.57549	17.581	0.025
2456518.6011200002	17.639	0.018000000000000002
2456519.55315	17.622	0.018000000000000002
2456523.49145	17.582	0.027000000000000003
2456523.64637	17.648	0.025
2456524.58758	17.614	0.021
2456525.58916	17.574	0.03
2456527.57999	17.59	0.027999999999999997
2456529.65552	17.604	0.03
2456531.64798	17.586	0.025
2456532.64003	17.612000000000002	0.022000000000000002
2456534.51013	17.59	0.025
2456535.59035	17.622	0.027999999999999997
2456538.5312799998	17.595	0.019
2456539.58371	17.607	0.018000000000000002
2456541.59313	17.61	0.018000000000000002
2456543.6442400003	17.542	0.021
2456545.54456	17.639	0.018000000000000002
2456546.5789400004	17.685	0.027999999999999997
2456551.59138	17.535	0.034
2456555.65435	17.607	0.027999999999999997
2456558.63705	17.666	0.03
2456560.54192	17.583	0.021
2456562.50101	17.583	0.025
2456563.56053	17.622	0.027000000000000003
2456564.49111	17.627	0.034
2456564.58447	17.625999999999998	0.027999999999999997
2456565.55226	17.576	0.021
2456567.53754	17.623	0.03
2456568.5348799997	17.562	0.031
2456569.48521	17.593	0.025
2456569.57774	17.628	0.022000000000000002
2456570.5556	17.588	0.022000000000000002
2456571.56366	17.611	0.027000000000000003
2456572.52316	17.58	0.027999999999999997
2456573.4874299997	17.625999999999998	0.027000000000000003
2456573.5769599997	17.608	0.024
2456577.55703	17.613	0.051
2456578.53906	17.602	0.03
2456579.5077400003	17.616	0.027000000000000003
2456580.52814	17.625	0.036000000000000004
2456581.56353	17.634	0.027000000000000003
2456582.57411	17.573	0.025
2456583.55613	17.635	0.037000000000000005
2456584.5592099996	17.647000000000002	0.04
2456585.55955	17.643	0.034
2456590.53689	17.625999999999998	0.036000000000000004
2456590.56233	17.549	0.039
2456593.52764	17.654	0.031
2456595.52777	17.581	0.033
2456697.89037	17.58	0.025
2456702.87482	17.625	0.025
2456704.88039	17.622	0.022000000000000002
2456707.85077	17.652	0.033
2456708.86602	17.637	0.025
2456709.89192	17.623	0.025
2456711.86005	17.609	0.024
2456715.82564	17.625999999999998	0.021
2456716.8197	17.613	0.018000000000000002
2456717.8148	17.594	0.027999999999999997
2456718.831	17.635	0.036000000000000004
2456719.82859	17.594	0.025
2456720.8045200002	17.613	0.027000000000000003
2456720.8980900003	17.615	0.019
2456721.87827	17.614	0.019
2456722.8623200003	17.63	0.025
2456723.83321	17.633	0.022000000000000002
2456724.8172299997	17.627	0.03
2456725.8908	17.683	0.025
2456726.85527	17.608	0.022000000000000002
2456727.82623	17.619	0.018000000000000002
2456728.79275	17.635	0.021
2456728.89106	17.605999999999998	0.018000000000000002
2456729.84879	17.608	0.019
2456730.7969299997	17.582	0.033
2456730.8955900003	17.579	0.025
2456732.80705	17.597	0.03
2456732.89982	17.637999999999998	0.025
2456733.84192	17.576	0.021
2456734.7747	17.639	0.024
2456734.87237	17.612000000000002	0.019
2456735.8009099998	17.583	0.031
2456735.90858	17.68	0.03
2456736.85291	17.655	0.03
2456737.80455	17.635	0.022000000000000002
2456737.88442	17.587	0.019
2456742.8108099997	17.637	0.018000000000000002
2456742.89871	17.599	0.019
2456744.81954	17.611	0.025
2456744.90881	17.645	0.019
2456745.8164	17.601	0.022000000000000002
2456745.90298	17.62	0.019
2456746.80986	17.642	0.022000000000000002
2456747.80559	17.552	0.025
2456747.91188	17.602	0.021
2456749.76977	17.633	0.025
2456750.77732	17.587	0.022000000000000002
2456751.8087	17.632	0.017
2456752.7817	17.539	0.022000000000000002
2456754.76133	17.572	0.024
2456755.79188	17.589000000000002	0.025
2456756.74507	17.614	0.018000000000000002
2456757.8964	17.623	0.019
2456758.92961	17.637	0.036000000000000004
2456759.87107	17.59	0.015
2456760.8217599997	17.625999999999998	0.018000000000000002
2456761.76015	17.584	0.025
2456762.70507	17.645	0.027999999999999997
2456762.9245	17.607	0.025
2456763.85952	17.654	0.025
2456764.78742	17.632	0.019
2456765.7129900004	17.625999999999998	0.027000000000000003
2456765.90619	17.598	0.022000000000000002
2456768.86303	17.64	0.025
2456769.7689	17.633	0.022000000000000002
2456769.92943	17.570999999999998	0.024
2456770.83061	17.635	0.019
2456771.76934	17.637	0.018000000000000002
2456772.69085	17.599	0.019
2456772.88712	17.594	0.017
2456773.80499	17.602	0.027000000000000003
2456774.71489	17.607	0.033
2456775.68026	17.631	0.021
2456775.88551	17.635	0.018000000000000002
2456776.7980400003	17.587	0.021
2456777.78004	17.642	0.019
2456784.69416	17.582	0.027999999999999997
2456784.87616	17.62	0.025
2456785.66938	17.635	0.021
2456785.86955	17.637	0.024
2456786.6776799997	17.599	0.021
2456786.8935700003	17.646	0.024
2456787.7508900003	17.623	0.019
2456789.6516299997	17.56	0.033
2456789.8164	17.649	0.027000000000000003
2456790.6825900003	17.6	0.027000000000000003
2456790.85346	17.615	0.036000000000000004
2456791.69195	17.604	0.031
2456791.8643	17.577	0.025
2456792.68757	17.605999999999998	0.027000000000000003
2456792.84729	17.595	0.025
2456796.63699	17.611	0.027000000000000003
2456796.8105200003	17.57	0.027999999999999997
2456797.66562	17.662	0.03
2456797.8443299998	17.671	0.033
2456798.83843	17.599	0.033
2456801.8236599998	17.639	0.031
2456803.7925299997	17.618	0.019
2456803.94484	17.611	0.046
2456804.7373	17.596	0.019
2456804.9103	17.611	0.025
2456805.71836	17.637	0.022000000000000002
2456805.90148	17.563	0.033
2456807.68419	17.614	0.027000000000000003
2456807.85744	17.632	0.027000000000000003
2456808.64602	17.551	0.024
2456808.83596	17.637999999999998	0.022000000000000002
2456809.61658	17.587	0.024
2456809.8196799997	17.637	0.019
2456810.61737	17.601	0.025
2456810.80638	17.607	0.021
2456811.58543	17.633	0.033
2456811.7806	17.625	0.025
2456813.6447799997	17.674	0.036000000000000004
2456813.83789	17.575	0.024
2456814.64926	17.618	0.024
2456814.8599099996	17.590999999999998	0.025
2456815.64536	17.635	0.027999999999999997
2456815.8582099997	17.628	0.025
2456816.69906	17.583	0.027999999999999997
2456816.88989	17.616	0.03
2456817.737	17.632	0.022000000000000002
2456817.9141700002	17.612000000000002	0.034
2456819.56946	17.604	0.037000000000000005
2456819.7193	17.574	0.027999999999999997
2456823.7254	17.608	0.025
2456823.88933	17.601	0.027000000000000003
2456824.67985	17.588	0.027999999999999997
2456824.87312	17.651	0.037000000000000005
2456825.65393	17.644000000000002	0.025
2456825.84068	17.636	0.031
2456826.60516	17.596	0.025
2456826.7914299998	17.633	0.024
2456827.59118	17.625999999999998	0.022000000000000002
2456827.8007400003	17.572	0.021
2456828.56222	17.666	0.024
2456828.7634799997	17.645	0.021
2456829.51629	17.618	0.04
2456829.7031099997	17.647000000000002	0.025
2456829.86229	17.544	0.027000000000000003
2456830.6694	17.602999999999998	0.018000000000000002
2456830.8525	17.62	0.022000000000000002
2456831.76102	17.611	0.021
2456832.55785	17.582	0.024
2456832.74881	17.625999999999998	0.025
2456833.57368	17.618	0.031
2456833.76646	17.613	0.024
2456834.54432	17.618	0.027999999999999997
2456834.72662	17.605	0.022000000000000002
2456835.55072	17.641	0.034
2456835.7346799998	17.618	0.025
2456836.7062	17.589000000000002	0.027999999999999997
2456837.49562	17.59	0.027999999999999997
2456837.6652	17.64	0.022000000000000002
2456837.83552	17.586	0.025
2456838.61136	17.64	0.027000000000000003
2456838.7941900003	17.614	0.024
2456839.57918	17.594	0.027999999999999997
2456839.76578	17.625999999999998	0.025
2456840.5792400003	17.602999999999998	0.031
2456840.77074	17.579	0.025
2456841.65085	17.596	0.022000000000000002
2456841.8204	17.609	0.03
2456842.6326200003	17.609	0.025
2456842.80714	17.645	0.027000000000000003
2456844.5944	17.628	0.021
2456844.7831200003	17.616	0.024
2456845.52543	17.617	0.022000000000000002
2456845.70482	17.618	0.022000000000000002
2456847.48592	17.604	0.027000000000000003
2456847.6258099996	17.629	0.024
2456847.7666700003	17.637999999999998	0.025
2456851.50306	17.653	0.039
2456851.68017	17.623	0.027999999999999997
2456852.49693	17.621	0.033
2456852.69554	17.547	0.048
2456855.47198	17.577	0.03
2456855.65175	17.644000000000002	0.024
2456855.8220900004	17.601	0.027000000000000003
2456856.64321	17.605	0.021
2456856.80222	17.577	0.027999999999999997
2456857.64326	17.625	0.019
2456858.47191	17.597	0.024
2456858.65726	17.6	0.019
2456859.58997	17.605	0.027999999999999997
2456859.78428	17.582	0.036000000000000004
2456862.73535	17.676	0.03
2456863.6033099997	17.613	0.019
2456863.77039	17.617	0.027000000000000003
2456864.63162	17.613	0.022000000000000002
2456865.54948	17.642	0.025
2456866.78975	17.633	0.031
2456870.5295	17.63	0.033
2456871.52091	17.601	0.024
2456872.6167900003	17.601	0.025
2456873.57638	17.586	0.03
2456879.50174	17.616	0.042
2456879.72825	17.6	0.039
2456880.6773900003	17.632	0.037000000000000005
2456881.60183	17.621	0.03
2456882.55107	17.61	0.03
2456882.7241599998	17.632	0.027000000000000003
2456884.69408	17.577	0.024
2456885.61998	17.62	0.021
2456886.53688	17.6	0.024
2456886.71408	17.637	0.027999999999999997
2456887.64142	17.633	0.021
2456888.57497	17.586	0.021
2456889.51738	17.590999999999998	0.022000000000000002
2456889.69998	17.615	0.027000000000000003
2456890.6403900003	17.592	0.025
2456891.5809400002	17.605999999999998	0.022000000000000002
2456895.53162	17.623	0.021
2456896.4802599996	17.652	0.027000000000000003
2456898.49047	17.604	0.033
2456900.5126900002	17.597	0.019
2456907.53057	17.597	0.022000000000000002
2456908.5155599997	17.593	0.031
2456909.54369	17.629	0.036000000000000004
2456912.5715400004	17.58	0.027000000000000003
2456915.5792900003	17.641	0.027999999999999997
2456918.57792	17.574	0.027000000000000003
2456921.61821	17.532	0.024
2456922.60255	17.579	0.027000000000000003
2456924.50111	17.583	0.027000000000000003
2456925.54071	17.586	0.03
2456926.5655799997	17.589000000000002	0.027999999999999997
2456927.61457	17.631	0.031
2456929.5504	17.616	0.03
2456930.59229	17.635	0.036000000000000004
2456936.53737	17.581	0.027999999999999997
2456937.53449	17.601	0.03
2456938.5344	17.6	0.034
2456940.49039	17.555	0.03
2456941.50545	17.570999999999998	0.037000000000000005
2456942.55226	17.538	0.031
2456944.49199	17.559	0.027000000000000003
2456947.51774	17.63	0.027999999999999997
2456950.55685	17.572	0.034
2456952.53937	17.612000000000002	0.036000000000000004
2456955.51248	17.611	0.033
2457063.8796900003	17.503	0.03
2457065.88092	17.493	0.027999999999999997
2457069.8709299997	17.519000000000002	0.025
2457070.89421	17.457	0.022000000000000002
2457072.8384700003	17.448	0.025
2457074.86717	17.491	0.025
2457075.84331	17.444000000000003	0.025
2457076.84457	17.471	0.021
2457077.84249	17.471	0.027000000000000003
2457078.83775	17.444000000000003	0.024
2457079.89045	17.488	0.031
2457080.85571	17.48	0.024
2457082.82705	17.419	0.024
2457082.8996900003	17.396	0.022000000000000002
2457083.8823700002	17.445999999999998	0.019
2457084.86265	17.445	0.024
2457085.82815	17.425	0.024
2457086.81919	17.444000000000003	0.025
2457086.9029900003	17.432000000000002	0.021
2457087.8707	17.462	0.021
2457088.8416	17.43	0.022000000000000002
2457089.80769	17.451	0.024
2457089.89618	17.397000000000002	0.022000000000000002
2457090.8628	17.413	0.019
2457091.81615	17.410999999999998	0.021
2457091.9062099997	17.402	0.024
2457092.85068	17.444000000000003	0.019
2457093.85007	17.43	0.021
2457097.82925	17.371	0.017
2457098.79754	17.394000000000002	0.019
2457098.87693	17.377	0.018000000000000002
2457099.81871	17.417	0.019
2457100.7853599996	17.36	0.022000000000000002
2457100.85858	17.396	0.018000000000000002
2457101.82809	17.409000000000002	0.03
2457102.80117	17.357	0.025
2457102.91268	17.413	0.022000000000000002
2457109.82101	17.349	0.019
2457110.75806	17.327	0.017
2457110.83147	17.329	0.015
2457111.76441	17.331	0.018000000000000002
2457111.87291	17.327	0.017
2457112.77037	17.343	0.024
2457112.8799400004	17.298	0.018000000000000002
2457113.81147	17.317	0.017
2457114.8078900003	17.317999999999998	0.018000000000000002
2457115.7641	17.269000000000002	0.021
2457116.73702	17.277	0.022000000000000002
2457117.7337700003	17.296	0.022000000000000002
2457117.9013400003	17.31	0.015
2457118.75772	17.338	0.022000000000000002
2457119.77416	17.307000000000002	0.024
2457120.72339	17.285	0.021
2457120.8667	17.262999999999998	0.017
2457125.81561	17.236	0.017
2457126.76554	17.239	0.017
2457129.7214200003	17.212	0.019
2457129.90363	17.215	0.017
2457130.83872	17.184	0.018000000000000002
2457131.74789	17.201	0.015
2457132.68338	17.214000000000002	0.027000000000000003
2457133.80868	17.171	0.018000000000000002
2457134.69826	17.158	0.021
2457134.8818	17.166	0.015
2457135.78621	17.165	0.015
2457136.70464	17.156	0.018000000000000002
2457136.8875599997	17.168	0.017
2457137.7730400003	17.144000000000002	0.013999999999999999
2457138.6771299997	17.14	0.018000000000000002
2457138.85516	17.145	0.013999999999999999
2457139.7669599997	17.137	0.017
2457140.6745700003	17.102999999999998	0.017
2457140.84666	17.096	0.015
2457141.73222	17.108	0.015
2457141.91981	17.112000000000002	0.015
2457142.788	17.112000000000002	0.015
2457143.68237	17.089000000000002	0.017
2457143.8546	17.11	0.015
2457144.73521	17.123	0.027000000000000003
2457145.7672	17.094	0.017
2457145.9330700003	17.072	0.021
2457146.76529	17.047	0.015
2457146.9071299997	17.055	0.017
2457147.7480099997	17.044	0.019
2457147.89163	17.046	0.015
2457152.89381	17.022000000000002	0.017
2457153.7310599997	16.995	0.013999999999999999
2457153.89626	16.99	0.013999999999999999
2457154.7751700003	17.009	0.013999999999999999
2457155.63553	16.972	0.017
2457155.81574	16.96	0.013999999999999999
2457156.6498	16.979	0.013999999999999999
2457157.6316400003	16.939	0.013999999999999999
2457157.8725900003	16.957	0.013999999999999999
2457158.7258099997	16.927	0.013999999999999999
2457158.90992	16.935	0.013999999999999999
2457159.72672	16.930999999999997	0.015
2457159.91103	16.942999999999998	0.013999999999999999
2457160.74898	16.934	0.013999999999999999
2457160.9374700002	16.93	0.017
2457161.79856	16.903	0.011000000000000001
2457162.61748	16.898	0.015
2457162.8020900004	16.9	0.013999999999999999
2457163.6266799998	16.922	0.019
2457163.80999	16.9	0.013999999999999999
2457164.7133400002	16.88	0.015
2457164.89667	16.883	0.013999999999999999
2457166.7285	16.908	0.015
2457166.90432	16.869	0.013999999999999999
2457169.648	16.872	0.012
2457169.84325	16.864	0.011000000000000001
2457170.63559	16.847	0.013999999999999999
2457170.82588	16.866	0.013999999999999999
2457172.63772	16.851	0.017
2457172.82149	16.874000000000002	0.015
2457173.6065700003	16.852999999999998	0.022000000000000002
2457173.80772	16.858	0.013999999999999999
2457174.5817299997	16.855	0.021
2457174.74233	16.840999999999998	0.013999999999999999
2457174.91502	16.861	0.015
2457175.69607	16.844	0.015
2457175.91671	16.831	0.017
2457178.83172	16.855999999999998	0.017
2457179.5778099997	16.848	0.019
2457179.74233	16.83	0.015
2457179.90924	16.871	0.015
2457180.68951	16.867	0.015
2457180.86422	16.86	0.015
2457181.62713	16.824	0.013999999999999999
2457181.8185	16.878	0.013999999999999999
2457182.58701	16.863	0.013999999999999999
2457182.77905	16.855	0.012
2457182.9434700003	16.867	0.017
2457183.71086	16.885	0.015
2457183.8892099997	16.837	0.015
2457184.69232	16.878	0.013999999999999999
2457184.87874	16.864	0.015
2457185.6650400003	16.875999999999998	0.018000000000000002
2457185.83874	16.871	0.015
2457186.7937	16.865	0.015
2457187.58249	16.872	0.015
2457187.7662	16.875	0.013999999999999999
2457187.92752	16.894000000000002	0.017
2457188.73917	16.910999999999998	0.013999999999999999
2457189.5863900003	16.916	0.015
2457189.77357	16.883	0.013999999999999999
2457190.53464	16.874000000000002	0.018000000000000002
2457190.75922	16.909000000000002	0.013999999999999999
2457191.59442	16.917	0.018000000000000002
2457191.8539400003	16.925	0.017
2457193.59368	16.937	0.012
2457193.80384	16.932000000000002	0.012
2457194.5238	16.938	0.009000000000000001
2457194.57218	16.917	0.015
2457194.6151799997	16.917	0.013999999999999999
2457194.67286	16.928	0.011000000000000001
2457194.71923	16.919	0.012
2457194.76258	16.934	0.012
2457194.81329	16.926	0.011000000000000001
2457195.55754	16.912	0.011000000000000001
2457195.6110799997	16.909000000000002	0.009000000000000001
2457197.6039299998	16.972	0.013999999999999999
2457197.78791	16.965999999999998	0.015
2457198.5831400002	16.967	0.015
2457198.76927	16.955	0.015
2457199.54544	17.007	0.017
2457199.72781	16.987000000000002	0.012
2457199.89023	16.987000000000002	0.017
2457200.65859	16.987000000000002	0.012
2457200.82985	16.998	0.015
2457202.80461	16.995	0.019
2457202.8213	17.018	0.022000000000000002
2457206.62044	17.086	0.021
2457206.79539	17.035	0.018000000000000002
2457207.60266	17.067	0.017
2457207.76744	17.049	0.019
2457209.69902	17.075	0.018000000000000002
2457211.47797	17.087	0.022000000000000002
2457211.64813	17.111	0.013999999999999999
2457211.81952	17.13	0.017
2457214.59882	17.180999999999997	0.018000000000000002
2457217.55694	17.176	0.025
2457217.80782	17.168	0.018000000000000002
2457219.67631	17.195999999999998	0.015
2457220.55813	17.199	0.015
2457220.7423400003	17.206	0.013999999999999999
2457221.54616	17.184	0.018000000000000002
2457221.72835	17.217	0.017
2457222.51212	17.232	0.022000000000000002
2457222.72321	17.197	0.021
2457223.56325	17.192999999999998	0.021
2457223.74405	17.186	0.019
2457224.58911	17.244	0.019
2457224.80193	17.238	0.021
2457226.47305	17.256	0.027000000000000003
2457226.64874	17.278	0.018000000000000002
2457226.81295	17.236	0.018000000000000002
2457227.6124	17.241	0.015
2457227.78563	17.214000000000002	0.018000000000000002
2457228.6170099997	17.245	0.015
2457229.47237	17.258	0.019
2457229.63614	17.293	0.017
2457229.79505	17.275	0.018000000000000002
2457235.65136	17.33	0.021
2457236.51283	17.312	0.025
2457248.49895	17.409000000000002	0.027000000000000003
2457249.49442	17.369	0.025
2457249.6642299998	17.407	0.021
2457250.66595	17.46	0.021
2457252.70303	17.41	0.021
2457253.63515	17.386	0.017
2457255.6080400003	17.438	0.022000000000000002
2457256.61081	17.413	0.027000000000000003
2457257.6716	17.448	0.022000000000000002
2457258.59321	17.436	0.027000000000000003
2457258.68092	17.441	0.025
2457261.63927	17.433	0.03
2457263.59142	17.455	0.019
2457264.53825	17.461	0.022000000000000002
2457265.4985700003	17.456	0.019
2457265.69331	17.445999999999998	0.022000000000000002
2457267.62465	17.472	0.019
2457268.6394599997	17.485	0.018000000000000002
2457269.62707	17.483	0.019
2457270.5657599997	17.508	0.019
2457271.52115	17.498	0.033
2457272.5468200003	17.519000000000002	0.025
2457273.67044	17.482	0.025
2457275.6678299997	17.506	0.027000000000000003
2457277.6560400003	17.51	0.024
2457278.64287	17.453	0.027000000000000003
2457284.48419	17.508	0.021
2457291.58322	17.493	0.036000000000000004
2457292.59548	17.494	0.034
2457293.56658	17.527	0.021
2457294.57253	17.521	0.036000000000000004
2457295.5663900003	17.523	0.024
2457297.56315	17.482	0.034
2457299.57603	17.551	0.027999999999999997
2457301.51384	17.543	0.031
2457311.52211	17.581	0.022000000000000002
2457313.49663	17.566	0.039
2457318.49877	17.567	0.031
2457322.5272	17.617	0.048
2457325.51428	17.524	0.033
2457331.50646	17.500999999999998	0.04
2457429.8769	17.624000000000002	0.033
2457430.8736	17.647000000000002	0.024
2457431.86121	17.579	0.022000000000000002
2457432.8651799997	17.608	0.025
2457433.88446	17.646	0.025
2457435.89303	17.616	0.037000000000000005
2457437.85163	17.607	0.022000000000000002
2457438.86535	17.609	0.025
2457439.8917	17.61	0.03
2457441.84645	17.609	0.027000000000000003
2457442.85865	17.587	0.027999999999999997
2457443.875	17.616	0.027000000000000003
2457444.85271	17.567	0.027000000000000003
2457445.8431599997	17.598	0.025
2457446.84854	17.584	0.021
2457447.84877	17.664	0.024
2457448.85587	17.56	0.022000000000000002
2457449.89461	17.622	0.022000000000000002
2457452.81709	17.585	0.019
2457453.81433	17.625999999999998	0.019
2457454.89104	17.564	0.022000000000000002
2457455.90343	17.608	0.025
2457456.91003	17.619	0.034
2457457.90673	17.572	0.036000000000000004
2457458.90081	17.588	0.021
2457460.90246	17.604	0.021
2457461.9093	17.594	0.027000000000000003
2457462.89201	17.614	0.021
2457464.82612	17.611	0.025
2457465.85542	17.631	0.024
2457466.9073099997	17.602	0.022000000000000002
2457467.9101	17.615	0.024
2457470.8654400003	17.594	0.027000000000000003
2457471.82989	17.612000000000002	0.027999999999999997
2457472.78056	17.623	0.027000000000000003
2457472.9134299997	17.627	0.025
2457474.78597	17.611	0.027000000000000003
2457474.8877	17.611	0.021
2457475.81698	17.633	0.034
2457476.80612	17.611	0.025
2457480.7788	17.621	0.037000000000000005
2457480.92423	17.642	0.043
2457484.81704	17.612000000000002	0.025
2457485.7321900004	17.628	0.034
2457485.8366099996	17.605999999999998	0.024
2457486.7385299997	17.587	0.033
2457486.83677	17.594	0.027000000000000003
2457487.72943	17.57	0.025
2457487.84597	17.589000000000002	0.025
2457488.73189	17.647000000000002	0.025
2457488.8542299997	17.611	0.019
2457489.7842200003	17.596	0.027999999999999997
2457489.8194	17.595	0.024
2457491.74437	17.594	0.027000000000000003
2457491.86345	17.605	0.021
2457492.7281299997	17.62	0.025
2457492.85107	17.641	0.019
2457493.72067	17.621	0.024
2457493.8390900004	17.578	0.019
2457494.7019	17.62	0.024
2457494.81485	17.612000000000002	0.021
2457494.92733	17.578	0.027000000000000003
2457495.77245	17.605999999999998	0.025
2457495.89337	17.599	0.027000000000000003
2457497.91866	17.627	0.027999999999999997
2457498.7853200003	17.58	0.024
2457498.92318	17.64	0.027000000000000003
2457499.76512	17.621	0.025
2457499.8658	17.596	0.027000000000000003
2457500.7072	17.602999999999998	0.027999999999999997
2457500.80609	17.639	0.03
2457500.90869	17.622	0.03
2457507.8151	17.616	0.022000000000000002
2457507.92546	17.654	0.022000000000000002
2457508.7650200003	17.607	0.018000000000000002
2457508.86589	17.615	0.019
2457509.75861	17.618	0.027999999999999997
2457509.86142	17.597	0.024
2457511.71295	17.601	0.021
2457511.83263	17.605999999999998	0.017
2457511.93324	17.613	0.022000000000000002
2457512.9014	17.644000000000002	0.021
2457512.91538	17.633	0.019
2457516.72781	17.6	0.018000000000000002
2457522.83952	17.592	0.027000000000000003
2457522.94033	17.644000000000002	0.049
2457523.9368	17.577	0.025
2457526.7105400003	17.612000000000002	0.03
2457526.85156	17.637999999999998	0.025
2457528.79023	17.61	0.031
2457528.9429099998	17.718	0.054000000000000006
2457529.89463	17.578	0.046
2457530.82252	17.625	0.031
2457534.68443	17.633	0.025
2457534.79604	17.590999999999998	0.024
2457534.90173	17.617	0.024
2457536.67698	17.627	0.027000000000000003
2457536.7952799997	17.594	0.024
2457536.89949	17.579	0.025
2457545.8384	17.593	0.024
2457545.94177	17.632	0.027999999999999997
2457546.7633700003	17.635	0.024
2457546.8623900004	17.586	0.027000000000000003
2457547.61525	17.672	0.027000000000000003
2457547.75728	17.622	0.022000000000000002
2457547.85594	17.617	0.022000000000000002
2457548.7053400003	17.62	0.018000000000000002
2457549.60007	17.597	0.025
2457549.74837	17.621	0.019
2457549.8665	17.623	0.024
2457550.62063	17.624000000000002	0.025
2457550.76058	17.612000000000002	0.022000000000000002
2457550.8594400003	17.616	0.027000000000000003
2457554.6479700003	17.581	0.03
2457555.54911	17.574	0.03
2457555.65965	17.619	0.025
2457555.76682	17.625999999999998	0.021
2457555.88715	17.61	0.024
2457557.59959	17.605	0.03
2457557.712	17.687	0.033
2457557.85761	17.604	0.027000000000000003
2457561.61161	17.564	0.027999999999999997
2457561.72908	17.611	0.024
2457561.82729	17.599	0.027000000000000003
2457562.59254	17.647000000000002	0.031
2457566.5629	17.618	0.027999999999999997
2457566.6820400003	17.625	0.022000000000000002
2457566.78386	17.61	0.025
2457566.88123	17.612000000000002	0.043
2457567.59166	17.597	0.027000000000000003
2457567.71282	17.637999999999998	0.022000000000000002
2457567.81232	17.621	0.024
2457568.5852900003	17.684	0.03
2457568.70858	17.619	0.027999999999999997
2457568.8125	17.616	0.027000000000000003
2457569.60275	17.615	0.027000000000000003
2457569.72845	17.629	0.027000000000000003
2457569.8298	17.634	0.027000000000000003
2457570.68452	17.584	0.022000000000000002
2457570.86843	17.570999999999998	0.031
2457575.69077	17.63	0.019
2457575.83255	17.588	0.022000000000000002
2457576.6480099997	17.623	0.018000000000000002
2457576.7908799998	17.590999999999998	0.025
2457579.61863	17.592	0.022000000000000002
2457581.75293	17.602	0.024
2457583.7598099997	17.625	0.027000000000000003
2457584.61945	17.609	0.025
2457584.7735	17.566	0.025
2457589.5731200003	17.67	0.034
2457589.72678	17.584	0.033
2457590.52585	17.653	0.027999999999999997
2457590.67356	17.595	0.024
2457591.54126	17.648	0.033
2457593.6145599997	17.588	0.021
2457593.75514	17.59	0.021
2457596.52053	17.586	0.019
2457599.58214	17.554000000000002	0.03
2457599.79827	17.611	0.031
2457600.70871	17.543	0.024
2457602.52165	17.622	0.03
2457602.68085	17.648	0.022000000000000002
2457603.5010599997	17.642	0.021
2457603.6587	17.619	0.021
2457604.48364	17.625999999999998	0.036000000000000004
2457604.62705	17.618	0.021
2457604.76665	17.593	0.022000000000000002
2457605.6318	17.585	0.022000000000000002
2457605.76895	17.612000000000002	0.027999999999999997
2457607.52983	17.586	0.024
2457607.70433	17.617	0.022000000000000002
2457608.62334	17.641	0.019
2457609.47842	17.629	0.027999999999999997
2457609.66358	17.660999999999998	0.022000000000000002
2457610.5071900003	17.672	0.027999999999999997
2457610.69553	17.644000000000002	0.024
2457611.734	17.621	0.034
2457612.61614	17.652	0.024
2457612.7503	17.548	0.03
2457617.59224	17.622	0.034
2457618.47878	17.618	0.033
2457618.6422599996	17.592	0.027999999999999997
2457619.58562	17.586	0.033
2457621.6556	17.632	0.027000000000000003
2457622.59319	17.622	0.022000000000000002
2457623.5081	17.611	0.024
2457623.69045	17.637999999999998	0.025
2457624.6384400004	17.584	0.024
2457625.61319	17.614	0.024
2457626.5965	17.614	0.025
2457630.5802700003	17.602	0.022000000000000002
2457631.55736	17.601	0.019
2457632.54157	17.613	0.024
2457633.58406	17.578	0.03
2457635.4876	17.599	0.033
2457636.5523200002	17.607	0.027999999999999997
2457637.5433099996	17.605999999999998	0.021
2457638.53989	17.601	0.027000000000000003
2457639.60789	17.625	0.021
2457644.53127	17.775	0.057
2457647.50605	17.624000000000002	0.04
2457648.54666	17.625999999999998	0.03
2457649.5717	17.618	0.024
2457650.60413	17.629	0.031
2457652.52467	17.61	0.022000000000000002
2457653.57305	17.646	0.022000000000000002
2457655.57512	17.605	0.025
2457657.52405	17.575	0.027000000000000003
2457660.48682	17.614	0.031
2457661.55685	17.631	0.031
2457664.5255400003	17.643	0.034
2457671.5169599997	17.625999999999998	0.049
2457675.53687	17.63	0.031
2457683.5183200003	17.615	0.027000000000000003
2457792.8777	17.647000000000002	0.034
2457793.88447	17.64	0.03
2457794.8914799998	17.618	0.04
2457797.86414	17.628	0.036000000000000004
2457799.85942	17.586	0.037000000000000005
2457801.84668	17.579	0.037000000000000005
2457802.8949700003	17.627	0.042
2457808.8773	17.615	0.022000000000000002
2457809.87208	17.605	0.027000000000000003
2457810.8670099997	17.602999999999998	0.022000000000000002
2457811.88609	17.625	0.027000000000000003
2457813.8163799997	17.632	0.027999999999999997
2457814.88878	17.613	0.019
2457816.81463	17.612000000000002	0.033
2457817.81105	17.613	0.024
2457817.90153	17.613	0.024
2457818.88762	17.64	0.021
2457819.8741099997	17.63	0.021
2457820.87682	17.615	0.021
2457821.8745	17.633	0.025
2457822.87024	17.641	0.025
2457823.8555099997	17.649	0.025
2457824.8516	17.621	0.031
2457825.8433	17.644000000000002	0.025
2457826.80161	17.628	0.03
2457826.89153	17.652	0.027000000000000003
2457827.86655	17.642	0.024
2457828.83597	17.613	0.027000000000000003
2457829.81729	17.667	0.043
2457830.82803	17.617	0.027999999999999997
2457830.90971	17.649	0.027999999999999997
2457834.88326	17.624000000000002	0.033
2457835.85044	17.672	0.031
2457836.8031900004	17.65	0.036000000000000004
2457836.91594	17.625	0.036000000000000004
2457837.84817	17.605999999999998	0.024
2457838.7859400003	17.605	0.027000000000000003
2457838.90513	17.605999999999998	0.021
2457839.85272	17.636	0.019
2457840.77764	17.617	0.027000000000000003
2457840.8975400003	17.607	0.019
2457841.83593	17.634	0.025
2457842.75288	17.629	0.034
2457842.86111	17.625999999999998	0.027000000000000003
2457843.78466	17.618	0.025
2457843.90341	17.605	0.022000000000000002
2457844.8215799998	17.652	0.031
2457845.7303	17.664	0.031
2457845.84552	17.623	0.021
2457846.7763400003	17.644000000000002	0.024
2457846.88402	17.631	0.021
2457847.78683	17.63	0.024
2457847.9073400004	17.645	0.021
2457848.8004400004	17.621	0.022000000000000002
2457848.92128	17.595	0.022000000000000002
2457849.8135900004	17.625999999999998	0.021
2457850.7183	17.641	0.031
2457850.82625	17.633	0.024
2457851.7357900003	17.365	0.025
2457851.84383	17.623	0.024
2457852.8415599996	17.590999999999998	0.027999999999999997
2457853.90593	17.588	0.027999999999999997
2457854.76682	17.636	0.025
2457854.88808	17.604	0.024
2457855.79691	17.597	0.027000000000000003
2457855.9193700003	17.561	0.024
2457856.8075200003	17.6	0.031
2457857.84438	17.609	0.043
2457857.9089200003	17.616	0.027000000000000003
2457858.9095	17.597	0.025
2457862.76605	17.633	0.033
2457862.87785	17.593	0.027999999999999997
2457863.83783	17.629	0.022000000000000002
2457864.8147299998	17.613	0.018000000000000002
2457865.67608	17.645	0.024
2457865.7834400004	17.618	0.021
2457865.92325	17.602	0.022000000000000002
2457866.77991	17.617	0.021
2457866.9133599997	17.597	0.019
2457867.78364	17.612000000000002	0.021
2457867.91514	17.649	0.021
2457868.86277	17.633	0.036000000000000004
2457869.73075	17.607	0.022000000000000002
2457869.86058	17.618	0.019
2457870.74194	17.611	0.018000000000000002
2457870.8720400003	17.613	0.019
2457871.75617	17.635	0.021
2457871.89723	17.651	0.021
2457872.75612	17.646	0.019
2457872.9046400003	17.651	0.019
2457873.7357	17.614	0.021
2457873.86705	17.639	0.022000000000000002
2457874.69589	17.583	0.027000000000000003
2457874.8245599996	17.602999999999998	0.025
2457874.93617	17.596	0.039
2457875.90264	17.632	0.022000000000000002
2457876.70799	17.615	0.024
2457876.84601	17.625	0.021
2457877.66983	17.593	0.022000000000000002
2457877.79893	17.621	0.019
2457878.66203	17.628	0.024
2457878.83084	17.599	0.019
2457879.66407	17.629	0.031
2457879.7749	17.699	0.034
2457880.69615	17.605999999999998	0.033
2457880.81754	17.61	0.024
2457881.77173	17.639	0.033
2457881.88626	17.631	0.033
2457882.76054	17.62	0.027999999999999997
2457882.89265	17.632	0.025
2457889.93041	17.577	0.04
2457890.8138599996	17.637999999999998	0.037000000000000005
2457893.64557	17.593	0.034
2457893.7625	17.605	0.027000000000000003
2457893.88368	17.613	0.022000000000000002
2457894.62929	17.627	0.027999999999999997
2457894.75539	17.617	0.019
2457894.86551	17.621	0.022000000000000002
2457895.62622	17.615	0.027000000000000003
2457897.6702400004	17.607	0.025
2457900.91713	17.593	0.033
2457901.60567	17.621	0.036000000000000004
2457901.73492	17.588	0.022000000000000002
2457902.59989	17.627	0.036000000000000004
2457902.7148	17.645	0.022000000000000002
2457902.83697	17.629	0.031
2457903.7648	17.631	0.033
2457903.88339	17.594	0.027000000000000003
2457904.6252900003	17.583	0.027000000000000003
2457904.74075	17.594	0.019
2457904.86304	17.637999999999998	0.021
2457905.59052	17.573	0.027999999999999997
2457905.70879	17.605	0.018000000000000002
2457905.83005	17.633	0.021
2457905.9429	17.643	0.031
2457906.64913	17.605999999999998	0.021
2457906.77959	17.62	0.021
2457906.88934	17.605999999999998	0.025
2457907.65858	17.62	0.025
2457907.7538400004	17.608	0.021
2457908.60373	17.637	0.033
2457908.72109	17.633	0.021
2457908.84172	17.607	0.022000000000000002
2457908.93623	17.62	0.031
2457909.64452	17.598	0.024
2457909.76534	17.643	0.024
2457909.86826	17.647000000000002	0.022000000000000002
2457910.56599	17.587	0.033
2457910.6602	17.608	0.024
2457910.7921599997	17.583	0.022000000000000002
2457910.9098400003	17.582	0.024
2457911.62657	17.613	0.031
2457911.76038	17.573	0.039
2457917.6074900003	17.614	0.031
2457917.7241	17.627	0.022000000000000002
2457917.8338900004	17.613	0.03
2457918.57614	17.595	0.027999999999999997
2457922.5857	17.632	0.033
2457922.71643	17.617	0.027000000000000003
2457923.5878	17.612000000000002	0.027999999999999997
2457923.72475	17.601	0.033
2457923.8333799997	17.605	0.027999999999999997
2457924.6175599997	17.608	0.024
2457924.74449	17.602999999999998	0.021
2457924.8519599997	17.604	0.022000000000000002
2457925.64157	17.602	0.019
2457925.77779	17.625	0.024
2457925.89727	17.611	0.033
2457926.6808	17.598	0.024
2457926.81522	17.59	0.027999999999999997
2457928.65694	17.615	0.025
2457932.6977	17.622	0.031
2457932.81862	17.596	0.027000000000000003
2457933.67961	17.6	0.027999999999999997
2457933.80628	17.59	0.031
2457934.50386	17.623	0.027999999999999997
2457934.61064	17.596	0.025
2457934.7336	17.657	0.022000000000000002
2457934.8415099997	17.666	0.03
2457935.59168	17.594	0.022000000000000002
2457935.71411	17.602999999999998	0.022000000000000002
2457935.8233	17.63	0.019
2457935.88784	17.625999999999998	0.024
2457936.5748900003	17.607	0.024
2457936.71088	17.628	0.022000000000000002
2457936.83077	17.639	0.027000000000000003
2457937.51627	17.629	0.027999999999999997
2457937.62695	17.567999999999998	0.024
2457937.75907	17.608	0.025
2457938.53957	17.665	0.031
2457938.65705	17.653	0.034
2457944.5085299998	17.605	0.036000000000000004
2457944.54921	17.613	0.027999999999999997
2457944.6006099996	17.599	0.027999999999999997
2457944.6499099997	17.617	0.025
2457944.71122	17.649	0.027999999999999997
2457944.75949	17.612000000000002	0.027000000000000003
2457944.8117	17.664	0.042
2457944.84224	17.601	0.057999999999999996
2457945.5479900003	17.595	0.027000000000000003
2457945.65949	17.628	0.022000000000000002
2457945.77045	17.616	0.022000000000000002
2457946.48331	17.582	0.027000000000000003
2457946.60282	17.612000000000002	0.025
2457946.73195	17.602	0.027000000000000003
2457946.8401099998	17.607	0.034
2457947.586	17.619	0.025
2457947.74682	17.555	0.03
2457948.4821200003	17.617	0.031
2457948.60689	17.595	0.021
2457948.74524	17.594	0.022000000000000002
2457948.8472599997	17.579	0.031
2457949.65033	17.627	0.027999999999999997
2457952.67513	17.590999999999998	0.022000000000000002
2457952.7984599997	17.652	0.031
2457953.56824	17.628	0.024
2457953.69917	17.633	0.022000000000000002
2457953.81684	17.601	0.027000000000000003
2457954.57457	17.646	0.021
2457954.73233	17.647000000000002	0.021
2457955.77543	17.641	0.024
2457956.57022	17.641	0.022000000000000002
2457956.70322	17.588	0.022000000000000002
2457957.5438200003	17.609	0.027000000000000003
2457957.74588	17.624000000000002	0.027000000000000003
2457958.6398099996	17.59	0.03
2457958.75346	17.601	0.025
2457959.50129	17.609	0.022000000000000002
2457959.61594	17.619	0.021
2457959.7316	17.625	0.021
2457960.4877299997	17.605	0.027999999999999997
2457960.62032	17.599	0.022000000000000002
2457960.74115	17.595	0.024
2457961.57144	17.625	0.022000000000000002
2457961.66594	17.58	0.021
2457962.5007599997	17.604	0.022000000000000002
2457962.7634900003	17.605	0.024
2457964.5608900003	17.628	0.024
2457964.67588	17.602	0.025
2457965.65782	17.597	0.024
2457966.53077	17.648	0.034
2457966.6175	17.599	0.033
2457966.7288	17.605	0.03
2457967.65727	17.6	0.033
2457967.72522	17.598	0.03
2457971.50173	17.651	0.04
2457971.54239	17.633	0.031
2457971.59222	17.609	0.033
2457971.6305299997	17.62	0.03
2457971.6796	17.623	0.031
2457971.7215299997	17.569000000000003	0.03
2457972.51387	17.666	0.04
2457972.55058	17.549	0.034
2457972.60307	17.613	0.031
2457972.64745	17.624000000000002	0.034
2457972.70983	17.635	0.033
2457972.7462299997	17.614	0.045
2457973.63517	17.589000000000002	0.03
2457974.5002099997	17.599	0.027000000000000003
2457974.6157299997	17.596	0.027000000000000003
2457974.72975	17.589000000000002	0.027999999999999997
2457979.47732	17.589000000000002	0.024
2457979.6117700003	17.605999999999998	0.019
2457980.54758	17.564	0.027999999999999997
2457980.66012	17.618	0.03
2457981.60143	17.622	0.022000000000000002
2457982.49261	17.623	0.027000000000000003
2457982.62273	17.62	0.027999999999999997
2457983.5502299997	17.614	0.025
2457983.6622	17.605999999999998	0.022000000000000002
2457984.57575	17.613	0.027000000000000003
2457985.5040700003	17.619	0.033
2457985.6214799997	17.576	0.031
2457986.59886	17.652	0.022000000000000002
2457987.51873	17.608	0.019
2457987.6480799997	17.625999999999998	0.021
2457990.57881	17.592	0.024
2457991.4964900003	17.675	0.025
2457991.62979	17.618	0.027000000000000003
2457992.5458400003	17.628	0.021
2457993.4804700003	17.58	0.027000000000000003
2457993.5931599997	17.607	0.025
2457994.527	17.595	0.027000000000000003
2457994.63813	17.63	0.027999999999999997
2458000.48141	17.607	0.033
2458000.53583	17.602	0.037000000000000005
2458000.5769700003	17.605999999999998	0.037000000000000005
2458000.63288	17.607	0.033
2458001.56104	17.615	0.024
2458002.5318400003	17.578	0.049
2458003.55284	17.577	0.037000000000000005
2458004.5639	17.649	0.033
2458007.5168	17.646	0.03
2458008.5362299997	17.639	0.027999999999999997
2458010.5665700003	17.56	0.027000000000000003
2458012.50105	17.614	0.025
2458013.50519	17.613	0.022000000000000002
2458014.52417	17.613	0.024
2458015.51197	17.604	0.034
2458016.52984	17.648	0.03
2458017.5548	17.577	0.024
2458019.4857099997	17.634	0.025
2458020.5328599997	17.619	0.027000000000000003
2458026.51275	17.6	0.036000000000000004
2458026.55596	17.586	0.033
2458030.48788	17.618	0.025
2458035.56523	17.579	0.031
2458037.549	17.613	0.037000000000000005
2458039.53335	17.61	0.031
2458041.507	17.628	0.027000000000000003
2458049.52856	17.635	0.024
2458056.50287	17.6	0.042
