2456896.55846	14.165999999999999	0.008
2456907.5068	14.155999999999999	0.008
2456909.64875	14.175	0.008
2456915.64182	14.161	0.008
2456922.51888	14.171	0.008
2456924.595	14.168	0.008
2456927.5333	14.171	0.008
2456930.52721	14.162	0.009000000000000001
2456938.55558	14.172	0.008
2457174.82947	14.167	0.008
2457183.89538	14.158	0.008
2457191.88064	14.149000000000001	0.008
2457207.85637	14.168	0.008
2457221.74793	14.168	0.006999999999999999
2457222.7654	14.163	0.008
2457224.47441	14.163	0.008
2457226.6786	14.161	0.006999999999999999
2457227.64792	14.163	0.006999999999999999
2457228.64811	14.158	0.008
2457229.6564700003	14.165999999999999	0.006999999999999999
2457235.64266	14.167	0.008
2457253.6253400003	14.168	0.006999999999999999
2457256.5622400003	14.165999999999999	0.008
2457263.56704	14.161	0.008
2457264.6856400003	14.173	0.008
2457267.56085	14.18	0.008
2457268.70921	14.171	0.006999999999999999
2457270.6145200003	14.162	0.006999999999999999
2457273.57318	14.171	0.008
2457277.5353599996	14.152000000000001	0.008
2457278.67312	14.155999999999999	0.008
2457292.6025099996	14.169	0.008
2457307.5484599997	14.168	0.008
2457322.54255	14.179	0.008
2457648.50822	13.663	0.006999999999999999
2457650.5681	13.627	0.006999999999999999
2457653.5968299997	13.616	0.006999999999999999
2457660.53382	13.587	0.006
2457666.4978400003	13.603	0.006999999999999999
2457911.633	14.168	0.008
2457935.70207	14.158	0.008
2457936.6601299997	14.168	0.008
2457937.5997900004	14.163	0.008
2457938.5619	14.165	0.008
2457945.67941	14.162	0.006999999999999999
2457946.5929	14.152999999999999	0.008
2457947.55691	14.162	0.008
2457948.5138	14.155	0.008
2457948.85003	14.167	0.008
2457952.74851	14.158	0.008
2457953.69155	14.164000000000001	0.008
2457954.6918599997	14.162	0.006999999999999999
2457956.69475	14.172	0.008
2457959.6200599996	14.171	0.008
2457960.64543	14.167	0.008
2457961.71748	14.155999999999999	0.006999999999999999
2457964.6336	14.162	0.008
2457966.6899	14.162	0.008
2457974.5518900002	14.167	0.008
2457979.5307400003	14.169	0.008
2457980.66576	14.161	0.008
2457982.5973099996	14.168	0.008
2457984.51278	14.17	0.008
2457985.62847	14.165999999999999	0.008
2457987.6365	14.17	0.006999999999999999
2457991.55347	14.167	0.008
2457993.51711	14.162	0.008
2457994.6441200003	14.155999999999999	0.008
2458003.56127	14.162	0.009000000000000001
2458008.52593	14.175999999999998	0.008
2458012.56545	14.173	0.008
2458015.54243	14.18	0.008
2458018.55813	14.162	0.006999999999999999
2458022.54672	14.187000000000001	0.006999999999999999
2458036.53008	14.168	0.008
2458037.5721400003	14.165	0.008
2458213.80693	14.172	0.008
