2455377.8160900003	15.606	0.006999999999999999
2455378.74021	15.599	0.006999999999999999
2455379.54918	15.59	0.006999999999999999
2455379.847	15.606	0.008
2455380.54488	15.595	0.006999999999999999
2455380.73928	15.593	0.006999999999999999
2455381.59038	15.583	0.008
2455381.81346	15.595	0.008
2455382.68323	15.595999999999998	0.006999999999999999
2455386.61086	15.597999999999999	0.006999999999999999
2455387.4804	15.591	0.006999999999999999
2455387.55142	15.597999999999999	0.006999999999999999
2455387.61623	15.593	0.006999999999999999
2455387.62407	15.597000000000001	0.006999999999999999
2455387.652	15.591	0.006
2455387.69048	15.607999999999999	0.006999999999999999
2455388.50866	15.589	0.006999999999999999
2455389.47059	15.572000000000001	0.01
2455389.79966	15.593	0.008
2455390.73682	15.593	0.006999999999999999
2455391.5838099997	15.588	0.006999999999999999
2455392.52152	15.592	0.006999999999999999
2455393.62896	15.585	0.008
2455393.82801	15.587	0.008
2455396.81108	15.6	0.008
2455403.55888	15.593	0.006999999999999999
2455403.7554599997	15.600999999999999	0.008
2455404.62879	15.604000000000001	0.006999999999999999
2455405.6450799997	15.577	0.008
2455407.49959	15.58	0.008
2455407.69379	15.597999999999999	0.008
2455409.48506	15.582	0.006999999999999999
2455410.4892599997	15.583	0.006999999999999999
2455411.5038799997	15.587	0.006999999999999999
2455412.55447	15.585	0.008
2455413.4961	15.592	0.006999999999999999
2455414.51427	15.599	0.006999999999999999
2455416.6891799998	15.599	0.006999999999999999
2455421.5231	15.597999999999999	0.006999999999999999
2455422.5062599997	15.583	0.008
2455423.63469	15.595999999999998	0.006999999999999999
2455426.69719	15.600999999999999	0.008
2455430.65471	15.595999999999998	0.008
2455431.65177	15.58	0.008
2455433.54168	15.581	0.008
2455434.62451	15.595	0.006999999999999999
2455435.62151	15.584000000000001	0.006999999999999999
2455437.48983	15.592	0.006999999999999999
2455438.68136	15.603	0.006999999999999999
2455444.5085400003	15.591	0.006999999999999999
2455445.58113	15.591	0.006999999999999999
2455446.6179299997	15.595	0.006999999999999999
2455448.4804599998	15.585999999999999	0.008
2455449.5506700003	15.583	0.006999999999999999
2455450.64853	15.59	0.008
2455457.47853	15.599	0.008
2455458.52735	15.597000000000001	0.01
2455459.56765	15.597999999999999	0.006999999999999999
2455460.5808599996	15.618	0.01
2455461.60848	15.587	0.008
2455463.53188	15.583	0.006999999999999999
2455464.52376	15.58	0.006999999999999999
2455467.5075	15.588	0.006999999999999999
2455472.51995	15.579	0.008
2455473.58654	15.61	0.006999999999999999
2455479.5134099997	15.595999999999998	0.006999999999999999
2455481.50673	15.602	0.008
2455486.52578	15.591	0.008
2455488.51034	15.595999999999998	0.008
2455490.5219799997	15.583	0.01
2455495.50079	15.593	0.006999999999999999
2455499.52881	15.585999999999999	0.008
2455621.87459	15.597999999999999	0.006999999999999999
2455624.90799	15.599	0.01
2455625.84743	15.58	0.006999999999999999
2455627.85469	15.593	0.006999999999999999
2455628.89091	15.594000000000001	0.006999999999999999
2455630.85597	15.604000000000001	0.006999999999999999
2455632.84605	15.592	0.006999999999999999
2455634.82842	15.597000000000001	0.006999999999999999
2455635.89396	15.585	0.006999999999999999
2455638.80566	15.595999999999998	0.006999999999999999
2455639.85975	15.592	0.006999999999999999
2455641.80127	15.59	0.006999999999999999
2455643.81385	15.585	0.006999999999999999
2455648.84424	15.595999999999998	0.006999999999999999
2455650.7634099997	15.591	0.006999999999999999
2455652.75121	15.589	0.006999999999999999
2455654.85973	15.597000000000001	0.006999999999999999
2455656.83424	15.592	0.006
2455658.81701	15.582	0.006999999999999999
2455659.8814	15.594000000000001	0.006999999999999999
2455662.7856400004	15.599	0.006999999999999999
2455664.87854	15.592	0.008
2455667.84257	15.592	0.006999999999999999
2455670.7258200003	15.595	0.006999999999999999
2455675.89883	15.6	0.006999999999999999
2455677.8424	15.58	0.006999999999999999
2455680.73922	15.585999999999999	0.006999999999999999
2455681.9161400003	15.593	0.006999999999999999
2455683.89401	15.595999999999998	0.006999999999999999
2455685.8772400003	15.594000000000001	0.006999999999999999
2455687.7828	15.593	0.006999999999999999
2455690.79642	15.597999999999999	0.006999999999999999
2455692.71068	15.593	0.006999999999999999
2455693.82032	15.602	0.006999999999999999
2455694.90391	15.603	0.006999999999999999
2455696.6979400003	15.595	0.006999999999999999
2455697.79487	15.592	0.006999999999999999
2455698.8706	15.597999999999999	0.006999999999999999
2455705.94022	15.587	0.008
2455707.83237	15.595999999999998	0.006999999999999999
2455709.58739	15.595	0.006
2455713.76186	15.600999999999999	0.006
2455715.80787	15.593	0.006999999999999999
2455721.65367	15.585999999999999	0.006999999999999999
2455722.83568	15.6	0.006999999999999999
2455724.6521400004	15.585999999999999	0.006999999999999999
2455726.58177	15.597000000000001	0.008
2455735.75996	15.585999999999999	0.006999999999999999
2455736.85297	15.599	0.006999999999999999
2455737.89628	15.599	0.006999999999999999
2455739.73104	15.589	0.006999999999999999
2455740.81323	15.574000000000002	0.006999999999999999
2455741.8514799997	15.594000000000001	0.006999999999999999
2455742.86314	15.597000000000001	0.006999999999999999
2455744.5794	15.583	0.008
2455745.66752	15.591	0.006999999999999999
2455746.84527	15.595999999999998	0.008
2455749.59309	15.582	0.006999999999999999
2455759.84486	15.605	0.008
2455761.5389	15.600999999999999	0.006
2455762.66175	15.597000000000001	0.006999999999999999
2455763.80198	15.591	0.008
2455765.60574	15.588	0.006999999999999999
2455766.7277900004	15.592	0.006999999999999999
2455768.55533	15.583	0.006999999999999999
2455769.6963	15.595999999999998	0.006999999999999999
2455776.72661	15.599	0.006999999999999999
2455779.6167099997	15.589	0.006999999999999999
2455785.70163	15.6	0.008
2455790.57766	15.594000000000001	0.008
2455793.6799	15.597000000000001	0.006999999999999999
2455796.48203	15.577	0.006999999999999999
2455801.6809	15.6	0.008
2455805.54878	15.589	0.006999999999999999
2455812.5816900004	15.587	0.008
2455815.62071	15.587	0.006999999999999999
2455818.52365	15.585	0.006999999999999999
2455820.59855	15.595999999999998	0.006999999999999999
2455823.53584	15.595	0.008
2455824.54518	15.602	0.006999999999999999
2455825.54212	15.595	0.006999999999999999
2455826.5260099997	15.595999999999998	0.006999999999999999
2455828.48861	15.597999999999999	0.006999999999999999
2455829.61412	15.602	0.006999999999999999
2455831.62155	15.593	0.006999999999999999
2455834.51643	15.594000000000001	0.006999999999999999
2455839.50678	15.604000000000001	0.01
2455841.5041099996	15.585999999999999	0.008
2455843.49137	15.588	0.008
2455845.50655	15.600999999999999	0.008
2455850.5597200003	15.602	0.006999999999999999
2455854.5139599997	15.589	0.008
2455859.51418	15.588	0.006999999999999999
2455978.88222	15.592	0.006999999999999999
2455983.8977200002	15.600999999999999	0.006999999999999999
2455986.89477	15.593	0.006999999999999999
2455989.87432	15.593	0.006999999999999999
2455994.88579	15.587	0.006999999999999999
2455998.9019400002	15.59	0.006999999999999999
2456007.91722	15.581	0.006999999999999999
2456009.86225	15.597000000000001	0.006999999999999999
2456012.9106400004	15.597999999999999	0.006
2456014.8440400003	15.588	0.006999999999999999
2456016.74243	15.59	0.006
2456017.83535	15.59	0.006
2456019.75032	15.585999999999999	0.006999999999999999
2456020.82533	15.575999999999999	0.006999999999999999
2456021.88815	15.59	0.006
2456023.72148	15.593	0.006999999999999999
2456024.7067299997	15.610999999999999	0.008
2456025.7713900004	15.585999999999999	0.006999999999999999
2456032.69914	15.582	0.008
2456033.91295	15.588	0.006999999999999999
2456036.88196	15.585	0.006
2456038.9032900003	15.587	0.006999999999999999
2456041.74386	15.578	0.006999999999999999
2456047.90099	15.591	0.006999999999999999
2456049.84923	15.585999999999999	0.006
2456053.76266	15.581	0.006999999999999999
2456058.7722099996	15.589	0.006999999999999999
2456059.76343	15.585	0.006999999999999999
2456061.91829	15.59	0.006999999999999999
2456063.86927	15.597000000000001	0.006999999999999999
2456065.7373099998	15.59	0.006
2456066.92746	15.597999999999999	0.006
2456069.8434099997	15.595999999999998	0.006
2456070.89774	15.595	0.006
2456075.59838	15.595	0.006999999999999999
2456076.72675	15.591	0.006
2456077.9434599997	15.59	0.006999999999999999
2456079.64091	15.581	0.006999999999999999
2456080.69632	15.595	0.006999999999999999
2456081.7313200003	15.581	0.006999999999999999
2456082.62624	15.562999999999999	0.01
2456085.92031	15.605	0.006999999999999999
2456089.73154	15.592	0.006
2456093.6079599997	15.556	0.006999999999999999
2456094.75422	15.599	0.006999999999999999
2456096.87289	15.58	0.006999999999999999
2456098.67674	15.581	0.006999999999999999
2456100.627	15.585	0.006999999999999999
2456101.6562900003	15.599	0.006
2456102.71811	15.591	0.006999999999999999
2456104.8028700002	15.595999999999998	0.006
2456108.50815	15.571	0.008
2456109.81348	15.589	0.006999999999999999
2456114.57667	15.567	0.008
2456116.7340599997	15.592	0.006999999999999999
2456118.8475900004	15.587	0.006999999999999999
2456119.63928	15.603	0.006
2456120.55237	15.579	0.008
2456121.64732	15.595999999999998	0.006
2456126.65157	15.589	0.006999999999999999
2456128.64872	15.591	0.006
2456130.55373	15.587	0.006999999999999999
2456132.78189	15.597999999999999	0.006999999999999999
2456135.4934400003	15.58	0.006999999999999999
2456140.51084	15.594000000000001	0.008
2456147.50795	15.582	0.006999999999999999
2456148.48561	15.585999999999999	0.006
2456150.61703	15.584000000000001	0.006999999999999999
2456151.4888	15.579	0.008
2456152.64498	15.591	0.006999999999999999
2456158.49108	15.587	0.006999999999999999
2456160.49323	15.597999999999999	0.006999999999999999
2456164.4959400003	15.587	0.006999999999999999
2456168.4992299997	15.585999999999999	0.006999999999999999
2456171.4992400003	15.591	0.006999999999999999
2456172.49735	15.589	0.006
2456175.48605	15.575	0.006999999999999999
2456180.55179	15.595	0.006999999999999999
2456182.65778	15.577	0.006999999999999999
2456185.48637	15.595999999999998	0.006
2456186.48446	15.6	0.006999999999999999
2456195.48576	15.594000000000001	0.006999999999999999
2456196.6026	15.609000000000002	0.006999999999999999
2456200.59248	15.585	0.01
2456204.59081	15.597000000000001	0.006999999999999999
2456208.51948	15.585	0.008
2456211.5773099996	15.597000000000001	0.006999999999999999
2456212.4964900003	15.6	0.006999999999999999
2456214.53144	15.597000000000001	0.006999999999999999
2456216.50545	15.593	0.006999999999999999
2456219.53189	15.587	0.006999999999999999
2456225.57274	15.603	0.008
2456231.50784	15.604000000000001	0.008
2456347.89829	15.604000000000001	0.006999999999999999
2456351.85677	15.591	0.006999999999999999
2456358.8346700002	15.592	0.006999999999999999
2456360.8121599997	15.591	0.006
2456373.8073299997	15.59	0.006999999999999999
2456375.75978	15.597999999999999	0.006
2456376.88974	15.595	0.006
2456388.7382900002	15.583	0.006999999999999999
2456391.7222	15.592	0.006999999999999999
2456398.69423	15.585	0.006
2456454.57117	15.578	0.006999999999999999
2456456.9185900004	15.587	0.006
2456476.50343	15.572000000000001	0.006999999999999999
2456483.6147	15.581	0.006
2456490.79951	15.606	0.006
2456511.69233	15.585999999999999	0.006
2456515.67825	15.591	0.006
2456702.86563	15.58	0.006999999999999999
2456704.86948	15.59	0.006999999999999999
2456705.86761	15.575	0.006999999999999999
2456715.86742	15.594000000000001	0.006
2456718.8361400003	15.588	0.006999999999999999
2456723.80242	15.581	0.006999999999999999
2456725.8134	15.589	0.006999999999999999
2456727.81157	15.587	0.006
2456729.78712	15.595	0.006999999999999999
2456733.81297	15.585999999999999	0.006999999999999999
2456745.807	15.592	0.006
2456755.73954	15.592	0.006999999999999999
2456757.74125	15.588	0.006999999999999999
2456759.76043	15.594000000000001	0.006
2456761.71158	15.582	0.006999999999999999
2456763.69481	15.59	0.006999999999999999
2456792.85976	15.595999999999998	0.006999999999999999
2456796.93103	15.594000000000001	0.006999999999999999
2456798.85226	15.57	0.008
2456803.88342	15.597000000000001	0.006999999999999999
2456804.8993	15.594000000000001	0.006999999999999999
2456805.9434700003	15.612	0.01
2456807.9391099997	15.589	0.008
2456809.57824	15.592	0.006999999999999999
2456815.93485	15.6	0.006999999999999999
2456819.55848	15.583	0.01
2456823.75843	15.595999999999998	0.006999999999999999
2456826.8354700003	15.605	0.006999999999999999
2456827.88753	15.603	0.006999999999999999
2456829.51874	15.584000000000001	0.008
2456830.5389099997	15.589	0.006999999999999999
2456833.78265	15.592	0.006999999999999999
2456834.78744	15.591	0.008
2456835.83921	15.597000000000001	0.008
2456837.49713	15.589	0.006999999999999999
2456838.49268	15.587	0.008
2456839.50342	15.597000000000001	0.008
2456842.71942	15.6	0.006999999999999999
2456844.75412	15.594000000000001	0.006999999999999999
2456845.7354900003	15.593	0.006999999999999999
2456847.6935900003	15.594000000000001	0.006999999999999999
2456851.68169	15.587	0.006999999999999999
2456852.77079	15.595999999999998	0.01
2456855.81098	15.607999999999999	0.006999999999999999
2456857.49053	15.591	0.006999999999999999
2456859.74051	15.595	0.008
2456864.67795	15.597999999999999	0.006999999999999999
2456871.54066	15.588	0.006999999999999999
2456880.5658299997	15.589	0.008
2456882.51958	15.592	0.006999999999999999
2456884.7104599997	15.594000000000001	0.006999999999999999
2456888.5191599997	15.587	0.006999999999999999
2456889.70159	15.597999999999999	0.006999999999999999
2456891.63232	15.597999999999999	0.006999999999999999
2456896.61421	15.600999999999999	0.006999999999999999
2456915.5809	15.593	0.008
2456936.55419	15.587	0.008
2456940.5259	15.599	0.006999999999999999
2456947.50916	15.585999999999999	0.006999999999999999
2456951.5534	15.617	0.006999999999999999
2456955.5022299998	15.6	0.006999999999999999
2457087.84606	15.583	0.006999999999999999
2457089.88422	15.584000000000001	0.006999999999999999
2457109.86602	15.579	0.006999999999999999
2457111.8087299997	15.581	0.006999999999999999
2457114.8263	15.597999999999999	0.006999999999999999
2457126.73107	15.579	0.006999999999999999
2457136.93335	15.592	0.008
2457139.92443	15.571	0.006999999999999999
2457142.88521	15.577	0.006999999999999999
2457144.688	15.592	0.008
2457145.93445	15.585	0.008
2457147.64902	15.567	0.01
2457152.78863	15.585	0.006999999999999999
2457153.83795	15.587	0.006
2457155.62212	15.578	0.006999999999999999
2457158.65413	15.584000000000001	0.006999999999999999
2457178.82631	15.593	0.006999999999999999
2457183.84585	15.594000000000001	0.006999999999999999
2457184.8802	15.595	0.006999999999999999
2457190.8418400004	15.599	0.006999999999999999
2457193.8053200003	15.589	0.006999999999999999
2457197.5592799997	15.594000000000001	0.006999999999999999
2457202.80608	15.59	0.008
2457202.8228	15.593	0.008
2457206.83972	15.581	0.008
2457217.8354599997	15.592	0.006999999999999999
2457220.63066	15.589	0.006999999999999999
2457221.67167	15.588	0.006999999999999999
2457222.76244	15.578	0.006999999999999999
2457227.47275	15.573	0.008
2457228.51855	15.582	0.006999999999999999
2457236.54705	15.587	0.008
2457249.73268	15.573	0.006999999999999999
2457253.59123	15.59	0.006999999999999999
2457263.68166	15.591	0.006999999999999999
2457268.65535	15.602	0.006
2457270.62597	15.585999999999999	0.006999999999999999
2457273.6387099996	15.589	0.006999999999999999
2457277.67191	15.591	0.006999999999999999
2457293.51139	15.585	0.006999999999999999
2457307.5583099998	15.575	0.006999999999999999
2457319.50693	15.581	0.008
2457325.50457	15.569	0.008
2457429.8831700003	15.434000000000001	0.006999999999999999
2457430.88318	15.42	0.006
2457431.86564	15.431	0.006
2457432.87436	15.422	0.006999999999999999
2457433.8889200003	15.409	0.006999999999999999
2457436.86777	15.380999999999998	0.006999999999999999
2457437.86336	15.366	0.006
2457438.87791	15.354000000000001	0.006999999999999999
2457440.85129	15.338	0.006
2457441.8548	15.333	0.006
2457444.85714	15.277000000000001	0.006999999999999999
2457445.85145	15.259	0.005
2457446.86417	15.234000000000002	0.005
2457448.88129	15.2	0.005
2457456.8151	14.994000000000002	0.005
2457457.8013299997	14.962	0.005
2457458.7966299998	14.933	0.005
2457460.79785	14.857000000000001	0.004
2457462.7824	14.786	0.004
2457465.88405	14.645999999999999	0.004
2457470.77492	14.463	0.004
2457471.84808	14.422	0.004
2457472.79677	14.389000000000001	0.004
2457473.75851	14.367	0.004
2457499.68439	15.125	0.005
2457511.79478	15.332	0.006
2457528.79361	15.465	0.006999999999999999
2457530.8480599998	15.488	0.006999999999999999
2457536.61558	15.492	0.006999999999999999
2457552.88681	15.544	0.006999999999999999
2457557.64385	15.545	0.006999999999999999
2457568.5883400002	15.557	0.006999999999999999
2457581.79614	15.573	0.006999999999999999
2457601.6921200003	15.575	0.006999999999999999
2457602.7595	15.574000000000002	0.006999999999999999
2457604.48875	15.569	0.008
2457606.73275	15.587	0.006999999999999999
2457609.6823299997	15.573	0.006999999999999999
2457624.51058	15.58	0.006999999999999999
2457626.5173	15.575	0.006999999999999999
2457631.54421	15.589	0.006
2457647.50765	15.575999999999999	0.008
2457649.6173799997	15.589	0.006999999999999999
2457651.4976	15.587	0.006999999999999999
2457653.58919	15.587	0.006999999999999999
2457655.5913400003	15.587	0.006999999999999999
2457657.5786900003	15.581	0.006999999999999999
2457660.53992	15.571	0.006999999999999999
2457661.58439	15.594000000000001	0.006999999999999999
2457664.54207	15.573	0.008
2457666.49024	15.567	0.008
2457671.54721	15.592	0.008
2457679.5151299997	15.561	0.008
2457800.85463	15.6	0.008
2457807.86256	15.588	0.006999999999999999
2457810.88721	15.59	0.006999999999999999
2457827.8088	15.588	0.008
2457829.81929	15.603	0.008
2457834.86919	15.6	0.008
2457838.89019	15.579	0.006999999999999999
2457842.86248	15.588	0.006999999999999999
2457844.8229799997	15.585	0.008
2457846.77775	15.595999999999998	0.006999999999999999
2457862.72086	15.575	0.008
2457864.88619	15.589	0.006999999999999999
2457866.73496	15.585999999999999	0.006999999999999999
2457867.86932	15.584000000000001	0.006999999999999999
2457869.79378	15.589	0.006999999999999999
2457871.71091	15.585	0.006999999999999999
2457872.8442599997	15.582	0.006999999999999999
2457874.66646	15.571	0.008
2457875.8798599998	15.597999999999999	0.006999999999999999
2457877.65582	15.582	0.006999999999999999
2457878.81458	15.584000000000001	0.006999999999999999
2457880.68219	15.582	0.008
2457881.8722200003	15.574000000000002	0.008
2457894.77263	15.575999999999999	0.006999999999999999
2457897.7026400003	15.582	0.006999999999999999
2457906.72127	15.591	0.006999999999999999
2457907.74441	15.583	0.006999999999999999
2457908.8281099997	15.585999999999999	0.006999999999999999
2457909.75086	15.595999999999998	0.006999999999999999
2457910.64548	15.584000000000001	0.006999999999999999
2457910.94735	15.595999999999998	0.006999999999999999
2457917.56282	15.592	0.008
2457917.8969900003	15.595	0.008
2457922.6512599997	15.584000000000001	0.006999999999999999
2457923.8051299998	15.59	0.006999999999999999
2457924.7615900002	15.594000000000001	0.006999999999999999
2457926.8761400003	15.57	0.008
2457932.83523	15.58	0.006999999999999999
2457933.8155900002	15.578	0.008
2457934.82767	15.58	0.006999999999999999
2457936.84745	15.568	0.008
2457937.82305	15.579	0.008
2457944.60684	15.574000000000002	0.008
2457945.51875	15.581	0.008
2457945.84845	15.585	0.008
2457946.8139299997	15.587	0.006999999999999999
2457948.4937	15.569	0.008
2457949.55821	15.584000000000001	0.008
2457952.81553	15.585999999999999	0.006999999999999999
2457954.47438	15.589	0.006999999999999999
2457955.78973	15.594000000000001	0.006999999999999999
2457957.6466	15.591	0.006999999999999999
2457958.77091	15.594000000000001	0.008
2457959.79504	15.574000000000002	0.006999999999999999
2457961.56108	15.577	0.006999999999999999
2457965.66956	15.585999999999999	0.006999999999999999
2457967.58692	15.585999999999999	0.008
2457972.6900400002	15.574000000000002	0.008
2457974.58344	15.594000000000001	0.006999999999999999
2457979.57944	15.585999999999999	0.006999999999999999
2457981.56201	15.585	0.006999999999999999
2457983.5184	15.582	0.008
2457984.65615	15.591	0.006999999999999999
2457987.49596	15.587	0.006999999999999999
2457991.4819799997	15.588	0.006999999999999999
2457992.6488	15.588	0.006999999999999999
2457994.6246	15.585	0.006999999999999999
2458000.56904	15.593	0.008
2458002.63754	15.597000000000001	0.008
2458007.5955	15.587	0.006999999999999999
2458012.5751900002	15.582	0.006999999999999999
2458016.48481	15.589	0.008
2458019.56313	15.585999999999999	0.006999999999999999
2458029.51363	15.595	0.008
2458040.50215	15.591	0.008
2458041.49896	15.573	0.006999999999999999
2458053.53254	15.58	0.008
