2455378.8309	17.945999999999998	0.032
2455380.85634	17.973	0.049
2455385.71851	17.953	0.026000000000000002
2455387.4866400003	17.914	0.03
2455387.5576299997	17.948	0.026000000000000002
2455387.63034	17.939	0.02
2455389.62334	17.781	0.027999999999999997
2455392.74435	17.942999999999998	0.026000000000000002
2455403.56187	17.929000000000002	0.032
2455407.50257	17.99	0.035
2455410.4922599997	17.989	0.033
2455414.5669299997	17.974	0.023
2455425.51415	17.938	0.026000000000000002
2455434.6982400003	17.958	0.035
2455443.60053	17.965999999999998	0.035
2455448.62236	17.933	0.028999999999999998
2455457.54777	17.944000000000003	0.023
2455459.5135	17.936	0.033
2455460.61026	17.805	0.049
2455462.60062	17.975	0.036000000000000004
2455465.4892599997	17.918	0.039
2455470.53345	17.955	0.032
2455472.59068	17.989	0.033
2455478.5381099996	18.007	0.033
2455487.51343	17.942	0.032
2455490.5235099997	17.925	0.052000000000000005
2455497.5350200003	17.976	0.033
2455621.87913	17.973	0.026000000000000002
2455625.85198	17.935	0.032
2455627.85923	17.987000000000002	0.027999999999999997
2455628.89547	17.92	0.027999999999999997
2455630.86052	17.942999999999998	0.032
2455632.85062	17.989	0.032
2455634.83299	17.967	0.036000000000000004
2455635.89848	17.922	0.032
2455638.81016	17.930999999999997	0.036000000000000004
2455641.82838	17.974	0.032
2455641.86656	17.973	0.032
2455643.8594299997	17.922	0.027999999999999997
2455648.87127	17.957	0.025
2455650.7880599997	17.938	0.025
2455652.79733	17.945	0.025
2455654.88829	17.964000000000002	0.025
2455656.8579599997	17.889	0.022000000000000002
2455658.85955	17.941	0.027999999999999997
2455659.90928	17.967	0.026000000000000002
2455662.83252	17.958	0.033
2455664.90785	17.972	0.028999999999999998
2455667.89706	17.955	0.023
2455670.76628	17.938	0.033
2455676.67615	18.186	0.019
2455677.89626	17.937	0.023
2455680.78821	17.921	0.03
2455682.6776400004	17.97	0.033
2455683.93568	17.923	0.042
2455685.9193700003	17.95	0.026000000000000002
2455687.83642	17.937	0.023
2455690.85054	17.932000000000002	0.03
2455690.85265	17.89	0.027999999999999997
2455692.7579200002	17.954	0.026000000000000002
2455693.8582200003	17.938	0.025
2455695.62045	17.982	0.039
2455696.74544	17.921	0.027999999999999997
2455697.83319	17.974	0.027999999999999997
2455698.91215	17.98	0.045
2455706.71845	17.955	0.035
2455707.87212	17.944000000000003	0.032
2455709.6403099997	17.938	0.028999999999999998
2455713.79729	17.962	0.026000000000000002
2455713.80974	17.994	0.026000000000000002
2455715.85005	18.01	0.027999999999999997
2455721.73083	17.956	0.028999999999999998
2455721.745	17.938	0.027999999999999997
2455723.57595	17.942	0.032
2455724.70433	17.942	0.035
2455726.6288400004	17.942999999999998	0.035
2455735.80884	17.94	0.027999999999999997
2455736.89972	17.955	0.03
2455738.60736	17.975	0.03
2455739.76998	17.953	0.026000000000000002
2455740.85138	17.935	0.035
2455741.89021	17.933	0.026000000000000002
2455743.61909	17.919	0.033
2455744.61751	17.992	0.036000000000000004
2455745.71644	18.0	0.027999999999999997
2455747.60463	18.033	0.046
2455749.6331	17.980999999999998	0.028999999999999998
2455753.4893900002	18.061	0.095
2455760.48276	17.994	0.051
2455761.59577	17.846	0.026000000000000002
2455762.6982400003	17.969	0.032
2455764.50167	17.976	0.028999999999999998
2455765.65213	17.952	0.025
2455767.4761200002	18.008	0.048
2455768.60667	17.942	0.026000000000000002
2455777.4834	17.939	0.03
2455779.6629	17.985	0.027999999999999997
2455786.48207	18.02	0.057999999999999996
2455787.7083799997	17.97	0.032
2455790.61937	17.91	0.043
2455793.72017	17.947	0.035
2455796.53272	17.962	0.027999999999999997
2455802.55131	17.965	0.033
2455805.5866900003	17.959	0.025
2455812.62173	17.965999999999998	0.045
2455815.65697	18.000999999999998	0.028999999999999998
2455818.56176	17.976	0.038
2455820.63632	18.003	0.039
2455823.55175	17.941	0.040999999999999995
2455824.56076	17.999000000000002	0.027999999999999997
2455825.56471	17.997	0.032
2455826.54915	17.965	0.033
2455828.52568	17.937	0.026000000000000002
2455830.48782	17.984	0.026000000000000002
2455832.51774	17.937	0.025
2455834.53994	17.952	0.025
2455839.5212	17.92	0.057999999999999996
2455841.5183200003	17.92	0.040999999999999995
2455843.52037	17.934	0.035
2455845.5320200003	17.883	0.042
2455850.5759900003	17.971	0.03
2455854.5304400004	17.963	0.036000000000000004
2455859.53748	17.927	0.036000000000000004
2455979.85014	18.018	0.033
2455984.82608	17.955	0.028999999999999998
2455987.8270900003	17.938	0.035
2455989.88855	17.909000000000002	0.027999999999999997
2455992.8322400004	17.992	0.03
2455994.8999900003	18.005	0.032
2455996.91225	17.948	0.036000000000000004
2455999.78313	17.983	0.038
2456004.8256599996	17.968	0.028999999999999998
2456006.80962	17.924	0.023
2456008.75383	17.961	0.032
2456009.8763099997	17.957	0.023
2456011.78758	17.952	0.027999999999999997
2456012.9257099996	17.95	0.046
2456014.8590599997	17.95	0.026000000000000002
2456016.75864	17.969	0.025
2456017.84966	17.933	0.02
2456019.7646	17.947	0.032
2456020.83962	17.986	0.023
2456021.90203	17.955	0.023
2456023.74683	18.014	0.03
2456024.73011	17.939	0.038
2456025.79708	17.932000000000002	0.043
2456032.73945	17.992	0.027999999999999997
2456034.70849	17.919	0.025
2456036.93744	17.916	0.049
2456039.7480099997	17.909000000000002	0.033
2456041.78928	17.969	0.027999999999999997
2456048.6882700003	17.989	0.026000000000000002
2456049.89092	17.967	0.025
2456052.68351	17.919	0.033
2456053.8111099997	17.919	0.026000000000000002
2456058.8218799997	17.959	0.028999999999999998
2456059.81267	17.959	0.023
2456062.66879	18.023	0.036000000000000004
2456063.91642	17.939	0.027999999999999997
2456065.78961	17.898	0.025
2456067.61221	17.944000000000003	0.027999999999999997
2456068.7154200003	17.99	0.025
2456069.88399	17.964000000000002	0.023
2456070.93677	17.945999999999998	0.027999999999999997
2456075.6376900002	17.955	0.025
2456076.7752400003	17.957	0.025
2456078.62527	17.984	0.03
2456079.6830700003	17.94	0.026000000000000002
2456080.73797	17.956	0.027999999999999997
2456081.78028	17.996	0.028999999999999998
2456082.63923	17.956	0.052000000000000005
2456082.87989	17.949	0.051
2456085.94762	17.998	0.08
2456087.60502	17.936	0.03
2456089.7801200002	17.977	0.027999999999999997
2456093.64582	17.980999999999998	0.028999999999999998
2456094.79236	17.977999999999998	0.026000000000000002
2456096.9111599997	17.957	0.045
2456098.7397	17.977999999999998	0.026000000000000002
2456100.6745599997	17.963	0.025
2456101.70847	17.965999999999998	0.025
2456102.75603	17.941	0.025
2456103.80518	17.930999999999997	0.023
2456104.84884	17.929000000000002	0.025
2456108.54549	17.985	0.038
2456109.61568	18.078	0.077
2456109.85324	17.959	0.035
2456114.61279	17.969	0.036000000000000004
2456115.64861	17.975	0.027999999999999997
2456116.77307	17.918	0.026000000000000002
2456117.83891	17.974	0.036000000000000004
2456119.4973299997	17.941	0.039
2456120.60738	17.999000000000002	0.026000000000000002
2456121.6854	17.934	0.019
2456123.79891	17.932000000000002	0.025
2456125.55804	17.921	0.032
2456126.7102200002	17.976	0.027999999999999997
2456128.7045299998	17.974	0.025
2456130.7445099996	17.977	0.033
2456133.556	18.051	0.039
2456135.5364099997	17.965	0.035
2456140.55908	18.011	0.055999999999999994
2456141.68415	17.955	0.033
2456147.56834	17.980999999999998	0.03
2456148.5254	17.968	0.023
2456150.6687	17.979	0.03
2456151.5578400004	17.941	0.036000000000000004
2456152.69802	18.000999999999998	0.025
2456158.54225	17.96	0.026000000000000002
2456160.54905	17.964000000000002	0.028999999999999998
2456160.56316	17.957	0.026000000000000002
2456164.55863	17.980999999999998	0.049
2456168.56926	17.996	0.027999999999999997
2456169.54729	17.971	0.035
2456171.5525599997	17.879	0.028999999999999998
2456172.54875	17.97	0.025
2456175.5361099998	17.980999999999998	0.032
2456180.58958	17.913	0.036000000000000004
2456183.50698	18.021	0.035
2456185.54369	17.947	0.022000000000000002
2456186.54147	17.982	0.033
2456195.50019	17.958	0.03
2456196.6266799998	17.961	0.036000000000000004
2456200.6049099998	17.95	0.046
2456204.60493	17.956	0.033
2456208.53545	17.979	0.038
2456211.59209	17.994	0.03
2456212.5107299997	17.918	0.028999999999999998
2456214.54555	17.971	0.040999999999999995
2456216.51983	18.009	0.033
2456219.5446599997	17.968	0.028999999999999998
2456226.5087099997	17.95	0.045
2456231.52636	17.984	0.040999999999999995
2456237.53309	18.009	0.040999999999999995
2456348.83953	17.945	0.032
2456352.8242	17.977999999999998	0.033
2456358.8641	17.975	0.03
2456360.82613	17.95	0.022000000000000002
2456362.8604900003	17.956	0.026000000000000002
2456368.85158	18.004	0.026000000000000002
2456370.86513	17.936	0.025
2456373.83187	17.941	0.026000000000000002
2456375.77276	17.965	0.026000000000000002
2456376.90433	18.051	0.023
2456378.8560200003	17.947	0.022000000000000002
2456380.79428	17.959	0.025
2456382.75544	17.975	0.039
2456386.87982	17.961	0.032
2456388.78644	17.96	0.023
2456389.88015	17.958	0.025
2456391.76858	17.957	0.03
2456394.8109	17.945999999999998	0.028999999999999998
2456396.785	17.951	0.02
2456398.73317	17.954	0.023
2456400.71922	17.944000000000003	0.026000000000000002
2456402.6962200003	17.885	0.028999999999999998
2456403.86241	18.018	0.026000000000000002
2456406.80775	17.971	0.036000000000000004
2456408.7718700003	18.035	0.049
2456415.9321	18.021	0.035
2456417.8305099998	17.95	0.027999999999999997
2456419.6658	18.034000000000002	0.039
2456420.7674	17.951	0.02
2456422.9171599997	17.952	0.043
2456424.77096	17.924	0.02
2456428.63387	17.987000000000002	0.042
2456431.7508799997	17.976	0.025
2456432.8661700003	17.935	0.022000000000000002
2456434.68739	17.942999999999998	0.032
2456435.82115	17.937	0.026000000000000002
2456436.8941099998	17.923	0.028999999999999998
2456441.8776	18.042	0.048
2456442.93137	17.973	0.028999999999999998
2456445.71873	17.942999999999998	0.027999999999999997
2456446.6349299997	17.959	0.02
2456447.7001099996	17.963	0.023
2456448.7412900003	17.94	0.025
2456449.78518	18.005	0.028999999999999998
2456450.83116	17.982	0.025
2456451.89396	17.968	0.032
2456454.61213	17.965	0.026000000000000002
2456455.74135	17.937	0.026000000000000002
2456457.72768	17.977	0.02
2456458.80234	17.922	0.023
2456459.85693	17.95	0.023
2456461.75619	17.963	0.026000000000000002
2456463.60861	18.005	0.039
2456464.70612	17.979	0.03
2456468.81733	17.95	0.03
2456472.64719	17.938	0.028999999999999998
2456473.78086	17.952	0.027999999999999997
2456474.8548	17.969	0.032
2456476.5440700003	17.979	0.032
2456477.61937	17.937	0.026000000000000002
2456479.63862	17.910999999999998	0.027999999999999997
2456480.8176700003	17.921	0.028999999999999998
2456483.81704	17.92	0.03
2456486.4755700002	17.945	0.032
2456487.56409	17.909000000000002	0.023
2456489.72389	17.971	0.028999999999999998
2456491.50055	17.92	0.033
2456492.64548	17.941	0.040999999999999995
2456496.63581	17.891	0.046
2456497.6532900003	18.024	0.036000000000000004
2456498.7678099996	17.983	0.028999999999999998
2456501.66935	17.963	0.027999999999999997
2456505.72353	17.980999999999998	0.032
2456508.58937	17.932000000000002	0.023
2456510.47928	17.979	0.023
2456511.7437	17.962	0.025
2456515.75732	18.064	0.027999999999999997
2456519.57169	17.937	0.025
2456524.50826	18.002	0.036000000000000004
2456527.60868	17.824	0.039
2456536.48123	17.958	0.028999999999999998
2456541.56042	17.930999999999997	0.023
2456545.6088	17.964000000000002	0.022000000000000002
2456555.62773	17.881	0.035
2456564.51757	17.948	0.032
2456568.5081599997	18.006	0.045
2456570.5606	18.022000000000002	0.028999999999999998
2456573.52203	17.921	0.028999999999999998
2456577.58738	18.058	0.067
2456582.56387	17.95	0.028999999999999998
2456585.5495	18.011	0.042
2456593.55574	17.945999999999998	0.046
2456599.53767	17.95	0.032
2456697.87257	17.984	0.027999999999999997
2456704.88557	17.977999999999998	0.033
2456705.8829099997	17.93	0.040999999999999995
2456710.8410900002	17.996	0.028999999999999998
2456715.88358	17.921	0.023
2456718.87182	17.917	0.033
2456720.90327	17.938	0.026000000000000002
2456723.82039	17.964000000000002	0.03
2456725.84475	17.929000000000002	0.025
2456727.82962	17.939	0.02
2456729.81662	17.965	0.025
2456731.88074	17.977999999999998	0.032
2456733.84358	17.971	0.028999999999999998
2456735.7700799997	17.969	0.036000000000000004
2456736.8727	17.908	0.032
2456742.9038299997	17.97	0.022000000000000002
2456745.83425	17.921	0.027999999999999997
2456747.85308	17.962	0.023
2456751.78668	17.933	0.02
2456755.9169799997	17.968	0.025
2456759.76215	17.936	0.025
2456762.73834	17.934	0.03
2456765.69471	17.858	0.033
2456765.7146099997	18.029	0.036000000000000004
2456769.9038	17.977	0.025
2456772.78812	17.954	0.022000000000000002
2456775.7155299997	17.973	0.02
2456784.66963	17.953	0.026000000000000002
2456785.6575	17.934	0.023
2456786.66528	17.964000000000002	0.027999999999999997
2456790.7144299997	17.964000000000002	0.032
2456792.6586	18.003	0.040999999999999995
2456797.65239	17.877	0.03
2456803.7447099998	17.958	0.023
2456805.6099400003	17.958	0.036000000000000004
2456807.86034	17.965	0.033
2456809.76767	17.955	0.02
2456811.6474	17.945	0.03
2456814.67939	17.942	0.025
2456816.6858200002	17.979	0.036000000000000004
2456817.65788	17.945999999999998	0.027999999999999997
2456817.94205	17.954	0.045
2456823.84765	17.927	0.028999999999999998
2456825.69698	17.963	0.03
2456826.91376	17.945	0.035
2456828.83565	17.95	0.026000000000000002
2456830.6729	17.955	0.022000000000000002
2456832.70656	17.953	0.038
2456834.60524	17.926	0.032
2456836.53716	17.923	0.039
2456837.7969	17.961	0.027999999999999997
2456839.64158	17.956	0.032
2456841.6795099997	17.917	0.026000000000000002
2456844.5828299997	17.907	0.026000000000000002
2456845.82345	17.957	0.026000000000000002
2456851.61798	17.917	0.036000000000000004
2456855.58295	17.988	0.033
2456857.50429	17.944000000000003	0.027999999999999997
2456859.57827	17.878	0.038
2456863.69638	17.967	0.025
2456870.71323	17.948	0.027999999999999997
2456880.71312	17.916	0.048
2456884.68242	17.964000000000002	0.026000000000000002
2456887.5661	17.959	0.025
2456890.4826599997	17.907	0.027999999999999997
2456895.69614	17.922	0.028999999999999998
2456909.54688	17.927	0.052000000000000005
2456919.56538	17.965	0.027999999999999997
2456925.58853	17.930999999999997	0.033
2456930.59547	17.897000000000002	0.038
2456936.5704900003	17.955	0.042
2456940.54223	17.957	0.039
2456947.53373	17.816	0.032
2456952.512	18.006	0.040999999999999995
2456955.52874	17.99	0.032
2457085.8174	17.953	0.033
2457087.8736	17.961	0.032
2457089.90069	17.992	0.035
2457092.79838	17.939	0.032
2457097.84825	17.95	0.022000000000000002
2457099.85292	17.935	0.027999999999999997
2457101.87587	17.941	0.032
2457109.89573	17.96	0.026000000000000002
2457111.82655	17.922	0.026000000000000002
2457113.75429	17.922	0.026000000000000002
2457116.80412	17.928	0.03
2457119.90799	17.962	0.028999999999999998
2457126.87871	17.980999999999998	0.023
2457131.77971	17.964000000000002	0.025
2457134.8697900004	17.929000000000002	0.025
2457137.71682	17.989	0.023
2457139.83473	17.967	0.026000000000000002
2457141.9094700003	17.932000000000002	0.025
2457144.8465299997	17.965999999999998	0.035
2457146.9224099996	17.934	0.032
2457153.66026	17.929000000000002	0.026000000000000002
2457155.6699900003	17.968	0.027999999999999997
2457157.86057	17.97	0.027999999999999997
2457159.8407099997	17.96	0.026000000000000002
2457161.83152	17.929000000000002	0.022000000000000002
2457163.77346	17.935	0.028999999999999998
2457166.80432	17.961	0.027999999999999997
2457170.63853	17.954	0.026000000000000002
2457172.9473099997	17.977999999999998	0.064
2457174.81317	17.923	0.033
2457179.8382599996	17.975	0.035
2457181.6748900004	17.929000000000002	0.025
2457182.94491	17.982	0.046
2457184.8204200002	17.953	0.026000000000000002
2457186.83384	17.930999999999997	0.032
2457188.74236	17.963	0.035
2457190.6891	17.96	0.027999999999999997
2457191.68741	17.963	0.026000000000000002
2457197.60714	17.971	0.026000000000000002
2457198.89879	17.928	0.038
2457200.73937	17.953	0.025
2457202.89352	17.898	0.038
2457207.77043	17.908	0.039
2457211.68203	17.93	0.026000000000000002
2457217.7820099997	17.963	0.033
2457220.82204	17.945999999999998	0.028999999999999998
2457222.78163	17.977999999999998	0.032
2457224.7793900003	17.947	0.026000000000000002
2457227.53199	17.979	0.026000000000000002
2457229.53272	17.939	0.027999999999999997
2457236.4986400004	17.97	0.040999999999999995
2457252.63554	17.975	0.026000000000000002
2457256.65795	17.945	0.036000000000000004
2457264.5265	17.977999999999998	0.032
2457268.61319	17.942	0.022000000000000002
2457272.4869	17.965	0.040999999999999995
2457277.68612	17.961	0.038
2457293.54005	17.986	0.033
2457297.5715900003	18.009	0.049
2457307.57218	17.948	0.032
2457320.52508	17.895	0.048
2457437.88752	17.892	0.026000000000000002
2457442.89627	17.861	0.038
2457444.90254	17.845	0.045
2457448.90555	17.799	0.025
2457451.84933	17.820999999999998	0.039
2457455.82389	17.785999999999998	0.025
2457460.78885	17.75	0.027999999999999997
2457463.91271	17.795	0.027999999999999997
2457470.81074	17.777	0.028999999999999998
2457474.75313	17.750999999999998	0.038
2457476.8188099996	17.703	0.023
2457485.77865	17.691	0.023
2457487.81013	17.669	0.023
2457491.77734	17.642	0.023
2457493.82145	17.656	0.017
2457495.8549099998	17.662	0.023
2457499.80014	17.628	0.02
2457507.79163	17.553	0.02
2457509.77756	17.538	0.019
2457512.87776	17.474	0.015
2457526.65528	17.421	0.022000000000000002
2457529.89912	17.344	0.033
2457536.66755	17.29	0.019
2457546.6433099997	17.219	0.019
2457547.76177	17.243	0.015
2457549.84305	17.208	0.015
2457555.81426	17.18	0.015
2457561.74853	17.128	0.015
2457566.77394	17.141	0.016
2457567.87305	17.125999999999998	0.019
2457569.73308	17.105	0.015
2457575.55497	17.131	0.015
2457576.79424	17.119	0.015
2457584.5712900003	17.156	0.02
2457589.7763400003	17.174	0.022000000000000002
2457593.6042400002	17.201	0.015
2457599.74008	17.267	0.016
2457602.65846	17.272000000000002	0.017
2457604.5657599997	17.305999999999997	0.016
2457606.68115	17.295	0.019
2457608.76993	17.349	0.017
2457611.7067400003	17.362000000000002	0.025
2457617.51803	17.417	0.03
2457621.57407	17.439	0.02
2457623.7188	17.474	0.02
2457630.53875	17.532	0.019
2457633.64756	17.538	0.022000000000000002
2457638.5435099998	17.622	0.025
2457647.62097	17.643	0.036000000000000004
2457652.57164	17.673	0.02
2457657.59779	17.695999999999998	0.022000000000000002
2457664.5468	17.787	0.032
2457681.5216900003	17.820999999999998	0.026000000000000002
