2455377.58157	15.392000000000001	0.008
2455377.80508	15.402000000000001	0.006999999999999999
2455378.73874	15.380999999999998	0.006999999999999999
2455379.53507	15.392000000000001	0.006999999999999999
2455379.8355099997	15.392999999999999	0.006999999999999999
2455380.5433799997	15.395	0.006999999999999999
2455380.7281299997	15.392000000000001	0.006999999999999999
2455381.57948	15.387	0.008
2455381.8024	15.38	0.006999999999999999
2455382.67191	15.385	0.006999999999999999
2455384.7796400003	15.39	0.008
2455386.53017	15.386	0.006999999999999999
2455387.47833	15.388	0.006999999999999999
2455387.54936	15.386	0.006
2455387.57967	15.385	0.006999999999999999
2455387.62198	15.384	0.006
2455388.4976	15.392000000000001	0.006999999999999999
2455388.83864	15.382	0.006999999999999999
2455389.78732	15.382	0.006999999999999999
2455390.72532	15.387	0.006999999999999999
2455391.57284	15.387	0.006999999999999999
2455392.51038	15.382	0.006999999999999999
2455392.8401200003	15.38	0.008
2455393.8169400003	15.390999999999998	0.008
2455396.79977	15.385	0.006999999999999999
2455403.54793	15.382	0.006999999999999999
2455403.74435	15.379000000000001	0.006999999999999999
2455404.6148	15.383	0.006999999999999999
2455405.63415	15.385	0.006999999999999999
2455407.48865	15.384	0.006999999999999999
2455407.6814900003	15.383	0.006999999999999999
2455408.61115	15.386	0.006999999999999999
2455409.47395	15.380999999999998	0.006999999999999999
2455410.4748299997	15.379000000000001	0.006999999999999999
2455411.49266	15.38	0.006999999999999999
2455412.5432700003	15.392000000000001	0.006999999999999999
2455413.48348	15.389000000000001	0.006999999999999999
2455414.50312	15.379000000000001	0.006
2455416.67692	15.386	0.006999999999999999
2455421.5110299997	15.392000000000001	0.006999999999999999
2455422.4950200003	15.386	0.006999999999999999
2455423.59004	15.383	0.006999999999999999
2455426.6957	15.382	0.006999999999999999
2455430.6532099997	15.392999999999999	0.006999999999999999
2455431.65026	15.392999999999999	0.006999999999999999
2455433.54015	15.392999999999999	0.008
2455434.623	15.397	0.006999999999999999
2455435.62	15.395999999999999	0.006999999999999999
2455437.48833	15.390999999999998	0.006999999999999999
2455438.67987	15.388	0.006999999999999999
2455443.5002200003	15.387	0.006999999999999999
2455444.50704	15.380999999999998	0.006999999999999999
2455445.57961	15.384	0.006999999999999999
2455446.61643	15.384	0.006
2455448.47896	15.385	0.006999999999999999
2455449.54916	15.388	0.006999999999999999
2455450.64703	15.388	0.006999999999999999
2455453.66247	15.380999999999998	0.006999999999999999
2455458.50713	15.383	0.006999999999999999
2455459.5564200003	15.38	0.006999999999999999
2455460.56873	15.387	0.008
2455461.5970900003	15.383	0.006999999999999999
2455463.5207	15.382	0.006999999999999999
2455464.51278	15.385	0.006999999999999999
2455467.506	15.384	0.006999999999999999
2455470.54503	15.388	0.006999999999999999
2455472.51845	15.380999999999998	0.006999999999999999
2455473.58502	15.384	0.006999999999999999
2455479.51192	15.390999999999998	0.006999999999999999
2455481.50522	15.39	0.008
2455486.51461	15.383	0.006999999999999999
2455488.50882	15.385	0.006999999999999999
2455490.52046	15.390999999999998	0.008
2455495.49928	15.385	0.006999999999999999
2455499.5273	15.386	0.008
2455621.87307	15.384	0.006
2455624.90642	15.389000000000001	0.006999999999999999
2455625.84589	15.379000000000001	0.006999999999999999
2455627.85317	15.388	0.006
2455628.88941	15.388	0.006
2455630.85446	15.384	0.006999999999999999
2455632.84453	15.389000000000001	0.006999999999999999
2455634.82691	15.387	0.006999999999999999
2455635.89245	15.390999999999998	0.006999999999999999
2455638.80414	15.392999999999999	0.006999999999999999
2455639.84871	15.383	0.006999999999999999
2455641.79977	15.39	0.006999999999999999
2455643.81233	15.39	0.006999999999999999
2455648.84274	15.392000000000001	0.006
2455650.76191	15.390999999999998	0.006
2455652.74972	15.394	0.006
2455654.85824	15.397	0.006999999999999999
2455656.83273	15.384	0.006
2455658.8155099996	15.395999999999999	0.006999999999999999
2455659.8794299997	15.388	0.006
2455662.78415	15.395999999999999	0.006999999999999999
2455664.87702	15.388	0.006999999999999999
2455667.82864	15.39	0.006
2455669.9240599996	15.386	0.006999999999999999
2455675.8743	15.386	0.006
2455677.83	15.383	0.006
2455680.72588	15.390999999999998	0.006999999999999999
2455681.90294	15.385	0.006999999999999999
2455683.8804	15.392000000000001	0.006
2455685.86132	15.386	0.006
2455687.76955	15.390999999999998	0.006999999999999999
2455690.78381	15.387	0.006999999999999999
2455692.68616	15.390999999999998	0.006999999999999999
2455693.80775	15.392000000000001	0.006
2455694.89145	15.389000000000001	0.006
2455696.6856	15.386	0.006999999999999999
2455697.77954	15.386	0.006999999999999999
2455698.8578	15.384	0.006999999999999999
2455705.92202	15.387	0.006999999999999999
2455707.81871	15.398	0.006
2455709.60387	15.398	0.006
2455713.7462299997	15.389000000000001	0.006
2455715.7952	15.39	0.006
2455721.63584	15.408	0.006
2455722.8209700002	15.392999999999999	0.006
2455724.6271	15.395	0.006999999999999999
2455724.6395900003	15.394	0.006999999999999999
2455726.56927	15.386	0.006999999999999999
2455735.7472599996	15.389000000000001	0.006999999999999999
2455736.8373	15.389000000000001	0.006
2455737.8824299998	15.386	0.006
2455739.7181599997	15.386	0.006
2455740.7995700003	15.385	0.006
2455741.83875	15.385	0.006
2455742.8505599997	15.386	0.006
2455744.5666099996	15.407	0.006999999999999999
2455745.64303	15.392000000000001	0.006999999999999999
2455746.8245900003	15.398	0.006999999999999999
2455749.5807	15.402000000000001	0.006999999999999999
2455761.5244299998	15.384	0.006
2455762.64819	15.370999999999999	0.006999999999999999
2455763.78943	15.392999999999999	0.006999999999999999
2455765.5814099996	15.389000000000001	0.006
2455766.71115	15.392999999999999	0.006
2455768.53123	15.395999999999999	0.006999999999999999
2455769.67996	15.380999999999998	0.006
2455776.70722	15.39	0.006999999999999999
2455779.6031299997	15.388	0.006
2455785.68568	15.386	0.006999999999999999
2455787.65263	15.388	0.006
2455790.56489	15.387	0.006999999999999999
2455793.66637	15.388	0.006999999999999999
2455795.7387900003	15.392999999999999	0.006999999999999999
2455801.66805	15.380999999999998	0.006999999999999999
2455805.53581	15.390999999999998	0.006
2455812.56809	15.387	0.008
2455815.60807	15.385	0.006
2455818.51115	15.392000000000001	0.006999999999999999
2455820.5857700002	15.394	0.006999999999999999
2455823.52283	15.395999999999999	0.008
2455824.53412	15.384	0.006
2455825.5194599996	15.394	0.006999999999999999
2455826.5132	15.386	0.006999999999999999
2455828.48709	15.384	0.006999999999999999
2455829.6126099997	15.390999999999998	0.006
2455831.6200599996	15.386	0.006999999999999999
2455834.51492	15.383	0.006
2455839.4923400003	15.39	0.009000000000000001
2455841.49291	15.389000000000001	0.006999999999999999
2455843.48988	15.392000000000001	0.006999999999999999
2455845.50503	15.394	0.006999999999999999
2455850.55821	15.395	0.006
2455854.5013599996	15.383	0.006999999999999999
2455859.5126799997	15.385	0.006999999999999999
2455978.8807	15.395999999999999	0.006
2455983.88639	15.41	0.006
2455986.87406	15.387	0.006
2455989.86306	15.39	0.006999999999999999
2455992.82055	15.405	0.006999999999999999
2455994.87296	15.394	0.006999999999999999
2455996.88718	15.395999999999999	0.006
2455998.90043	15.395	0.006
2456004.79041	15.390999999999998	0.006999999999999999
2456006.77868	15.389000000000001	0.006
2456007.90608	15.39	0.006
2456009.85099	15.394	0.006
2456011.7554900004	15.389000000000001	0.006
2456012.8993599997	15.397	0.006
2456014.8116099997	15.384	0.006
2456015.91963	15.39	0.006999999999999999
2456017.8232299997	15.39	0.006
2456019.73874	15.379000000000001	0.006999999999999999
2456020.81423	15.386	0.006
2456021.85737	15.386	0.006
2456023.71999	15.392999999999999	0.006999999999999999
2456024.70523	15.387	0.008
2456025.76989	15.390999999999998	0.006999999999999999
2456032.6867400003	15.394	0.006999999999999999
2456033.89975	15.39	0.006999999999999999
2456036.8672	15.390999999999998	0.006
2456038.8903	15.387	0.006
2456041.72756	15.397	0.006999999999999999
2456047.88827	15.386	0.006
2456049.83534	15.432	0.006
2456051.7447200003	15.383	0.006
2456053.7401400004	15.39	0.006
2456058.7595599997	15.385	0.006
2456059.75066	15.384	0.006
2456061.90532	15.384	0.006999999999999999
2456063.8462400003	15.389000000000001	0.006
2456065.71475	15.390999999999998	0.006
2456066.9147200002	15.390999999999998	0.006
2456068.65312	15.387	0.006
2456069.82896	15.385	0.006
2456070.88484	15.386	0.006
2456071.9389	15.385	0.006999999999999999
2456076.70487	15.39	0.006
2456077.9309	15.385	0.006
2456079.62825	15.39	0.006
2456080.67982	15.395999999999999	0.006999999999999999
2456081.71862	15.395999999999999	0.006
2456082.61501	15.395999999999999	0.008
2456082.83175	15.390999999999998	0.006999999999999999
2456086.93011	15.394	0.006999999999999999
2456089.6961	15.392999999999999	0.006
2456093.59524	15.392000000000001	0.006999999999999999
2456094.73201	15.388	0.006
2456096.8582599997	15.387	0.006999999999999999
2456098.66352	15.392000000000001	0.006999999999999999
2456100.61454	15.395999999999999	0.006999999999999999
2456101.64216	15.387	0.006
2456102.7053799997	15.392000000000001	0.006
2456103.72508	15.389000000000001	0.006
2456104.79036	15.397	0.006
2456106.69949	15.375	0.006999999999999999
2456109.58061	15.41	0.011000000000000001
2456109.80221	15.382	0.006999999999999999
2456114.5641	15.379000000000001	0.006999999999999999
2456115.57581	15.39	0.006
2456116.71759	15.385	0.006
2456117.787	15.384	0.006
2456118.83662	15.388	0.006
2456120.5381099996	15.392999999999999	0.006999999999999999
2456121.6247099997	15.39	0.006
2456123.74443	15.389000000000001	0.006
2456126.5023	15.383	0.006
2456126.62406	15.383	0.006
2456127.48527	15.383	0.006999999999999999
2456127.7311299997	15.387	0.006
2456128.52192	15.388	0.006
2456128.63402	15.387	0.006
2456129.7047900003	15.395	0.006
2456130.5430099997	15.39	0.006999999999999999
2456130.7514400003	15.390999999999998	0.006
2456130.78461	15.39	0.006
2456131.57947	15.395999999999999	0.006
2456132.53343	15.395999999999999	0.006
2456132.76493	15.392000000000001	0.006
2456133.5453	15.395	0.006999999999999999
2456133.7160799997	15.394	0.006999999999999999
2456134.5139	15.390999999999998	0.006999999999999999
2456134.71538	15.402999999999999	0.006999999999999999
2456135.49779	15.392999999999999	0.006999999999999999
2456135.66675	15.389000000000001	0.006999999999999999
2456135.7896	15.386	0.006
2456136.4934400003	15.395999999999999	0.008
2456140.49662	15.395999999999999	0.008
2456140.60058	15.390999999999998	0.008
2456140.70904	15.388	0.008
2456141.4877	15.4	0.006999999999999999
2456141.634	15.401	0.006999999999999999
2456141.7018	15.397	0.006999999999999999
2456142.50819	15.397	0.006999999999999999
2456142.6341	15.397	0.006999999999999999
2456142.71243	15.395999999999999	0.008
2456143.4873900004	15.385	0.006999999999999999
2456143.68634	15.408	0.008
2456145.5808900003	15.387	0.006999999999999999
2456147.5003	15.399000000000001	0.006999999999999999
2456147.62712	15.398	0.006999999999999999
2456147.72214	15.389000000000001	0.006999999999999999
2456148.48929	15.392999999999999	0.006
2456148.61863	15.388	0.006
2456148.7034	15.404000000000002	0.006
2456149.55197	15.388	0.006
2456149.74048	15.390999999999998	0.006999999999999999
2456150.4918	15.380999999999998	0.006999999999999999
2456150.60435	15.395	0.006999999999999999
2456150.68539	15.395	0.006999999999999999
2456151.47761	15.388	0.006999999999999999
2456151.58786	15.379000000000001	0.006999999999999999
2456151.66765	15.385	0.006
2456152.49134	15.394	0.006999999999999999
2456152.5832700003	15.399000000000001	0.006999999999999999
2456152.66122	15.388	0.006
2456153.67061	15.39	0.006999999999999999
2456154.49265	15.386	0.006
2456154.60195	15.392999999999999	0.006
2456154.7140599997	15.387	0.006
2456157.63584	15.386	0.006999999999999999
2456157.66899	15.384	0.006
2456157.7249	15.390999999999998	0.006999999999999999
2456158.4947099998	15.384	0.006
2456158.59578	15.386	0.006
2456158.6768099996	15.372	0.006
2456159.53101	15.397	0.006999999999999999
2456159.59766	15.382	0.006
2456159.7217900003	15.383	0.006999999999999999
2456160.51098	15.392000000000001	0.006
2456160.52589	15.395999999999999	0.006999999999999999
2456160.5973900002	15.387	0.006
2456160.63939	15.386	0.006
2456161.64243	15.382	0.006
2456161.6567	15.38	0.006999999999999999
2456161.7197	15.378	0.006
2456163.63914	15.389000000000001	0.006999999999999999
2456164.52864	15.398	0.006999999999999999
2456164.5742099998	15.384	0.006999999999999999
2456164.64379	15.397	0.006999999999999999
2456165.5221700002	15.383	0.006999999999999999
2456165.6156	15.392999999999999	0.006
2456167.5983599997	15.384	0.006
2456167.6480400003	15.387	0.006
2456167.69252	15.376	0.006
2456168.51752	15.380999999999998	0.006
2456168.5852900003	15.383	0.006
2456168.64107	15.380999999999998	0.006
2456168.6803599996	15.380999999999998	0.006
2456169.4974599998	15.390999999999998	0.006999999999999999
2456169.57203	15.389000000000001	0.006
2456169.63924	15.392999999999999	0.006
2456169.69088	15.38	0.006999999999999999
2456171.5153200002	15.387	0.006
2456171.60385	15.388	0.006
2456171.6762200003	15.389000000000001	0.006999999999999999
2456171.70163	15.387	0.006999999999999999
2456172.51135	15.390999999999998	0.006
2456172.59933	15.380999999999998	0.006
2456172.66493	15.39	0.006
2456174.57195	15.38	0.006999999999999999
2456174.6145599997	15.392999999999999	0.006999999999999999
2456174.66113	15.39	0.006999999999999999
2456175.65725	15.386	0.006999999999999999
2456179.49251	15.392000000000001	0.006999999999999999
2456179.51748	15.39	0.006999999999999999
2456179.58013	15.392999999999999	0.006999999999999999
2456179.60745	15.392000000000001	0.006999999999999999
2456180.52346	15.39	0.006999999999999999
2456180.5402	15.384	0.006999999999999999
2456180.59453	15.383	0.006999999999999999
2456181.5144599997	15.392000000000001	0.006
2456181.58116	15.392000000000001	0.006
2456182.57666	15.390999999999998	0.006
2456182.64532	15.389000000000001	0.006999999999999999
2456183.58628	15.388	0.006
2456184.53739	15.389000000000001	0.006
2456184.65618	15.389000000000001	0.006999999999999999
2456185.5287200003	15.389000000000001	0.006
2456185.63635	15.377	0.006
2456186.52892	15.392000000000001	0.006999999999999999
2456190.55251	15.395999999999999	0.006
2456191.59107	15.392999999999999	0.006
2456191.6345	15.387	0.006
2456191.6458400004	15.388	0.006
2456196.6011	15.387	0.006
2456199.55567	15.395	0.006999999999999999
2456200.58275	15.380999999999998	0.006999999999999999
2456201.5003400003	15.385	0.008
2456202.51554	15.405	0.008
2456203.49609	15.395	0.006999999999999999
2456204.48395	15.39	0.008
2456204.57969	15.4	0.006
2456205.48155	15.389000000000001	0.006999999999999999
2456207.55298	15.385	0.006999999999999999
2456208.50748	15.392000000000001	0.006999999999999999
2456209.54417	15.399000000000001	0.006999999999999999
2456210.48428	15.388	0.008
2456211.4843099997	15.383	0.006999999999999999
2456211.56616	15.376	0.006
2456211.60458	15.389000000000001	0.006999999999999999
2456212.4860900003	15.392000000000001	0.006999999999999999
2456213.48471	15.389000000000001	0.008
2456213.4865599996	15.39	0.006999999999999999
2456214.4885299997	15.385	0.006999999999999999
2456214.51909	15.386	0.006999999999999999
2456215.52019	15.401	0.006999999999999999
2456216.4902	15.385	0.006999999999999999
2456217.49098	15.379000000000001	0.006
2456218.48577	15.375	0.008
2456218.4876099997	15.378	0.008
2456218.58421	15.389000000000001	0.006999999999999999
2456219.4906	15.380999999999998	0.006999999999999999
2456219.5207	15.379000000000001	0.006
2456223.5259700003	15.390999999999998	0.008
2456224.51113	15.394	0.006999999999999999
2456225.55449	15.384	0.008
2456226.49761	15.392000000000001	0.006999999999999999
2456227.51196	15.387	0.006999999999999999
2456230.52321	15.370999999999999	0.008
2456231.4975400004	15.39	0.008
2456232.4992299997	15.372	0.008
2456233.4978400003	15.385	0.008
2456234.50212	15.386	0.006999999999999999
2456235.50684	15.372	0.006999999999999999
2456237.50283	15.384	0.008
2456238.50658	15.386	0.006999999999999999
2456239.50867	15.390999999999998	0.008
2456347.89678	15.386	0.006
2456351.85525	15.4	0.006
2456358.83316	15.379000000000001	0.006
2456360.8011	15.392000000000001	0.006
2456362.8731	15.392999999999999	0.006
2456368.81213	15.401	0.006
2456370.83526	15.389000000000001	0.006
2456373.79568	15.394	0.006
2456374.9191900003	15.39	0.006999999999999999
2456376.8782200003	15.38	0.006
2456378.83007	15.404000000000002	0.006
2456380.76877	15.389000000000001	0.006
2456381.9046	15.392999999999999	0.006
2456386.8479299997	15.390999999999998	0.006
2456388.73674	15.398	0.006
2456389.8557599997	15.384	0.006
2456391.7206599996	15.384	0.006999999999999999
2456394.7367	15.394	0.006999999999999999
2456396.72532	15.385	0.006
2456401.89046	15.395999999999999	0.006
2456403.81099	15.384	0.006
2456408.71796	15.405999999999999	0.008
2456415.8706900002	15.397	0.006999999999999999
2456417.76838	15.392000000000001	0.006999999999999999
2456420.71894	15.386	0.006
2456422.7774799997	15.404000000000002	0.006
2456424.69817	15.389000000000001	0.006
2456431.68652	15.392999999999999	0.006999999999999999
2456432.81243	15.402999999999999	0.006
2456434.63197	15.4	0.006999999999999999
2456435.75503	15.39	0.006
2456436.8390200003	15.388	0.006
2456441.81984	15.402999999999999	0.006999999999999999
2456442.8783299997	15.384	0.006
2456445.6468700003	15.385	0.006
2456446.57576	15.390999999999998	0.006
2456447.63662	15.39	0.006
2456448.6677200003	15.39	0.006
2456449.71034	15.4	0.006
2456451.83773	15.386	0.006
2456454.55927	15.388	0.006
2456455.6044	15.394	0.006
2456456.90846	15.392999999999999	0.006
2456458.73858	15.4	0.006
2456459.8024	15.397	0.006
2456461.67202	15.397	0.006
2456463.5554400003	15.383	0.006999999999999999
2456464.6442299997	15.399000000000001	0.006999999999999999
2456468.74408	15.398	0.006999999999999999
2456471.65335	15.405999999999999	0.006
2456473.72627	15.395999999999999	0.006
2456477.5648	15.378	0.006
2456479.58359	15.386	0.006
2456483.60143	15.398	0.006
2456485.78127	15.398	0.006
2456487.50261	15.385	0.006
2456490.77098	15.390999999999998	0.006
2456492.56567	15.385	0.006999999999999999
2456497.58734	15.39	0.006999999999999999
2456498.71123	15.384	0.006
2456501.60948	15.385	0.006
2456505.66836	15.388	0.006
2456508.52182	15.397	0.006
2456511.6743	15.395	0.006
2456519.4857	15.395999999999999	0.006
2456532.4969900004	15.388	0.006
2456535.5202599997	15.395999999999999	0.006999999999999999
2456541.4821	15.386	0.006
2456555.55337	15.397	0.006999999999999999
2456567.57063	15.39	0.006
2456570.5329299998	15.39	0.006
2456573.49084	15.382	0.006
2456582.52177	15.386	0.006
2456585.51672	15.39	0.006999999999999999
2456599.53308	15.376	0.006999999999999999
2456702.86387	15.389000000000001	0.006
2456704.86773	15.387	0.006999999999999999
2456705.86586	15.384	0.006999999999999999
2456709.88086	15.389000000000001	0.006
2456715.8548	15.395	0.006
2456718.8344	15.409	0.006999999999999999
2456720.87436	15.386	0.006
2456722.9091	15.404000000000002	0.006999999999999999
2456725.81165	15.389000000000001	0.006
2456727.79751	15.387	0.006
2456729.78535	15.392999999999999	0.006
2456730.8972099996	15.387	0.006999999999999999
2456733.81121	15.395	0.006
2456734.90314	15.39	0.006
2456736.8327099998	15.405	0.006999999999999999
2456738.7991	15.386	0.006999999999999999
2456742.88773	15.392000000000001	0.006
2456745.80526	15.389000000000001	0.006
2456747.8190200003	15.392999999999999	0.006
2456749.80369	15.402000000000001	0.006
2456751.8900599997	15.392000000000001	0.006
2456754.91412	15.397	0.006999999999999999
2456757.72675	15.390999999999998	0.006999999999999999
2456759.7439	15.392000000000001	0.006
2456761.69884	15.392999999999999	0.006999999999999999
2456762.92612	15.382	0.006
2456764.84962	15.387	0.006
2456768.7905599996	15.386	0.006
2456769.91683	15.383	0.006
2456771.8132700003	15.380999999999998	0.006
2456773.7011599997	15.389000000000001	0.006999999999999999
2456774.83819	15.395999999999999	0.006999999999999999
2456776.7998099998	15.388	0.006
2456784.7614700003	15.390999999999998	0.006999999999999999
2456785.7346	15.399000000000001	0.006
2456786.75318	15.401	0.006
2456789.6825	15.399000000000001	0.006999999999999999
2456790.7567	15.394	0.006999999999999999
2456791.81911	15.389000000000001	0.006999999999999999
2456792.8487299997	15.378	0.006999999999999999
2456796.91627	15.394	0.006999999999999999
2456798.8398599997	15.397	0.006999999999999999
2456803.86961	15.389000000000001	0.006
2456804.88461	15.395	0.006999999999999999
2456805.93255	15.394	0.008
2456807.91582	15.392000000000001	0.008
2456808.93622	15.378	0.006999999999999999
2456810.61883	15.395999999999999	0.006999999999999999
2456811.63116	15.387	0.006999999999999999
2456813.74305	15.392999999999999	0.006999999999999999
2456814.8451	15.388	0.006999999999999999
2456815.9223700003	15.383	0.006999999999999999
2456817.6548	15.390999999999998	0.006999999999999999
2456818.87676	15.383	0.006999999999999999
2456823.74207	15.386	0.006999999999999999
2456824.78548	15.39	0.006999999999999999
2456825.79771	15.387	0.006999999999999999
2456826.80767	15.384	0.006999999999999999
2456827.8748	15.390999999999998	0.006999999999999999
2456828.90547	15.392000000000001	0.006999999999999999
2456830.52403	15.399000000000001	0.008
2456831.6480099997	15.389000000000001	0.006
2456833.76796	15.390999999999998	0.006999999999999999
2456834.77289	15.387	0.006999999999999999
2456835.82457	15.382	0.006999999999999999
2456836.85565	15.386	0.006999999999999999
2456837.86136	15.398	0.006999999999999999
2456839.48882	15.389000000000001	0.006999999999999999
2456840.5375200002	15.399000000000001	0.006999999999999999
2456841.65238	15.392000000000001	0.006999999999999999
2456842.70473	15.394	0.006
2456844.7393799997	15.397	0.006999999999999999
2456845.72095	15.394	0.006
2456847.68101	15.388	0.006999999999999999
2456851.66523	15.380999999999998	0.006999999999999999
2456852.74742	15.383	0.006999999999999999
2456855.79838	15.392000000000001	0.006999999999999999
2456857.47357	15.387	0.006999999999999999
2456858.53302	15.399000000000001	0.006
2456859.72439	15.392999999999999	0.006999999999999999
2456863.57773	15.389000000000001	0.006
2456864.66328	15.398	0.006999999999999999
2456871.52248	15.39	0.006999999999999999
2456874.55718	15.39	0.006999999999999999
2456880.54544	15.387	0.006999999999999999
2456882.49488	15.389000000000001	0.006999999999999999
2456884.6956599997	15.39	0.006999999999999999
2456886.59526	15.397	0.006999999999999999
2456888.49326	15.385	0.006
2456889.68873	15.383	0.006999999999999999
2456891.6165	15.395	0.006999999999999999
2456896.5997	15.395999999999999	0.006999999999999999
2456907.5614400003	15.384	0.006999999999999999
2456915.5665599997	15.389000000000001	0.006999999999999999
2456922.50053	15.387	0.006999999999999999
2456925.51291	15.395	0.008
2456928.4977	15.38	0.006999999999999999
2456936.5405200003	15.4	0.006999999999999999
2456940.51233	15.388	0.006999999999999999
2456947.5076599997	15.390999999999998	0.006999999999999999
2456951.53798	15.386	0.006999999999999999
2456955.50071	15.399000000000001	0.006999999999999999
2457084.89536	15.387	0.006
2457087.84455	15.385	0.006999999999999999
2457089.87113	15.392000000000001	0.006999999999999999
2457091.89547	15.383	0.006
2457097.81891	15.389000000000001	0.006
2457099.82161	15.388	0.006
2457101.83321	15.395	0.006999999999999999
2457109.8645099998	15.39	0.006
2457111.7954	15.388	0.006
2457114.80926	15.397	0.006
2457116.80263	15.392000000000001	0.006999999999999999
2457118.82146	15.39	0.006
2457120.80431	15.390999999999998	0.006
2457126.71667	15.389000000000001	0.006
2457129.905	15.386	0.006
2457131.80597	15.397	0.006
2457133.9171	15.39	0.006999999999999999
2457135.77294	15.388	0.006
2457136.91855	15.39	0.006
2457138.7456900002	15.385	0.006999999999999999
2457139.9095400004	15.399000000000001	0.006
2457141.73361	15.383	0.006
2457142.8706400003	15.395999999999999	0.006
2457144.6753599998	15.387	0.006999999999999999
2457145.92013	15.395999999999999	0.006999999999999999
2457146.93357	15.388	0.006999999999999999
2457152.77302	15.384	0.006
2457153.82254	15.397	0.006
2457154.93596	15.384	0.006
2457156.67927	15.399000000000001	0.006
2457158.6394	15.380999999999998	0.006999999999999999
2457159.6842900002	15.399000000000001	0.006
2457160.75039	15.397	0.006
2457161.84474	15.4	0.006
2457162.8945	15.386	0.006
2457164.60846	15.390999999999998	0.006
2457166.75453	15.392000000000001	0.006999999999999999
2457169.70914	15.395	0.006
2457170.75195	15.385	0.006999999999999999
2457172.80846	15.387	0.006999999999999999
2457173.8413400003	15.394	0.006
2457174.82634	15.392999999999999	0.006999999999999999
2457175.89192	15.384	0.006999999999999999
2457178.8347099996	15.390999999999998	0.006999999999999999
2457179.78799	15.388	0.006999999999999999
2457180.78991	15.395	0.006999999999999999
2457181.80542	15.392000000000001	0.006
2457182.82402	15.395999999999999	0.006
2457183.82737	15.395999999999999	0.006999999999999999
2457184.86579	15.387	0.006999999999999999
2457185.87586	15.389000000000001	0.006999999999999999
2457187.64227	15.390999999999998	0.006999999999999999
2457188.65525	15.392999999999999	0.006999999999999999
2457189.76035	15.390999999999998	0.006
2457190.82695	15.390999999999998	0.006999999999999999
2457193.7873299997	15.390999999999998	0.006
2457193.79037	15.389000000000001	0.006
2457197.54508	15.389000000000001	0.006999999999999999
2457198.57033	15.394	0.006999999999999999
2457199.57578	15.388	0.006999999999999999
2457200.57417	15.394	0.006
2457202.79201	15.384	0.006999999999999999
2457206.82516	15.380999999999998	0.006999999999999999
2457207.86877	15.390999999999998	0.006999999999999999
2457211.57938	15.388	0.006999999999999999
2457214.54856	15.408	0.006999999999999999
2457217.80935	15.392999999999999	0.006999999999999999
2457220.6134200003	15.395999999999999	0.006
2457221.65721	15.390999999999998	0.006
2457222.7434799997	15.392999999999999	0.006
2457224.5148400003	15.398	0.006999999999999999
2457225.58836	15.399000000000001	0.006
2457226.82073	15.389000000000001	0.006999999999999999
2457228.50366	15.397	0.006999999999999999
2457229.5746	15.395	0.006
2457236.52891	15.382	0.006999999999999999
2457249.71783	15.388	0.006999999999999999
2457253.57644	15.387	0.006
2457256.59779	15.387	0.008
2457263.6671	15.386	0.006999999999999999
2457265.62476	15.384	0.006
2457268.64108	15.389000000000001	0.006
2457270.6113299998	15.387	0.006
2457273.62279	15.390999999999998	0.006999999999999999
2457277.65763	15.388	0.006999999999999999
2457284.53618	15.388	0.006999999999999999
2457293.5099	15.390999999999998	0.006999999999999999
2457296.57939	15.388	0.006999999999999999
2457307.5436400003	15.392999999999999	0.006999999999999999
2457318.53112	15.395999999999999	0.006999999999999999
2457325.50306	15.378	0.006999999999999999
2457331.51948	15.392000000000001	0.006999999999999999
2457429.88167	15.364	0.006999999999999999
2457430.8810799997	15.353	0.006
2457431.86714	15.360999999999999	0.006
2457432.87586	15.363	0.006
2457433.89042	15.367	0.006999999999999999
2457436.86927	15.373	0.006999999999999999
2457437.8648599996	15.365	0.006999999999999999
2457438.8764	15.368	0.006999999999999999
2457440.8527900004	15.353	0.006
2457441.8533	15.355	0.006
2457442.87307	15.352	0.006
2457443.88094	15.356	0.006999999999999999
2457444.85865	15.352	0.006999999999999999
2457445.84994	15.345	0.006999999999999999
2457446.8626599996	15.343	0.006
2457447.86116	15.344000000000001	0.006
2457448.86897	15.329	0.006
2457452.8319200003	15.335	0.006
2457453.82896	15.328	0.006
2457454.9059599997	15.324000000000002	0.006999999999999999
2457456.8135900004	15.315999999999999	0.006999999999999999
2457457.80285	15.309000000000001	0.006
2457458.7996799997	15.324000000000002	0.006999999999999999
2457460.79941	15.311	0.006
2457461.78617	15.31	0.006
2457462.78922	15.304	0.006
2457462.90791	15.294	0.006
2457464.844	15.288	0.006
2457465.8700599996	15.292	0.006
2457467.80424	15.277999999999999	0.006
2457470.7592	15.280999999999999	0.006999999999999999
2457470.89017	15.287	0.006
2457471.84657	15.287	0.006999999999999999
2457472.79526	15.283	0.006999999999999999
2457473.75688	15.28	0.006999999999999999
2457474.79852	15.267999999999999	0.006
2457474.90106	15.280999999999999	0.006
2457475.8302	15.284	0.006999999999999999
2457476.80903	15.280999999999999	0.006
2457480.83815	15.293	0.006999999999999999
2457484.74156	15.3	0.006999999999999999
2457484.84494	15.295	0.006
2457485.7599299997	15.296	0.006999999999999999
2457485.8648599996	15.298	0.006
2457486.76634	15.294	0.006999999999999999
2457486.8752200003	15.302999999999999	0.006
2457487.76004	15.302999999999999	0.006
2457487.8743	15.297	0.006999999999999999
2457488.76052	15.304	0.006
2457488.884	15.302999999999999	0.006
2457489.90753	15.304	0.006
2457491.77281	15.312999999999999	0.006999999999999999
2457492.76118	15.321	0.006
2457492.88078	15.31	0.006
2457493.74893	15.312999999999999	0.006
2457493.86777	15.312000000000001	0.006
2457494.73015	15.312000000000001	0.006
2457494.85337	15.31	0.006
2457495.70144	15.314	0.006999999999999999
2457495.80969	15.322000000000001	0.006999999999999999
2457495.92202	15.331	0.006
2457498.70316	15.329	0.006999999999999999
2457498.8398700003	15.325	0.006999999999999999
2457499.69394	15.329	0.006999999999999999
2457499.79399	15.329	0.006
2457500.73522	15.335	0.006999999999999999
2457500.8343599997	15.343	0.006999999999999999
2457507.74466	15.349	0.006
2457507.84393	15.350999999999999	0.006
2457508.6699599996	15.353	0.006
2457508.79303	15.353	0.006
2457509.7872599997	15.357000000000001	0.006999999999999999
2457509.88983	15.350999999999999	0.006
2457511.7409099997	15.347999999999999	0.006
2457511.86223	15.349	0.006
2457512.82014	15.357000000000001	0.006
2457516.63888	15.363	0.006999999999999999
2457516.6535799997	15.357999999999999	0.006999999999999999
2457518.82838	15.365	0.006999999999999999
2457522.86758	15.373	0.006999999999999999
2457523.86615	15.365	0.006
2457526.63479	15.37	0.006999999999999999
2457526.74104	15.375	0.006999999999999999
2457526.88066	15.375	0.006999999999999999
2457528.87145	15.363	0.006999999999999999
2457529.77007	15.359000000000002	0.006999999999999999
2457530.7188	15.360999999999999	0.006999999999999999
2457530.8615099997	15.369000000000002	0.006
2457534.71339	15.37	0.006999999999999999
2457534.82442	15.368	0.006
2457536.59754	15.38	0.006999999999999999
2457536.71404	15.380999999999998	0.006999999999999999
2457536.82347	15.376	0.006
2457545.67053	15.384	0.006
2457545.86669	15.387	0.006
2457546.6450099996	15.392000000000001	0.006999999999999999
2457546.7913900004	15.379000000000001	0.006
2457546.89035	15.387	0.006999999999999999
2457547.5634	15.384	0.006999999999999999
2457547.64341	15.387	0.006999999999999999
2457547.78526	15.380999999999998	0.006
2457547.88388	15.385	0.006999999999999999
2457548.77724	15.38	0.006
2457549.64049	15.376	0.006
2457549.79648	15.384	0.006
2457549.89443	15.382	0.006999999999999999
2457550.64887	15.380999999999998	0.006
2457550.78909	15.38	0.006
2457550.88735	15.382	0.006999999999999999
2457553.88461	15.392999999999999	0.006999999999999999
2457554.6893599997	15.390999999999998	0.006
2457555.58408	15.377	0.006999999999999999
2457555.69018	15.390999999999998	0.006
2457555.7954700002	15.384	0.006
2457555.9153400003	15.386	0.006999999999999999
2457557.6277099997	15.39	0.006999999999999999
2457557.74767	15.383	0.006999999999999999
2457557.88919	15.379000000000001	0.006999999999999999
2457561.64599	15.386	0.006999999999999999
2457561.75865	15.39	0.006
2457561.85835	15.376	0.006999999999999999
2457566.60065	15.389000000000001	0.006999999999999999
2457566.71145	15.378	0.006999999999999999
2457566.81205	15.380999999999998	0.006999999999999999
2457567.52047	15.398	0.008
2457567.63056	15.382	0.006
2457567.7421	15.385	0.006
2457567.84036	15.384	0.006999999999999999
2457568.61449	15.38	0.006
2457568.73713	15.383	0.006999999999999999
2457569.6422900003	15.385	0.006
2457569.75697	15.377	0.006
2457570.77135	15.383	0.006
2457573.60934	15.388	0.006999999999999999
2457576.76693	15.378	0.006
2457581.78054	15.388	0.006999999999999999
2457584.68678	15.378	0.006999999999999999
2457589.68997	15.377	0.006999999999999999
2457590.70035	15.385	0.006
2457593.68084	15.382	0.006
2457599.5444400003	15.383	0.006999999999999999
2457600.78414	15.395999999999999	0.006999999999999999
2457602.74714	15.395	0.006999999999999999
2457603.78741	15.395999999999999	0.006999999999999999
2457605.49246	15.386	0.006
2457606.70962	15.383	0.006999999999999999
2457608.52732	15.389000000000001	0.006
2457609.66516	15.388	0.006
2457611.6386	15.377	0.006999999999999999
2457612.75189	15.388	0.006999999999999999
2457617.6230099997	15.375	0.006999999999999999
2457618.73644	15.386	0.008
2457622.59479	15.386	0.006
2457624.4956900002	15.379000000000001	0.006999999999999999
2457626.50049	15.388	0.006999999999999999
2457631.52905	15.38	0.006
2457633.60099	15.388	0.006999999999999999
2457636.61391	15.387	0.006999999999999999
2457639.5232700002	15.388	0.006999999999999999
2457647.4931	15.389000000000001	0.006999999999999999
2457649.60266	15.39	0.006
2457651.48308	15.398	0.006
2457652.54842	15.394	0.006
2457653.58768	15.394	0.006
2457655.58985	15.379000000000001	0.006999999999999999
2457657.57719	15.389000000000001	0.006
2457660.5269	15.399000000000001	0.006999999999999999
2457661.57309	15.395	0.006999999999999999
2457664.54054	15.397	0.006999999999999999
2457666.4887200003	15.383	0.006999999999999999
2457671.53438	15.386	0.006999999999999999
2457679.51361	15.386	0.008
2457684.51505	15.392999999999999	0.008
2457799.88645	15.387	0.006999999999999999
2457807.84689	15.387	0.006999999999999999
2457810.86992	15.379000000000001	0.006999999999999999
2457814.85928	15.385	0.006
2457817.84406	15.388	0.006999999999999999
2457819.87703	15.39	0.006999999999999999
2457822.84344	15.39	0.006999999999999999
2457824.88435	15.387	0.006999999999999999
2457826.89445	15.39	0.006999999999999999
2457828.9117900003	15.385	0.006999999999999999
2457834.79857	15.378	0.008
2457835.89084	15.389000000000001	0.006999999999999999
2457837.7958	15.378	0.006999999999999999
2457838.8664	15.386	0.006999999999999999
2457840.74865	15.38	0.006999999999999999
2457841.81459	15.390999999999998	0.006999999999999999
2457842.85477	15.39	0.006999999999999999
2457843.89714	15.387	0.006999999999999999
2457845.73785	15.383	0.006999999999999999
2457846.80098	15.383	0.006999999999999999
2457847.83659	15.379000000000001	0.006999999999999999
2457848.86613	15.39	0.006
2457849.8964299997	15.4	0.006
2457851.72769	15.389000000000001	0.006999999999999999
2457852.83478	15.386	0.006999999999999999
2457854.7605	15.389000000000001	0.006999999999999999
2457855.8062299998	15.383	0.006999999999999999
2457856.83249	15.383	0.008
2457862.71325	15.383	0.006999999999999999
2457863.78508	15.384	0.006999999999999999
2457864.74345	15.389000000000001	0.006
2457865.7615099996	15.382	0.006
2457866.77371	15.384	0.006999999999999999
2457867.80224	15.379000000000001	0.006
2457868.8956299997	15.383	0.006999999999999999
2457869.90263	15.392999999999999	0.006
2457870.92937	15.389000000000001	0.006999999999999999
2457872.68113	15.38	0.006999999999999999
2457873.69883	15.383	0.006999999999999999
2457874.67437	15.390999999999998	0.006999999999999999
2457874.92999	15.384	0.006999999999999999
2457876.71696	15.389000000000001	0.006999999999999999
2457877.69429	15.384	0.006999999999999999
2457878.7322299997	15.384	0.006
2457879.7072400004	15.390999999999998	0.006999999999999999
2457880.75112	15.392999999999999	0.006999999999999999
2457881.84749	15.392999999999999	0.006999999999999999
2457882.8550299997	15.39	0.006999999999999999
2457890.7661200003	15.380999999999998	0.008
2457893.75633	15.384	0.006999999999999999
2457894.6383700003	15.392000000000001	0.006999999999999999
2457894.89083	15.386	0.006999999999999999
2457897.69448	15.380999999999998	0.006999999999999999
2457901.8015900003	15.382	0.006999999999999999
2457902.76908	15.39	0.006999999999999999
2457903.84615	15.390999999999998	0.006999999999999999
2457904.76186	15.395	0.006
2457905.6156099997	15.386	0.006999999999999999
2457905.87159	15.39	0.006999999999999999
2457906.77335	15.392000000000001	0.006
2457907.66225	15.392000000000001	0.006999999999999999
2457908.61289	15.387	0.006999999999999999
2457908.86692	15.39	0.006999999999999999
2457909.74329	15.386	0.006999999999999999
2457909.94594	15.392000000000001	0.006999999999999999
2457910.78596	15.39	0.006999999999999999
2457911.6517	15.384	0.006999999999999999
2457917.68375	15.382	0.006999999999999999
2457917.92471	15.376	0.008
2457922.62819	15.386	0.006999999999999999
2457923.643	15.389000000000001	0.006999999999999999
2457923.8990700003	15.38	0.008
2457924.73834	15.384	0.006
2457925.63546	15.394	0.006
2457926.84558	15.385	0.006999999999999999
2457928.6354400003	15.39	0.006999999999999999
2457932.67507	15.386	0.008
2457933.79979	15.382	0.006999999999999999
2457934.7275400003	15.352	0.006
2457935.56019	15.383	0.006999999999999999
2457935.8172400002	15.379000000000001	0.006
2457936.72032	15.383	0.006999999999999999
2457937.54197	15.390999999999998	0.006999999999999999
2457937.80007	15.382	0.006999999999999999
2457944.48567	15.387	0.006999999999999999
2457944.57958	15.386	0.006999999999999999
2457944.70184	15.386	0.006999999999999999
2457944.8038	15.382	0.006999999999999999
2457945.65322	15.386	0.006999999999999999
2457946.49133	15.386	0.006999999999999999
2457946.75733	15.382	0.006999999999999999
2457948.58481	15.385	0.006
2457948.84578	15.383	0.006999999999999999
2457952.66873	15.385	0.006999999999999999
2457953.5622099997	15.382	0.006999999999999999
2457954.46505	15.387	0.006999999999999999
2457954.76299	15.392000000000001	0.006
2457956.58002	15.388	0.006
2457957.6548	15.380999999999998	0.006999999999999999
2457958.67593	15.386	0.006999999999999999
2457959.5754400003	15.389000000000001	0.006999999999999999
2457959.80529	15.385	0.006999999999999999
2457960.73467	15.388	0.006999999999999999
2457961.71947	15.380999999999998	0.006
2457963.62488	15.388	0.006
2457964.77857	15.395	0.006
2457966.56581	15.390999999999998	0.006999999999999999
2457967.61855	15.379000000000001	0.006999999999999999
2457972.52971	15.394	0.008
2457972.62445	15.384	0.006999999999999999
2457972.73929	15.383	0.008
2457974.5098200003	15.386	0.006999999999999999
2457975.47093	15.388	0.008
2457979.66629	15.382	0.006
2457981.5139599997	15.383	0.006999999999999999
2457982.58365	15.386	0.006999999999999999
2457983.63655	15.384	0.006
2457985.51585	15.392000000000001	0.008
2457986.62574	15.389000000000001	0.006
2457990.4890400004	15.376	0.006999999999999999
2457991.56591	15.379000000000001	0.006999999999999999
2457992.62591	15.38	0.006999999999999999
2457994.5035900003	15.379000000000001	0.006999999999999999
2458000.5405	15.38	0.006999999999999999
2458001.475	15.38	0.006999999999999999
2458002.57199	15.383	0.008
2458004.60461	15.386	0.006999999999999999
2458010.49499	15.388	0.008
2458012.58264	15.38	0.006999999999999999
2458015.49051	15.397	0.006999999999999999
2458017.5488	15.383	0.006999999999999999
2458020.54232	15.382	0.006999999999999999
2458026.53014	15.377	0.006999999999999999
2458030.5288400003	15.379000000000001	0.006999999999999999
2458040.54291	15.38	0.006999999999999999
2458053.52218	15.38	0.008
