2455377.71763	15.345	0.006
2455378.56904	15.349	0.006
2455378.8439599997	15.347000000000001	0.006
2455379.75843	15.349	0.006
2455380.58793	15.343	0.006
2455380.8404599996	15.352	0.008
2455381.71561	15.345	0.008
2455382.58589	15.349	0.008
2455382.7929	15.342	0.008
2455385.71534	15.356	0.006
2455386.5059	15.353	0.006
2455386.5879900004	15.35	0.006
2455386.67225	15.35	0.006
2455386.81127	15.352	0.006
2455387.79815	15.35	0.006
2455388.75305	15.352	0.006
2455389.62011	15.352	0.006
2455390.5882200003	15.347000000000001	0.006
2455391.48073	15.347999999999999	0.008
2455391.82339	15.34	0.006
2455392.74115	15.345	0.006
2455393.73183	15.347000000000001	0.008
2455396.62963	15.345999999999998	0.006
2455397.69111	15.349	0.008
2455403.47148	15.356	0.006
2455403.6639799997	15.353	0.006
2455404.53478	15.352	0.006
2455404.73372	15.349	0.006
2455405.74744	15.344000000000001	0.006
2455407.6020400003	15.35	0.006
2455408.52229	15.344000000000001	0.008
2455408.72432	15.341	0.006
2455409.7031	15.344000000000001	0.006
2455410.70654	15.353	0.006
2455411.7434400003	15.357000000000001	0.006
2455412.6579	15.345999999999998	0.008
2455413.73533	15.345	0.006
2455414.75968	15.349	0.006
2455418.63406	15.347999999999999	0.006
2455421.65655	15.347999999999999	0.006
2455422.76021	15.343	0.006
2455426.49393	15.345999999999998	0.008
2455430.56457	15.352	0.006
2455431.55975	15.349	0.006
2455434.5247	15.347999999999999	0.006
2455435.4958	15.35	0.006
2455436.49351	15.354000000000001	0.006
2455438.52886	15.344000000000001	0.006
2455439.5968299997	15.345999999999998	0.006
2455443.61106	15.338	0.006
2455444.63667	15.349	0.006
2455446.51909	15.344000000000001	0.006
2455447.53455	15.342	0.006
2455448.6666200003	15.345999999999998	0.006
2455450.54715	15.338	0.006
2455453.4824200002	15.34	0.008
2455457.5778799998	15.345999999999998	0.006
2455458.60297	15.338	0.008
2455460.48526	15.349	0.008
2455461.51628	15.343	0.008
2455462.53628	15.347000000000001	0.006
2455465.53761	15.341	0.008
2455467.51932	15.347000000000001	0.006
2455469.51741	15.345999999999998	0.006
2455470.5416200003	15.342	0.006
2455471.54713	15.34	0.006
2455472.48953	15.341	0.006
2455472.58422	15.335999999999999	0.006
2455473.53025	15.344000000000001	0.006
2455476.53057	15.344000000000001	0.008
2455478.50944	15.34	0.006
2455479.53865	15.35	0.006
2455480.5219400004	15.34	0.006
2455481.49078	15.333	0.008
2455485.53764	15.343	0.006
2455486.52396	15.344000000000001	0.006
2455487.50695	15.352	0.006
2455488.49089	15.352	0.006
2455488.55718	15.338	0.006
2455489.54779	15.34	0.008
2455490.54385	15.347000000000001	0.008
2455493.51637	15.339	0.008
2455495.49422	15.349	0.006
2455497.4969200003	15.355	0.008
2455499.50135	15.335999999999999	0.008
2455504.50061	15.349	0.008
2455598.8698	15.345	0.006
2455599.8599099996	15.356	0.006
2455600.8563599996	15.350999999999999	0.006
2455616.8946599998	15.350999999999999	0.006
2455622.89392	15.359000000000002	0.006
2455625.82755	15.344000000000001	0.006
2455627.82053	15.341	0.006
2455628.9037099998	15.35	0.006
2455629.8310700003	15.341	0.006
2455631.85976	15.343	0.006
2455632.91035	15.345999999999998	0.006
2455633.81484	15.36	0.006
2455634.8086	15.349	0.006
2455637.8443299998	15.345	0.006
2455639.78435	15.345999999999998	0.006
2455640.90699	15.349	0.006
2455643.7617	15.342	0.006
2455644.9106400004	15.334000000000001	0.006
2455648.76406	15.353	0.006
2455649.90246	15.352	0.006
2455651.86942	15.344000000000001	0.006
2455654.80106	15.345	0.006
2455656.7726	15.356	0.006
2455658.7598	15.347000000000001	0.006
2455659.81891	15.345999999999998	0.006
2455662.73073	15.350999999999999	0.006
2455664.80437	15.345	0.006
2455665.92802	15.347000000000001	0.006
2455669.79211	15.352	0.006
2455675.75035	15.353	0.006
2455677.7071	15.354000000000001	0.006
2455679.89921	15.35	0.006
2455681.76866	15.35	0.006
2455683.7144400002	15.347000000000001	0.006
2455685.6595900003	15.354000000000001	0.006
2455686.93206	15.36	0.006
2455690.64511	15.349	0.006
2455691.85548	15.345999999999998	0.006
2455693.66323	15.354000000000001	0.006
2455694.78702	15.35	0.006
2455695.9185200003	15.356	0.006
2455697.6659	15.350999999999999	0.006
2455698.75179	15.35	0.006
2455705.7844599998	15.356	0.006
2455707.7134700003	15.341	0.006
2455708.78681	15.345999999999998	0.006
2455712.79454	15.347000000000001	0.006
2455715.67497	15.343	0.006
2455716.8428599997	15.344000000000001	0.006
2455722.68935	15.357999999999999	0.006
2455723.83127	15.350999999999999	0.006
2455725.7292	15.357000000000001	0.006
2455734.86422	15.344000000000001	0.008
2455736.67836	15.345999999999998	0.006
2455737.76793	15.349	0.006
2455739.58372	15.347000000000001	0.006
2455740.6680400004	15.339	0.006
2455741.73368	15.341	0.006
2455742.74647	15.345	0.006
2455743.85885	15.339	0.006
2455745.53028	15.344000000000001	0.006
2455746.7192599997	15.344000000000001	0.006
2455748.67928	15.34	0.006
2455760.76596	15.341	0.006
2455762.5419400004	15.344000000000001	0.006
2455763.67829	15.352	0.006
2455764.78754	15.338	0.006
2455766.6027599997	15.349	0.006
2455767.75642	15.344000000000001	0.006
2455769.53068	15.35	0.006
2455776.5433799997	15.347000000000001	0.006
2455778.5323099997	15.342	0.006
2455785.56549	15.341	0.006
2455787.52321	15.339	0.006
2455788.7247200003	15.335	0.008
2455793.55961	15.35	0.006
2455795.57163	15.334000000000001	0.008
2455801.56212	15.352	0.006
2455804.62454	15.335999999999999	0.006
2455807.63889	15.337	0.006
2455815.48204	15.337	0.006
2455817.57981	15.338	0.006
2455819.6585	15.35	0.006
2455822.60399	15.347000000000001	0.006
2455827.59258	15.347999999999999	0.006
2455829.56147	15.347999999999999	0.006
2455831.57156	15.349	0.006
2455833.5801	15.349	0.006
2455836.56472	15.353	0.006
2455840.59145	15.36	0.006
2455842.56268	15.34	0.006
2455844.5707099997	15.349	0.008
2455847.5613	15.339	0.009000000000000001
2455852.55382	15.345999999999998	0.006
2455858.50312	15.339	0.008
2455977.89598	15.357000000000001	0.006
2455983.82524	15.344000000000001	0.006
2455986.81036	15.345	0.006
2455989.8094	15.345999999999998	0.006
2455991.85751	15.349	0.006
2455994.7951599997	15.349	0.006
2455996.82823	15.349	0.006
2455998.84707	15.35	0.006
2456003.8931	15.344000000000001	0.006
2456005.8785599996	15.345999999999998	0.006
2456007.85587	15.345	0.006
2456009.78134	15.353	0.006
2456010.8964299997	15.362	0.006
2456012.83866	15.357999999999999	0.006
2456014.76088	15.335999999999999	0.006
2456015.84437	15.372	0.006
2456017.7724599997	15.36	0.006
2456018.8659099997	15.344000000000001	0.006
2456020.74604	15.354000000000001	0.006
2456021.80547	15.341	0.006
2456022.887	15.344000000000001	0.006
2456025.7171099996	15.337	0.006
2456031.81013	15.355	0.006
2456033.76079	15.34	0.006
2456036.7157799997	15.347999999999999	0.006
2456038.7541400003	15.345	0.006
2456040.82116	15.337	0.006
2456047.74867	15.356	0.006
2456049.69754	15.355	0.006
2456050.87465	15.36	0.006
2456052.93727	15.350999999999999	0.006
2456061.8022	15.345999999999998	0.006
2456062.9279099996	15.345999999999998	0.006
2456064.94125	15.345	0.006
2456066.80821	15.35	0.006
2456067.86895	15.350999999999999	0.006
2456069.69318	15.35	0.006
2456070.7692400003	15.343	0.006
2456071.83797	15.347000000000001	0.006
2456076.59119	15.342	0.006
2456077.82251	15.347000000000001	0.006
2456078.88834	15.36	0.006
2456080.57338	15.345999999999998	0.006
2456081.6069799997	15.347000000000001	0.006
2456082.67745	15.350999999999999	0.008
2456085.8013299997	15.34	0.006
2456086.81142	15.350999999999999	0.006
2456088.66608	15.347000000000001	0.006
2456092.85197	15.337	0.006
2456094.61956	15.342	0.006
2456096.75275	15.352	0.006
2456098.55183	15.342	0.006
2456099.78351	15.344000000000001	0.006
2456101.54074	15.347999999999999	0.006
2456102.59082	15.342	0.006
2456103.6003900003	15.345	0.006
2456104.6825599996	15.343	0.006
2456105.73741	15.34	0.006
2456108.81342	15.354000000000001	0.006
2456109.6958	15.35	0.006
2456113.76406	15.347000000000001	0.006
2456114.8599799997	15.349	0.008
2456116.59234	15.339	0.006
2456117.68402	15.355	0.006
2456118.73657	15.344000000000001	0.006
2456119.74193	15.344000000000001	0.006
2456121.5045	15.35	0.006
2456123.64029	15.345	0.006
2456124.75365	15.35	0.006
2456126.49546	15.345	0.006
2456128.51595	15.352	0.006
2456132.61392	15.355	0.006
2456134.56753	15.341	0.006
2456136.59927	15.347999999999999	0.006
2456136.62594	15.349	0.006
2456141.5107	15.345	0.006
2456149.74358	15.34	0.006
2456152.51443	15.344000000000001	0.006
2456157.69387	15.349	0.006
2456159.56651	15.343	0.006
2456161.59722	15.344000000000001	0.006
2456179.6035700003	15.342	0.006
2456182.52644	15.341	0.006
2456191.52086	15.35	0.006
2456196.54738	15.345	0.006
2456199.54233	15.355	0.006
2456204.52779	15.341	0.006
2456211.5109599996	15.344000000000001	0.006
2456213.5646900004	15.349	0.006
2456218.54031	15.35	0.006
2456221.50514	15.319	0.008
2456233.55348	15.344000000000001	0.006
2456238.5400900003	15.350999999999999	0.006
2456341.87019	15.344000000000001	0.006
2456347.84592	15.343	0.006
2456350.8867	15.332	0.006
2456354.84622	15.347999999999999	0.006
2456362.83483	15.345999999999998	0.006
2456367.88791	15.347999999999999	0.006
2456370.77264	15.339	0.006
2456371.90484	15.350999999999999	0.006
2456372.89756	15.349	0.006
2456374.8653599997	15.347999999999999	0.006
2456376.82305	15.338	0.006
2456378.76859	15.357999999999999	0.006
2456379.88776	15.350999999999999	0.006
2456381.85177	15.349	0.006
2456386.77695	15.34	0.006
2456387.87224	15.347000000000001	0.006
2456389.80497	15.345999999999998	0.006
2456390.87405	15.345999999999998	0.006
2456393.84815	15.349	0.006
2456395.85157	15.354000000000001	0.006
2456397.82577	15.353	0.006
2456399.73912	15.344000000000001	0.006
2456401.7719799997	15.344000000000001	0.006
2456403.7000599997	15.345	0.006
2456404.89635	15.34	0.006
2456407.819	15.350999999999999	0.006
2456415.75257	15.334000000000001	0.006
2456417.66781	15.342	0.006
2456418.76522	15.347000000000001	0.006
2456419.92784	15.345	0.006
2456421.92258	15.345	0.006
2456423.90869	15.343	0.006
2456426.7801	15.34	0.006
2456428.9128900003	15.338	0.006
2456432.68367	15.343	0.006
2456433.78595	15.345	0.006
2456435.63588	15.345999999999998	0.006
2456436.705	15.35	0.006
2456437.9224	15.349	0.006
2456442.7710599997	15.354000000000001	0.006
2456444.90012	15.36	0.006
2456446.93347	15.355	0.006
2456448.5524	15.345999999999998	0.006
2456449.59914	15.341	0.006
2456450.649	15.347000000000001	0.006
2456451.71772	15.352	0.006
2456452.8374400004	15.360999999999999	0.006
2456454.87842	15.35	0.006
2456456.76491	15.345999999999998	0.006
2456458.61741	15.35	0.006
2456459.6681	15.357000000000001	0.006
2456461.55797	15.345999999999998	0.006
2456462.8344799997	15.356	0.006
2456463.8835299998	15.350999999999999	0.006
2456468.60336	15.356	0.006
2456469.7730799997	15.35	0.006
2456473.59633	15.35	0.006
2456474.67107	15.352	0.006
2456475.76351	15.347999999999999	0.006
2456476.8138099997	15.344000000000001	0.006
2456478.5751	15.347000000000001	0.006
2456480.63279	15.345	0.006
2456481.7883	15.345999999999998	0.006
2456485.64381	15.347000000000001	0.006
2456486.77339	15.356	0.006
2456489.52724	15.357000000000001	0.006
2456490.65503	15.355	0.006
2456491.8070400003	15.344000000000001	0.006
2456496.5574	15.36	0.006
2456498.59013	15.360999999999999	0.006
2456500.68438	15.35	0.006
2456505.51562	15.353	0.006
2456507.66955	15.349	0.006
2456509.6148099997	15.37	0.006
2456511.49422	15.352	0.006
2456515.48044	15.364	0.006
2456518.61853	15.357000000000001	0.006
2456523.58157	15.352	0.006
2456525.61106	15.344000000000001	0.006
2456531.58589	15.345999999999998	0.006
2456534.5507400003	15.347999999999999	0.006
2456539.52142	15.342	0.006
2456544.56099	15.354000000000001	0.006
2456551.4895900004	15.347000000000001	0.006
2456559.58245	15.339	0.006
2456563.56523	15.349	0.006
2456565.61994	15.357000000000001	0.006
2456569.58245	15.349	0.006
2456572.56947	15.354000000000001	0.006
2456577.49764	15.335999999999999	0.008
2456581.5392	15.36	0.006
2456584.5417400002	15.345	0.006
2456701.87793	15.347999999999999	0.006
2456708.88666	15.352	0.006
2456714.8515	15.345999999999998	0.006
2456717.8576	15.347000000000001	0.006
2456720.81006	15.354000000000001	0.006
2456722.8479400002	15.354000000000001	0.006
2456724.87017	15.357000000000001	0.006
2456726.85908	15.347000000000001	0.006
2456728.86416	15.347999999999999	0.006
2456730.83395	15.345999999999998	0.006
2456732.88917	15.339	0.006
2456734.84471	15.354000000000001	0.006
2456736.76973	15.355	0.006
2456737.87185	15.356	0.006
2456741.8711900003	15.345	0.006
2456742.8306299997	15.344000000000001	0.006
2456745.7732	15.352	0.006
2456746.8297099997	15.345	0.006
2456748.9046400003	15.344000000000001	0.006
2456751.81073	15.350999999999999	0.006
2456754.8216	15.350999999999999	0.006
2456756.8667200003	15.35	0.006
2456758.9149599997	15.345999999999998	0.006
2456760.85403	15.355	0.006
2456762.8045900003	15.347000000000001	0.006
2456764.7751599997	15.360999999999999	0.006
2456765.9271	15.354000000000001	0.006
2456769.84368	15.359000000000002	0.006
2456771.7218299997	15.365	0.006
2456772.88908	15.355	0.006
2456774.766	15.347999999999999	0.006
2456776.7036599996	15.353	0.006
2456784.6683099996	15.362	0.006
2456785.6562	15.359000000000002	0.006
2456786.6639900003	15.366	0.006
2456790.6842099996	15.35	0.006
2456791.74056	15.36	0.006
2456792.78186	15.360999999999999	0.006
2456796.84203	15.359000000000002	0.006
2456797.92454	15.35	0.006
2456803.7944	15.352	0.006
2456804.81109	15.352	0.006
2456805.86002	15.355	0.006
2456807.8443299998	15.343	0.006
2456808.86724	15.353	0.006
2456809.91747	15.347999999999999	0.006
2456810.9455	15.352	0.008
2456813.66102	15.354000000000001	0.006
2456814.77083	15.350999999999999	0.006
2456815.84201	15.349	0.006
2456817.57673	15.350999999999999	0.006
2456818.5606400003	15.357000000000001	0.008
2456819.82535	15.353	0.008
2456824.68134	15.352	0.006
2456825.71265	15.357000000000001	0.006
2456826.73314	15.352	0.006
2456827.8022	15.357999999999999	0.006
2456828.84909	15.36	0.006
2456829.8215099997	15.350999999999999	0.006
2456830.85417	15.345999999999998	0.006
2456832.60695	15.350999999999999	0.006
2456833.6926700003	15.345999999999998	0.006
2456834.6882700003	15.357999999999999	0.006
2456835.75083	15.35	0.006
2456836.78417	15.355	0.006
2456837.79531	15.357000000000001	0.006
2456838.79559	15.345999999999998	0.006
2456839.81211	15.345	0.006
2456841.56113	15.35	0.006
2456842.61043	15.350999999999999	0.006
2456844.65204	15.350999999999999	0.006
2456845.6274	15.35	0.006
2456847.6129900003	15.359000000000002	0.006
2456851.5863200002	15.357000000000001	0.008
2456852.65232	15.34	0.008
2456855.72249	15.354000000000001	0.006
2456856.74875	15.347999999999999	0.006
2456857.7951	15.359000000000002	0.006
2456859.63607	15.345	0.006
2456863.48943	15.357000000000001	0.006
2456864.56721	15.354000000000001	0.006
2456870.6748599997	15.357000000000001	0.006
2456873.5207	15.342	0.006
2456879.71263	15.337	0.006
2456881.6745	15.343	0.006
2456883.55787	15.355	0.006
2456886.49469	15.344000000000001	0.006
2456887.67729	15.347000000000001	0.006
2456889.60879	15.349	0.006
2456891.5365	15.347999999999999	0.006
2456896.5029599997	15.349	0.006
2456907.4821	15.349	0.006
2456909.58637	15.347999999999999	0.006
2456915.48465	15.347000000000001	0.006
2456920.5145	15.342	0.006
2456924.5603400003	15.357000000000001	0.006
2456927.55745	15.347999999999999	0.006
2456930.5936	15.335999999999999	0.006
2456931.50092	15.356	0.006
2456932.5575	15.349	0.008
2456938.57809	15.344000000000001	0.006
2456944.49365	15.352	0.006
2456949.54112	15.34	0.008
2456953.51505	15.357000000000001	0.006
2456955.54314	15.349	0.006
2457066.8775400002	15.345	0.006
2457071.84791	15.357000000000001	0.006
2457074.8720299997	15.359000000000002	0.006
2457075.84815	15.353	0.006
2457077.83477	15.350999999999999	0.006
2457078.88845	15.359000000000002	0.006
2457081.8865	15.347999999999999	0.006
2457083.81929	15.355	0.006
2457084.83651	15.355	0.006
2457086.8934400002	15.354000000000001	0.006
2457089.79443	15.350999999999999	0.006
2457091.83587	15.347999999999999	0.006
2457093.85647	15.360999999999999	0.006
2457098.91021	15.357999999999999	0.006
2457100.89448	15.357000000000001	0.006
2457108.84335	15.35	0.006
2457109.7932	15.359000000000002	0.006
2457110.91678	15.368	0.006
2457112.88187	15.364	0.006
2457113.91545	15.359000000000002	0.006
2457116.71985	15.36	0.006
2457117.9216	15.359000000000002	0.006
2457120.7370700003	15.36	0.006
2457125.87586	15.353	0.006
2457129.8204900003	15.356	0.006
2457131.72035	15.360999999999999	0.006
2457133.8404200003	15.353	0.006
2457135.6997	15.355	0.006
2457136.83263	15.354000000000001	0.006
2457138.6741299997	15.353	0.006
2457139.83344	15.354000000000001	0.006
2457141.6595	15.356	0.006
2457142.7749099997	15.362	0.006
2457143.89622	15.350999999999999	0.006
2457145.8457299997	15.355	0.006
2457146.8714	15.356	0.006
2457147.89328	15.359000000000002	0.006
2457153.74723	15.357999999999999	0.006
2457154.8629799997	15.365	0.006
2457155.92956	15.369000000000002	0.006
2457157.87418	15.357000000000001	0.006
2457159.61136	15.356	0.006
2457160.67809	15.357999999999999	0.006
2457161.75873	15.36	0.006
2457162.81844	15.357000000000001	0.006
2457163.87072	15.345	0.006
2457166.63335	15.354000000000001	0.008
2457169.6054700003	15.345999999999998	0.006
2457170.63712	15.35	0.006
2457172.68337	15.357999999999999	0.006
2457173.71411	15.357000000000001	0.006
2457174.71289	15.356	0.006
2457175.7338	15.357999999999999	0.006
2457176.92382	15.360999999999999	0.006
2457178.73255	15.344000000000001	0.008
2457179.68109	15.347000000000001	0.006
2457180.6764	15.347999999999999	0.006
2457181.69729	15.349	0.006
2457182.7088900004	15.356	0.006
2457183.7124	15.352	0.006
2457184.76079	15.35	0.006
2457185.76827	15.357000000000001	0.006
2457186.9188599996	15.345999999999998	0.008
2457187.92898	15.349	0.006
2457189.64324	15.36	0.006
2457190.7042400003	15.356	0.006
2457191.87347	15.342	0.006
2457194.74934	15.350999999999999	0.006
2457197.8369299998	15.350999999999999	0.006
2457198.86926	15.353	0.006
2457199.86137	15.350999999999999	0.006
2457200.84655	15.347000000000001	0.006
2457202.6459	15.35	0.006
2457206.72313	15.349	0.006
2457207.73988	15.345999999999998	0.006
2457211.47934	15.359000000000002	0.006
2457211.8576599997	15.352	0.008
2457217.62458	15.347000000000001	0.008
2457220.50259	15.347000000000001	0.006
2457221.5331900003	15.350999999999999	0.006
2457222.59431	15.362	0.006
2457223.73075	15.352	0.006
2457225.48777	15.354000000000001	0.006
2457226.7319900002	15.35	0.006
2457227.74241	15.35	0.006
2457229.4736599997	15.350999999999999	0.006
2457235.73561	15.347999999999999	0.006
2457249.62744	15.343	0.006
2457252.70437	15.34	0.006
2457255.6529900003	15.352	0.006
2457258.54652	15.352	0.006
2457258.60619	15.349	0.008
2457263.5627900003	15.352	0.006
2457265.51716	15.354000000000001	0.006
2457268.49961	15.347000000000001	0.006
2457270.49755	15.352	0.006
2457272.5838	15.350999999999999	0.006
2457277.53153	15.345999999999998	0.006
2457281.57295	15.349	0.006
2457292.58232	15.355	0.008
2457295.57109	15.356	0.006
2457300.49285	15.349	0.006
2457317.53287	15.342	0.006
2457324.5038099997	15.359000000000002	0.008
2457329.51373	15.35	0.006
2457436.83818	15.35	0.006
2457438.89244	15.344000000000001	0.006
2457441.8708599997	15.354000000000001	0.006
2457445.8813400003	15.357999999999999	0.006
2457447.90279	15.360999999999999	0.006
2457451.90294	15.357999999999999	0.006
2457453.8862900003	15.36	0.006
2457456.8442	15.345	0.006
2457458.87269	15.349	0.006
2457461.8720400003	15.362	0.006
2457463.9095400004	15.363	0.006
2457466.90912	15.350999999999999	0.006
2457470.86723	15.345999999999998	0.006
2457472.7854	15.350999999999999	0.006
2457474.80383	15.347999999999999	0.006
2457475.8442700002	15.353	0.006
2457476.7834900003	15.363	0.006
2457479.8332	15.342	0.008
2457484.91707	15.35	0.006
2457486.8385400004	15.344000000000001	0.006
2457488.73365	15.345999999999998	0.006
2457491.7461	15.352	0.006
2457492.79148	15.353	0.006
2457493.77895	15.347999999999999	0.006
2457494.76555	15.347999999999999	0.006
2457495.74588	15.352	0.006
2457497.89194	15.349	0.006
2457498.88987	15.357000000000001	0.006
2457499.8530200003	15.353	0.006
2457500.7935099998	15.357000000000001	0.006
2457507.83132	15.354000000000001	0.006
2457508.88209	15.347999999999999	0.006
2457511.72859	15.357000000000001	0.006
2457516.6406400003	15.365	0.006
2457516.65533	15.345999999999998	0.006
2457523.88363	15.349	0.006
2457526.89798	15.34	0.006
2457530.76931	15.347999999999999	0.006
2457534.89072	15.354000000000001	0.006
2457536.88552	15.347999999999999	0.006
2457546.75237	15.349	0.006
2457547.6616599998	15.342	0.006
2457548.85805	15.344000000000001	0.006
2457549.92422	15.342	0.006
2457550.90356	15.344000000000001	0.006
2457555.64598	15.352	0.006
2457557.5855	15.353	0.006
2457561.74697	15.354000000000001	0.006
2457566.60359	15.345	0.006
2457567.53746	15.342	0.006
2457567.85739	15.341	0.006
2457569.54897	15.343	0.006
2457570.69863	15.347000000000001	0.006
2457575.6922400002	15.345	0.006
2457576.70313	15.34	0.006
2457579.74266	15.347000000000001	0.006
2457584.62104	15.338	0.006
2457589.61681	15.342	0.006
2457590.6340799998	15.341	0.006
2457593.61642	15.335999999999999	0.006
2457596.58183	15.345999999999998	0.006
2457600.62018	15.339	0.006
2457600.64842	15.334000000000001	0.006
2457602.68217	15.335	0.006
2457603.72473	15.334000000000001	0.006
2457604.72977	15.341	0.006
2457605.77025	15.334000000000001	0.006
2457607.74741	15.328	0.006
2457609.59033	15.334000000000001	0.006
2457610.72617	15.335999999999999	0.006
2457612.6927099996	15.33	0.006
2457617.5482900003	15.314	0.006
2457618.67253	15.325	0.006
2457622.5150200003	15.312999999999999	0.006
2457623.67695	15.312000000000001	0.006
2457625.6290700003	15.300999999999998	0.006
2457630.64083	15.295	0.006
2457632.64674	15.296	0.006
2457636.53873	15.272	0.006
2457638.58519	15.276	0.006
2457644.6091299998	15.249	0.006
2457649.52802	15.232999999999999	0.006
2457651.6068700003	15.213	0.006
2457657.5814	15.175	0.006
2457660.54425	15.142000000000001	0.006
2457672.5455099996	15.017000000000001	0.005
2457679.53627	14.968	0.006
2457800.87004	15.355	0.006
2457807.8782200003	15.353	0.006
2457811.82871	15.345	0.006
2457814.89212	15.357000000000001	0.006
2457817.87456	15.350999999999999	0.006
2457819.90787	15.347999999999999	0.006
2457822.8735599997	15.347000000000001	0.006
2457825.81687	15.347000000000001	0.006
2457827.82394	15.349	0.006
2457829.8346	15.347999999999999	0.006
2457835.84455	15.345	0.008
2457837.7496	15.357999999999999	0.006
2457838.82036	15.347999999999999	0.006
2457839.88128	15.355	0.006
2457841.76892	15.356	0.006
2457842.80863	15.347999999999999	0.006
2457843.85008	15.343	0.006
2457844.89402	15.35	0.006
2457846.75512	15.345999999999998	0.006
2457847.78084	15.349	0.006
2457848.80964	15.347000000000001	0.006
2457849.8481400004	15.35	0.006
2457850.87793	15.347999999999999	0.006
2457851.9139	15.344000000000001	0.006
2457854.71441	15.355	0.006
2457855.75945	15.355	0.006
2457856.78593	15.347000000000001	0.006
2457858.9112	15.356	0.006
2457862.91603	15.353	0.006
2457865.71583	15.353	0.006
2457866.72749	15.355	0.006
2457867.74652	15.349	0.006
2457868.83206	15.362	0.008
2457869.85446	15.36	0.006
2457870.88202	15.364	0.006
2457871.9065099997	15.354000000000001	0.006
2457872.93	15.364	0.006
2457873.9117400004	15.35	0.006
2457874.88374	15.357999999999999	0.006
2457876.67032	15.356	0.006
2457877.64844	15.356	0.006
2457877.93513	15.347999999999999	0.006
2457879.6509599998	15.352	0.008
2457880.70542	15.344000000000001	0.006
2457881.79511	15.35	0.006
2457882.79642	15.347999999999999	0.006
2457890.70654	15.357000000000001	0.006
2457893.70055	15.347999999999999	0.006
2457894.59677	15.347999999999999	0.008
2457894.84383	15.352	0.006
2457897.64843	15.347999999999999	0.006
2457901.7165099997	15.357999999999999	0.006
2457902.7085700002	15.360999999999999	0.006
2457903.78985	15.347000000000001	0.008
2457904.703	15.362	0.006
2457905.56882	15.362	0.006
2457905.82393	15.367	0.006
2457906.7134599998	15.364	0.006
2457907.59264	15.355	0.006
2457908.5721400003	15.356	0.008
2457908.82043	15.362	0.006
2457909.69476	15.362	0.006
2457909.91853	15.357000000000001	0.006
2457910.7387200003	15.357999999999999	0.006
2457911.60495	15.347000000000001	0.008
2457916.58984	15.360999999999999	0.006
2457916.7900799997	15.37	0.006
2457917.6360299997	15.366	0.006
2457917.8735	15.353	0.006
2457922.5810599998	15.347999999999999	0.006
2457923.5970099997	15.366	0.006
2457923.8686900004	15.347000000000001	0.006
2457924.68034	15.357000000000001	0.006
2457925.58946	15.357999999999999	0.006
2457925.85603	15.347000000000001	0.006
2457926.7905900003	15.347999999999999	0.006
2457928.58635	15.353	0.006
2457929.58745	15.360999999999999	0.006
2457932.61751	15.354000000000001	0.006
2457933.7558	15.357999999999999	0.006
2457934.69515	15.354000000000001	0.006
2457935.51304	15.360999999999999	0.006
2457935.7700799997	15.369000000000002	0.006
2457936.66268	15.355	0.006
2457937.49393	15.355	0.006
2457937.75283	15.350999999999999	0.006
2457938.66121	15.357999999999999	0.008
2457944.5646	15.36	0.006
2457944.66665	15.352	0.006
2457944.78822	15.356	0.006
2457945.60462	15.363	0.006
2457945.84215	15.356	0.006
2457946.7093	15.357000000000001	0.006
2457947.61175	15.347999999999999	0.006
2457948.51743	15.352	0.006
2457948.8007900002	15.347000000000001	0.006
2457949.73281	15.349	0.006
2457953.5019	15.353	0.006
2457953.77733	15.354000000000001	0.006
2457954.69697	15.357000000000001	0.006
2457956.52306	15.362	0.006
2457956.79703	15.355	0.006
2457958.63341	15.353	0.006
2457959.52647	15.362	0.006
2457959.7765099998	15.352	0.006
2457960.68132	15.359000000000002	0.006
2457961.6596	15.363	0.006
2457962.77911	15.35	0.006
2457964.6908299997	15.365	0.006
2457966.53495	15.36	0.008
2457967.57951	15.353	0.008
2457971.47635	15.357000000000001	0.008
2457971.57228	15.364	0.006
2457971.66898	15.347000000000001	0.008
2457972.50552	15.360999999999999	0.008
2457972.60603	15.359000000000002	0.008
2457972.7141400003	15.360999999999999	0.006
2457973.75041	15.357999999999999	0.008
2457974.7072	15.356	0.006
2457979.60541	15.359000000000002	0.006
2457980.66901	15.335999999999999	0.008
2457982.53578	15.363	0.006
2457983.59031	15.359000000000002	0.006
2457984.64803	15.360999999999999	0.006
2457986.57467	15.365	0.006
2457987.64157	15.376	0.006
2457991.50684	15.370999999999999	0.006
2457992.5702400003	15.352	0.006
2457993.6333	15.359000000000002	0.006
2457998.4980900004	15.360999999999999	0.006
2458000.5231	15.345	0.008
2458000.62463	15.356	0.008
2458002.52507	15.349	0.008
2458004.5570799997	15.347999999999999	0.006
2458008.55497	15.344000000000001	0.006
2458012.53575	15.366	0.006
2458014.56365	15.363	0.006
2458017.49228	15.356	0.006
2458020.47859	15.357000000000001	0.008
2458026.5045	15.350999999999999	0.006
2458030.48085	15.355	0.006
2458040.49411	15.366	0.008
2458041.51656	15.357000000000001	0.006
2458054.51583	15.349	0.006
