2455377.65362 16.056 0.008
2455377.67467 16.052 0.009
2455378.49742 16.059 0.009
2455378.81514 16.047 0.008
2455379.70658 16.057 0.009
2455380.80408 16.047 0.009
2455381.67900 16.049 0.009
2455382.54298 16.061 0.012
2455382.74966 16.056 0.009
2455385.50175 16.053 0.008
2455386.48451 16.047 0.008
2455386.56672 16.044 0.008
2455386.65017 16.046 0.008
2455386.77355 16.044 0.008
2455387.75588 16.061 0.008
2455388.64479 16.057 0.008
2455389.53619 16.067 0.009
2455390.54401 16.034 0.011
2455390.80119 16.062 0.009
2455391.76325 16.060 0.009
2455392.63376 16.049 0.008
2455393.69539 16.056 0.009
2455396.58629 16.060 0.013
2455397.65485 16.051 0.011
2455403.62684 16.047 0.009
2455404.49844 16.039 0.013
2455404.69576 16.069 0.009
2455405.71145 16.058 0.009
2455407.56445 16.063 0.009
2455407.75831 16.052 0.009
2455408.68786 16.061 0.011
2455409.59821 16.066 0.008
2455410.60131 16.053 0.008
2455411.63748 16.048 0.008
2455412.62158 16.058 0.009
2455413.62935 16.073 0.009
2455414.67401 16.054 0.008
2455418.58532 16.055 0.008
2455421.61505 16.066 0.011
2455422.63386 16.071 0.008
2455425.52634 16.058 0.009
2455430.53128 16.071 0.011
2455431.53204 16.049 0.009
2455434.49071 16.058 0.012
2455434.70734 16.061 0.009
2455435.71192 16.052 0.009
2455438.50070 16.035 0.011
2455439.57030 16.046 0.009
2455443.58431 16.047 0.009
2455444.60968 16.058 0.009
2455446.48612 16.062 0.011
2455447.50437 16.059 0.008
2455448.57710 16.040 0.009
2455450.52044 16.060 0.011
2455451.64935 16.054 0.011
2455457.54419 16.055 0.008
2455458.57532 16.042 0.009
2455459.60660 16.049 0.008
2455461.48210 16.057 0.013
2455462.50096 16.061 0.009
2455463.63215 16.056 0.011
2455464.59991 16.050 0.015
2455465.51286 16.054 0.011
2455468.57900 16.054 0.011
2455471.55003 16.053 0.009
2455472.59997 16.059 0.011
2455477.52260 16.033 0.011
2455480.52333 16.048 0.009
2455485.51374 16.043 0.012
2455487.50835 16.079 0.011
2455489.50726 16.048 0.011
2455492.53269 16.051 0.012
2455497.51586 16.059 0.011
2455598.87138 16.050 0.008
2455599.86150 16.059 0.009
2455600.85796 16.057 0.009
2455606.89385 16.057 0.012
2455614.87887 16.050 0.009
2455620.85892 16.052 0.008
2455624.81963 16.043 0.009
2455625.78170 16.030 0.011
2455627.80646 16.065 0.009
2455629.78583 16.061 0.009
2455630.77840 16.049 0.009
2455632.77463 16.046 0.011
2455634.76001 16.047 0.009
2455635.83256 16.051 0.011
2455638.75237 16.054 0.012
2455639.75372 16.045 0.011
2455639.83037 16.054 0.009
2455639.90609 16.049 0.008
2455640.76046 16.054 0.011
2455640.84174 16.049 0.009
2455641.75819 16.055 0.009
2455641.87831 16.059 0.008
2455642.80005 16.062 0.009
2455643.74921 16.053 0.011
2455643.82390 16.054 0.008
2455644.75148 16.054 0.012
2455644.86055 16.062 0.009
2455648.73608 16.054 0.009
2455648.84165 16.063 0.008
2455649.73898 16.055 0.011
2455649.84753 16.049 0.008
2455650.73142 16.049 0.009
2455650.83610 16.050 0.008
2455651.75574 16.058 0.008
2455651.86803 16.060 0.009
2455652.79627 16.049 0.008
2455653.76211 16.049 0.008
2455654.76555 16.039 0.011
2455654.85715 16.044 0.008
2455655.77005 16.050 0.009
2455655.84626 16.047 0.008
2455656.80331 16.067 0.008
2455657.76666 16.052 0.008
2455657.84636 16.056 0.009
2455658.75795 16.040 0.011
2455658.85848 16.057 0.008
2455659.71515 16.064 0.009
2455659.79132 16.047 0.008
2455659.87770 16.062 0.008
2455660.76496 16.062 0.008
2455660.86184 16.058 0.009
2455662.75628 16.067 0.009
2455662.85664 16.053 0.008
2455663.75453 16.061 0.008
2455664.80298 16.064 0.008
2455664.90676 16.050 0.008
2455665.78942 16.038 0.011
2455665.90144 16.056 0.008
2455667.84145 16.059 0.008
2455668.84770 16.046 0.009
2455669.83974 16.054 0.008
2455670.82842 16.055 0.011
2455675.71046 16.066 0.009
2455675.89768 16.053 0.009
2455676.79222 16.068 0.008
2455677.74982 16.081 0.009
2455679.67223 16.057 0.009
2455679.85781 16.061 0.008
2455680.73756 16.052 0.009
2455680.92416 16.052 0.008
2455681.83013 16.052 0.008
2455682.71835 16.061 0.009
2455683.66146 16.064 0.009
2455683.89276 16.062 0.008
2455684.79552 16.058 0.008
2455685.78220 16.057 0.008
2455686.67206 16.054 0.009
2455686.87819 16.049 0.008
2455687.76781 16.056 0.008
2455689.67697 16.059 0.007
2455690.66916 16.057 0.008
2455690.88895 16.061 0.008
2455691.80556 16.063 0.008
2455692.70943 16.061 0.008
2455692.87367 16.049 0.008
2455693.73118 16.058 0.008
2455693.89488 16.062 0.009
2455694.73800 16.053 0.008
2455694.90264 16.066 0.008
2455695.78419 16.057 0.008
2455695.94261 16.048 0.012
2455696.77100 16.055 0.008
2455697.60029 16.053 0.009
2455697.77812 16.050 0.009
2455698.60964 16.063 0.011
2455698.77603 16.045 0.009
2455698.94085 16.043 0.013
2455705.74018 16.059 0.009
2455705.93840 16.058 0.012
2455707.56880 16.057 0.011
2455707.75049 16.057 0.008
2455707.91528 16.061 0.011
2455708.74252 16.048 0.011
2455709.58599 16.075 0.008
2455712.61367 16.045 0.011
2455712.81950 16.066 0.009
2455713.83394 16.076 0.007
2455715.57661 16.066 0.009
2455715.59347 16.051 0.008
2455715.77941 16.055 0.008
2455716.65404 16.060 0.011
2455716.84141 16.064 0.009
2455721.72924 16.051 0.008
2455721.74356 16.046 0.008
2455722.77993 16.060 0.008
2455723.65740 16.054 0.009
2455723.81650 16.059 0.008
2455724.67620 16.066 0.009
2455724.69027 16.048 0.009
2455725.57938 16.058 0.008
2455725.59285 16.059 0.008
2455725.60631 16.067 0.008
2455725.79307 16.050 0.008
2455726.70040 16.068 0.008
2455734.67797 16.051 0.009
2455734.86272 16.044 0.011
2455735.80723 16.048 0.008
2455736.55429 16.055 0.008
2455736.74868 16.058 0.008
2455737.55025 16.060 0.008
2455737.73948 16.053 0.008
2455738.57972 16.062 0.008
2455738.76577 16.062 0.008
2455739.64587 16.049 0.008
2455739.82843 16.059 0.009
2455740.63717 16.056 0.009
2455740.82432 16.064 0.011
2455741.59460 16.046 0.008
2455741.77323 16.049 0.008
2455742.52424 16.050 0.009
2455742.70639 16.048 0.008
2455742.86149 16.056 0.008
2455743.75635 16.056 0.009
2455744.51392 16.050 0.009
2455744.70391 16.047 0.008
2455745.50284 16.054 0.009
2455745.68904 16.057 0.008
2455746.71773 16.063 0.011
2455747.60297 16.040 0.011
2455747.78020 16.035 0.009
2455749.55360 16.060 0.011
2455749.72030 16.067 0.009
2455752.60412 16.070 0.013
2455753.48745 16.043 0.018
2455753.74089 16.046 0.012
2455759.83703 16.061 0.011
2455760.49366 16.039 0.011
2455760.68903 16.056 0.009
2455761.50813 16.034 0.008
2455762.55299 16.041 0.011
2455762.70896 16.051 0.009
2455763.59064 16.050 0.008
2455763.77494 16.061 0.011
2455764.59325 16.053 0.008
2455765.47181 16.060 0.008
2455765.66376 16.052 0.008
2455766.52314 16.063 0.008
2455766.70931 16.051 0.008
2455767.59045 16.051 0.009
2455767.79646 16.056 0.011
2455768.65118 16.063 0.008
2455769.48699 16.047 0.009
2455769.69440 16.059 0.008
2455770.76824 16.057 0.009
2455776.62431 16.058 0.009
2455777.54581 16.041 0.008
2455778.47913 16.055 0.011
2455779.61475 16.053 0.008
2455783.59740 16.062 0.011
2455785.64276 16.053 0.011
2455786.58677 16.050 0.009
2455787.62279 16.052 0.008
2455788.53073 16.058 0.009
2455788.70949 16.081 0.012
2455790.60360 16.046 0.009
2455791.49148 16.041 0.009
2455793.61310 16.052 0.009
2455794.49533 16.047 0.011
2455794.69154 16.048 0.009
2455795.73672 16.058 0.009
2455796.66689 16.057 0.009
2455801.58661 16.056 0.009
2455802.58050 16.052 0.009
2455804.57005 16.060 0.008
2455805.53380 16.055 0.008
2455806.52755 16.058 0.009
2455807.64978 16.053 0.009
2455812.63517 16.056 0.011
2455813.61571 16.047 0.008
2455815.59339 16.051 0.008
2455816.56453 16.052 0.008
2455817.56553 16.046 0.009
2455818.54701 16.062 0.009
2455819.55565 16.063 0.008
2455820.52423 16.054 0.009
2455822.51379 16.046 0.011
2455822.60234 16.062 0.008
2455823.53381 16.053 0.011
2455823.62090 16.047 0.011
2455824.55723 16.052 0.008
2455824.63487 16.049 0.009
2455825.57378 16.050 0.009
2455826.49693 16.069 0.009
2455826.58431 16.056 0.009
2455827.52299 16.058 0.011
2455827.60339 16.052 0.009
2455828.53650 16.061 0.008
2455828.61175 16.052 0.008
2455829.54717 16.049 0.008
2455829.62328 16.059 0.009
2455830.56018 16.048 0.009
2455831.53237 16.049 0.008
2455831.60564 16.062 0.009
2455832.55531 16.060 0.011
2455833.51342 16.061 0.008
2455833.59114 16.064 0.009
2455834.55057 16.061 0.008
2455835.53404 16.044 0.011
2455836.53112 16.053 0.011
2455836.59459 16.059 0.011
2455839.55509 16.062 0.012
2455840.48374 16.040 0.012
2455840.50091 16.057 0.011
2455840.51414 16.063 0.009
2455840.52018 16.049 0.009
2455840.53425 16.049 0.009
2455840.54198 16.050 0.009
2455840.55319 16.067 0.009
2455840.56081 16.061 0.009
2455840.56974 16.053 0.009
2455840.57755 16.040 0.009
2455840.58520 16.049 0.009
2455840.59421 16.056 0.009
2455840.60181 16.054 0.009
2455840.60997 16.057 0.009
2455840.61810 16.069 0.009
2455841.48780 16.055 0.011
2455841.52853 16.054 0.011
2455841.56415 16.051 0.011
2455841.60784 16.054 0.011
2455842.50513 16.049 0.012
2455842.57077 16.046 0.011
2455842.60940 16.050 0.012
2455843.51022 16.035 0.011
2455843.55099 16.051 0.011
2455843.60535 16.054 0.011
2455844.49507 16.054 0.011
2455844.55536 16.050 0.011
2455845.51584 16.056 0.011
2455845.59656 16.055 0.011
2455846.49929 16.041 0.011
2455846.55826 16.056 0.011
2455846.58713 16.071 0.015
2455847.53831 16.055 0.012
2455847.56680 16.038 0.015
2455851.49369 16.053 0.009
2455851.54493 16.056 0.009
2455852.49512 16.064 0.012
2455852.53439 16.049 0.011
2455852.56731 16.060 0.011
2455854.50596 16.048 0.011
2455855.51055 16.045 0.011
2455856.49607 16.060 0.011
2455856.55604 16.053 0.012
2455857.49747 16.059 0.012
2455857.51999 16.063 0.012
2455858.49839 16.033 0.012
2455859.49657 16.046 0.012
2455860.51010 16.057 0.009
2455861.49846 16.040 0.011
2455866.51215 16.055 0.012
2455867.51568 16.064 0.009
2455868.51669 16.056 0.012
2455869.50759 16.052 0.013
2455870.51225 16.063 0.009
2455969.88883 16.049 0.011
2455972.89519 16.067 0.011
2455977.83325 16.052 0.009
2455978.84764 16.043 0.009
2455979.85853 16.057 0.009
2455981.88742 16.056 0.009
2455982.89208 16.058 0.008
2455983.89512 16.058 0.008
2455984.88827 16.050 0.008
2455985.86320 16.061 0.009
2455986.84475 16.059 0.008
2455987.80952 16.065 0.009
2455988.81129 16.047 0.009
2455988.89625 16.059 0.008
2455989.87170 16.048 0.011
2455990.83601 16.061 0.008
2455991.80964 16.058 0.009
2455991.90406 16.056 0.008
2455992.86969 16.056 0.008
2455993.85082 16.056 0.011
2455994.81834 16.062 0.008
2455994.90838 16.049 0.008
2455995.83567 16.047 0.008
2455996.78788 16.061 0.009
2455996.87219 16.060 0.008
2455997.81900 16.051 0.008
2455997.90527 16.053 0.008
2455998.86018 16.043 0.008
2455999.79203 16.056 0.009
2455999.87892 16.060 0.008
2456003.86691 16.050 0.009
2456004.79957 16.067 0.008
2456004.89507 16.060 0.008
2456005.81857 16.058 0.008
2456005.92152 16.051 0.015
2456006.84354 16.057 0.008
2456007.75451 16.042 0.008
2456007.85296 16.051 0.008
2456008.74974 16.051 0.008
2456008.83766 16.051 0.009
2456009.74893 16.047 0.008
2456009.84838 16.054 0.008
2456010.74018 16.063 0.009
2456010.83153 16.050 0.008
2456010.91915 16.041 0.009
2456011.82912 16.067 0.009
2456012.74158 16.039 0.008
2456012.83576 16.057 0.008
2456012.92291 16.033 0.009
2456013.82024 16.061 0.009
2456013.92447 16.058 0.013
2456014.79636 16.052 0.008
2456014.89549 16.043 0.009
2456015.77436 16.059 0.007
2456015.84147 16.055 0.007
2456016.75609 16.042 0.007
2456016.83600 16.046 0.008
2456017.74415 16.055 0.007
2456017.82061 16.047 0.007
2456017.92056 16.054 0.008
2456018.80951 16.049 0.009
2456018.91521 16.052 0.008
2456019.78862 16.043 0.008
2456019.88376 16.042 0.007
2456020.74314 16.042 0.008
2456020.83702 16.041 0.007
2456020.91687 16.056 0.009
2456021.77577 16.063 0.009
2456021.85321 16.054 0.007
2456022.72434 16.065 0.008
2456022.80078 16.047 0.008
2456022.89830 16.050 0.008
2456023.75749 16.048 0.009
2456023.83909 16.057 0.008
2456024.71505 16.060 0.009
2456024.74926 16.057 0.008
2456024.79438 16.049 0.008
2456024.85076 16.050 0.008
2456024.90666 16.054 0.008
2456024.92810 16.058 0.012
2456025.70164 16.053 0.011
2456025.73519 16.046 0.009
2456025.76263 16.064 0.009
2456025.78839 16.050 0.009
2456025.81560 16.057 0.009
2456025.85617 16.044 0.009
2456025.89318 16.051 0.008
2456026.69598 16.040 0.012
2456026.70869 16.053 0.012
2456026.73655 16.074 0.021
2456029.70157 16.036 0.021
2456029.70468 16.048 0.019
2456029.70619 16.046 0.022
2456029.70770 16.030 0.019
2456029.71181 16.052 0.028
2456029.71328 16.092 0.025
2456029.71784 16.052 0.023
2456029.71985 16.032 0.023
2456029.72438 16.029 0.021
2456029.72589 16.067 0.021
2456029.73200 16.064 0.026
2456029.73347 16.048 0.019
2456029.73798 16.108 0.025
2456029.73965 16.032 0.021
2456029.74422 16.068 0.019
2456029.74573 16.038 0.019
2456029.75146 16.001 0.021
2456029.75296 16.025 0.019
2456029.75749 16.082 0.022
2456029.75914 16.050 0.023
2456029.76368 16.047 0.019
2456029.76519 16.033 0.021
2456029.77020 16.073 0.021
2456029.77170 16.052 0.019
2456029.77625 16.034 0.018
2456029.77786 16.090 0.019
2456029.78236 16.024 0.018
2456029.78387 16.023 0.018
2456029.78753 16.040 0.021
2456029.79209 16.080 0.018
2456029.79355 16.048 0.018
2456029.79864 16.043 0.015
2456029.80010 16.045 0.015
2456029.80460 16.060 0.016
2456029.80720 16.040 0.016
2456029.81173 16.060 0.015
2456029.81323 16.024 0.016
2456029.86388 16.057 0.009
2456029.88160 16.059 0.015
2456029.92960 16.055 0.019
2456031.75322 16.067 0.011
2456031.79311 16.055 0.008
2456031.83262 16.054 0.008
2456031.87429 16.067 0.009
2456031.91393 16.051 0.009
2456032.84067 16.048 0.008
2456032.86847 16.057 0.008
2456032.89654 16.052 0.008
2456033.71876 16.035 0.012
2456033.77297 16.062 0.008
2456033.83491 16.050 0.008
2456033.88915 16.039 0.008
2456034.72291 16.055 0.008
2456034.76152 16.049 0.008
2456034.81696 16.046 0.007
2456034.86891 16.053 0.008
2456034.90645 16.040 0.008
2456035.85467 16.040 0.008
2456035.91471 16.060 0.008
2456036.71988 16.053 0.008
2456036.84933 16.042 0.007
2456036.92726 16.051 0.008
2456037.79916 16.057 0.008
2456038.76536 16.044 0.009
2456039.75948 16.063 0.012
2456040.75115 16.061 0.008
2456040.93561 16.046 0.013
2456041.89064 16.045 0.008
2456046.88579 16.053 0.008
2456046.89981 16.047 0.008
2456046.93381 16.059 0.009
2456047.68676 16.057 0.009
2456047.84691 16.048 0.008
2456048.77841 16.047 0.008
2456049.69612 16.065 0.008
2456049.88975 16.057 0.008
2456050.79384 16.052 0.008
2456051.66709 16.058 0.008
2456052.77846 16.063 0.011
2456052.93586 16.069 0.009
2456053.80986 16.054 0.008
2456054.90048 16.049 0.008
2456055.93557 16.051 0.009
2456058.83554 16.070 0.008
2456059.72387 16.047 0.008
2456059.90019 16.060 0.008
2456061.80078 16.043 0.009
2456062.66753 16.058 0.008
2456062.85019 16.064 0.008
2456063.81936 16.051 0.011
2456064.74196 16.046 0.007
2456064.92634 16.056 0.008
2456065.77420 16.060 0.008
2456066.68995 16.054 0.008
2456066.87505 16.059 0.008
2456067.67696 16.039 0.011
2456067.85501 16.059 0.008
2456068.68302 16.052 0.008
2456068.90105 16.064 0.008
2456069.63525 16.059 0.008
2456069.84208 16.047 0.007
2456070.64107 16.057 0.009
2456070.81794 16.057 0.008
2456071.61573 16.055 0.008
2456071.79675 16.063 0.008
2456075.59699 16.050 0.008
2456075.78041 16.050 0.007
2456076.62798 16.044 0.009
2456076.81289 16.058 0.008
2456077.74549 16.072 0.007
2456077.92947 16.111 0.007
2456078.73791 16.053 0.007
2456078.91222 16.075 0.007
2456079.71816 16.055 0.008
2456079.90809 16.045 0.008
2456080.67838 16.045 0.008
2456080.86041 16.055 0.008
2456081.63076 16.026 0.012
2456081.81122 16.073 0.008
2456082.62478 16.073 0.011
2456082.83029 16.063 0.011
2456085.63794 16.053 0.009
2456085.79986 16.030 0.009
2456086.57143 16.064 0.008
2456086.75706 16.049 0.008
2456086.92862 16.044 0.011
2456087.83529 16.063 0.009
2456088.67716 16.046 0.007
2456089.79351 16.055 0.008
2456092.63740 16.018 0.009
2456093.55210 16.050 0.008
2456093.73019 16.053 0.008
2456094.60566 16.053 0.011
2456094.77765 16.050 0.008
2456096.59097 16.058 0.009
2456096.78911 16.058 0.009
2456097.71281 16.055 0.012
2456097.88167 16.068 0.009
2456098.67511 16.055 0.008
2456098.85546 16.052 0.009
2456100.52986 16.047 0.009
2456100.72389 16.062 0.008
2456100.89084 16.050 0.009
2456101.65469 16.059 0.008
2456101.83738 16.058 0.009
2456102.63700 16.063 0.008
2456102.79457 16.057 0.008
2456103.54532 16.068 0.008
2456103.72344 16.062 0.008
2456104.54519 16.012 0.012
2456104.70841 16.000 0.012
2456104.87238 16.053 0.008
2456105.65414 16.046 0.008
2456106.63987 16.076 0.009
2456108.63644 16.054 0.008
2456108.81192 16.058 0.008
2456109.59892 16.111 0.016
2456109.80054 16.044 0.009
2456113.60442 16.072 0.009
2456113.76251 16.045 0.008
2456114.61110 16.058 0.009
2456114.78491 16.061 0.008
2456115.54884 16.045 0.008
2456115.76449 16.068 0.009
2456116.59079 16.054 0.007
2456116.77137 16.063 0.008
2456117.56712 16.055 0.008
2456117.74713 16.047 0.008
2456118.51994 16.072 0.008
2456118.70850 16.054 0.008
2456119.48304 16.060 0.009
2456119.66198 16.052 0.011
2456119.80572 16.059 0.008
2456120.69316 16.054 0.008
2456121.49057 16.050 0.008
2456121.67113 16.052 0.007
2456123.52809 16.051 0.009
2456123.70439 16.059 0.008
2456124.50110 16.048 0.009
2456124.71149 16.053 0.008
2456125.71566 16.065 0.008
2456126.54522 16.055 0.008
2456126.75279 16.058 0.008
2456127.72298 16.047 0.008
2456128.64687 16.054 0.007
2456131.52022 16.055 0.008
2456132.50081 16.049 0.009
2456132.78005 16.053 0.008
2456133.70787 16.044 0.008
2456134.61033 16.064 0.009
2456135.59388 16.061 0.009
2456135.79834 16.073 0.009
2456140.58470 16.068 0.009
2456140.75754 16.053 0.015
2456141.61003 16.051 0.009
2456141.77455 16.065 0.009
2456143.63762 16.055 0.011
2456147.67868 16.043 0.009
2456148.61317 16.047 0.008
2456149.61934 16.056 0.009
2456150.65282 16.042 0.008
2456151.63555 16.049 0.009
2456152.51280 16.051 0.008
2456153.69607 16.060 0.009
2456154.69409 16.062 0.011
2456158.54002 16.057 0.008
2456158.71079 16.046 0.008
2456159.66400 16.051 0.011
2456160.63379 16.052 0.008
2456161.53097 16.057 0.009
2456164.50812 16.053 0.009
2456166.53920 16.058 0.009
2456167.51605 16.046 0.009
2456168.49702 16.046 0.009
2456169.50941 16.057 0.008
2456169.68844 16.059 0.011
2456171.65681 16.066 0.008
2456172.62308 16.051 0.007
2456174.59137 16.047 0.009
2456175.57230 16.049 0.009
2456179.50993 16.052 0.009
2456179.56018 16.074 0.009
2456180.54972 16.051 0.008
2456181.49473 16.052 0.009
2456183.50494 16.047 0.008
2456184.60861 16.054 0.008
2456185.49695 16.060 0.008
2456186.50812 16.059 0.009
2456190.56206 16.057 0.008
2456191.60057 16.045 0.008
2456195.54738 16.059 0.008
2456195.62310 16.058 0.008
2456196.54422 16.061 0.009
2456196.62316 16.045 0.009
2456197.54592 16.046 0.009
2456198.55206 16.048 0.011
2456200.58897 16.064 0.011
2456201.52876 16.056 0.012
2456203.50752 16.051 0.009
2456203.59741 16.050 0.011
2456204.55072 16.064 0.009
2456205.49198 16.060 0.008
2456205.57317 16.053 0.008
2456208.51750 16.068 0.009
2456210.54439 16.072 0.008
2456211.49446 16.060 0.008
2456211.57530 16.062 0.011
2456212.49451 16.051 0.008
2456212.57142 16.062 0.008
2456213.52382 16.063 0.008
2456214.49775 16.082 0.012
2456214.57088 16.049 0.009
2456216.50349 16.051 0.009
2456216.57309 16.047 0.009
2456217.53642 16.058 0.008
2456218.51136 16.039 0.009
2456219.52994 16.054 0.008
2456221.52417 16.048 0.012
2456221.55137 16.045 0.013
2456223.57165 16.055 0.009
2456226.50525 16.049 0.011
2456231.50594 16.047 0.009
2456233.53755 16.048 0.011
2456238.51429 16.026 0.011
2456334.88454 16.057 0.008
2456335.86149 16.045 0.008
2456337.87432 16.040 0.009
2456338.85188 16.059 0.009
2456338.89468 16.058 0.009
2456340.85721 16.058 0.008
2456341.89599 16.060 0.009
2456343.86182 16.072 0.009
2456344.87265 16.072 0.007
2456345.89682 16.060 0.009
2456347.89414 16.047 0.008
2456348.89422 16.058 0.008
2456350.82416 16.051 0.009
2456351.82275 16.051 0.009
2456352.82162 16.060 0.009
2456353.79005 16.066 0.008
2456353.89840 16.053 0.008
2456360.81106 16.063 0.007
2456360.89745 16.059 0.007
2456361.87165 16.060 0.008
2456362.79438 16.052 0.009
2456362.90957 16.048 0.009
2456363.88406 16.060 0.008
2456367.88491 16.062 0.007
2456368.83572 16.050 0.008
2456369.77387 16.050 0.008
2456369.86606 16.065 0.007
2456370.81750 16.064 0.008
2456370.90011 16.049 0.008
2456371.83113 16.057 0.007
2456371.91343 16.067 0.008
2456372.82362 16.044 0.007
2456372.90769 16.054 0.008
2456373.84060 16.048 0.008
2456374.75810 16.048 0.009
2456374.84750 16.048 0.008
2456375.75715 16.056 0.008
2456375.86217 16.048 0.007
2456376.76642 16.059 0.008
2456376.85810 16.058 0.008
2456377.78040 16.055 0.007
2456377.87029 16.047 0.007
2456378.77675 16.052 0.008
2456378.86703 16.047 0.007
2456379.76354 16.060 0.008
2456379.85168 16.063 0.008
2456380.76452 16.053 0.008
2456380.86726 16.053 0.007
2456381.78558 16.064 0.008
2456381.87311 16.049 0.007
2456382.77936 16.059 0.009
2456382.85875 16.059 0.008
2456386.77240 16.050 0.008
2456386.87352 16.059 0.008
2456387.76138 16.047 0.007
2456387.84433 16.046 0.008
2456388.78531 16.042 0.007
2456388.89327 16.043 0.008
2456389.77341 16.053 0.008
2456389.85307 16.057 0.008
2456390.71896 16.044 0.008
2456390.80088 16.057 0.008
2456390.89047 16.047 0.008
2456391.82320 16.059 0.009
2456393.83396 16.056 0.008
2456394.78796 16.057 0.008
2456395.73957 16.054 0.008
2456395.92188 16.063 0.007
2456396.69892 16.053 0.008
2456396.87776 16.069 0.009
2456397.82436 16.062 0.007
2456398.73204 16.071 0.007
2456398.91287 16.056 0.008
2456399.83440 16.052 0.008
2456400.81461 16.057 0.008
2456401.75802 16.058 0.007
2456401.92720 16.046 0.008
2456402.85472 16.069 0.008
2456403.76131 16.055 0.007
2456404.69545 16.043 0.008
2456404.87228 16.047 0.008
2456405.84311 16.053 0.007
2456405.89167 16.059 0.007
2456406.91159 16.060 0.007
2456407.81753 16.053 0.008
2456408.77071 16.046 0.011
2456409.88535 16.070 0.009
2456415.83063 16.048 0.008
2456416.74139 16.063 0.008
2456417.66640 16.057 0.012
2456417.82904 16.067 0.008
2456418.68882 16.054 0.008
2456418.85294 16.059 0.007
2456419.73799 16.060 0.007
2456419.91376 16.048 0.008
2456420.75348 16.064 0.007
2456420.93966 16.062 0.011
2456422.72565 16.045 0.008
2456423.68309 16.054 0.008
2456423.88163 16.065 0.008
2456424.73309 16.058 0.007
2456424.93392 16.039 0.008
2456426.84182 16.058 0.007
2456427.91234 16.045 0.007
2456428.63249 16.050 0.009
2456428.82787 16.056 0.008
2456431.59628 16.054 0.009
2456431.81590 16.056 0.008
2456432.65289 16.059 0.008
2456432.83759 16.063 0.008
2456433.64220 16.051 0.008
2456433.83600 16.060 0.007
2456434.73542 16.068 0.008
2456434.94240 16.050 0.009
2456435.77691 16.054 0.007
2456435.94582 16.056 0.011
2456436.75582 16.056 0.008
2456436.93465 16.052 0.009
2456441.71444 16.043 0.009
2456441.79409 16.056 0.008
2456442.58571 16.054 0.008
2456442.76950 16.048 0.007
2456442.92989 15.951 0.008
2456443.62706 16.071 0.008
2456444.70568 16.055 0.008
2456444.77915 16.063 0.008
2456445.58084 16.060 0.009
2456445.79281 16.055 0.008
2456446.57416 16.049 0.007
2456446.76832 16.043 0.007
2456447.54846 16.066 0.008
2456447.73558 16.049 0.007
2456447.90292 16.061 0.007
2456448.66544 16.069 0.008
2456448.85147 16.041 0.008
2456449.62507 16.054 0.008
2456449.81130 16.045 0.008
2456450.57724 16.060 0.008
2456450.76116 16.058 0.007
2456450.93255 16.049 0.008
2456451.69323 16.059 0.007
2456451.87689 16.074 0.008
2456452.65541 16.045 0.007
2456452.89112 16.062 0.008
2456454.66488 16.065 0.008
2456454.84972 16.058 0.008
2456455.68826 16.041 0.008
2456456.63163 16.049 0.007
2456456.81746 16.050 0.008
2456457.79119 16.055 0.007
2456458.57455 16.046 0.009
2456458.75952 16.047 0.007
2456459.51942 16.053 0.009
2456459.71666 16.055 0.007
2456459.88423 16.059 0.008
2456460.77732 16.044 0.007
2456461.63941 16.055 0.008
2456461.85964 16.054 0.008
2456462.80574 16.044 0.008
2456463.57966 16.049 0.012
2456463.77103 16.053 0.008
2456464.58787 16.052 0.009
2456464.77944 16.055 0.009
2456468.57513 16.057 0.012
2456468.77901 16.053 0.008
2456469.63753 16.048 0.008
2456469.86244 16.051 0.013
2456472.81740 16.046 0.008
2456473.59471 16.055 0.008
2456473.77906 16.062 0.008
2456474.54158 16.056 0.009
2456474.72267 16.036 0.011
2456475.50207 16.055 0.011
2456475.70356 16.056 0.008
2456476.64781 16.057 0.008
2456476.82582 16.044 0.008
2456477.63125 16.061 0.008
2456477.81967 16.050 0.011
2456479.56791 16.052 0.011
2456479.76293 16.068 0.009
2456480.65513 16.058 0.008
2456481.47357 16.043 0.009
2456481.71683 16.063 0.009
2456483.58602 16.059 0.008
2456484.55096 16.057 0.007
2456485.66650 16.050 0.007
2456486.59022 16.063 0.008
2456486.80032 16.050 0.008
2456487.58949 16.064 0.007
2456487.79228 16.077 0.007
2456490.48367 16.061 0.008
2456490.67054 16.047 0.008
2456491.51450 16.053 0.008
2456491.73336 16.055 0.008
2456492.54998 16.052 0.008
2456492.73709 16.065 0.008
2456496.56919 16.054 0.009
2456497.67398 16.034 0.009
2456498.50029 16.061 0.007
2456498.67993 16.067 0.007
2456499.51443 16.055 0.008
2456500.66808 16.072 0.009
2456501.65327 16.053 0.008
2456504.66955 16.056 0.008
2456505.56549 16.053 0.008
2456505.76442 16.046 0.009
2456506.71140 16.046 0.009
2456507.76141 16.029 0.009
2456508.66140 16.046 0.007
2456509.58511 16.020 0.008
2456509.75247 16.059 0.008
2456510.64315 16.040 0.007
2456511.60167 16.049 0.008
2456512.75190 16.049 0.009
2456514.71529 16.044 0.008
2456515.67615 16.060 0.007
2456516.65601 16.050 0.008
2456519.61816 16.044 0.008
2456523.54377 16.044 0.008
2456524.65150 16.046 0.008
2456525.65984 16.048 0.011
2456529.53468 16.061 0.008
2456531.49432 16.059 0.009
2456532.49472 16.048 0.009
2456533.50730 16.052 0.008
2456534.58535 16.055 0.008
2456536.51132 16.062 0.009
2456538.59902 16.054 0.008
2456539.66473 16.057 0.008
2456543.52086 16.065 0.009
2456544.55926 16.043 0.007
2456545.60668 16.052 0.007
2456547.56997 16.056 0.011
2456553.59834 16.025 0.018
2456558.51389 16.057 0.007
2456559.55383 16.061 0.009
2456560.61221 16.044 0.008
2456562.56462 16.042 0.009
2456563.59262 16.051 0.008
2456564.52557 16.047 0.008
2456565.49422 16.041 0.008
2456565.59234 16.048 0.008
2456567.56519 16.050 0.009
2456568.56206 16.042 0.009
2456569.52253 16.060 0.007
2456569.60461 16.053 0.009
2456571.48767 16.052 0.009
2456571.59756 16.054 0.008
2456572.56446 16.055 0.008
2456573.51826 16.053 0.008
2456577.49422 16.074 0.012
2456577.58365 16.053 0.012
2456578.57825 16.063 0.008
2456579.54850 16.060 0.009
2456581.48953 16.071 0.011
2456582.50274 16.041 0.009
2456583.49127 16.050 0.011
2456584.49572 16.053 0.009
2456585.49606 16.059 0.009
2456586.49842 16.056 0.011
2456586.50744 16.031 0.011
2456590.50366 16.062 0.009
2456592.49906 16.073 0.009
2456594.50964 16.035 0.011
2456595.50059 16.050 0.009
2456694.85821 16.064 0.008
2456695.86615 16.068 0.008
2456696.85919 16.068 0.007
2456697.85697 16.044 0.008
2456698.87997 16.035 0.012
2456700.88528 16.048 0.008
2456702.86072 16.063 0.008
2456703.84843 16.056 0.011
2456705.84444 16.064 0.011
2456707.87741 16.065 0.008
2456709.83279 16.056 0.009
2456710.85072 16.057 0.007
2456711.87347 16.055 0.007
2456715.84999 16.062 0.007
2456716.84166 16.059 0.007
2456717.85420 16.058 0.009
2456718.86875 16.047 0.009
2456719.86161 16.053 0.007
2456720.83712 16.053 0.008
2456721.81890 16.051 0.008
2456721.90760 16.070 0.009
2456722.89346 16.055 0.007
2456723.87423 16.052 0.007
2456724.85222 16.057 0.008
2456725.82674 16.070 0.007
2456726.79129 16.057 0.008
2456726.88840 16.059 0.007
2456727.85940 16.082 0.007
2456728.82714 16.065 0.007
2456729.78401 16.053 0.008
2456729.87991 16.048 0.007
2456730.83231 16.060 0.008
2456731.87944 16.041 0.008
2456732.84057 16.054 0.008
2456733.77691 16.059 0.008
2456733.87128 16.063 0.008
2456734.80771 16.061 0.007
2456734.90180 16.052 0.007
2456735.85111 16.056 0.008
2456736.78074 16.043 0.009
2456736.88403 16.056 0.008
2456737.83760 16.062 0.007
2456737.91521 16.058 0.008
2456741.83989 16.011 0.009
2456741.88261 16.038 0.008
2456742.84162 16.039 0.007
2456743.88751 16.060 0.007
2456744.85073 16.053 0.007
2456745.74057 16.055 0.008
2456745.84556 16.066 0.007
2456746.74568 16.054 0.008
2456746.83902 16.064 0.007
2456747.85001 16.045 0.007
2456748.84887 16.054 0.007
2456749.84518 16.057 0.007
2456751.88863 16.057 0.007
2456752.86025 16.070 0.007
2456754.86137 16.050 0.008
2456755.88198 16.064 0.007
2456756.83610 16.059 0.007
2456757.78897 16.044 0.007
2456758.78870 16.057 0.008
2456759.75909 16.068 0.009
2456760.71332 16.044 0.007
2456761.83389 16.041 0.007
2456762.78820 16.051 0.007
2456763.75611 16.063 0.007
2456764.68748 16.062 0.008
2456764.86240 16.052 0.008
2456765.79742 16.051 0.007
2456768.75946 16.050 0.007
2456769.67623 16.072 0.008
2456769.84194 16.059 0.007
2456770.74333 16.051 0.008
2456770.90609 16.060 0.007
2456771.87136 16.039 0.007
2456772.78499 16.053 0.007
2456773.69973 16.053 0.011
2456773.89026 16.048 0.007
2456774.79338 16.060 0.009
2456775.77482 16.053 0.007
2456776.68122 16.033 0.007
2456776.88940 16.052 0.007
2456777.88602 16.065 0.009
2456784.77289 16.044 0.008
2456785.74807 16.044 0.008
2456786.76698 16.042 0.008
2456787.74759 16.046 0.007
2456789.72504 16.054 0.008
2456789.91018 16.050 0.009
2456790.75540 16.055 0.009
2456790.93656 16.041 0.009
2456791.76862 16.038 0.008
2456791.93950 16.047 0.009
2456792.76775 16.047 0.008
2456792.91154 16.060 0.009
2456796.71445 16.049 0.009
2456796.88537 16.053 0.008
2456797.75287 16.039 0.008
2456797.91055 16.044 0.011
2456799.78643 16.047 0.011
2456803.69361 16.051 0.008
2456803.86824 16.058 0.008
2456804.63467 16.048 0.008
2456804.82429 16.056 0.008
2456805.62221 16.059 0.009
2456805.81511 16.044 0.009
2456806.83976 16.042 0.008
2456806.85760 16.040 0.009
2456806.87588 16.052 0.009
2456806.88487 16.036 0.009
2456806.88985 16.035 0.009
2456807.76713 16.031 0.011
2456807.93252 16.056 0.011
2456808.73359 16.008 0.012
2456808.90997 16.050 0.009
2456809.70660 16.055 0.007
2456809.90361 16.053 0.009
2456810.69428 16.046 0.008
2456810.89093 16.053 0.009
2456811.66064 16.048 0.009
2456811.86037 16.057 0.009
2456813.72377 16.055 0.008
2456813.91814 16.056 0.009
2456814.76928 16.054 0.008
2456814.93100 16.062 0.009
2456815.74695 16.055 0.008
2456815.93340 16.057 0.009
2456816.79545 16.050 0.008
2456817.63708 16.045 0.008
2456817.81081 16.051 0.009
2456818.57599 16.044 0.009
2456819.63170 16.062 0.009
2456819.78752 16.062 0.011
2456823.79931 16.058 0.008
2456824.58036 16.062 0.011
2456824.78392 16.050 0.008
2456825.56539 16.053 0.008
2456825.75131 16.065 0.008
2456826.51436 16.047 0.009
2456826.68925 16.057 0.008
2456826.88657 16.057 0.009
2456827.66595 16.057 0.008
2456827.87323 16.052 0.008
2456828.63865 16.052 0.008
2456828.84759 16.059 0.009
2456829.59150 16.049 0.009
2456829.77614 16.055 0.009
2456830.56818 16.054 0.009
2456830.75586 16.053 0.007
2456831.64639 16.060 0.008
2456831.83939 16.058 0.009
2456832.64623 16.051 0.008
2456832.82403 16.062 0.009
2456833.66363 16.060 0.008
2456833.83991 16.058 0.009
2456834.61648 16.052 0.009
2456834.80078 16.050 0.011
2456835.62456 16.049 0.009
2456835.80792 16.050 0.009
2456836.60319 16.045 0.011
2456836.78268 16.051 0.009
2456837.56818 16.056 0.008
2456837.74946 16.056 0.008
2456838.52023 16.054 0.013
2456838.70626 16.062 0.009
2456839.48713 16.057 0.011
2456839.65443 16.051 0.008
2456839.83509 16.061 0.011
2456840.67382 16.029 0.009
2456841.54061 16.061 0.008
2456841.73403 16.058 0.009
2456842.53532 16.060 0.011
2456842.71769 16.058 0.008
2456844.50566 16.062 0.009
2456844.69348 16.058 0.008
2456844.85014 16.072 0.011
2456845.59711 16.056 0.008
2456845.77764 16.056 0.008
2456847.54786 16.068 0.008
2456847.69183 16.059 0.012
2456847.82872 16.056 0.009
2456851.58478 16.049 0.009
2456851.75669 16.055 0.009
2456852.58079 16.051 0.011
2456855.55044 16.056 0.009
2456855.73579 16.056 0.008
2456856.53235 16.064 0.008
2456856.71596 16.058 0.008
2456857.53024 16.059 0.008
2456857.71715 16.057 0.008
2456858.54595 16.057 0.008
2456858.73055 16.051 0.008
2456859.68896 16.048 0.009
2456862.64497 16.047 0.009
2456863.48790 16.055 0.008
2456863.67803 16.054 0.008
2456864.51931 16.052 0.009
2456864.70740 16.062 0.008
2456870.63653 16.052 0.008
2456871.63150 16.050 0.009
2456872.71790 16.046 0.009
2456874.62705 16.041 0.008
2456879.59804 16.059 0.009
2456880.56326 16.049 0.011
2456880.74989 16.066 0.013
2456881.72274 16.052 0.011
2456882.62723 16.062 0.008
2456883.54009 16.059 0.009
2456885.50615 16.045 0.011
2456885.70085 16.070 0.009
2456886.62332 16.046 0.008
2456887.54504 16.053 0.008
2456887.71717 16.046 0.009
2456888.65658 16.051 0.008
2456889.60719 16.056 0.008
2456890.54556 16.053 0.009
2456890.70950 16.056 0.009
2456891.66011 16.043 0.009
2456895.61455 16.046 0.008
2456896.58285 16.049 0.009
2456900.52915 16.058 0.008
2456907.60269 16.054 0.009
2456908.55312 16.043 0.009
2456908.58711 16.050 0.008
2456909.62870 16.053 0.011
2456912.62750 16.046 0.009
2456915.48293 16.053 0.009
2456916.53903 16.054 0.008
2456919.53243 16.042 0.009
2456922.51293 16.047 0.009
2456923.53426 16.050 0.011
2456924.57313 16.045 0.009
2456925.61530 16.052 0.009
2456927.52673 16.045 0.011
2456928.56166 16.047 0.009
2456930.49035 16.052 0.013
2456931.58306 16.045 0.009
2456931.58679 16.060 0.009
2456932.56041 16.049 0.013
2456936.56696 16.056 0.011
2456937.56422 16.055 0.011
2456938.56337 16.032 0.013
2456940.52388 16.032 0.009
2456942.49081 16.049 0.009
2456943.49051 16.037 0.012
2456944.53077 16.054 0.009
2456948.49117 16.045 0.011
2456951.50870 16.058 0.009
2456953.54218 16.068 0.013
2456955.54000 16.049 0.009
2457064.86338 16.043 0.009
2457066.87460 16.051 0.011
2457070.84393 16.052 0.008
2457071.85624 16.066 0.008
2457072.86405 16.059 0.009
2457074.89268 16.054 0.009
2457075.86998 16.059 0.009
2457076.87048 16.053 0.008
2457077.86782 16.051 0.009
2457078.85880 16.043 0.008
2457079.89729 16.046 0.011
2457080.89362 16.056 0.008
2457082.84799 16.047 0.008
2457083.81386 16.052 0.009
2457084.80860 16.057 0.009
2457084.89277 16.049 0.008
2457085.86562 16.032 0.008
2457086.84424 16.056 0.008
2457087.79829 16.052 0.009
2457087.90057 16.061 0.008
2457088.87179 16.056 0.008
2457089.83782 16.055 0.008
2457090.79180 16.050 0.009
2457090.89279 16.057 0.008
2457091.84665 16.051 0.008
2457092.78512 16.062 0.008
2457092.87715 16.050 0.008
2457097.77191 16.059 0.008
2457097.85891 16.055 0.007
2457098.80820 16.051 0.008
2457098.90729 16.059 0.008
2457099.85035 16.047 0.008
2457100.79733 16.053 0.008
2457100.89007 16.054 0.008
2457101.87181 16.061 0.009
2457102.83438 16.057 0.008
2457108.81033 16.036 0.009
2457109.74382 16.043 0.008
2457109.86345 16.056 0.009
2457110.77187 16.061 0.008
2457110.88246 16.062 0.007
2457111.79279 16.052 0.008
2457111.90499 16.030 0.008
2457112.80052 16.043 0.008
2457112.91236 16.060 0.008
2457113.89802 16.066 0.008
2457114.89503 16.060 0.008
2457115.85121 16.061 0.008
2457116.81631 16.066 0.009
2457117.79921 16.068 0.008
2457118.84919 16.066 0.008
2457119.84683 16.062 0.009
2457120.79079 16.058 0.008
2457125.71966 16.050 0.009
2457125.90706 16.066 0.008
2457126.87501 16.056 0.008
2457129.80442 16.055 0.008
2457130.73206 16.049 0.008
2457130.91490 16.054 0.008
2457131.83400 16.066 0.007
2457132.75620 16.046 0.008
2457133.88690 16.063 0.008
2457134.77048 16.064 0.008
2457135.69832 16.066 0.008
2457135.88461 16.061 0.008
2457136.77764 16.051 0.008
2457137.68473 16.052 0.008
2457137.87040 16.064 0.008
2457138.74449 16.060 0.008
2457138.93020 16.044 0.008
2457139.86285 16.060 0.008
2457140.74174 16.060 0.008
2457140.92337 16.060 0.008
2457141.81604 16.066 0.007
2457142.69860 16.066 0.008
2457142.88400 16.059 0.008
2457143.75501 16.046 0.008
2457144.64340 16.049 0.011
2457144.84308 16.058 0.009
2457145.84433 16.070 0.008
2457146.83116 16.066 0.008
2457147.67276 16.053 0.011
2457147.81211 16.050 0.009
2457152.80423 16.025 0.012
2457153.64241 16.054 0.008
2457153.80397 16.068 0.007
2457154.68138 16.055 0.008
2457154.87638 16.054 0.008
2457155.71292 16.054 0.008
2457155.89925 16.053 0.008
2457156.72354 16.058 0.007
2457157.71076 16.053 0.008
2457158.63810 16.047 0.009
2457158.82245 16.064 0.008
2457159.63945 16.045 0.011
2457159.82324 16.057 0.008
2457160.66117 16.047 0.008
2457160.84592 16.047 0.008
2457161.68948 16.053 0.007
2457161.87264 16.053 0.007
2457162.69185 16.052 0.008
2457162.87494 16.056 0.008
2457163.70120 16.052 0.009
2457163.88386 16.051 0.008
2457164.79091 16.063 0.008
2457166.83103 16.058 0.008
2457168.80895 16.050 0.008
2457169.74675 16.039 0.008
2457169.93186 16.044 0.008
2457170.72403 16.049 0.008
2457170.91245 16.054 0.008
2457172.73593 16.046 0.008
2457172.91662 16.045 0.009
2457173.71266 16.035 0.008
2457173.89892 16.043 0.009
2457174.66765 16.050 0.008
2457174.83947 16.058 0.008
2457175.61966 16.052 0.009
2457175.84893 16.038 0.009
2457176.91630 16.045 0.011
2457178.72505 16.058 0.009
2457179.66525 16.050 0.009
2457179.83523 16.048 0.009
2457180.61725 16.042 0.009
2457180.78844 16.050 0.008
2457181.55517 16.053 0.009
2457181.74339 16.047 0.008
2457181.91051 16.048 0.009
2457182.68317 16.043 0.007
2457182.86949 16.040 0.008
2457183.62738 16.053 0.009
2457183.81145 16.059 0.008
2457184.61960 16.042 0.009
2457184.80310 16.055 0.009
2457185.58415 16.042 0.012
2457185.76680 16.048 0.009
2457186.61773 16.045 0.009
2457186.88881 16.054 0.011
2457187.68909 16.060 0.008
2457187.85866 16.036 0.008
2457188.63935 16.042 0.009
2457188.82961 16.053 0.009
2457189.69581 16.055 0.008
2457189.86616 16.052 0.008
2457190.65804 16.050 0.008
2457190.85505 16.048 0.009
2457191.68439 16.051 0.008
2457193.63214 16.052 0.008
2457193.72005 16.047 0.008
2457193.88712 16.040 0.008
2457194.67127 16.044 0.007
2457196.88087 16.057 0.009
2457197.52921 16.061 0.009
2457197.70419 16.047 0.008
2457197.88123 16.042 0.012
2457198.68411 16.052 0.008
2457198.86732 16.049 0.009
2457199.63217 16.050 0.008
2457199.81429 16.037 0.008
2457200.58481 16.032 0.008
2457200.75238 16.047 0.008
2457202.72666 16.054 0.009
2457206.54763 16.046 0.011
2457206.72163 16.043 0.009
2457207.69435 16.055 0.008
2457208.51737 16.065 0.009
2457209.78635 16.036 0.009
2457211.56347 16.042 0.008
2457211.74638 16.046 0.008
2457214.51557 16.050 0.009
2457214.70532 16.050 0.008
2457217.71429 16.056 0.009
2457219.57887 16.057 0.009
2457220.48688 16.050 0.009
2457220.66926 16.053 0.008
2457221.47270 16.039 0.011
2457221.65543 16.058 0.008
2457221.81407 16.043 0.008
2457222.60768 16.045 0.008
2457222.82187 16.051 0.009
2457223.67188 16.044 0.008
2457224.51299 16.047 0.009
2457224.71787 16.065 0.009
2457226.56055 16.034 0.008
2457226.74469 16.047 0.008
2457227.52858 16.064 0.009
2457227.71219 16.057 0.008
2457228.53129 16.055 0.008
2457228.72347 16.047 0.008
2457229.55842 16.051 0.008
2457229.72316 16.051 0.008
2457235.48050 16.051 0.011
2457235.74958 16.061 0.009
2457249.60007 16.049 0.009
2457250.55980 16.038 0.011
2457252.60594 16.058 0.008
2457253.55747 16.050 0.008
2457255.50780 16.056 0.009
2457256.51205 16.063 0.009
2457257.57642 16.057 0.009
2457258.60147 16.042 0.011
2457261.55983 16.066 0.011
2457263.51577 16.067 0.008
2457263.67969 16.064 0.008
2457264.62707 16.053 0.008
2457265.59160 16.066 0.008
2457267.53818 16.048 0.009
2457268.53700 16.061 0.007
2457269.51928 16.054 0.008
2457270.47990 16.058 0.008
2457270.67374 16.059 0.008
2457271.63553 16.045 0.008
2457273.58178 16.049 0.009
2457275.59463 16.066 0.011
2457277.58144 16.065 0.011
2457278.56138 16.045 0.009
2457281.57133 16.050 0.009
2457284.61071 16.072 0.008
2457292.50876 16.050 0.011
2457293.49147 16.047 0.011
2457293.60696 16.050 0.008
2457294.60012 16.038 0.011
2457295.59560 16.056 0.009
2457299.51658 16.055 0.009
2457300.48968 16.040 0.011
2457307.55631 16.056 0.009
2457311.55245 16.051 0.009
2457313.52216 16.051 0.012
2457318.52767 16.052 0.009
2457324.49912 16.037 0.012
2457325.53007 16.046 0.009
2457332.50545 16.055 0.009
2457435.85553 16.067 0.009
2457436.87603 16.059 0.009
2457438.83169 16.058 0.009
2457439.85343 16.060 0.009
2457440.87732 16.061 0.008
2457442.81856 16.060 0.011
2457444.89484 16.042 0.008
2457446.81006 16.049 0.008
2457447.80819 16.043 0.008
2457448.80799 16.056 0.011
2457449.85875 16.044 0.012
2457451.86611 16.054 0.009
2457452.89413 16.050 0.007
2457453.89805 16.057 0.008
2457455.85010 16.051 0.011
2457456.85602 16.046 0.009
2457457.85236 16.052 0.008
2457458.84623 16.049 0.008
2457460.85767 16.061 0.008
2457461.84605 16.045 0.008
2457462.83294 16.049 0.008
2457463.87681 16.057 0.008
2457465.80204 16.041 0.008
2457466.85923 16.047 0.008
2457467.86557 16.061 0.011
2457470.82134 16.052 0.009
2457471.78604 16.056 0.009
2457471.91633 16.051 0.009
2457472.85651 16.051 0.008
2457474.84974 16.056 0.008
2457475.77914 16.071 0.011
2457475.88342 16.057 0.008
2457476.77601 16.060 0.009
2457484.84847 16.045 0.008
2457486.78242 16.049 0.008
2457487.89109 16.060 0.008
2457489.92419 16.057 0.009
2457492.75074 16.054 0.008
2457493.73828 16.057 0.008
2457494.72102 16.048 0.008
2457495.70499 16.055 0.009
2457495.92556 16.056 0.008
2457498.85692 16.055 0.008
2457499.81170 16.054 0.008
2457500.75274 16.055 0.009
2457507.77450 16.043 0.008
2457508.82323 16.050 0.007
2457509.92268 16.050 0.009
2457512.87507 16.057 0.007
2457522.92802 16.056 0.011
2457526.84070 16.061 0.008
2457529.89780 16.058 0.012
2457534.82767 16.053 0.008
2457536.82668 16.051 0.008
2457546.66018 16.058 0.009
2457547.60399 16.063 0.009
2457548.72252 16.050 0.007
2457549.86805 16.052 0.008
2457550.84663 16.054 0.009
2457555.58586 16.050 0.009
2457555.91688 16.057 0.009
2457557.89092 16.069 0.009
2457561.67950 16.064 0.009
2457566.53655 16.064 0.009
2457566.85737 16.060 0.012
2457567.80133 16.053 0.008
2457568.80007 16.066 0.009
2457569.81884 16.044 0.009
2457570.76943 16.043 0.008
2457573.68405 16.050 0.008
2457575.61497 16.055 0.009
2457575.76861 16.048 0.009
2457576.54719 16.047 0.008
2457576.72680 16.050 0.008
2457577.54796 16.044 0.009
2457579.72747 16.056 0.009
2457582.67488 16.049 0.009
2457584.55505 16.058 0.009
2457584.69758 16.058 0.009
2457589.50190 16.035 0.009
2457589.66336 16.047 0.009
2457589.81047 16.050 0.011
2457590.60241 16.058 0.008
2457590.76717 16.043 0.009
2457593.53591 16.058 0.008
2457593.69128 16.052 0.008
2457595.61084 16.057 0.009
2457599.48757 16.033 0.009
2457599.73661 16.053 0.008
2457600.58917 16.050 0.009
2457601.76937 16.063 0.009
2457602.59870 16.048 0.008
2457602.75761 16.035 0.009
2457603.59536 16.053 0.008
2457603.73548 16.057 0.008
2457604.56149 16.062 0.008
2457604.70286 16.055 0.008
2457605.54532 16.056 0.008
2457605.70679 16.053 0.008
2457606.73085 16.051 0.011
2457607.63126 16.050 0.009
2457608.50633 16.073 0.009
2457608.71224 16.056 0.008
2457609.58876 16.042 0.008
2457609.74458 16.052 0.008
2457610.62186 16.053 0.008
2457611.62168 16.046 0.009
2457612.55011 16.043 0.009
2457612.69112 16.053 0.008
2457616.56519 16.039 0.009
2457617.51442 16.055 0.009
2457617.67957 16.055 0.009
2457618.56908 16.022 0.012
2457618.72333 16.057 0.009
2457621.57053 16.052 0.008
2457622.51344 16.058 0.012
2457622.69810 16.049 0.008
2457623.61662 16.057 0.008
2457624.55053 16.062 0.008
2457625.51269 16.050 0.008
2457626.49848 16.057 0.008
2457630.48408 16.050 0.008
2457630.66823 16.040 0.008
2457631.64536 16.051 0.008
2457632.63074 16.050 0.008
2457634.51511 16.050 0.009
2457635.59764 16.046 0.011
2457636.63900 16.056 0.009
2457637.63106 16.050 0.009
2457639.51927 16.047 0.009
2457643.60765 16.042 0.011
2457645.48444 16.049 0.011
2457647.59542 16.044 0.009
2457649.48636 16.045 0.008
2457650.51794 16.043 0.008
2457650.57120 16.056 0.008
2457651.47950 16.052 0.009
2457651.57167 16.040 0.008
2457652.47968 16.051 0.008
2457652.55995 16.061 0.008
2457653.48039 16.052 0.008
2457653.56964 16.046 0.008
2457654.48528 16.044 0.009
2457655.53538 16.068 0.008
2457655.58629 16.033 0.009
2457656.55154 16.033 0.009
2457656.59500 16.050 0.009
2457657.58802 16.051 0.008
2457659.55332 16.045 0.009
2457660.52179 16.065 0.009
2457660.56544 16.056 0.009
2457661.52814 16.048 0.009
2457661.58083 16.046 0.009
2457662.53853 16.038 0.009
2457664.48280 16.038 0.011
2457664.55156 16.042 0.011
2457666.48336 16.071 0.011
2457666.56395 16.042 0.009
2457667.56272 16.056 0.008
2457671.54219 16.050 0.011
2457673.53153 16.060 0.009
2457675.54629 16.060 0.009
2457681.49626 16.051 0.011
2457683.51193 16.049 0.009
2457791.88602 16.060 0.011
2457792.88880 16.028 0.015
2457793.88024 16.061 0.011
2457794.88721 16.055 0.016
2457795.89125 16.050 0.011
2457797.89084 16.053 0.011
2457799.88529 16.048 0.009
2457801.87742 16.054 0.009
2457803.85794 16.064 0.009
2457807.84428 16.049 0.009
2457808.89504 16.046 0.009
2457809.90325 16.052 0.009
2457812.85736 16.052 0.008
2457814.82621 16.054 0.009
2457815.85312 16.049 0.012
2457816.84490 16.053 0.009
2457817.84148 16.058 0.008
2457818.82769 16.061 0.007
2457819.80756 16.063 0.009
2457819.90497 16.062 0.009
2457821.81569 16.047 0.011
2457822.81109 16.064 0.011
2457822.90044 16.061 0.008
2457823.88564 16.059 0.008
2457824.88174 16.052 0.009
2457825.87333 16.041 0.009
2457826.83221 16.050 0.011
2457827.80775 16.055 0.009
2457827.89688 16.054 0.008
2457828.86587 16.059 0.008
2457829.84787 16.053 0.009
2457830.85628 16.064 0.008
2457834.85204 16.065 0.009
2457835.79451 16.043 0.011
2457836.76435 16.064 0.011
2457836.88384 16.049 0.009
2457837.81747 16.053 0.008
2457838.75601 16.053 0.009
2457838.87371 16.056 0.008
2457839.82173 16.061 0.008
2457840.74603 16.058 0.009
2457840.86551 16.062 0.009
2457841.80533 16.045 0.011
2457841.91559 16.062 0.012
2457842.83021 16.064 0.009
2457843.75469 16.070 0.009
2457843.87224 16.064 0.008
2457844.78152 16.062 0.008
2457844.90049 16.051 0.009
2457845.81504 16.060 0.008
2457846.74618 16.048 0.013
2457846.85302 16.058 0.008
2457847.75613 16.056 0.009
2457847.87416 16.055 0.009
2457848.77004 16.054 0.009
2457848.88914 16.063 0.008
2457849.78353 16.061 0.008
2457849.90191 16.061 0.008
2457850.79580 16.029 0.012
2457850.91647 16.054 0.009
2457851.81351 16.058 0.009
2457852.74771 16.045 0.011
2457853.87319 16.051 0.011
2457853.88521 16.055 0.009
2457854.73605 16.058 0.009
2457854.78200 16.058 0.008
2457854.85519 16.064 0.013
2457855.76573 16.055 0.008
2457855.88874 16.063 0.008
2457856.77438 16.046 0.009
2457856.89945 16.052 0.011
2457858.82471 16.062 0.008
2457862.73553 16.049 0.009
2457862.84639 16.048 0.009
2457863.79321 16.040 0.009
2457864.74996 16.045 0.008
2457864.90230 16.063 0.008
2457865.75260 16.049 0.008
2457865.89143 16.051 0.008
2457866.74935 16.051 0.008
2457866.88202 16.052 0.008
2457867.75283 16.054 0.008
2457867.88416 16.057 0.008
2457868.81860 16.049 0.009
2457869.69868 16.049 0.008
2457869.81758 16.052 0.008
2457870.70469 16.052 0.008
2457870.83998 16.047 0.008
2457871.72576 16.055 0.008
2457871.85962 16.058 0.008
2457872.72561 16.047 0.008
2457872.87135 16.054 0.008
2457873.70529 16.059 0.008
2457873.81403 16.054 0.008
2457874.66526 16.048 0.009
2457874.79225 16.054 0.009
2457874.90563 16.059 0.009
2457875.87817 16.062 0.008
2457876.67652 16.044 0.009
2457876.79936 16.054 0.008
2457876.93427 16.048 0.009
2457877.75729 16.057 0.011
2457877.88568 16.048 0.008
2457878.79720 16.046 0.008
2457878.91998 16.046 0.008
2457879.74437 16.061 0.011
2457880.66566 16.044 0.011
2457880.77333 16.048 0.011
2457880.91566 16.050 0.011
2457881.85401 16.049 0.009
2457882.73028 16.045 0.009
2457882.86144 16.046 0.009
2457889.89290 16.042 0.012
2457890.75550 16.048 0.011
2457890.91274 16.040 0.012
2457893.72250 16.043 0.009
2457893.85243 16.054 0.008
2457894.60372 16.051 0.011
2457894.71542 16.037 0.008
2457894.83466 16.055 0.008
2457894.94259 16.062 0.012
2457897.63924 16.053 0.009
2457897.75407 16.054 0.008
2457900.93391 16.056 0.011
2457901.68616 16.041 0.008
2457901.83990 16.042 0.009
2457902.67481 16.049 0.008
2457902.80622 16.049 0.009
2457903.69376 16.039 0.011
2457903.85236 16.053 0.009
2457904.59326 16.051 0.011
2457904.70922 16.054 0.008
2457904.83220 16.044 0.008
2457904.94280 16.056 0.012
2457905.66917 16.048 0.008
2457905.79889 16.047 0.008
2457905.92566 16.054 0.009
2457906.61697 16.041 0.008
2457906.74582 16.048 0.008
2457906.85844 16.048 0.008
2457907.60807 16.041 0.009
2457907.73256 16.046 0.008
2457908.57838 16.052 0.011
2457908.68110 16.044 0.008
2457908.81142 16.048 0.008
2457908.92036 16.054 0.011
2457909.61126 16.044 0.009
2457909.73271 16.048 0.008
2457909.84139 16.056 0.008
2457909.93407 16.040 0.009
2457910.62856 16.054 0.009
2457910.76079 16.041 0.008
2457910.87812 16.036 0.008
2457911.59603 16.049 0.011
2457911.70394 16.038 0.009
2457916.55502 16.051 0.011
2457916.65314 16.044 0.009
2457916.75160 16.045 0.009
2457917.57692 16.050 0.009
2457917.68990 16.038 0.009
2457917.80339 16.039 0.009
2457917.91073 16.040 0.011
2457918.69840 16.066 0.011
2457922.67435 16.047 0.008
2457923.55841 16.040 0.009
2457923.68149 16.048 0.009
2457923.80351 16.044 0.009
2457924.58709 16.047 0.008
2457924.71314 16.055 0.008
2457924.82124 16.053 0.008
2457925.61083 16.052 0.009
2457925.74637 16.069 0.009
2457925.86216 16.052 0.009
2457926.63409 16.056 0.008
2457926.77803 16.038 0.009
2457928.62457 16.037 0.009
2457932.66487 16.033 0.011
2457932.78804 16.050 0.009
2457933.64570 16.039 0.009
2457933.77789 16.054 0.009
2457934.58010 16.033 0.008
2457934.81069 16.045 0.009
2457935.55032 16.050 0.008
2457935.68164 16.055 0.009
2457935.79188 16.053 0.008
2457935.87996 16.044 0.008
2457936.54287 16.044 0.008
2457936.66875 16.047 0.008
2457936.79963 16.052 0.008
2457937.48463 16.055 0.011
2457937.59548 16.037 0.009
2457937.71692 16.041 0.009
2457937.83694 16.044 0.009
2457938.62089 16.039 0.011
2457944.49538 16.038 0.009
2457944.53606 16.035 0.009
2457944.58754 16.040 0.009
2457944.62803 16.043 0.009
2457944.69816 16.047 0.009
2457944.74673 16.052 0.009
2457944.79862 16.044 0.009
2457944.83161 16.037 0.011
2457945.51690 16.049 0.011
2457945.62669 16.039 0.008
2457945.73897 16.041 0.008
2457945.84670 16.046 0.011
2457946.57054 16.046 0.009
2457946.69986 16.047 0.009
2457946.81218 16.038 0.009
2457947.55351 16.039 0.009
2457947.81555 16.048 0.011
2457948.56520 16.034 0.008
2457948.68979 16.042 0.008
2457948.82211 16.042 0.009
2457949.61218 16.049 0.009
2457949.73940 16.050 0.009
2457952.76758 16.042 0.009
2457953.52429 16.035 0.008
2457953.66671 16.041 0.009
2457953.78344 16.031 0.008
2457954.54147 16.050 0.011
2457954.68742 16.036 0.007
2457955.74205 16.035 0.008
2457956.53019 16.026 0.008
2457956.67148 15.981 0.008
2457956.78623 16.025 0.008
2457957.71121 16.026 0.009
2457958.61852 16.013 0.009
2457958.71933 16.032 0.009
2457959.48074 16.011 0.008
2457959.58139 16.011 0.011
2457959.69931 16.024 0.008
2457959.80310 16.000 0.009
2457960.56759 16.012 0.008
2457960.70535 16.014 0.008
2457960.80288 16.016 0.009
2457961.63773 16.008 0.008
2457961.77997 15.996 0.009
2457962.57797 16.007 0.007
2457964.53972 15.989 0.008
2457964.64439 15.982 0.008
2457965.63194 15.966 0.008
2457965.70844 15.965 0.008
2457966.58285 15.954 0.009
2457966.69755 15.947 0.009
2457967.62994 15.923 0.008
2457967.70526 15.945 0.011
2457971.48625 15.799 0.009
2457971.52899 15.808 0.009
2457971.58198 15.789 0.008
2457971.61749 15.794 0.008
2457971.66584 15.787 0.009
2457972.50087 15.743 0.011
2457972.59013 15.742 0.008
2457972.63365 15.737 0.008
2457972.69685 15.734 0.008
2457972.73736 15.732 0.009
2457973.60259 15.664 0.008
2457973.74121 15.658 0.009
2457974.58146 15.584 0.008
2457974.69727 15.560 0.007
2457975.64397 15.459 0.008
2457979.57744 14.741 0.005
2457980.49386 14.610 0.005
2457980.62729 14.606 0.005
2457981.56003 14.614 0.005
2457981.67970 14.640 0.005
2457982.58935 14.788 0.005
2457983.51634 14.978 0.005
2457983.62703 15.003 0.005
2457984.54148 15.192 0.007
2457984.65416 15.198 0.007
2457985.59023 15.342 0.007
2457986.56476 15.481 0.006
2457987.47841 15.575 0.007
2457987.61707 15.601 0.007
2457990.53676 15.803 0.008
2457990.65684 15.792 0.009
2457991.58912 15.838 0.008
2457992.51353 15.879 0.008
2457992.63167 15.880 0.008
2457993.56121 15.911 0.008
2457994.49335 15.933 0.009
2457994.60641 15.933 0.008
2457998.49646 15.991 0.008
2457998.54760 15.992 0.009
2458000.51991 16.011 0.011
2458000.56370 16.001 0.009
2458000.61999 16.002 0.009
2458001.52951 16.014 0.008
2458002.49938 16.017 0.012
2458003.48639 16.024 0.012
2458004.52214 16.028 0.009
2458005.55060 16.020 0.012
2458007.60860 16.038 0.009
2458010.52271 16.041 0.009
2458011.58769 16.035 0.009
2458012.58824 16.046 0.008
2458014.48314 16.048 0.009
2458015.48079 16.056 0.009
2458016.49827 16.032 0.009
2458017.52367 16.046 0.009
2458018.54944 16.042 0.008
2458020.49207 16.054 0.009
2458021.52353 16.033 0.009
2458026.49981 16.051 0.009
2458026.54155 16.055 0.009
2458029.54283 16.054 0.011
2458032.54954 16.041 0.011
2458035.53360 16.046 0.011
2458039.49703 16.044 0.009
2458040.54855 16.038 0.009
2458046.52533 16.031 0.012
2458053.52910 16.035 0.012
2458057.51036 16.035 0.011
