2455377.53555	17.795	0.033
2455377.77833	17.752	0.028999999999999998
2455378.68572	17.772000000000002	0.026000000000000002
2455379.49555	17.758	0.03
2455379.80889	17.732	0.03
2455380.50697	17.739	0.028999999999999998
2455380.701	17.733	0.024
2455381.5528599997	17.717	0.03
2455381.76664	17.752	0.040999999999999995
2455382.64128	17.719	0.032
2455383.69506	17.825	0.042
2455383.75328	17.755	0.035
2455386.54536	17.752	0.027000000000000003
2455386.62688	17.745	0.026000000000000002
2455386.7113	17.767	0.026000000000000002
2455387.5071400004	17.781	0.024
2455388.47095	17.746	0.040999999999999995
2455388.81084	17.779	0.03
2455389.7603599997	17.81	0.038
2455390.68664	17.799	0.033
2455391.54635	17.754	0.032
2455392.48358	17.748	0.032
2455392.8135	17.756	0.028999999999999998
2455393.79019	17.75	0.035
2455396.77285	17.747	0.028999999999999998
2455403.52165	17.738	0.026000000000000002
2455403.7175	17.721	0.028999999999999998
2455404.5855099997	17.794	0.035
2455404.7903299998	17.823	0.044000000000000004
2455405.79786	17.729	0.039
2455407.65467	17.816	0.039
2455408.5824	17.752	0.03
2455408.7747299997	17.719	0.042
2455409.77688	17.747	0.03
2455410.78124	17.706	0.03
2455412.5149	17.753	0.032
2455412.73709	17.719	0.032
2455414.4764099997	17.750999999999998	0.028999999999999998
2455416.63397	17.735	0.028999999999999998
2455418.7008	17.754	0.028999999999999998
2455421.71698	17.722	0.03
2455423.5298099997	17.739	0.023
2455426.54585	17.721	0.028999999999999998
2455430.61661	17.711	0.035
2455431.61405	17.753	0.033
2455432.6296200003	17.714000000000002	0.039
2455434.58206	17.735	0.032
2455435.55145	17.769000000000002	0.032
2455436.6511	17.761	0.028999999999999998
2455438.64321	17.734	0.027000000000000003
2455439.6478	17.730999999999998	0.035
2455443.66638	17.715	0.027000000000000003
2455445.48308	17.74	0.026000000000000002
2455446.5791	17.783	0.03
2455447.61272	17.748	0.027000000000000003
2455449.5195400002	17.756	0.03
2455450.60848	17.76	0.033
2455453.58388	17.772000000000002	0.032
2455458.4799	17.721	0.039
2455459.52592	17.719	0.03
2455460.54117	17.807000000000002	0.044000000000000004
2455461.56815	17.695	0.051
2455463.49102	17.724	0.03
2455464.4832900004	17.753	0.036000000000000004
2455465.56072	17.715	0.038
2455469.55528	17.747	0.027000000000000003
2455471.59056	17.708	0.027000000000000003
2455473.52069	17.737000000000002	0.035
2455478.5142099997	17.744	0.03
2455480.5627099997	17.717	0.036000000000000004
2455485.5632	17.718	0.040999999999999995
2455487.54814	17.738	0.038
2455489.55102	17.824	0.054000000000000006
2455494.5193	17.785999999999998	0.054000000000000006
2455497.54274	17.754	0.042
2455620.8791099996	17.742	0.036000000000000004
2455621.90142	17.746	0.036000000000000004
2455624.89257	17.742	0.024
2455626.86381	17.762999999999998	0.028999999999999998
2455628.8232299997	17.715	0.026000000000000002
2455629.84991	17.76	0.032
2455631.8792	17.772000000000002	0.026000000000000002
2455633.83317	17.729	0.026000000000000002
2455635.86604	17.735	0.03
2455637.9088	17.737000000000002	0.033
2455638.86686	17.791	0.028999999999999998
2455639.82039	17.718	0.03
2455639.89597	17.715	0.026000000000000002
2455640.81718	17.749000000000002	0.033
2455640.90517	17.747	0.027000000000000003
2455641.82548	17.724	0.027000000000000003
2455641.86366	17.75	0.027000000000000003
2455642.7854	17.717	0.03
2455642.90749	17.768	0.035
2455643.80943	17.729	0.03
2455643.91041	17.73	0.027000000000000003
2455644.81959	17.749000000000002	0.042
2455647.75398	17.724	0.03
2455647.79442	17.721	0.027000000000000003
2455647.83101	17.741	0.040999999999999995
2455647.86284	17.706	0.026000000000000002
2455647.91425	17.779	0.045
2455648.82619	17.775	0.027000000000000003
2455648.91372	17.779	0.032
2455649.8091700003	17.725	0.024
2455649.91191	17.723	0.026000000000000002
2455650.8215099997	17.744	0.023
2455650.91444	17.807000000000002	0.032
2455651.82263	17.781	0.026000000000000002
2455652.75966	17.729	0.024
2455652.86485	17.777	0.023
2455653.92019	17.759	0.027000000000000003
2455654.8412200003	17.722	0.026000000000000002
2455655.75532	17.759	0.028999999999999998
2455655.83163	17.705	0.023
2455656.7862400003	17.758	0.026000000000000002
2455656.87422	17.718	0.021
2455657.83117	17.727999999999998	0.023
2455657.92105	17.776	0.03
2455658.8440900003	17.762999999999998	0.024
2455658.92361	17.765	0.051
2455659.77637	17.772000000000002	0.027000000000000003
2455659.85892	17.737000000000002	0.027000000000000003
2455660.74572	17.727999999999998	0.028999999999999998
2455660.8319099997	17.764	0.026000000000000002
2455662.7408	17.727999999999998	0.03
2455662.84226	17.738	0.027000000000000003
2455662.92235	17.773	0.027000000000000003
2455664.78755	17.707	0.032
2455664.89024	17.7	0.027000000000000003
2455665.76741	17.782	0.040999999999999995
2455665.88509	17.74	0.023
2455667.7894	17.719	0.023
2455668.78034	17.802	0.033
2455669.79038	17.706	0.024
2455670.76488	17.748	0.028999999999999998
2455671.74633	17.769000000000002	0.032
2455675.83329	17.736	0.035
2455676.75233	17.753	0.02
2455677.7047	17.733	0.027000000000000003
2455677.89334	17.757	0.023
2455679.80609	17.761	0.027000000000000003
2455680.69856	17.771	0.033
2455680.8836	17.747	0.024
2455681.76697	17.713	0.023
2455682.67623	17.722	0.03
2455682.89768	17.676	0.024
2455683.8339400003	17.773	0.023
2455684.74535	17.783	0.023
2455685.65791	17.757	0.03
2455685.9179599998	17.758	0.027000000000000003
2455686.8358299998	17.777	0.027000000000000003
2455687.71702	17.727999999999998	0.026000000000000002
2455688.8851099997	17.737000000000002	0.026000000000000002
2455690.63216	17.811	0.027000000000000003
2455690.82276	17.765	0.028999999999999998
2455691.76105	17.729	0.026000000000000002
2455692.65277	17.727	0.033
2455692.83481	17.749000000000002	0.026000000000000002
2455693.66159	17.73	0.027000000000000003
2455693.85681	17.745	0.024
2455694.67282	17.721	0.026000000000000002
2455694.86483	17.76	0.027000000000000003
2455695.6963299997	17.767	0.032
2455695.90444	17.765	0.027000000000000003
2455696.7316	17.724	0.027000000000000003
2455696.90588	17.746	0.028999999999999998
2455697.73686	17.756	0.03
2455697.90161	17.767	0.03
2455698.73752	17.715	0.039
2455698.89623	17.776	0.044000000000000004
2455703.8687400003	17.689	0.040999999999999995
2455705.8886599997	17.730999999999998	0.035
2455706.84468	17.753	0.033
2455707.7119	17.802	0.026000000000000002
2455707.8706799997	17.74	0.03
2455708.69328	17.738	0.026000000000000002
2455708.88283	17.733	0.039
2455711.6978700003	17.667	0.02
2455712.77966	17.757	0.024
2455714.8585200002	17.75	0.028999999999999998
2455715.73347	17.761	0.023
2455715.9197299997	17.747	0.033
2455716.80238	17.771	0.028999999999999998
2455721.6521900003	17.762	0.028999999999999998
2455721.88506	17.768	0.036000000000000004
2455722.71484	17.745	0.026000000000000002
2455723.6099400003	17.706	0.027000000000000003
2455723.77747	17.761	0.027000000000000003
2455724.6255900003	17.75	0.038
2455724.6381	17.797	0.038
2455724.82841	17.698	0.033
2455725.7532900004	17.76	0.026000000000000002
2455726.65265	17.689	0.036000000000000004
2455734.5993	17.738	0.039
2455734.81249	17.773	0.035
2455735.75844	17.750999999999998	0.024
2455736.5114	17.743	0.039
2455736.67668	17.738	0.021
2455736.8982	17.762999999999998	0.033
2455737.51045	17.697	0.035
2455737.7000700003	17.739	0.02
2455737.86821	17.747	0.028999999999999998
2455738.72614	17.791	0.023
2455739.595	17.796	0.028999999999999998
2455739.7812200002	17.732	0.028999999999999998
2455740.5759099997	17.759	0.038
2455740.7795	17.79	0.026000000000000002
2455741.54949	17.73	0.026000000000000002
2455741.7322400003	17.769000000000002	0.024
2455741.8887099996	17.77	0.027000000000000003
2455742.66487	17.750999999999998	0.021
2455742.82142	17.753	0.024
2455743.70892	17.730999999999998	0.028999999999999998
2455743.86996	17.79	0.038
2455744.62867	17.764	0.027000000000000003
2455744.8545	17.704	0.028999999999999998
2455745.62871	17.704	0.03
2455745.80363	17.744	0.03
2455746.65183	17.765	0.028999999999999998
2455746.8437200002	17.733	0.036000000000000004
2455747.73616	17.734	0.032
2455749.51615	17.85	0.045
2455749.68189	17.745	0.032
2455752.5602599997	17.72	0.035
2455752.75064	17.659000000000002	0.026000000000000002
2455753.64608	17.723	0.03
2455759.84329	17.749000000000002	0.047
2455760.6443	17.748	0.03
2455760.81487	17.680999999999997	0.033
2455762.51488	17.747	0.028999999999999998
2455762.6729099997	17.756	0.027000000000000003
2455763.5492	17.743	0.023
2455763.73716	17.717	0.028999999999999998
2455764.5528700002	17.778	0.027000000000000003
2455764.73631	17.753	0.026000000000000002
2455765.61897	17.743	0.023
2455766.48442	17.747	0.03
2455766.66832	17.72	0.024
2455767.54714	17.744	0.032
2455767.75508	17.809	0.036000000000000004
2455768.60511	17.777	0.024
2455768.78207	17.745	0.026000000000000002
2455769.63799	17.698	0.02
2455770.72706	17.747	0.03
2455776.5765400003	17.757	0.035
2455777.49601	17.737000000000002	0.024
2455777.74761	17.750999999999998	0.027000000000000003
2455778.62566	17.820999999999998	0.036000000000000004
2455785.59387	17.773	0.038
2455786.52478	17.791	0.042
2455786.73078	17.719	0.040999999999999995
2455787.58037	17.719	0.027000000000000003
2455788.4755700002	17.785	0.042
2455788.6661099996	17.733	0.038
2455790.56321	17.793	0.039
2455790.72407	17.725	0.032
2455793.57114	17.727	0.027000000000000003
2455793.7351599997	17.748	0.036000000000000004
2455794.64629	17.765	0.028999999999999998
2455795.70003	17.726	0.03
2455796.62595	17.735	0.024
2455801.54795	17.783	0.032
2455802.52393	17.736	0.03
2455804.5320900003	17.734	0.026000000000000002
2455804.6926700003	17.727999999999998	0.033
2455805.6619599997	17.746	0.035
2455807.6104099997	17.805	0.039
2455812.59288	17.811	0.047
2455813.5781799997	17.736	0.026000000000000002
2455815.5462	17.741	0.026000000000000002
2455816.51746	17.744	0.026000000000000002
2455817.51866	17.76	0.027000000000000003
2455818.5095	17.777	0.032
2455819.49778	17.756	0.03
2455820.48636	17.762999999999998	0.039
2455820.64738	17.757	0.039
2455822.58642	17.837	0.032
2455823.5181400003	17.762999999999998	0.044000000000000004
2455823.60507	17.732	0.03
2455824.54205	17.750999999999998	0.027000000000000003
2455824.62256	17.757	0.032
2455825.56007	17.761	0.03
2455826.4829700002	17.794	0.039
2455826.57033	17.762	0.038
2455827.5093	17.785999999999998	0.045
2455827.58979	17.764	0.038
2455828.52255	17.784000000000002	0.027000000000000003
2455828.5980599998	17.753	0.03
2455829.53346	17.743	0.027000000000000003
2455829.60942	17.753	0.03
2455830.5465700002	17.783	0.027000000000000003
2455831.51863	17.762	0.026000000000000002
2455831.59356	17.711	0.03
2455832.53965	17.724	0.026000000000000002
2455833.48607	17.754	0.039
2455833.57729	17.738	0.03
2455834.5367799997	17.715999999999998	0.026000000000000002
2455835.5177700003	17.736	0.040999999999999995
2455836.52036	17.743	0.036000000000000004
2455836.58392	17.657	0.038
2455839.54128	17.664	0.047
2455840.48562	17.749000000000002	0.047
2455840.58709	17.695999999999998	0.033
2455841.5136700002	17.804000000000002	0.039
2455841.59627	17.813	0.044000000000000004
2455842.5598	17.723	0.036000000000000004
2455843.51723	17.71	0.03
2455843.59855	17.735	0.039
2455844.541	17.712	0.033
2455845.50189	17.739	0.038
2455845.58206	17.803	0.047
2455846.54377	17.767	0.044000000000000004
2455850.56776	17.765	0.028999999999999998
2455851.53093	17.744	0.032
2455852.56065	17.783	0.05
2455854.5517599997	17.74	0.044000000000000004
2455855.5400900003	17.804000000000002	0.042
2455856.54592	17.824	0.045
2455858.51303	17.797	0.048
2455859.5476599997	17.845	0.042
2455862.5276900004	17.762999999999998	0.036000000000000004
2455866.51998	17.771	0.063
2455867.52349	17.706	0.039
2455868.5245	17.759	0.051
2455869.51542	17.767	0.042
2455870.5210700002	17.808	0.039
2455972.87853	17.746	0.028999999999999998
2455977.8553400002	17.792	0.033
2455978.85405	17.771	0.03
2455979.84375	17.771	0.036000000000000004
2455980.86362	17.809	0.038
2455982.8682	17.755	0.026000000000000002
2455983.86142	17.750999999999998	0.023
2455984.8549599997	17.750999999999998	0.023
2455985.83883	17.817999999999998	0.035
2455986.8234	17.730999999999998	0.028999999999999998
2455986.90608	17.744	0.036000000000000004
2455987.8733200002	17.762999999999998	0.027000000000000003
2455988.8631599997	17.722	0.026000000000000002
2455989.8437799998	17.752	0.032
2455990.81355	17.753	0.03
2455990.89273	17.701	0.026000000000000002
2455991.86675	17.714000000000002	0.023
2455992.84337	17.743	0.027000000000000003
2455993.82538	17.754	0.036000000000000004
2455994.8067	17.695	0.033
2455994.8844	17.736	0.028999999999999998
2455995.8146900004	17.761	0.028999999999999998
2455995.897	17.715999999999998	0.026000000000000002
2455996.8390099998	17.775	0.03
2455997.79688	17.746	0.035
2455997.8812700002	17.713	0.026000000000000002
2455998.82223	17.729	0.028999999999999998
2455998.91155	17.723	0.033
2455999.85468	17.69	0.026000000000000002
2456003.82684	17.783	0.044000000000000004
2456004.7749099997	17.747	0.033
2456004.87131	17.711	0.027000000000000003
2456005.7899	17.739	0.026000000000000002
2456005.89681	17.752	0.02
2456006.82707	17.732	0.021
2456006.91569	17.743	0.026000000000000002
2456007.82845	17.778	0.026000000000000002
2456007.91433	17.767	0.026000000000000002
2456008.82225	17.727	0.024
2456008.90987	17.761	0.028999999999999998
2456009.8248799997	17.762999999999998	0.024
2456009.90931	17.727999999999998	0.026000000000000002
2456010.81658	17.758	0.024
2456010.90414	17.72	0.02
2456011.7966400003	17.727999999999998	0.027000000000000003
2456011.91029	17.729	0.03
2456012.81153	17.775	0.024
2456012.90773	17.724	0.018000000000000002
2456013.8054299997	17.725	0.024
2456013.9081900003	17.783	0.021
2456014.7817599997	17.734	0.024
2456014.8805400003	17.74	0.03
2456015.75971	17.729	0.023
2456016.73953	17.745	0.024
2456016.8199	17.747	0.024
2456017.72939	17.748	0.032
2456017.8058599997	17.738	0.021
2456017.90336	17.709	0.017
2456018.79465	17.726	0.026000000000000002
2456018.8763	17.759	0.02
2456019.77284	17.753	0.027000000000000003
2456019.86933	17.752	0.021
2456020.7277900004	17.723	0.032
2456020.8224400003	17.774	0.024
2456020.90089	17.772000000000002	0.028999999999999998
2456021.75101	17.71	0.032
2456021.82826	17.762999999999998	0.024
2456021.92703	17.748	0.038
2456022.7763900002	17.713	0.026000000000000002
2456022.87219	17.75	0.023
2456023.73215	17.779	0.032
2456023.81266	17.754	0.027000000000000003
2456023.9177900003	17.75	0.028999999999999998
2456024.7697099997	17.708	0.028999999999999998
2456024.8738700002	17.765	0.027000000000000003
2456025.75434	17.732	0.035
2456025.8473900002	17.758	0.036000000000000004
2456026.72787	17.765	0.077
2456031.86233	17.779	0.032
2456032.80867	17.734	0.026000000000000002
2456033.7275799997	17.778	0.032
2456033.92418	17.730999999999998	0.035
2456034.9153299998	17.782	0.026000000000000002
2456036.77268	17.729	0.023
2456037.75515	17.781	0.033
2456038.72346	17.766	0.03
2456038.92601	17.768	0.03
2456039.91065	17.736	0.026000000000000002
2456040.89727	17.784000000000002	0.026000000000000002
2456041.83691	17.699	0.027000000000000003
2456046.89469	17.768	0.027000000000000003
2456047.78607	17.748	0.023
2456048.72601	17.772000000000002	0.027000000000000003
2456048.91704	17.723	0.024
2456049.8478	17.741	0.023
2456050.7239	17.754	0.028999999999999998
2456050.91173	17.741	0.027000000000000003
2456052.73008	17.823	0.032
2456052.89714	17.721	0.023
2456053.7612400004	17.721	0.026000000000000002
2456054.86918	17.738	0.026000000000000002
2456058.78534	17.785	0.023
2456059.68522	17.77	0.032
2456059.8610400003	17.746	0.023
2456061.73922	17.764	0.024
2456061.9168599998	17.721	0.024
2456062.79882	17.767	0.027000000000000003
2456063.77805	17.737000000000002	0.038
2456064.66562	17.725	0.026000000000000002
2456064.88771	17.757	0.023
2456065.7133	17.722	0.023
2456066.65177	17.74	0.027000000000000003
2456066.83256	17.785999999999998	0.024
2456067.63607	17.741	0.021
2456067.81565	17.782	0.023
2456068.60753	17.772000000000002	0.032
2456068.61522	17.737000000000002	0.026000000000000002
2456068.63229	17.708	0.023
2456068.65815	17.737000000000002	0.024
2456068.6737599997	17.767	0.024
2456068.69848	17.765	0.024
2456068.7206	17.727999999999998	0.023
2456068.74266	17.76	0.023
2456068.7661	17.746	0.02
2456068.77732	17.745	0.02
2456068.80474	17.737000000000002	0.023
2456068.8185	17.775	0.023
2456068.83273	17.76	0.021
2456068.84702	17.753	0.021
2456068.86144	17.765	0.023
2456068.87596	17.733	0.023
2456068.89172	17.739	0.023
2456068.90601	17.729	0.024
2456068.9215	17.708	0.024
2456068.9401700003	17.746	0.032
2456069.61124	17.743	0.026000000000000002
2456069.69723	17.76	0.024
2456069.78663	17.749000000000002	0.02
2456069.86075	17.768	0.021
2456070.60275	17.812	0.038
2456070.67172	17.745	0.026000000000000002
2456070.76748	17.708	0.023
2456070.84851	17.79	0.026000000000000002
2456070.93533	17.727999999999998	0.027000000000000003
2456071.59387	17.743	0.028999999999999998
2456071.66018	17.768	0.026000000000000002
2456071.73316	17.755	0.023
2456071.82724	17.747	0.023
2456071.91243	17.881	0.044000000000000004
2456075.60194	17.723	0.024
2456075.71617	17.76	0.024
2456076.58966	17.727	0.027000000000000003
2456076.66899	17.734	0.024
2456076.7738099997	17.733	0.024
2456076.9456700003	17.662	0.05
2456077.70507	17.762	0.024
2456077.80498	17.746	0.023
2456077.8906799997	17.769000000000002	0.026000000000000002
2456078.68756	17.747	0.023
2456078.78254	17.779	0.023
2456078.874	17.759	0.026000000000000002
2456079.59251	17.772000000000002	0.026000000000000002
2456079.66468	17.753	0.023
2456079.76893	17.76	0.021
2456079.8681	17.749000000000002	0.02
2456080.63529	17.787	0.032
2456080.7145700003	17.714000000000002	0.023
2456080.80302	17.748	0.026000000000000002
2456080.89219	17.752	0.03
2456081.5929099997	17.736	0.036000000000000004
2456081.6498	17.727	0.03
2456081.75641	17.742	0.026000000000000002
2456081.84531	17.715999999999998	0.03
2456081.941	17.741	0.045
2456082.5990299997	17.748	0.053
2456082.67899	17.869	0.062
2456082.7858599997	17.762999999999998	0.042
2456082.85738	17.719	0.044000000000000004
2456085.58801	17.753	0.035
2456085.761	17.749000000000002	0.028999999999999998
2456085.9188200003	17.754	0.038
2456086.69392	17.746	0.023
2456086.8872	17.734	0.032
2456087.78424	17.747	0.024
2456088.63934	17.762	0.023
2456089.74312	17.768	0.023
2456092.59931	17.726	0.024
2456092.87674	17.808	0.039
2456093.66972	17.756	0.026000000000000002
2456093.87265	17.829	0.036000000000000004
2456094.73045	17.730999999999998	0.027000000000000003
2456094.9059099997	17.767	0.040999999999999995
2456096.75127	17.781	0.027000000000000003
2456096.90968	17.762999999999998	0.040999999999999995
2456097.8412599997	17.749000000000002	0.036000000000000004
2456098.6367599997	17.729	0.03
2456098.81747	17.758	0.027000000000000003
2456099.78204	17.680999999999997	0.032
2456100.67308	17.717	0.023
2456100.85075	17.697	0.036000000000000004
2456101.6151799997	17.702	0.024
2456101.79408	17.788	0.024
2456102.75453	17.745	0.023
2456103.5030900002	17.707	0.035
2456103.6828400004	17.734	0.023
2456104.50047	17.813	0.03
2456104.66819	17.735	0.02
2456104.83487	17.771	0.026000000000000002
2456105.58463	17.71	0.027000000000000003
2456105.77564	17.777	0.035
2456108.5830200003	17.761	0.03
2456108.7688	17.753	0.024
2456109.55707	17.682000000000002	0.057
2456109.69746	17.775	0.03
2456109.75781	17.73	0.039
2456109.83078	17.758	0.038
2456113.56666	17.769000000000002	0.042
2456113.7242400004	17.794	0.032
2456114.5751099996	17.719	0.038
2456114.7466599997	17.734	0.026000000000000002
2456115.51157	17.755	0.027000000000000003
2456115.6993	17.758	0.028999999999999998
2456116.5521	17.74	0.024
2456116.73252	17.742	0.023
2456117.5298099997	17.785999999999998	0.027000000000000003
2456117.7077200003	17.772000000000002	0.024
2456118.48451	17.686	0.026000000000000002
2456118.6661799997	17.75	0.021
2456118.82254	17.78	0.028999999999999998
2456119.60988	17.733	0.028999999999999998
2456119.7676	17.785	0.028999999999999998
2456120.65377	17.774	0.023
2456120.82197	17.74	0.026000000000000002
2456121.6231400003	17.782	0.018000000000000002
2456121.77506	17.742	0.021
2456123.66571	17.723	0.023
2456123.82117	17.812	0.027000000000000003
2456124.67201	17.785999999999998	0.024
2456124.83257	17.703	0.03
2456125.67337	17.748	0.024
2456126.4941	17.761	0.028999999999999998
2456126.70869	17.738	0.023
2456127.6222599996	17.798	0.028999999999999998
2456128.60113	17.799	0.026000000000000002
2456130.74296	17.82	0.033
2456131.67966	17.678	0.021
2456131.74914	17.695	0.028999999999999998
2456132.74385	17.753	0.027000000000000003
2456133.665	17.764	0.027000000000000003
2456134.56611	17.816	0.038
2456135.53486	17.748	0.032
2456135.75775	17.774	0.027000000000000003
2456136.70689	17.762999999999998	0.03
2456140.53443	17.762999999999998	0.045
2456140.71805	17.775	0.06
2456141.55988	17.791	0.032
2456141.73654	17.739	0.033
2456142.6490599997	17.794	0.044000000000000004
2456147.62162	17.739	0.028999999999999998
2456148.5603400003	17.741	0.021
2456149.58113	17.756	0.026000000000000002
2456150.60273	17.745	0.03
2456151.5970099997	17.74	0.027000000000000003
2456151.75319	17.688	0.028999999999999998
2456152.65609	17.724	0.023
2456154.61098	17.827	0.032
2456158.48947	17.773	0.026000000000000002
2456158.67165	17.74	0.027000000000000003
2456159.59288	17.787	0.028999999999999998
2456160.5925	17.76	0.024
2456161.4907400003	17.764	0.033
2456161.6941	17.807000000000002	0.035
2456164.68199	17.730999999999998	0.033
2456168.67564	17.738	0.027000000000000003
2456169.6502900003	17.775	0.032
2456171.61465	17.787	0.027000000000000003
2456172.57238	17.758	0.024
2456175.53448	17.72	0.027000000000000003
2456179.50163	17.721	0.033
2456180.4906900004	17.784000000000002	0.045
2456180.6628400004	17.840999999999998	0.045
2456181.62988	17.774	0.027000000000000003
2456182.6436799997	17.747	0.033
2456184.55992	17.774	0.024
2456185.6441599997	17.754	0.032
2456190.5054900004	17.78	0.032
2456191.5582	17.778	0.03
2456195.5210599997	17.781	0.027000000000000003
2456195.60036	17.743	0.027000000000000003
2456196.52016	17.738	0.032
2456196.5994599997	17.78	0.033
2456197.5218	17.715999999999998	0.03
2456197.6011900003	17.721	0.039
2456199.53232	17.747	0.038
2456200.6249	17.779	0.05
2456202.58147	17.764	0.054000000000000006
2456203.58292	17.815	0.038
2456204.5365400002	17.715	0.027000000000000003
2456204.6132799997	17.76	0.040999999999999995
2456205.5594	17.78	0.027000000000000003
2456209.56695	17.77	0.039
2456210.53031	17.783	0.027000000000000003
2456210.60311	17.776	0.033
2456211.56146	17.758	0.026000000000000002
2456211.59986	17.726	0.032
2456212.55743	17.747	0.028999999999999998
2456213.50947	17.741	0.035
2456213.57773	17.805	0.039
2456214.56383	17.743	0.032
2456216.56675	17.732	0.03
2456217.5129299997	17.756	0.024
2456218.49742	17.762	0.033
2456218.57406	17.84	0.042
2456219.5048700003	17.753	0.032
2456223.55033	17.698	0.036000000000000004
2456233.5211	17.737000000000002	0.040999999999999995
2456334.86223	17.785	0.032
2456335.8511900003	17.718	0.03
2456337.8917799997	17.703	0.03
2456338.87157	17.746	0.026000000000000002
2456340.84224	17.754	0.03
2456341.87977	17.737000000000002	0.028999999999999998
2456343.8446299997	17.729	0.036000000000000004
2456344.8475599997	17.761	0.024
2456345.86641	17.792	0.026000000000000002
2456347.86965	17.737000000000002	0.026000000000000002
2456348.86627	17.758	0.027000000000000003
2456349.8717	17.798	0.03
2456350.88492	17.748	0.026000000000000002
2456352.88259	17.747	0.023
2456353.8582099997	17.743	0.026000000000000002
2456354.87617	17.73	0.024
2456360.79666	17.764	0.026000000000000002
2456360.88165	17.775	0.021
2456361.85702	17.725	0.023
2456362.80508	17.765	0.028999999999999998
2456362.89384	17.75	0.024
2456363.86642	17.767	0.024
2456367.87011	17.752	0.018000000000000002
2456368.80685	17.75	0.023
2456368.8999799998	17.713	0.021
2456369.8287	17.782	0.023
2456370.78457	17.750999999999998	0.024
2456370.87509	17.768	0.024
2456371.79643	17.748	0.023
2456371.88598	17.749000000000002	0.02
2456372.78911	17.732	0.024
2456372.8779700003	17.787	0.021
2456373.80589	17.730999999999998	0.026000000000000002
2456373.89489	17.719	0.023
2456374.82167	17.733	0.023
2456374.9029099997	17.729	0.021
2456375.81862	17.737000000000002	0.023
2456375.8369	17.749000000000002	0.023
2456375.9177599996	17.79	0.024
2456376.83295	17.684	0.023
2456376.91468	17.734	0.023
2456377.8448400004	17.717	0.021
2456378.75226	17.754	0.032
2456378.84014	17.75	0.023
2456379.7498	17.805999999999997	0.033
2456379.83675	17.725	0.026000000000000002
2456379.92259	17.752	0.036000000000000004
2456380.84116	17.711	0.023
2456381.75467	17.781	0.028999999999999998
2456381.8484	17.736	0.021
2456382.75248	17.730999999999998	0.039
2456382.83266	17.712	0.026000000000000002
2456386.74811	17.776	0.035
2456386.84494	17.789	0.024
2456387.7466599997	17.767	0.023
2456387.82944	17.736	0.021
2456387.913	17.73	0.026000000000000002
2456388.74653	17.734	0.027000000000000003
2456388.85768	17.708	0.021
2456388.87374	17.768	0.024
2456389.73517	17.781	0.032
2456389.8286900003	17.7	0.023
2456389.91122	17.784000000000002	0.024
2456390.78621	17.73	0.023
2456391.7829299998	17.815	0.033
2456393.78085	17.762	0.026000000000000002
2456394.7352400003	17.755	0.032
2456395.70353	17.73	0.039
2456395.87684	17.767	0.02
2456396.8355	17.758	0.018000000000000002
2456397.77518	17.750999999999998	0.02
2456398.69283	17.753	0.024
2456398.87319	17.779	0.024
2456399.78632	17.741	0.021
2456400.69592	17.717	0.024
2456400.7086	17.735	0.024
2456400.72269	17.748	0.024
2456400.7389700003	17.750999999999998	0.026000000000000002
2456400.75175	17.738	0.024
2456400.76849	17.827	0.027000000000000003
2456400.78247	17.757	0.024
2456400.78714	17.753	0.023
2456400.7886200002	17.757	0.023
2456400.7916900003	17.74	0.023
2456400.79806	17.73	0.024
2456400.80353	17.725	0.023
2456400.80966	17.787	0.024
2456400.82394	17.732	0.023
2456400.84321	17.769000000000002	0.023
2456400.85266	17.745	0.023
2456400.86445	17.753	0.023
2456400.8779	17.756	0.024
2456400.8911200003	17.723	0.021
2456400.90553	17.735	0.023
2456400.92031	17.796	0.026000000000000002
2456401.71071	17.732	0.027000000000000003
2456401.8525799997	17.77	0.02
2456401.8890299997	17.724	0.021
2456402.8143	17.726	0.023
2456403.72351	17.77	0.023
2456403.90471	17.759	0.021
2456404.83232	17.765	0.023
2456405.81131	17.814	0.028999999999999998
2456405.82406	17.809	0.027000000000000003
2456406.85954	17.711	0.023
2456407.77779	17.748	0.026000000000000002
2456408.72955	17.698	0.062
2456409.82927	17.742	0.036000000000000004
2456415.79156	17.727999999999998	0.032
2456416.67771	17.792	0.033
2456416.89241	17.799	0.024
2456417.77955	17.757	0.024
2456418.65098	17.789	0.03
2456418.80161	17.789	0.023
2456419.69966	17.743	0.023
2456419.86636	17.75	0.026000000000000002
2456420.71749	17.792	0.023
2456420.90019	17.755	0.021
2456421.93349	17.851	0.042
2456422.93407	17.813	0.047
2456423.84282	17.746	0.024
2456424.6830700003	17.727999999999998	0.023
2456424.87785	17.735	0.021
2456426.77831	17.71	0.021
2456427.9306400004	17.875	0.027000000000000003
2456428.7741	17.745	0.024
2456431.77233	17.782	0.024
2456431.93786	17.757	0.038
2456432.79683	17.719	0.027000000000000003
2456433.6035	17.824	0.042
2456433.78393	17.739	0.028999999999999998
2456434.68584	17.825	0.032
2456434.86902	17.762999999999998	0.026000000000000002
2456435.71661	17.735	0.023
2456435.90555	17.762999999999998	0.023
2456436.70331	17.753	0.024
2456436.8925799998	17.767	0.026000000000000002
2456437.8291599997	17.787	0.040999999999999995
2456441.70034	17.727	0.028999999999999998
2456441.74094	17.742	0.033
2456441.9322	17.77	0.035
2456442.7156	17.727999999999998	0.02
2456442.8900599997	17.765	0.026000000000000002
2456443.65415	17.826	0.027000000000000003
2456443.8744200002	17.704	0.027000000000000003
2456444.72422	17.699	0.026000000000000002
2456444.91214	17.718	0.028999999999999998
2456445.7322299997	17.715	0.024
2456445.92943	17.659000000000002	0.028999999999999998
2456446.71282	17.774	0.02
2456446.91853	17.761	0.026000000000000002
2456447.67577	17.724	0.023
2456447.86234	17.739	0.023
2456448.625	17.723	0.024
2456448.8100400004	17.727999999999998	0.02
2456449.58407	17.775	0.024
2456449.77019	17.82	0.026000000000000002
2456449.93205	17.727	0.03
2456450.71049	17.766	0.018000000000000002
2456450.85348	17.766	0.024
2456450.88878	17.798	0.027000000000000003
2456450.9190599998	17.779	0.028999999999999998
2456451.55775	17.730999999999998	0.038
2456451.58709	17.726	0.028999999999999998
2456451.65067	17.753	0.026000000000000002
2456451.68342	17.734	0.024
2456451.7448400003	17.736	0.021
2456451.83612	17.737000000000002	0.026000000000000002
2456451.88254	17.730999999999998	0.026000000000000002
2456452.61461	17.754	0.02
2456452.8497900004	17.701	0.02
2456454.62437	17.727	0.026000000000000002
2456454.80923	17.733	0.026000000000000002
2456455.58157	17.764	0.026000000000000002
2456456.5905	17.729	0.018000000000000002
2456456.77679	17.808	0.023
2456457.74079	17.791	0.02
2456457.91405	17.746	0.03
2456458.70774	17.742	0.023
2456458.8860299997	17.772000000000002	0.027000000000000003
2456459.65246	17.739	0.021
2456459.8418900003	17.366	0.017
2456460.6968799997	17.718	0.023
2456461.5987	17.752	0.026000000000000002
2456461.80689	17.76	0.023
2456462.66785	17.756	0.023
2456463.53974	17.721	0.039
2456463.7297099996	17.754	0.026000000000000002
2456463.89538	17.725	0.028999999999999998
2456464.7281299997	17.758	0.03
2456468.5332299997	17.75	0.038
2456468.72863	17.71	0.028999999999999998
2456469.59749	17.762	0.027000000000000003
2456469.78455	17.724	0.028999999999999998
2456471.8059400003	17.817	0.044000000000000004
2456472.77701	17.749000000000002	0.024
2456473.5526	17.745	0.03
2456473.73814	17.746	0.023
2456474.4972	17.784000000000002	0.040999999999999995
2456474.66924	17.757	0.026000000000000002
2456474.85317	17.756	0.033
2456475.6520599998	17.75	0.021
2456475.83092	17.816	0.044000000000000004
2456476.5969	17.787	0.028999999999999998
2456476.78525	17.8	0.024
2456477.5904900003	17.796	0.026000000000000002
2456477.77833	17.718	0.03
2456478.6387	17.730999999999998	0.026000000000000002
2456479.70584	17.742	0.03
2456480.60403	17.76	0.032
2456480.7877599997	17.743	0.026000000000000002
2456481.5994599997	17.755	0.026000000000000002
2456481.61411	17.729	0.024
2456482.77512	17.730999999999998	0.033
2456484.51035	17.75	0.032
2456485.5770799997	17.736	0.021
2456485.80995	17.743	0.028999999999999998
2456486.54415	17.757	0.024
2456486.7573599997	17.745	0.023
2456487.54384	17.715999999999998	0.024
2456487.74709	17.750999999999998	0.021
2456490.62346	17.767	0.026000000000000002
2456491.47166	17.721	0.032
2456491.6916400003	17.766	0.026000000000000002
2456492.50368	17.730999999999998	0.033
2456492.7042	17.750999999999998	0.032
2456496.5294	17.805	0.038
2456497.61428	17.706	0.033
2456497.79593	17.735	0.032
2456498.63744	17.729	0.021
2456499.47131	17.734	0.027000000000000003
2456500.57127	17.756	0.036000000000000004
2456501.6071099997	17.715999999999998	0.026000000000000002
2456501.78132	17.714000000000002	0.036000000000000004
2456505.51419	17.787	0.03
2456505.7218400002	17.673	0.027000000000000003
2456506.65081	17.785	0.032
2456507.71066	17.717	0.036000000000000004
2456508.61953	17.750999999999998	0.02
2456509.52468	17.75	0.023
2456509.71014	17.776	0.024
2456510.60084	17.724	0.021
2456511.52347	17.768	0.027000000000000003
2456511.75919	17.827	0.032
2456514.66038	17.78	0.021
2456515.61256	17.762	0.023
2456516.60443	17.757	0.023
2456519.56999	17.753	0.024
2456523.50577	17.757	0.027000000000000003
2456523.65982	17.752	0.032
2456524.60404	17.753	0.026000000000000002
2456525.60966	17.828	0.042
2456527.60541	17.755	0.040999999999999995
2456529.67399	17.743	0.040999999999999995
2456529.6772	17.857	0.045
2456529.68051	17.774	0.038
2456531.66335	17.801	0.027000000000000003
2456532.65964	17.743	0.024
2456534.52465	17.742	0.026000000000000002
2456535.60925	17.548	0.026000000000000002
2456538.55492	17.766	0.024
2456539.607	17.791	0.023
2456541.60659	17.748	0.021
2456543.65759	17.715999999999998	0.027000000000000003
2456545.55851	17.771	0.023
2456546.59611	17.697	0.028999999999999998
2456552.55639	17.784000000000002	0.038
2456556.61944	17.797	0.039
2456559.49566	17.694000000000003	0.033
2456560.5586	17.736	0.03
2456562.51774	17.750999999999998	0.027000000000000003
2456563.5621700003	17.719	0.028999999999999998
2456564.49274	17.735	0.036000000000000004
2456564.5860900003	17.791	0.033
2456565.5539	17.719	0.026000000000000002
2456567.5393	17.778	0.038
2456568.5365299997	17.721	0.033
2456569.48685	17.782	0.03
2456569.57935	17.784000000000002	0.026000000000000002
2456570.55723	17.727	0.03
2456571.5652900003	17.762999999999998	0.033
2456572.5248	17.737000000000002	0.036000000000000004
2456573.50339	17.745	0.028999999999999998
2456573.59077	17.744	0.028999999999999998
2456577.55541	17.874000000000002	0.066
2456578.5407	17.814	0.039
2456579.50936	17.758	0.032
2456580.53026	17.829	0.053
2456581.5651700003	17.805	0.039
2456582.57961	17.735	0.035
2456583.56819	17.796	0.053
2456584.57002	17.704	0.054000000000000006
2456585.5666	17.869	0.045
2456590.53842	17.701	0.039
2456590.5638200003	17.745	0.047
2456593.52917	17.691	0.040999999999999995
2456697.89213	17.761	0.033
2456702.87655	17.761	0.028999999999999998
2456704.8821400004	17.724	0.026000000000000002
2456707.84902	17.752	0.038
2456708.86777	17.69	0.026000000000000002
2456709.89367	17.74	0.028999999999999998
2456715.82391	17.707	0.023
2456716.81795	17.715999999999998	0.021
2456717.8165700003	17.750999999999998	0.036000000000000004
2456718.8327599997	17.68	0.036000000000000004
2456719.83035	17.74	0.027000000000000003
2456720.80627	17.719	0.032
2456720.89985	17.742	0.023
2456721.88003	17.79	0.023
2456722.8769900003	17.773	0.026000000000000002
2456723.85351	17.752	0.024
2456724.83385	17.762999999999998	0.035
2456725.80826	17.801	0.03
2456725.90361	17.739	0.026000000000000002
2456726.87182	17.788	0.027000000000000003
2456727.84058	17.744	0.018000000000000002
2456728.808	17.739	0.023
2456728.90367	17.742	0.023
2456729.8631	17.705	0.021
2456730.81409	17.76	0.038
2456731.8629400004	17.749000000000002	0.035
2456732.8221400003	17.729	0.036000000000000004
2456732.9125099997	17.734	0.028999999999999998
2456733.85458	17.747	0.024
2456734.885	17.769000000000002	0.023
2456735.83285	17.736	0.027000000000000003
2456736.7642200002	17.74	0.035
2456736.8676	17.817	0.032
2456737.81903	17.788	0.024
2456737.89701	17.694000000000003	0.021
2456742.81257	17.738	0.02
2456742.9004599997	17.749000000000002	0.02
2456744.82131	17.74	0.024
2456744.91054	17.730999999999998	0.02
2456746.8116099997	17.758	0.023
2456747.83126	17.777	0.023
2456747.92503	17.695999999999998	0.042
2456749.7859400003	17.727999999999998	0.024
2456750.79607	17.730999999999998	0.027000000000000003
2456751.82665	17.762	0.02
2456752.8001900003	17.694000000000003	0.021
2456754.79022	17.722	0.03
2456755.80918	17.713	0.026000000000000002
2456756.76265	17.717	0.02
2456757.72511	17.755	0.033
2456757.9114099997	17.735	0.02
2456759.73142	17.735	0.023
2456759.8859099997	17.744	0.018000000000000002
2456760.83628	17.750999999999998	0.02
2456761.77455	17.781	0.027000000000000003
2456762.7201099996	17.665	0.026000000000000002
2456763.69316	17.759	0.026000000000000002
2456763.87434	17.798	0.026000000000000002
2456764.80469	17.711	0.024
2456765.7303400002	17.750999999999998	0.028999999999999998
2456765.90792	17.722	0.026000000000000002
2456768.88139	17.776	0.023
2456769.7833	17.739	0.024
2456770.67729	17.761	0.024
2456770.84486	17.724	0.023
2456771.79713	17.730999999999998	0.02
2456772.7052599997	17.738	0.021
2456772.90185	17.717	0.02
2456773.81966	17.771	0.027000000000000003
2456774.73119	17.687	0.027000000000000003
2456775.69517	17.755	0.023
2456775.90006	17.736	0.021
2456776.81457	17.742	0.021
2456777.79624	17.757	0.021
2456784.70905	17.735	0.026000000000000002
2456784.89235	17.712	0.026000000000000002
2456785.68579	17.741	0.023
2456785.88441	17.749000000000002	0.026000000000000002
2456786.69392	17.747	0.024
2456786.90969	17.722	0.027000000000000003
2456789.6664	17.771	0.035
2456789.83109	17.788	0.028999999999999998
2456790.69696	17.762999999999998	0.03
2456790.8684099996	17.742	0.035
2456791.7080599996	17.714000000000002	0.036000000000000004
2456791.88009	17.715999999999998	0.03
2456792.7017900003	17.722	0.032
2456792.85832	17.73	0.032
2456796.65162	17.739	0.028999999999999998
2456796.8253599997	17.718	0.028999999999999998
2456797.69042	17.738	0.035
2456797.8590599997	17.692	0.028999999999999998
2456798.85083	17.759	0.044000000000000004
2456803.63941	17.68	0.026000000000000002
2456803.80761	17.734	0.023
2456804.59186	17.723	0.026000000000000002
2456804.75287	17.738	0.026000000000000002
2456804.9226599997	17.768	0.033
2456805.74371	17.747	0.028999999999999998
2456805.9169099997	17.743	0.042
2456807.70076	17.74	0.03
2456807.8719599997	17.781	0.036000000000000004
2456808.66213	17.813	0.028999999999999998
2456808.8511200002	17.742	0.027000000000000003
2456809.6326599997	17.735	0.024
2456809.84421	17.715999999999998	0.028999999999999998
2456810.6337099997	17.759	0.027000000000000003
2456810.82138	17.706	0.026000000000000002
2456811.60011	17.744	0.035
2456811.79543	17.721	0.028999999999999998
2456813.65953	17.73	0.032
2456813.85597	17.75	0.028999999999999998
2456814.67635	17.727999999999998	0.023
2456814.87447	17.757	0.032
2456815.66139	17.75	0.033
2456815.87618	17.734	0.028999999999999998
2456816.71472	17.74	0.035
2456817.57523	17.74	0.036000000000000004
2456817.75171	17.753	0.027000000000000003
2456817.92551	17.768	0.038
2456819.58187	17.774	0.036000000000000004
2456819.7337599997	17.759	0.033
2456823.74059	17.7	0.028999999999999998
2456823.90268	17.692	0.036000000000000004
2456824.70075	17.788	0.03
2456824.88776	17.67	0.040999999999999995
2456825.66866	17.769000000000002	0.026000000000000002
2456825.85587	17.785999999999998	0.038
2456826.61974	17.76	0.03
2456826.80615	17.726	0.028999999999999998
2456827.6064	17.75	0.024
2456827.8158400003	17.764	0.028999999999999998
2456828.5770400004	17.768	0.026000000000000002
2456828.7873	17.719	0.026000000000000002
2456829.5321	17.736	0.038
2456829.71834	17.758	0.028999999999999998
2456829.87697	17.733	0.035
2456830.69531	17.758	0.02
2456830.86825	17.736	0.027000000000000003
2456831.7757599996	17.732	0.026000000000000002
2456832.57525	17.704	0.028999999999999998
2456832.76364	17.736	0.028999999999999998
2456833.59124	17.768	0.03
2456833.78116	17.778	0.03
2456834.55868	17.772000000000002	0.033
2456834.74173	17.757	0.027000000000000003
2456835.5652900003	17.771	0.036000000000000004
2456835.7494099997	17.768	0.027000000000000003
2456836.53398	17.759	0.039
2456836.7223799997	17.711	0.03
2456837.5101	17.753	0.028999999999999998
2456837.69123	17.733	0.026000000000000002
2456837.84766	17.74	0.033
2456838.6259	17.74	0.028999999999999998
2456838.80893	17.741	0.033
2456839.59376	17.789	0.03
2456839.78063	17.714000000000002	0.03
2456840.59395	17.77	0.032
2456840.78504	17.732	0.03
2456841.6759599997	17.74	0.026000000000000002
2456841.83293	17.701	0.033
2456842.64878	17.764	0.028999999999999998
2456842.8247	17.753	0.040999999999999995
2456844.6088900003	17.754	0.024
2456844.79755	17.755	0.027000000000000003
2456845.5397900003	17.739	0.026000000000000002
2456845.7194	17.738	0.024
2456847.4984	17.718	0.032
2456847.6382	17.784000000000002	0.027000000000000003
2456847.77905	17.730999999999998	0.03
2456851.5208	17.678	0.033
2456851.69517	17.762999999999998	0.03
2456852.51166	17.718	0.039
2456852.71238	17.754	0.040999999999999995
2456855.48699	17.74	0.03
2456855.67671	17.721	0.026000000000000002
2456856.47266	17.718	0.033
2456856.65799	17.759	0.023
2456857.47202	17.73	0.026000000000000002
2456857.6584	17.752	0.023
2456858.4866299997	17.756	0.024
2456858.67199	17.737000000000002	0.023
2456859.60759	17.691	0.03
2456862.56267	17.733	0.038
2456862.75038	17.777	0.032
2456863.61851	17.755	0.023
2456863.78441	17.7	0.033
2456864.64637	17.76	0.027000000000000003
2456865.59761	17.742	0.028999999999999998
2456866.80055	17.779	0.038
2456870.54587	17.761	0.033
2456871.53907	17.756	0.026000000000000002
2456872.6332	17.732	0.026000000000000002
2456873.60296	17.689	0.028999999999999998
2456879.52085	17.769000000000002	0.042
2456879.74475	17.776	0.054000000000000006
2456880.69202	17.809	0.047
2456881.62813	17.815	0.033
2456882.56666	17.733	0.032
2456882.73698	17.741	0.040999999999999995
2456884.70888	17.729	0.032
2456885.63839	17.787	0.027000000000000003
2456886.56316	17.752	0.03
2456886.72613	17.707	0.036000000000000004
2456887.65964	17.7	0.024
2456888.5898700003	17.718	0.024
2456889.54515	17.750999999999998	0.028999999999999998
2456889.71286	17.736	0.032
2456890.6552	17.768	0.028999999999999998
2456891.59622	17.735	0.027000000000000003
2456895.5556799998	17.743	0.026000000000000002
2456896.5014299997	17.727999999999998	0.027000000000000003
2456898.5161200003	17.721	0.03
2456907.54531	17.714000000000002	0.026000000000000002
2456908.5271400004	17.745	0.036000000000000004
2456909.5604	17.773	0.040999999999999995
2456912.5862	17.757	0.032
2456915.5939	17.762999999999998	0.036000000000000004
2456918.59285	17.754	0.036000000000000004
2456921.63038	17.754	0.032
2456922.62562	17.820999999999998	0.039
2456924.51553	17.762999999999998	0.040999999999999995
2456925.5557	17.736	0.035
2456926.57988	17.738	0.033
2456928.49607	17.82	0.044000000000000004
2456929.56478	17.738	0.036000000000000004
2456930.6072	17.791	0.040999999999999995
2456936.55102	17.748	0.044000000000000004
2456937.54809	17.78	0.039
2456938.54753	17.715999999999998	0.044000000000000004
2456940.50732	17.715	0.036000000000000004
2456941.52569	17.725	0.044000000000000004
2456942.56537	17.802	0.044000000000000004
2456944.50991	17.732	0.033
2456947.51927	17.714000000000002	0.038
2456950.5586200003	17.79	0.05
2456952.5408900003	17.811	0.045
2456955.514	17.691	0.033
2457063.89075	17.779	0.040999999999999995
2457066.85967	17.789	0.048
2457069.8828	17.782	0.028999999999999998
2457070.89572	17.758	0.035
2457072.8399799997	17.706	0.03
2457074.8687	17.704	0.032
2457075.84483	17.691	0.03
2457076.84606	17.743	0.027000000000000003
2457077.8440099997	17.76	0.039
2457078.83624	17.727	0.03
2457079.8887400003	17.762	0.042
2457080.85721	17.741	0.03
2457082.82555	17.72	0.027000000000000003
2457082.90121	17.754	0.033
2457083.88387	17.721	0.027000000000000003
2457084.86415	17.750999999999998	0.028999999999999998
2457085.82966	17.746	0.03
2457086.81768	17.758	0.032
2457086.90451	17.767	0.028999999999999998
2457087.8722099997	17.805999999999997	0.03
2457088.84312	17.71	0.027000000000000003
2457089.80618	17.76	0.033
2457089.89769	17.704	0.032
2457090.8643	17.727999999999998	0.028999999999999998
2457091.81765	17.729	0.028999999999999998
2457091.90772	17.802	0.035
2457092.8522	17.736	0.024
2457093.85159	17.74	0.026000000000000002
2457097.83076	17.752	0.023
2457098.79604	17.717	0.024
2457098.87845	17.735	0.023
2457099.82021	17.744	0.026000000000000002
2457100.78386	17.783	0.032
2457100.86008	17.73	0.024
2457101.82982	17.756	0.036000000000000004
2457102.8179200003	17.745	0.035
2457108.7922900002	17.769000000000002	0.035
2457109.76465	17.698	0.026000000000000002
2457109.83446	17.726	0.024
2457110.75654	17.76	0.023
2457110.85538	17.742	0.026000000000000002
2457111.77613	17.764	0.026000000000000002
2457111.88634	17.765	0.026000000000000002
2457112.7837099996	17.829	0.036000000000000004
2457112.89434	17.762999999999998	0.023
2457113.82637	17.704	0.023
2457114.82493	17.72	0.023
2457115.77849	17.726	0.026000000000000002
2457116.75323	17.767	0.040999999999999995
2457117.73228	17.762	0.035
2457117.9197299997	17.732	0.027000000000000003
2457118.77733	17.743	0.028999999999999998
2457119.7888599997	17.748	0.032
2457120.73535	17.711	0.027000000000000003
2457120.87908	17.718	0.026000000000000002
2457125.83033	17.747	0.023
2457126.78224	17.741	0.026000000000000002
2457129.73628	17.753	0.027000000000000003
2457129.91833	17.743	0.027000000000000003
2457130.854	17.748	0.026000000000000002
2457131.7623099997	17.774	0.024
2457132.69802	17.753	0.035
2457133.82336	17.779	0.027000000000000003
2457134.71082	17.743	0.027000000000000003
2457134.89685	17.781	0.024
2457135.8010299997	17.749000000000002	0.021
2457136.7195	17.73	0.027000000000000003
2457136.90226	17.745	0.027000000000000003
2457137.78792	17.729	0.02
2457138.6863700002	17.733	0.03
2457138.87	17.742	0.023
2457139.78186	17.721	0.026000000000000002
2457140.68706	17.717	0.028999999999999998
2457140.86392	17.71	0.024
2457141.74737	17.732	0.021
2457141.93414	17.73	0.038
2457142.80266	17.761	0.024
2457143.69664	17.752	0.027000000000000003
2457143.87045	17.747	0.024
2457144.74991	17.615	0.044000000000000004
2457145.78233	17.715	0.026000000000000002
2457146.64097	17.691	0.039
2457146.7776	17.745	0.027000000000000003
2457146.9194799997	17.744	0.027000000000000003
2457147.76052	17.719	0.03
2457147.84773	17.732	0.028999999999999998
2457147.876	17.768	0.028999999999999998
2457147.90422	17.697	0.027000000000000003
2457147.92899	17.747	0.036000000000000004
2457148.70517	17.793	0.033
2457148.7878099997	17.759	0.035
2457148.8627	17.698	0.036000000000000004
2457150.82262	17.694000000000003	0.03
2457151.8171900003	17.756	0.033
2457152.90836	17.767	0.033
2457153.74562	17.74	0.023
2457153.91113	17.727999999999998	0.026000000000000002
2457154.79071	17.753	0.024
2457155.6518200003	17.750999999999998	0.03
2457155.8412099998	17.721	0.026000000000000002
2457156.66209	17.724	0.023
2457157.64642	17.702	0.023
2457157.88749	17.735	0.028999999999999998
2457158.7406099997	17.691	0.024
2457158.92471	17.723	0.027000000000000003
2457159.74144	17.764	0.028999999999999998
2457159.92616	17.721	0.026000000000000002
2457160.7741900003	17.724	0.024
2457161.61146	17.721	0.026000000000000002
2457161.8136299998	17.734	0.023
2457162.63242	17.71	0.028999999999999998
2457162.81677	17.801	0.028999999999999998
2457163.64161	17.746	0.033
2457163.82482	17.75	0.028999999999999998
2457164.72791	17.758	0.028999999999999998
2457164.91114	17.769000000000002	0.03
2457166.7530900002	17.741	0.027000000000000003
2457166.9192	17.729	0.028999999999999998
2457169.66298	17.723	0.023
2457169.85823	17.727999999999998	0.023
2457170.65023	17.718	0.024
2457170.84043	17.711	0.024
2457172.6526099998	17.732	0.032
2457172.83919	17.713	0.027000000000000003
2457173.6279	17.797	0.035
2457173.8254	17.764	0.027000000000000003
2457174.59419	17.711	0.039
2457174.7652	17.765	0.028999999999999998
2457174.92942	17.727	0.036000000000000004
2457175.71067	17.733	0.032
2457175.93009	17.768	0.042
2457178.82029	17.77	0.033
2457179.59213	17.754	0.035
2457179.75694	17.749000000000002	0.032
2457179.92365	17.759	0.035
2457180.70426	17.738	0.027000000000000003
2457180.88012	17.746	0.028999999999999998
2457181.64155	17.761	0.026000000000000002
2457181.8331299997	17.713	0.028999999999999998
2457182.60132	17.737000000000002	0.027000000000000003
2457182.79358	17.688	0.024
2457183.5493099997	17.665	0.032
2457183.7379099997	17.727999999999998	0.03
2457183.9049400003	17.75	0.03
2457184.71673	17.775	0.033
2457184.8944	17.748	0.028999999999999998
2457185.6798799997	17.77	0.032
2457185.85376	17.692999999999998	0.035
2457186.8162700003	17.742	0.03
2457187.5967200003	17.765	0.028999999999999998
2457187.7808	17.741	0.027000000000000003
2457188.56164	17.77	0.033
2457188.7541400003	17.727999999999998	0.027000000000000003
2457189.60091	17.699	0.026000000000000002
2457189.78818	17.749000000000002	0.023
2457190.57473	17.72	0.026000000000000002
2457190.7742	17.564	0.024
2457191.60959	17.750999999999998	0.03
2457191.87201	17.749000000000002	0.035
2457193.59516	17.715999999999998	0.021
2457193.82235	17.746	0.026000000000000002
2457194.58646	17.715999999999998	0.024
2457194.7771099997	17.757	0.026000000000000002
2457195.61348	17.768	0.02
2457197.6187400003	17.746	0.026000000000000002
2457197.80262	17.727	0.026000000000000002
2457198.5973400003	17.727	0.028999999999999998
2457198.78362	17.727	0.027000000000000003
2457199.5598299997	17.838	0.028999999999999998
2457199.74218	17.714000000000002	0.023
2457200.49772	17.730999999999998	0.032
2457200.67444	17.749000000000002	0.021
2457200.84515	17.687	0.023
2457202.8376	17.829	0.055999999999999994
2457206.63606	17.756	0.035
2457206.8094900004	17.715999999999998	0.036000000000000004
2457207.61712	17.762	0.03
2457207.7817700002	17.736	0.038
2457209.7135400004	17.762	0.028999999999999998
2457211.4920799998	17.741	0.035
2457211.66427	17.712	0.023
2457211.83387	17.748	0.036000000000000004
2457214.61505	17.783	0.027000000000000003
2457217.5701099997	17.750999999999998	0.032
2457217.83262	17.749000000000002	0.03
2457219.6907099998	17.715	0.023
2457220.4735	17.737000000000002	0.038
2457220.5726099997	17.7	0.023
2457220.75763	17.709	0.023
2457221.56049	17.732	0.027000000000000003
2457221.7428099997	17.729	0.027000000000000003
2457222.52972	17.727	0.032
2457222.74135	17.718	0.028999999999999998
2457223.57748	17.77	0.03
2457223.76517	17.817	0.035
2457224.62977	17.76	0.03
2457225.46987	17.676	0.027000000000000003
2457226.48745	17.77	0.033
2457226.67277	17.736	0.023
2457226.81917	17.746	0.028999999999999998
2457227.62765	17.697	0.023
2457227.79838	17.762999999999998	0.039
2457228.64198	17.709	0.024
2457229.48662	17.726	0.027000000000000003
2457229.6511	17.765	0.026000000000000002
2457229.80406	17.764	0.03
2457235.67078	17.733	0.032
2457249.50971	17.727	0.033
2457249.67801	17.723	0.032
2457252.50532	17.805	0.038
2457252.71645	17.74	0.032
2457253.6542599997	17.724	0.027000000000000003
2457255.62257	17.74	0.028999999999999998
2457256.6253299997	17.705	0.03
2457257.68458	17.695999999999998	0.027000000000000003
2457258.59471	17.768	0.039
2457258.69256	17.702	0.036000000000000004
2457261.65129	17.729	0.044000000000000004
2457263.60624	17.71	0.026000000000000002
2457264.55317	17.735	0.03
2457265.51555	17.77	0.026000000000000002
2457265.70461	17.803	0.032
2457267.64035	17.725	0.027000000000000003
2457268.65374	17.703	0.021
2457269.6412400003	17.727999999999998	0.026000000000000002
2457270.58024	17.735	0.024
2457271.5361099998	17.722	0.032
2457272.56155	17.753	0.035
2457273.68012	17.714000000000002	0.032
2457277.4822299997	17.742	0.035
2457277.6702900003	17.735	0.040999999999999995
2457278.6602	17.724	0.035
2457284.5195400002	17.738	0.027000000000000003
2457292.48892	17.744	0.055999999999999994
2457292.60842	17.726	0.054000000000000006
2457293.59278	17.732	0.028999999999999998
2457294.58582	17.729	0.045
2457295.56824	17.735	0.03
2457297.56485	17.708	0.045
2457299.57778	17.767	0.036000000000000004
2457307.5389900003	17.692999999999998	0.033
2457311.5367	17.715	0.032
2457313.51025	17.767	0.045
2457318.51187	17.665	0.032
2457322.53637	17.762999999999998	0.053
2457325.51579	17.72	0.036000000000000004
2457331.51634	17.666	0.042
2457429.8754	17.291	0.026000000000000002
2457430.87115	17.304000000000002	0.018000000000000002
2457431.8597	17.285999999999998	0.018000000000000002
2457432.86367	17.31	0.02
2457433.88295	17.298	0.021
2457435.89455	17.314	0.035
2457437.85012	17.307000000000002	0.02
2457438.86687	17.32	0.021
2457439.89321	17.382	0.027000000000000003
2457441.84497	17.320999999999998	0.023
2457442.86171	17.357	0.023
2457443.87349	17.357	0.024
2457444.8511900003	17.36	0.024
2457445.84165	17.375999999999998	0.021
2457446.85004	17.37	0.018000000000000002
2457447.85974	17.456	0.021
2457448.8675700002	17.386	0.024
2457449.8334	17.368	0.033
2457449.89703	17.4	0.021
2457452.8305099998	17.402	0.018000000000000002
2457453.82755	17.385	0.015
2457454.90455	17.42	0.023
2457456.81218	17.428	0.026000000000000002
2457457.78944	17.423	0.026000000000000002
2457458.79826	17.417	0.03
2457460.78445	17.45	0.028999999999999998
2457461.7847700003	17.444000000000003	0.02
2457462.7878099997	17.480999999999998	0.023
2457462.9065099997	17.497	0.021
2457464.84237	17.484	0.02
2457465.8686599997	17.504	0.024
2457467.80272	17.509	0.024
2457470.7578	17.519000000000002	0.033
2457470.8879400003	17.522000000000002	0.024
2457471.83138	17.5	0.026000000000000002
2457472.78207	17.522000000000002	0.026000000000000002
2457472.9149599997	17.527	0.026000000000000002
2457474.78748	17.52	0.026000000000000002
2457474.8892099997	17.570999999999998	0.023
2457475.81849	17.619	0.036000000000000004
2457476.7985900003	17.512	0.024
2457480.80848	17.541	0.035
2457484.72598	17.567999999999998	0.033
2457484.83101	17.588	0.027000000000000003
2457485.74606	17.561	0.028999999999999998
2457485.85073	17.566	0.026000000000000002
2457486.75248	17.636	0.033
2457486.85105	17.577	0.027000000000000003
2457487.74347	17.576	0.024
2457487.86021	17.59	0.027000000000000003
2457488.74653	17.561	0.023
2457488.86936	17.566	0.02
2457489.78595	17.541	0.023
2457489.8445	17.572	0.021
2457491.75864	17.597	0.035
2457491.87773	17.595	0.018000000000000002
2457492.74701	17.584	0.023
2457492.86555	17.572	0.018000000000000002
2457493.7349099996	17.648	0.027000000000000003
2457493.8533799998	17.589000000000002	0.018000000000000002
2457494.71614	17.593	0.023
2457494.83853	17.623	0.021
2457495.68735	17.574	0.026000000000000002
2457495.7957099997	17.595	0.027000000000000003
2457495.90799	17.622	0.027000000000000003
2457497.9327	17.581	0.039
2457498.814	17.629	0.028999999999999998
2457499.67994	17.613	0.035
2457499.77925	17.582	0.024
2457499.88078	17.623	0.024
2457500.72115	17.61	0.028999999999999998
2457500.82028	17.624000000000002	0.027000000000000003
2457500.92272	17.634	0.03
2457507.82937	17.636	0.021
2457508.6559	17.619	0.023
2457508.77897	17.641	0.02
2457508.8804	17.645	0.023
2457509.7729	17.605	0.026000000000000002
2457509.8755099997	17.663	0.024
2457511.7269099997	17.604	0.02
2457511.84755	17.642	0.02
2457512.7966	17.642	0.02
2457512.91786	17.65	0.021
2457518.7402	17.692999999999998	0.03
2457522.8536400003	17.695999999999998	0.03
2457523.85201	17.678	0.024
2457526.61512	17.711	0.036000000000000004
2457526.72512	17.635	0.027000000000000003
2457526.86565	17.692999999999998	0.03
2457528.8482	17.648	0.03
2457529.75513	17.7	0.040999999999999995
2457530.70038	17.7	0.033
2457530.83954	17.698	0.032
2457534.69949	17.735	0.027000000000000003
2457534.81017	17.712	0.024
2457534.9163900004	17.61	0.03
2457536.70013	17.676	0.03
2457536.80944	17.656	0.024
2457545.6468700003	17.660999999999998	0.024
2457545.85275	17.689	0.026000000000000002
2457546.62054	17.698	0.036000000000000004
2457546.77735	17.667	0.028999999999999998
2457546.87634	17.717	0.03
2457546.94362	17.669	0.038
2457547.62912	17.665	0.03
2457547.77124	17.704	0.026000000000000002
2457547.86998	17.745	0.03
2457548.737	17.679000000000002	0.02
2457549.62658	17.680999999999997	0.021
2457549.76274	18.108	0.032
2457549.8804599997	17.695999999999998	0.026000000000000002
2457550.63469	17.660999999999998	0.03
2457550.7746099997	17.69	0.023
2457550.87338	17.74	0.035
2457552.88406	17.695	0.033
2457554.66426	17.673	0.026000000000000002
2457555.56675	17.669	0.032
2457555.6748599997	17.68	0.024
2457555.78088	17.679000000000002	0.026000000000000002
2457555.90125	17.721	0.03
2457557.61297	17.718	0.032
2457557.73024	17.727	0.032
2457557.87373	17.732	0.038
2457561.63117	17.697	0.027000000000000003
2457561.74362	17.72	0.028999999999999998
2457561.84161	17.774	0.036000000000000004
2457562.60853	17.692999999999998	0.036000000000000004
2457566.57719	17.714000000000002	0.03
2457566.69682	17.707	0.026000000000000002
2457566.7979200003	17.678	0.027000000000000003
2457567.5057900003	17.715999999999998	0.036000000000000004
2457567.61499	17.722	0.027000000000000003
2457567.72689	17.692	0.024
2457567.8263	17.692999999999998	0.03
2457568.59926	17.680999999999997	0.027000000000000003
2457568.7226299997	17.719	0.033
2457568.8481799997	17.773	0.045
2457569.617	17.724	0.024
2457569.74278	17.687	0.026000000000000002
2457570.69716	17.715999999999998	0.026000000000000002
2457573.59498	17.709	0.03
2457575.51157	17.735	0.035
2457575.5255400003	17.730999999999998	0.03
2457575.70478	17.705	0.023
2457575.84399	17.705	0.028999999999999998
2457576.66261	17.715	0.023
2457576.8037400004	17.706	0.028999999999999998
2457579.63235	17.707	0.027000000000000003
2457581.77875	17.736	0.027000000000000003
2457583.77236	17.669	0.028999999999999998
2457584.63296	17.756	0.033
2457584.78647	17.717	0.032
2457589.58641	17.722	0.036000000000000004
2457589.74764	17.68	0.038
2457590.53819	17.669	0.027000000000000003
2457590.68592	17.717	0.027000000000000003
2457591.5605200003	17.730999999999998	0.054000000000000006
2457593.62885	17.711	0.027000000000000003
2457593.76755	17.715999999999998	0.026000000000000002
2457596.54202	17.748	0.021
2457599.62651	17.784000000000002	0.032
2457600.48397	17.729	0.036000000000000004
2457600.78255	17.756	0.040999999999999995
2457602.5340400003	17.709	0.03
2457602.6932599996	17.737000000000002	0.027000000000000003
2457603.51359	17.736	0.027000000000000003
2457603.6710900003	17.743	0.023
2457604.49951	17.662	0.028999999999999998
2457604.63989	17.715999999999998	0.023
2457605.47829	17.704	0.027000000000000003
2457605.6442400003	17.74	0.026000000000000002
2457605.78024	17.722	0.032
2457607.55437	17.732	0.028999999999999998
2457607.71874	17.761	0.028999999999999998
2457608.63804	17.717	0.024
2457609.49317	17.734	0.028999999999999998
2457609.68075	17.721	0.027000000000000003
2457610.52188	17.715	0.032
2457610.71018	17.782	0.028999999999999998
2457612.48478	17.794	0.039
2457612.6286299997	17.742	0.027000000000000003
2457616.4868	17.713	0.039
2457616.66041	17.727999999999998	0.038
2457617.60684	17.777	0.042
2457618.49357	17.727999999999998	0.038
2457618.6567599997	17.712	0.035
2457621.47715	17.79	0.035
2457621.67052	17.704	0.036000000000000004
2457622.61724	17.706	0.026000000000000002
2457623.52321	17.717	0.024
2457623.70439	17.699	0.032
2457624.655	17.73	0.027000000000000003
2457625.6277900003	17.727999999999998	0.027000000000000003
2457626.62077	17.76	0.028999999999999998
2457630.5949	17.730999999999998	0.026000000000000002
2457631.57217	17.704	0.023
2457632.55702	17.74	0.028999999999999998
2457633.59936	17.741	0.038
2457635.50739	17.745	0.036000000000000004
2457636.5671	17.692	0.033
2457637.55794	17.726	0.026000000000000002
2457638.56098	17.73	0.032
2457639.62231	17.72	0.026000000000000002
2457644.54369	17.769000000000002	0.040999999999999995
2457647.5214299997	17.750999999999998	0.045
2457648.5611400004	17.773	0.039
2457649.58643	17.739	0.027000000000000003
2457650.5151	17.766	0.026000000000000002
2457650.60565	17.695999999999998	0.035
2457651.5304900003	17.718	0.028999999999999998
2457652.51768	17.685	0.026000000000000002
2457652.52617	17.745	0.027000000000000003
2457653.51708	17.739	0.024
2457653.57457	17.73	0.026000000000000002
2457654.5331599996	17.72	0.035
2457655.52509	17.71	0.028999999999999998
2457655.57665	17.764	0.03
2457656.52449	17.746	0.033
2457657.5314599997	17.762999999999998	0.033
2457657.5706599997	17.762999999999998	0.032
2457659.5504099997	17.735	0.035
2457660.51888	17.732	0.033
2457660.52526	17.743	0.035
2457661.52036	17.756	0.036000000000000004
2457661.57145	17.769000000000002	0.038
2457662.52112	17.83	0.040999999999999995
2457664.51915	17.768	0.039
2457664.5270599998	17.793	0.042
2457665.54183	17.714000000000002	0.038
2457666.5214299997	17.732	0.036000000000000004
2457667.5507099996	17.712	0.033
2457671.50771	17.76	0.040999999999999995
2457671.53275	17.769000000000002	0.036000000000000004
2457672.50925	17.825	0.047
2457673.52952	17.712	0.042
2457675.51615	17.767	0.053
2457675.53837	17.746	0.040999999999999995
2457682.51139	17.769000000000002	0.036000000000000004
2457683.51043	17.708	0.036000000000000004
2457684.51343	17.745	0.048
2457792.87546	17.76	0.038
2457793.8829799998	17.745	0.03
2457794.88997	17.775	0.044000000000000004
2457797.87608	17.743	0.035
2457799.8707	17.709	0.035
2457801.8607099997	17.689	0.036000000000000004
2457803.84068	17.738	0.044000000000000004
2457803.89858	17.659000000000002	0.047
2457808.87879	17.741	0.026000000000000002
2457809.87358	17.795	0.032
2457810.86853	17.754	0.028999999999999998
2457811.8876	17.748	0.03
2457813.81789	17.745	0.032
2457814.8903200002	17.747	0.024
2457816.81616	17.769000000000002	0.036000000000000004
2457817.81257	17.736	0.027000000000000003
2457817.9030299997	17.717	0.03
2457818.88914	17.737000000000002	0.023
2457819.87563	17.724	0.024
2457820.8783400003	17.714000000000002	0.024
2457821.87599	17.754	0.03
2457822.87176	17.756	0.03
2457823.85705	17.778	0.028999999999999998
2457824.85312	17.767	0.036000000000000004
2457825.84483	17.727	0.03
2457826.80314	17.730999999999998	0.033
2457826.89305	17.73	0.032
2457827.87983	17.750999999999998	0.027000000000000003
2457828.8492	17.735	0.027000000000000003
2457829.8313	17.733	0.035
2457830.8426099997	17.737000000000002	0.028999999999999998
2457834.78966	17.747	0.042
2457834.89922	17.799	0.033
2457835.86632	17.754	0.038
2457836.81894	17.741	0.03
2457837.75544	17.73	0.03
2457837.8636	17.771	0.032
2457838.8017599997	17.695999999999998	0.027000000000000003
2457839.74659	17.692999999999998	0.023
2457839.87054	17.738	0.024
2457840.79332	17.742	0.027000000000000003
2457840.9136799998	17.723	0.024
2457841.85128	17.714000000000002	0.035
2457842.76812	17.750999999999998	0.035
2457842.87652	17.762	0.028999999999999998
2457843.8004400004	17.776	0.028999999999999998
2457843.9161900003	17.76	0.026000000000000002
2457844.83658	17.738	0.035
2457845.74405	17.771	0.036000000000000004
2457845.8614	17.735	0.026000000000000002
2457846.79149	17.718	0.028999999999999998
2457846.89722	17.762999999999998	0.027000000000000003
2457847.8021400003	17.75	0.028999999999999998
2457847.92308	17.741	0.036000000000000004
2457848.81564	17.752	0.024
2457849.72173	17.783	0.039
2457849.82892	17.759	0.024
2457850.73369	17.732	0.036000000000000004
2457850.84267	17.754	0.024
2457851.75128	17.704	0.032
2457851.8599400003	17.712	0.026000000000000002
2457852.85713	17.753	0.038
2457853.91594	17.723	0.038
2457854.7862400003	17.778	0.027000000000000003
2457854.90377	17.737000000000002	0.024
2457855.81258	17.746	0.027000000000000003
2457856.7108400003	17.75	0.045
2457856.82329	17.729	0.038
2457857.85649	17.812	0.047
2457857.913	17.762999999999998	0.039
2457858.77623	17.753	0.032
2457858.92403	17.76	0.03
2457862.78233	17.69	0.028999999999999998
2457862.90672	17.743	0.027000000000000003
2457863.86283	17.756	0.024
2457864.83321	17.758	0.023
2457865.69144	17.737000000000002	0.024
2457865.80926	17.72	0.021
2457866.68688	17.683	0.024
2457866.80483	17.729	0.023
2457866.92899	17.742	0.027000000000000003
2457867.8084299997	17.725	0.02
2457867.93074	17.8	0.035
2457868.8815900004	17.778	0.042
2457869.7461200003	17.741	0.024
2457869.87705	17.737000000000002	0.021
2457870.75767	17.749000000000002	0.021
2457870.88847	17.73	0.023
2457871.77156	17.727	0.023
2457871.9130700002	17.748	0.024
2457872.77172	17.733	0.02
2457872.92062	17.767	0.026000000000000002
2457873.75102	17.755	0.023
2457873.88565	17.727999999999998	0.023
2457874.7110200003	17.748	0.032
2457874.84166	17.757	0.032
2457875.76427	17.755	0.026000000000000002
2457875.91422	17.736	0.027000000000000003
2457876.72313	17.749000000000002	0.027000000000000003
2457876.86136	17.746	0.024
2457877.68518	17.732	0.026000000000000002
2457877.81532	17.704	0.021
2457878.7148599997	17.758	0.023
2457878.85735	17.745	0.023
2457879.68249	17.748	0.032
2457879.79021	17.743	0.042
2457880.71141	17.719	0.036000000000000004
2457880.83319	17.762999999999998	0.033
2457881.78785	17.757	0.036000000000000004
2457881.90668	17.674	0.036000000000000004
2457882.78691	17.732	0.032
2457882.9169799997	17.743	0.028999999999999998
2457889.94	17.688	0.059000000000000004
2457890.83978	17.713	0.028999999999999998
2457893.66076	17.730999999999998	0.033
2457893.77831	17.759	0.03
2457893.89922	17.744	0.027000000000000003
2457894.64455	17.725	0.03
2457894.77117	17.730999999999998	0.028999999999999998
2457894.88112	17.729	0.026000000000000002
2457895.64319	17.715	0.024
2457897.6854	17.767	0.027000000000000003
2457900.91862	17.739	0.036000000000000004
2457901.62018	17.769000000000002	0.038
2457901.7806	17.813	0.028999999999999998
2457902.61165	17.747	0.035
2457902.73073	17.737000000000002	0.024
2457902.9048099997	17.762	0.039
2457903.78045	17.714000000000002	0.033
2457903.8985900003	17.741	0.03
2457904.64048	17.732	0.028999999999999998
2457904.76853	17.749000000000002	0.023
2457904.87824	17.782	0.03
2457905.60641	17.713	0.026000000000000002
2457905.7244	17.755	0.024
2457905.84619	17.729	0.026000000000000002
2457905.94458	17.727	0.044000000000000004
2457906.6647900003	17.766	0.024
2457906.79598	17.759	0.024
2457906.90505	17.772000000000002	0.032
2457907.6696200003	17.767	0.03
2457907.7688	17.785	0.027000000000000003
2457908.61915	17.781	0.035
2457908.7367700003	17.756	0.024
2457908.85781	17.795	0.027000000000000003
2457908.94253	17.764	0.047
2457909.66058	17.736	0.026000000000000002
2457909.78095	17.77	0.028999999999999998
2457909.8857299997	17.733	0.027000000000000003
2457910.5675	17.78	0.040999999999999995
2457910.6849599998	17.732	0.027000000000000003
2457910.80744	17.762	0.027000000000000003
2457910.93138	17.761	0.033
2457911.64252	17.753	0.033
2457911.8119900003	17.773	0.040999999999999995
2457917.6266900003	17.774	0.038
2457917.74054	17.777	0.027000000000000003
2457917.84911	17.795	0.036000000000000004
2457918.59932	17.769000000000002	0.035
2457918.60232	17.748	0.032
2457922.60349	17.729	0.032
2457922.73255	17.767	0.03
2457923.60316	17.717	0.03
2457923.7400700003	17.753	0.036000000000000004
2457923.84889	17.755	0.035
2457924.52562	17.726	0.03
2457924.63287	17.767	0.026000000000000002
2457924.76007	17.788	0.027000000000000003
2457924.86775	17.771	0.027000000000000003
2457925.65711	17.734	0.023
2457925.79454	17.739	0.03
2457926.56251	17.82	0.033
2457926.71011	17.756	0.03
2457926.83453	17.772000000000002	0.038
2457928.6751200003	17.738	0.026000000000000002
2457932.71364	17.727999999999998	0.035
2457932.83369	17.725	0.032
2457933.58376	17.753	0.032
2457933.69545	17.732	0.028999999999999998
2457933.81407	17.756	0.038
2457934.51918	17.68	0.026000000000000002
2457934.62596	17.733	0.026000000000000002
2457934.74953	17.753	0.024
2457934.85153	17.753	0.038
2457935.60743	17.733	0.024
2457935.7297099996	17.799	0.026000000000000002
2457935.86086	17.722	0.024
2457935.88964	17.775	0.028999999999999998
2457936.59061	17.732	0.024
2457936.72645	17.733	0.027000000000000003
2457936.8459099997	17.799	0.038
2457937.5317	17.712	0.032
2457937.64283	17.745	0.026000000000000002
2457937.77475	17.733	0.032
2457938.55516	17.812	0.039
2457944.4674	17.714000000000002	0.040999999999999995
2457944.51003	17.66	0.036000000000000004
2457944.56163	17.715	0.036000000000000004
2457944.60213	17.737000000000002	0.03
2457944.662	17.705	0.033
2457944.7127099996	17.745	0.03
2457944.77149	17.739	0.032
2457944.81321	17.817999999999998	0.055999999999999994
2457945.47549	17.748	0.038
2457945.5632599997	17.722	0.028999999999999998
2457945.67557	17.758	0.024
2457945.7858700003	17.723	0.03
2457946.49752	17.732	0.026000000000000002
2457946.61845	17.773	0.03
2457946.7480900004	17.78	0.035
2457946.8483	17.744	0.042
2457947.6022	17.73	0.027000000000000003
2457947.76222	17.730999999999998	0.033
2457948.49211	17.713	0.032
2457948.62307	17.717	0.028999999999999998
2457948.7604799997	17.74	0.027000000000000003
2457949.5565299997	17.781	0.045
2457949.67262	17.805	0.036000000000000004
2457952.69247	17.788	0.03
2457952.81396	17.791	0.032
2457953.59399	17.709	0.023
2457953.7167700003	17.753	0.024
2457954.47175	17.737000000000002	0.028999999999999998
2457954.60325	17.759	0.023
2457954.7522299998	17.77	0.024
2457955.78766	17.775	0.03
2457956.58604	17.761	0.024
2457956.7193	17.704	0.024
2457957.64502	17.767	0.03
2457957.79086	17.778	0.036000000000000004
2457958.6569	17.711	0.03
2457958.76933	17.762999999999998	0.033
2457959.51688	17.742	0.026000000000000002
2457959.63374	17.756	0.024
2457959.75062	17.749000000000002	0.028999999999999998
2457960.5032	17.745	0.027000000000000003
2457960.63964	17.743	0.026000000000000002
2457960.75997	17.773	0.028999999999999998
2457961.58775	17.750999999999998	0.023
2457961.6815	17.774	0.027000000000000003
2457962.51105	17.735	0.027000000000000003
2457962.7858599997	17.736	0.036000000000000004
2457964.5768	17.769000000000002	0.026000000000000002
2457964.69745	17.755	0.027000000000000003
2457965.6679599998	17.742	0.028999999999999998
2457966.54197	17.75	0.042
2457966.63388	17.766	0.03
2457967.57523	17.717	0.032
2457967.66224	17.775	0.038
2457967.7403599997	17.768	0.044000000000000004
2457971.50324	17.736	0.040999999999999995
2457971.59373	17.755	0.036000000000000004
2457971.64185	17.767	0.033
2457971.68111	17.725	0.05
2457971.73299	17.709	0.036000000000000004
2457972.51537	17.712	0.047
2457972.5632700003	17.752	0.045
2457972.60459	17.762999999999998	0.039
2457972.66587	17.791	0.040999999999999995
2457972.71133	17.695	0.038
2457972.75325	17.723	0.051
2457973.6507200003	17.737000000000002	0.033
2457974.51584	17.714000000000002	0.028999999999999998
2457974.63157	17.746	0.03
2457974.7435	17.729	0.042
2457979.5022299998	17.783	0.026000000000000002
2457979.63026	17.758	0.024
2457980.56501	17.783	0.035
2457980.67539	17.729	0.033
2457981.61785	17.76	0.028999999999999998
2457982.5170299998	17.738	0.03
2457982.63804	17.798	0.033
2457983.56594	17.752	0.028999999999999998
2457983.67644	17.757	0.026000000000000002
2457984.59222	17.752	0.028999999999999998
2457985.52189	17.719	0.035
2457985.6387099996	17.701	0.040999999999999995
2457986.61589	17.737000000000002	0.024
2457987.54423	17.73	0.026000000000000002
2457987.6638599997	17.708	0.026000000000000002
2457990.59655	17.792	0.03
2457991.51491	17.739	0.028999999999999998
2457991.6452200003	17.754	0.033
2457992.5614	17.726	0.026000000000000002
2457993.49682	17.745	0.028999999999999998
2457993.6085200002	17.741	0.028999999999999998
2457994.54243	17.707	0.03
2457994.65361	17.692	0.035
2457998.5219799997	17.764	0.032
2458000.49406	17.735	0.033
2458000.5373400003	17.771	0.039
2458000.59001	17.750999999999998	0.040999999999999995
2458000.6343900003	17.750999999999998	0.039
2458001.57652	17.749000000000002	0.033
2458002.54708	17.754	0.05
2458003.59175	17.753	0.044000000000000004
2458004.5793	17.761	0.039
2458007.5321400003	17.723	0.028999999999999998
2458008.56163	17.714000000000002	0.03
2458010.5831400002	17.765	0.039
2458012.52594	17.736	0.026000000000000002
2458013.5303	17.789	0.028999999999999998
2458014.53955	17.775	0.028999999999999998
2458015.53786	17.717	0.035
2458016.54564	17.744	0.035
2458017.56999	17.699	0.028999999999999998
2458019.50348	17.734	0.027000000000000003
2458020.54832	17.758	0.032
2458026.51425	17.758	0.047
2458028.4975400004	17.765	0.048
2458030.50426	17.715	0.032
2458039.55285	17.842	0.055999999999999994
2458046.49955	17.726	0.040999999999999995
2458053.51852	17.769000000000002	0.05
2458055.51837	17.774	0.038
