2455377.70629	18.35	0.04
2455378.5551400003	18.374000000000002	0.04
2455378.84246	18.424	0.055
2455379.7473400002	18.375	0.04
2455380.57405	18.326	0.037000000000000005
2455380.82933	18.48	0.078
2455381.70451	18.409000000000002	0.053
2455382.5680299997	18.421	0.071
2455382.77483	18.314	0.059000000000000004
2455385.57075	18.410999999999998	0.034
2455386.5038400004	18.384	0.042
2455386.58592	18.322	0.033
2455386.67019	18.375999999999998	0.036000000000000004
2455386.8001200003	18.359	0.039
2455387.78387	18.334	0.037000000000000005
2455388.7172	18.4	0.04
2455389.5872400003	18.375	0.036000000000000004
2455390.5693599996	18.34	0.046
2455390.82626	18.381	0.046
2455391.81222	18.413	0.052000000000000005
2455392.7077200003	18.410999999999998	0.043
2455393.72063	18.404	0.057999999999999996
2455396.61735	18.384	0.046
2455397.6800700002	18.374000000000002	0.049
2455402.6850099997	18.430999999999997	0.102
2455403.65256	18.404	0.049
2455404.52367	18.358	0.043
2455404.72093	18.381	0.057999999999999996
2455405.7365599996	18.354	0.046
2455407.5902299997	18.33	0.047
2455408.5060799997	18.319000000000003	0.053
2455408.7132	18.405	0.05
2455409.66986	18.355999999999998	0.037000000000000005
2455410.67327	18.387	0.039
2455411.7088200003	18.371	0.034
2455412.64692	18.409000000000002	0.052000000000000005
2455413.70174	18.39	0.04
2455414.74867	18.307000000000002	0.04
2455418.61572	18.325	0.034
2455421.64421	18.371	0.04
2455422.7203	18.382	0.043
2455426.49243	18.285999999999998	0.073
2455430.56303	18.358	0.053
2455431.55824	18.323	0.044000000000000004
2455434.5232	18.307000000000002	0.046
2455435.4942900003	18.319000000000003	0.047
2455436.4920200002	18.317	0.044000000000000004
2455438.52726	18.401	0.05
2455439.59533	18.359	0.052000000000000005
2455443.60955	18.387	0.053
2455444.63517	18.367	0.044000000000000004
2455446.5175799998	18.332	0.04
2455447.53305	18.301	0.039
2455448.66511	18.314	0.049
2455450.54562	18.399	0.055999999999999994
2455453.48092	18.281	0.078
2455457.57637	18.297	0.04
2455458.60146	18.366	0.07
2455460.48373	18.359	0.064
2455461.51478	18.455	0.10800000000000001
2455462.5347599997	18.387999999999998	0.052000000000000005
2455465.53609	18.409000000000002	0.052000000000000005
2455467.51783	18.346	0.036000000000000004
2455469.51591	18.331	0.036000000000000004
2455470.54013	18.355	0.044000000000000004
2455471.54562	18.342	0.042
2455472.48801	18.311	0.047
2455472.5827	18.28	0.052000000000000005
2455473.52873	18.378	0.049
2455476.52904	18.396	0.071
2455478.5079200002	18.325	0.043
2455479.53714	18.354	0.055
2455480.52043	18.408	0.055
2455481.48925	18.296	0.08
2455485.5361200003	18.428	0.061
2455486.52244	18.391	0.064
2455487.50544	18.352999999999998	0.042
2455488.48936	18.399	0.071
2455488.55566	18.354	0.067
2455489.5462700003	18.327	0.064
2455490.54233	18.315	0.07
2455492.53911	18.349	0.078
2455495.4927	18.387	0.07
2455497.4954	18.423	0.08900000000000001
2455499.49984	18.295	0.078
2455502.51259	18.349	0.055
2455598.8728	18.409000000000002	0.05
2455599.86293	18.465	0.055999999999999994
2455600.8593900003	18.362000000000002	0.043
2455616.8931400003	18.342	0.053
2455622.89241	18.362000000000002	0.033
2455625.82605	18.34	0.042
2455627.8190099997	18.438	0.059000000000000004
2455628.9021799997	18.409000000000002	0.04
2455629.82956	18.282	0.044000000000000004
2455631.85824	18.344	0.042
2455632.90884	18.389	0.057999999999999996
2455633.8133400003	18.383	0.039
2455634.8070799997	18.305	0.047
2455637.84259	18.288	0.055
2455639.8065299997	18.355	0.052000000000000005
2455639.88204	18.346	0.043
2455640.77924	18.369	0.067
2455640.85564	18.305	0.05
2455641.78332	18.273	0.047
2455641.90861	18.394000000000002	0.05
2455642.84467	18.323	0.042
2455643.77142	18.296	0.049
2455643.86945	18.339000000000002	0.036000000000000004
2455644.77914	18.32	0.057999999999999996
2455644.89042	18.352999999999998	0.042
2455648.76102	18.299	0.039
2455648.86858	18.348	0.034
2455649.76743	18.317999999999998	0.037000000000000005
2455649.87383	18.344	0.034
2455650.7592	18.297	0.034
2455650.8658	18.35	0.034
2455651.77983	18.375	0.042
2455651.89935	18.339000000000002	0.033
2455652.8232400003	18.335	0.033
2455653.79003	18.357	0.033
2455654.7971	18.349	0.037000000000000005
2455654.88559	18.35	0.037000000000000005
2455655.7938200003	18.357	0.04
2455655.8785099997	18.382	0.034
2455656.83003	18.339000000000002	0.031
2455657.79045	18.293	0.031
2455657.8768700003	18.35	0.031
2455658.78731	18.285999999999998	0.043
2455658.88288	18.355	0.037000000000000005
2455659.7389700003	18.338	0.033
2455659.81589	18.344	0.039
2455659.9066	18.334	0.037000000000000005
2455660.79043	18.345	0.036000000000000004
2455660.90423	18.331	0.039
2455662.7814	18.344	0.039
2455662.88136	18.387999999999998	0.036000000000000004
2455664.7431099997	18.313	0.055999999999999994
2455664.84802	18.343	0.047
2455665.72224	18.285999999999998	0.047
2455665.83795	18.343	0.033
2455665.925	18.328	0.043
2455667.89587	18.32	0.031
2455668.90202	18.379	0.052000000000000005
2455669.8914400004	18.432000000000002	0.052000000000000005
2455670.8695900002	18.372	0.046
2455675.74885	18.248	0.055
2455676.67491	18.377	0.027000000000000003
2455677.79109	18.327	0.043
2455679.71342	18.339000000000002	0.036000000000000004
2455679.89763	18.331	0.036000000000000004
2455680.7869700002	18.27	0.04
2455681.68921	18.3	0.042
2455681.87443	18.269000000000002	0.04
2455682.76591	18.274	0.036000000000000004
2455683.71294	18.352999999999998	0.037000000000000005
2455683.93412	18.312	0.059000000000000004
2455684.8666	18.361	0.037000000000000005
2455685.82222	18.3	0.031
2455686.7313599996	18.345	0.039
2455686.91708	18.293	0.043
2455687.8201	18.349	0.034
2455689.7414599997	18.308	0.034
2455690.7200700003	18.315	0.034
2455691.6493599997	18.262	0.044000000000000004
2455691.85399	18.427	0.044000000000000004
2455692.75662	18.296	0.034
2455692.91125	18.309	0.046
2455693.78015	18.294	0.034
2455693.93658	18.133	0.053
2455694.78546	18.320999999999998	0.036000000000000004
2455694.9416799997	18.261	0.086
2455695.82795	18.288	0.036000000000000004
2455696.63255	18.294	0.053
2455696.81307	18.275	0.043
2455697.64187	18.293	0.049
2455697.81942	18.358	0.039
2455698.64696	18.222	0.055999999999999994
2455698.8181	18.368	0.046
2455703.74773	18.315	0.059000000000000004
2455705.78299	18.301	0.04
2455706.71683	18.268	0.043
2455707.61715	18.31	0.047
2455707.7911900003	18.298	0.036000000000000004
2455708.5980599998	18.316	0.046
2455708.78498	18.337	0.05
2455709.6389099997	18.334	0.039
2455712.69729	18.313	0.036000000000000004
2455712.86226	18.271	0.044000000000000004
2455713.87433	18.47	0.065
2455715.63422	18.261	0.036000000000000004
2455715.82327	18.339000000000002	0.039
2455716.7184200003	18.309	0.033
2455716.88178	18.372	0.044000000000000004
2455721.794	18.31	0.037000000000000005
2455722.60567	18.25	0.04
2455722.6192799998	18.305999999999997	0.037000000000000005
2455722.81944	18.358	0.042
2455723.69801	18.308	0.037000000000000005
2455723.85612	18.368	0.053
2455724.73918	18.37	0.044000000000000004
2455725.64689	18.327	0.043
2455725.66115	18.383	0.039
2455726.56765	18.385	0.067
2455726.74166	18.303	0.13
2455734.7236	18.391	0.047
2455735.65099	18.348	0.043
2455735.85403	18.355	0.052000000000000005
2455736.59224	18.424	0.037000000000000005
2455736.8042900003	18.329	0.036000000000000004
2455737.60278	18.329	0.033
2455737.7801099997	18.358	0.036000000000000004
2455738.6204	18.345	0.037000000000000005
2455739.51858	18.397000000000002	0.049
2455739.70397	18.38	0.036000000000000004
2455739.87769	18.337	0.057999999999999996
2455740.6913900003	18.339000000000002	0.034
2455740.87128	18.313	0.055
2455741.63246	18.407	0.036000000000000004
2455741.81181	18.4	0.044000000000000004
2455742.5674400004	18.394000000000002	0.043
2455742.74497	18.36	0.031
2455743.61748	18.44	0.053
2455743.79417	18.339000000000002	0.04
2455744.5518	18.320999999999998	0.05
2455744.76697	18.410999999999998	0.037000000000000005
2455745.54208	18.4	0.053
2455745.72741	18.342	0.04
2455746.57186	18.316	0.042
2455746.75555	18.36	0.043
2455747.64648	18.465999999999998	0.062
2455748.62053	18.419	0.049
2455749.59141	18.395	0.042
2455749.7585299998	18.345	0.05
2455752.65444	18.393	0.046
2455753.54094	18.333	0.062
2455753.8033	18.406	0.083
2455760.5353200003	18.355999999999998	0.049
2455760.7388	18.347	0.046
2455761.5514	18.247	0.024
2455762.59466	18.407	0.04
2455762.77038	18.41	0.062
2455763.64916	18.433	0.043
2455763.81384	18.4	0.061
2455764.6414900003	18.320999999999998	0.037000000000000005
2455765.51187	18.335	0.042
2455765.70804	18.340999999999998	0.043
2455766.58758	18.394000000000002	0.036000000000000004
2455766.7530400003	18.453	0.055999999999999994
2455767.65825	18.375	0.043
2455768.50228	18.361	0.043
2455768.69903	18.347	0.034
2455769.52919	18.352	0.034
2455775.6096	18.441	0.047
2455776.6902	18.479	0.053
2455777.5927	18.414	0.04
2455778.53079	18.333	0.05
2455779.6611	18.441	0.046
2455785.47724	18.375	0.065
2455785.68381	18.396	0.059000000000000004
2455786.47047	18.243	0.07400000000000001
2455786.48538	18.324	0.07400000000000001
2455786.49987	18.451	0.068
2455786.5153900003	18.382	0.065
2455786.5297	18.476	0.068
2455786.54794	18.38	0.059000000000000004
2455786.56277	18.29	0.062
2455786.57758	18.463	0.055
2455786.59224	18.456	0.052000000000000005
2455786.60728	18.369	0.053
2455786.62183	18.317999999999998	0.046
2455786.63531	18.48	0.059000000000000004
2455786.6499400004	18.31	0.047
2455786.66444	18.403	0.047
2455786.6877900003	18.465	0.062
2455786.70461	18.406	0.062
2455786.72131	18.418	0.075
2455786.7358	18.457	0.073
2455786.75049	18.354	0.096
2455787.47	18.499000000000002	0.081
2455787.49883	18.336	0.043
2455787.54069	18.316	0.042
2455787.5695700003	18.379	0.042
2455787.59853	18.389	0.042
2455787.62887	18.361	0.042
2455787.66367	18.357	0.046
2455787.69705	18.314	0.047
2455787.73079	18.3	0.057999999999999996
2455788.48069	18.305	0.052000000000000005
2455788.54833	18.403	0.049
2455788.58497	18.335	0.043
2455788.62928	18.424	0.05
2455788.69965	18.474	0.078
2455788.7472900003	18.36	0.07400000000000001
2455790.6425799998	18.444000000000003	0.057999999999999996
2455791.60397	18.423	0.04
2455793.65176	18.393	0.04
2455794.5633799997	18.365	0.044000000000000004
2455795.54321	18.396	0.052000000000000005
2455796.51725	18.355999999999998	0.039
2455796.70847	18.405	0.071
2455801.62475	18.451	0.053
2455803.51182	18.424	0.049
2455804.6105400003	18.331	0.04
2455805.57227	18.37	0.034
2455806.5979	18.383	0.055999999999999994
2455812.51296	18.344	0.07
2455813.47604	18.361	0.052000000000000005
2455813.65367	18.369	0.047
2455815.6313099996	18.373	0.042
2455816.60285	18.371	0.049
2455817.60483	18.4	0.055999999999999994
2455818.58506	18.337	0.053
2455819.59327	18.335	0.043
2455820.5714	18.418	0.05
2455822.5411900003	18.467	0.062
2455822.62983	18.526	0.05
2455823.56126	18.325	0.052000000000000005
2455824.4854099997	18.45	0.065
2455824.58239	18.391	0.043
2455825.5018599997	18.362000000000002	0.057999999999999996
2455825.59835	18.406	0.049
2455826.52261	18.383	0.05
2455826.60923	18.439	0.065
2455827.54705	18.445	0.062
2455827.62711	18.289	0.059000000000000004
2455828.56029	18.387999999999998	0.043
2455829.48427	18.396	0.059000000000000004
2455829.57095	18.340999999999998	0.042
2455830.50819	18.377	0.037000000000000005
2455830.58401	18.305999999999997	0.044000000000000004
2455831.55604	18.361	0.04
2455832.4887	18.34	0.034
2455832.58069	18.354	0.05
2455833.53735	18.375	0.039
2455834.48621	18.382	0.04
2455834.57442	18.375999999999998	0.043
2455835.56397	18.4	0.07
2455836.5521	18.327	0.057999999999999996
2455839.50338	18.351	0.053
2455839.57887	18.339000000000002	0.083
2455840.53285	18.451	0.053
2455840.61973	18.413	0.061
2455841.55305	18.442	0.062
2455842.51546	18.363	0.07400000000000001
2455842.59997	18.474	0.081
2455842.61103	18.274	0.065
2455843.55782	18.417	0.055999999999999994
2455844.5013	18.35	0.052000000000000005
2455844.58159	18.33	0.07
2455845.5415	18.354	0.061
2455846.50552	18.367	0.073
2455846.58237	18.53	0.11199999999999999
2455847.55825	18.419	0.092
2455850.52915	18.407	0.046
2455851.4903700002	18.43	0.055999999999999994
2455851.5687	18.33	0.05
2455852.5197799997	18.418	0.068
2455854.51064	18.317999999999998	0.059000000000000004
2455855.4947200003	18.449	0.092
2455856.4977	18.462	0.068
2455857.5126	18.329	0.07
2455859.51086	18.4	0.057999999999999996
2455860.5263400003	18.418	0.053
2455861.53889	18.368	0.061
2455970.8788400004	18.26	0.047
2455976.86855	18.311	0.043
2455977.86746	18.28	0.043
2455978.8779700003	18.307000000000002	0.039
2455979.88246	18.285999999999998	0.049
2455982.82508	18.389	0.052000000000000005
2455983.8222	18.355	0.053
2455984.8177	18.447	0.057999999999999996
2455984.90279	18.383	0.059000000000000004
2455985.87751	18.333	0.036000000000000004
2455986.85875	18.342	0.04
2455987.83511	18.364	0.044000000000000004
2455988.82241	18.347	0.044000000000000004
2455989.8078900003	18.264	0.049
2455989.88587	18.352999999999998	0.047
2455990.8519900003	18.352999999999998	0.042
2455991.82661	18.34	0.04
2455992.79887	18.327	0.052000000000000005
2455992.89891	18.346	0.033
2455993.86493	18.322	0.05
2455994.83384	18.335	0.043
2455995.7859799997	18.313	0.046
2455995.84809	18.323	0.043
2455996.80167	18.342	0.046
2455996.88601	18.344	0.033
2455997.83312	18.358	0.044000000000000004
2455998.78382	18.316	0.046
2455998.87405	18.351	0.036000000000000004
2455999.80634	18.397000000000002	0.05
2455999.89321	18.305999999999997	0.034
2456003.89004	18.396	0.046
2456004.82296	18.301	0.039
2456004.90917	18.358	0.037000000000000005
2456005.83296	18.352	0.042
2456006.77447	18.45	0.044000000000000004
2456006.8782599997	18.375	0.036000000000000004
2456007.78182	18.389	0.039
2456007.87696	18.386	0.033
2456008.77513	18.343	0.042
2456008.87176	18.391	0.043
2456009.77679	18.375999999999998	0.039
2456009.87212	18.371	0.034
2456010.7677	18.395	0.046
2456010.86673	18.409000000000002	0.033
2456011.74508	18.332	0.049
2456011.8722599996	18.392	0.055
2456012.77113	18.354	0.042
2456012.87008	18.358	0.027999999999999997
2456013.76686	18.403	0.04
2456013.86715	18.347	0.034
2456014.74312	18.429000000000002	0.05
2456014.84136	18.398	0.037000000000000005
2456014.92069	18.29	0.08900000000000001
2456015.79882	18.304000000000002	0.027999999999999997
2456015.88833	18.381	0.031
2456016.7798599997	18.336	0.033
2456016.88286	18.355	0.033
2456017.7679	18.333	0.033
2456017.84549	18.375999999999998	0.027999999999999997
2456018.75645	18.39	0.057999999999999996
2456018.8346700002	18.383	0.031
2456019.7345	18.39	0.046
2456019.83165	18.407	0.043
2456019.90835	18.317	0.03
2456020.76656	18.371	0.033
2456020.8615200003	18.385	0.027999999999999997
2456021.71286	18.4	0.055999999999999994
2456021.7898	18.385	0.037000000000000005
2456021.8869	18.401	0.034
2456022.73837	18.359	0.043
2456022.8149	18.305999999999997	0.033
2456022.91482	18.348	0.034
2456023.77229	18.322	0.036000000000000004
2456023.853	18.418	0.04
2456024.7289400003	18.408	0.053
2456024.83046	18.328	0.036000000000000004
2456024.92142	18.474	0.055
2456025.7141	18.287	0.062
2456025.79438	18.471	0.081
2456025.90068	18.387	0.044000000000000004
2456029.90502	18.352999999999998	0.042
2456031.78189	18.313	0.04
2456032.7127400003	18.359	0.044000000000000004
2456032.89126	18.379	0.031
2456033.84389	18.395	0.037000000000000005
2456034.7705200003	18.361	0.033
2456035.92369	18.347	0.042
2456036.90367	18.352	0.036000000000000004
2456037.8705599997	18.415	0.036000000000000004
2456038.8305099998	18.345	0.034
2456039.80602	18.419	0.047
2456040.7930099997	18.399	0.037000000000000005
2456041.74259	18.399	0.049
2456041.92881	18.414	0.046
2456047.70825	18.389	0.043
2456047.8996900003	18.383	0.044000000000000004
2456048.82865	18.405	0.04
2456049.74882	18.377	0.033
2456049.92882	18.328	0.039
2456050.83401	18.384	0.042
2456051.7563400003	18.359	0.036000000000000004
2456052.81842	18.393	0.052000000000000005
2456053.6738299998	18.328	0.055
2456053.86468	18.337	0.046
2456058.70598	18.334	0.044000000000000004
2456058.87622	18.359	0.039
2456059.76205	18.397000000000002	0.043
2456059.9391799998	18.339000000000002	0.055999999999999994
2456061.84029	18.37	0.034
2456062.7102900003	18.394000000000002	0.049
2456062.8884	18.373	0.044000000000000004
2456063.8679	18.433	0.049
2456064.80358	18.351	0.033
2456065.63675	18.41	0.047
2456065.8155	18.314	0.039
2456066.72796	18.387	0.04
2456066.91329	18.387999999999998	0.034
2456067.7152400003	18.33	0.031
2456067.8928099996	18.396	0.04
2456068.72985	18.373	0.031
2456069.6916799997	18.358	0.034
2456069.8826200003	18.429000000000002	0.033
2456070.6808599997	18.387	0.039
2456070.8577	18.337	0.036000000000000004
2456071.6548599997	18.334	0.034
2456071.83646	18.391	0.039
2456075.6362900003	18.384	0.033
2456075.8188400003	18.354	0.031
2456076.6781200003	18.338	0.036000000000000004
2456076.8550400003	18.381	0.042
2456077.7996799997	18.408	0.037000000000000005
2456078.61144	18.355	0.044000000000000004
2456078.79167	18.351	0.033
2456079.58752	18.325	0.04
2456079.7784599997	18.335	0.034
2456079.9468	18.487000000000002	0.07400000000000001
2456080.72365	18.383	0.049
2456080.9013099996	18.403	0.04
2456081.67176	18.352999999999998	0.042
2456081.8544400004	18.401	0.047
2456082.6638700003	18.468	0.087
2456082.8672700003	18.442999999999998	0.07
2456085.67418	18.31	0.061
2456085.83868	18.38	0.057999999999999996
2456086.6118099997	18.297	0.042
2456086.79531	18.377	0.046
2456087.59088	18.369	0.036000000000000004
2456088.56313	18.32	0.04
2456089.64317	18.294	0.033
2456089.85463	18.421	0.044000000000000004
2456092.67772	18.308	0.037000000000000005
2456093.59366	18.372	0.04
2456093.79215	18.43	0.044000000000000004
2456094.6431299997	18.272000000000002	0.039
2456094.8166400003	18.277	0.039
2456096.63385	18.308	0.036000000000000004
2456096.83126	18.359	0.042
2456097.7658599997	18.448	0.049
2456098.5503599998	18.465999999999998	0.065
2456098.73812	18.432000000000002	0.04
2456098.8921	18.391	0.055
2456100.58792	18.429000000000002	0.055999999999999994
2456100.76229	18.48	0.042
2456101.53926	18.323	0.042
2456101.7069200003	18.39	0.036000000000000004
2456102.4994099997	18.358	0.073
2456102.6759900004	18.297	0.037000000000000005
2456102.8350400003	18.315	0.043
2456103.5849200003	18.354	0.036000000000000004
2456103.76327	18.355	0.039
2456103.78368	18.367	0.039
2456104.5828	18.355	0.031
2456104.74925	18.355	0.033
2456105.50668	18.317	0.057999999999999996
2456105.69644	18.401	0.034
2456108.50649	18.373	0.059000000000000004
2456108.68971	18.397000000000002	0.039
2456108.8494599997	18.362000000000002	0.04
2456109.68345	18.319000000000003	0.044000000000000004
2456109.8407400004	18.252	0.052000000000000005
2456113.64428	18.384	0.047
2456113.80028	18.415	0.052000000000000005
2456114.65005	18.293	0.043
2456114.8270900003	18.348	0.055
2456115.59893	18.35	0.04
2456115.8166400003	18.261	0.062
2456116.6483299998	18.365	0.031
2456116.81445	18.41	0.043
2456117.6171	18.348	0.033
2456117.78529	18.359	0.04
2456118.55892	18.38	0.033
2456118.74755	18.313	0.031
2456119.52226	18.355	0.042
2456119.70056	18.340999999999998	0.031
2456120.53639	18.29	0.043
2456120.7327900003	18.414	0.042
2456121.52807	18.346	0.037000000000000005
2456121.69685	18.355999999999998	0.03
2456123.5666099996	18.391	0.04
2456123.74268	18.361	0.039
2456124.54087	18.375999999999998	0.042
2456124.7521599997	18.383	0.039
2456125.55633	18.354	0.04
2456125.76101	18.340999999999998	0.037000000000000005
2456126.59063	18.324	0.042
2456127.49422	18.352999999999998	0.044000000000000004
2456128.51445	18.345	0.034
2456128.7028200002	18.274	0.036000000000000004
2456131.56801	18.389	0.034
2456133.5542599997	18.362000000000002	0.049
2456133.7565900004	18.332	0.047
2456134.67631	18.349	0.052000000000000005
2456135.6611	18.339000000000002	0.05
2456136.50423	18.249000000000002	0.067
2456140.63551	18.267	0.052000000000000005
2456141.4824099997	18.235	0.057999999999999996
2456141.65725	18.386	0.049
2456142.52324	18.174	0.059000000000000004
2456147.52935	18.279	0.036000000000000004
2456147.71669	18.308	0.047
2456148.65272	18.301	0.033
2456150.5032900004	18.313	0.055999999999999994
2456151.4869	18.337	0.062
2456151.67653	18.315	0.043
2456152.5515	18.372	0.044000000000000004
2456154.50147	18.315	0.037000000000000005
2456157.64905	18.250999999999998	0.043
2456158.5901599997	18.339000000000002	0.039
2456159.49675	18.32	0.049
2456159.71992	18.352	0.047
2456160.67399	18.383	0.042
2456161.57086	18.358	0.044000000000000004
2456164.57233	18.385	0.068
2456167.55411	18.317999999999998	0.081
2456168.56738	18.285	0.037000000000000005
2456169.56857	18.304000000000002	0.047
2456171.51175	18.358	0.031
2456171.69973	18.366	0.083
2456172.6614200003	18.35	0.04
2456174.6258799997	18.199	0.047
2456175.61092	18.307000000000002	0.04
2456179.60207	18.349	0.052000000000000005
2456180.58769	18.314	0.05
2456181.5488400003	18.305999999999997	0.034
2456182.55005	18.403	0.039
2456183.6079	18.387	0.036000000000000004
2456184.64937	18.25	0.043
2456185.55588	18.343	0.031
2456186.5653	18.344	0.039
2456190.60266	18.347	0.039
2456191.64393	18.313	0.04
2456195.56143	18.381	0.046
2456195.63795	18.297	0.046
2456196.55847	18.320999999999998	0.05
2456196.63506	18.324	0.055999999999999994
2456197.5602	18.361	0.055
2456198.56663	18.262	0.055999999999999994
2456200.60151	18.406	0.075
2456201.5819900003	18.309	0.07400000000000001
2456203.54457	18.3	0.053
2456204.49148	18.327	0.047
2456204.5748	18.382	0.043
2456205.51772	18.347	0.04
2456205.598	18.333	0.039
2456208.53866	18.292	0.064
2456210.49214	18.415	0.047
2456210.56917	18.344	0.046
2456211.5191200003	18.373	0.04
2456212.5185	18.41	0.044000000000000004
2456212.5880299998	18.345	0.044000000000000004
2456213.5476599997	18.298	0.046
2456214.52801	18.387999999999998	0.047
2456216.5276900004	18.325	0.04
2456217.55062	18.393	0.037000000000000005
2456218.53576	18.452	0.064
2456219.56873	18.365	0.053
2456221.53188	18.401	0.109
2456221.5577599998	18.483	0.10400000000000001
2456223.58365	18.387	0.067
2456226.53306	18.508	0.077
2456231.53427	18.282	0.075
2456234.50834	18.368	0.055
2456238.53702	18.382	0.055
2456334.8889900004	18.313	0.049
2456335.86642	18.287	0.036000000000000004
2456337.8787599998	18.344	0.053
2456338.8563200003	18.289	0.052000000000000005
2456339.86278	18.269000000000002	0.031
2456344.8882299997	18.362000000000002	0.034
2456347.82995	18.335	0.044000000000000004
2456348.825	18.425	0.047
2456349.83637	18.279	0.047
2456350.83817	18.33	0.044000000000000004
2456351.83824	18.324	0.052000000000000005
2456352.83759	18.267	0.037000000000000005
2456353.81108	18.421	0.044000000000000004
2456354.78364	18.317	0.061
2456358.84415	18.334	0.033
2456360.83431	18.337	0.031
2456361.8199400003	18.298	0.034
2456361.90036	18.416	0.039
2456362.84274	18.351	0.037000000000000005
2456363.81167	18.266	0.039
2456367.82202	18.298	0.033
2456367.90884	18.379	0.042
2456368.86018	18.288	0.031
2456369.7893	18.317999999999998	0.04
2456369.88382	18.295	0.03
2456370.8324599997	18.325	0.031
2456370.9156400003	18.374000000000002	0.043
2456371.84563	18.384	0.04
2456372.8381	18.342	0.031
2456373.76175	18.283	0.049
2456373.85527	18.331	0.034
2456374.77237	18.285999999999998	0.05
2456374.86226	18.39	0.034
2456375.77002	18.301	0.036000000000000004
2456375.87728	18.293	0.027999999999999997
2456376.78082	18.339000000000002	0.039
2456376.87542	18.285	0.027999999999999997
2456377.79535	18.334	0.034
2456377.88588	18.335	0.027000000000000003
2456378.79165	18.340999999999998	0.039
2456378.88169	18.236	0.027999999999999997
2456379.78771	18.299	0.037000000000000005
2456379.87875	18.362000000000002	0.039
2456380.7787900004	18.325	0.036000000000000004
2456380.88213	18.294	0.033
2456381.79999	18.296	0.033
2456381.88829	18.328	0.03
2456382.79362	18.331	0.052000000000000005
2456382.87317	18.383	0.061
2456386.78664	18.274	0.033
2456386.89393	18.299	0.039
2456387.79013	18.296	0.03
2456387.86877	18.327	0.034
2456388.81127	18.352	0.036000000000000004
2456388.92583	18.471	0.08
2456389.7921	18.355	0.033
2456389.8674	18.255	0.033
2456390.74438	18.304000000000002	0.039
2456390.82736	18.236	0.033
2456390.91774	18.37	0.04
2456391.87599	18.424	0.049
2456393.8738599997	18.328	0.043
2456394.83526	18.364	0.042
2456395.79812	18.396	0.034
2456396.7458200003	18.416	0.033
2456396.91833	18.36	0.036000000000000004
2456397.86215	18.393	0.033
2456398.79373	18.340999999999998	0.031
2456399.69881	18.405	0.046
2456399.87385	18.391	0.044000000000000004
2456400.87025	18.34	0.037000000000000005
2456401.80889	18.448	0.033
2456402.72025	18.308	0.037000000000000005
2456402.8959	18.415	0.047
2456403.8097	18.335	0.027000000000000003
2456404.74477	18.375	0.047
2456404.9243099997	18.386	0.042
2456405.83473	18.436	0.043
2456405.92973	18.407	0.049
2456407.7019700003	18.233	0.055
2456407.86733	18.349	0.04
2456408.81049	18.305999999999997	0.047
2456409.92339	18.295	0.049
2456415.8821	18.375	0.042
2456416.77951	18.365	0.031
2456417.70393	18.326	0.042
2456417.86788	18.445999999999998	0.042
2456418.7262	18.372	0.036000000000000004
2456418.9002400003	18.337	0.031
2456419.77658	18.282	0.037000000000000005
2456420.6419	18.408	0.039
2456420.81196	18.367	0.027000000000000003
2456421.82106	18.372	0.034
2456422.76329	18.352	0.03
2456423.74035	18.264	0.043
2456423.9199099997	18.367	0.042
2456424.79218	18.343	0.03
2456426.64257	18.351	0.036000000000000004
2456426.88283	18.375	0.036000000000000004
2456427.9084799998	18.328	0.033
2456428.6756700003	18.311	0.042
2456428.87077	18.37	0.039
2456431.67152	18.337	0.043
2456431.85622	18.342	0.034
2456432.6962599996	18.392	0.04
2456432.878	18.385	0.047
2456433.68295	18.338	0.046
2456434.59648	18.421	0.064
2456434.78664	18.375999999999998	0.034
2456435.63242	18.340999999999998	0.049
2456435.81967	18.292	0.036000000000000004
2456436.62018	18.367	0.047
2456436.8094599997	18.389	0.044000000000000004
2456437.7504	18.49	0.064
2456437.90696	18.382	0.07
2456441.71277	18.358	0.057999999999999996
2456441.846	18.402	0.059000000000000004
2456442.62587	18.398	0.033
2456442.81025	18.389	0.033
2456443.63225	18.527	0.037000000000000005
2456443.70316	18.387999999999998	0.04
2456444.70955	18.398	0.042
2456444.82922	18.419	0.043
2456445.62896	18.320999999999998	0.036000000000000004
2456445.8366900003	18.377	0.037000000000000005
2456446.6197900004	18.377	0.031
2456446.8086200003	18.4	0.027999999999999997
2456447.5959400004	18.377	0.033
2456447.7804799997	18.387	0.036000000000000004
2456447.9435099997	18.465	0.055999999999999994
2456448.71606	18.368	0.037000000000000005
2456448.89198	18.352999999999998	0.049
2456449.6682599997	18.355	0.039
2456449.85212	18.401	0.04
2456450.61835	18.394000000000002	0.039
2456450.80271	18.352999999999998	0.033
2456451.56806	18.402	0.055999999999999994
2456451.75476	18.405	0.039
2456451.91923	18.337	0.043
2456452.71074	18.359	0.025
2456454.53736	18.430999999999997	0.05
2456454.71561	18.384	0.03
2456454.89076	18.345	0.039
2456455.78803	18.314	0.033
2456456.6828099997	18.319000000000003	0.024
2456456.89335	18.389	0.034
2456457.8325400003	18.405	0.036000000000000004
2456458.61581	18.475	0.044000000000000004
2456458.80072	18.389	0.036000000000000004
2456459.56929	18.368	0.042
2456459.75985	18.404	0.031
2456460.57432	18.268	0.05
2456460.86668	18.358	0.037000000000000005
2456461.68725	18.346	0.039
2456461.90605	18.377	0.049
2456462.84634	18.439	0.04
2456463.62088	18.383	0.044000000000000004
2456463.81202	18.362000000000002	0.039
2456464.6291	18.432000000000002	0.05
2456464.82052	18.403	0.049
2456468.61525	18.385	0.046
2456469.5076900003	18.302	0.052000000000000005
2456469.70358	18.412	0.046
2456471.6235700003	18.287	0.042
2456472.67257	18.402	0.039
2456473.63506	18.332	0.027000000000000003
2456473.81946	18.423	0.043
2456474.58176	18.331	0.039
2456474.77248	18.422	0.042
2456475.5449099997	18.379	0.043
2456475.74846	18.393	0.037000000000000005
2456476.51541	18.39	0.049
2456476.70386	18.298	0.036000000000000004
2456477.50852	18.41	0.049
2456477.69691	18.334	0.037000000000000005
2456478.54647	18.295	0.047
2456479.6088799997	18.311	0.037000000000000005
2456479.82799	18.487000000000002	0.053
2456480.70679	18.398	0.042
2456481.51466	18.272000000000002	0.05
2456481.75794	18.32	0.04
2456483.65111	18.323	0.033
2456485.462	18.445999999999998	0.083
2456485.4854099997	18.413	0.044000000000000004
2456485.50767	18.419	0.042
2456485.52147	18.441	0.04
2456485.55447	18.355999999999998	0.04
2456485.59043	18.351	0.037000000000000005
2456485.6473	18.317	0.027999999999999997
2456485.68111	18.406	0.033
2456485.71804	18.384	0.03
2456485.74232	18.439	0.034
2456485.77616	18.35	0.034
2456485.79999	18.367	0.042
2456485.83018	18.526	0.044000000000000004
2456486.47902	18.437	0.047
2456486.55274	18.394000000000002	0.036000000000000004
2456486.6442	18.38	0.034
2456486.71679	18.367	0.036000000000000004
2456486.7771099997	18.418	0.033
2456486.81204	18.368	0.039
2456486.8338900004	18.516	0.05
2456487.47749	18.316	0.036000000000000004
2456487.55241	18.36	0.036000000000000004
2456487.65293	18.357	0.03
2456487.73121	18.36	0.031
2456487.8278099997	18.428	0.044000000000000004
2456490.52465	18.355	0.039
2456490.71126	18.355999999999998	0.036000000000000004
2456491.5595299997	18.418	0.044000000000000004
2456491.7757200003	18.348	0.039
2456492.6003400004	18.453	0.044000000000000004
2456492.78089	18.342	0.053
2456496.62981	18.542	0.084
2456497.71575	18.496	0.061
2456498.5436	18.355	0.031
2456498.7234799997	18.417	0.039
2456499.55727	18.346	0.031
2456500.71184	18.355	0.044000000000000004
2456501.69483	18.387	0.033
2456504.71093	18.36	0.05
2456505.63924	18.448	0.043
2456505.7922799997	18.507	0.075
2456506.7533299997	18.35	0.047
2456508.51989	18.305	0.036000000000000004
2456508.70309	18.389	0.037000000000000005
2456509.62693	18.387999999999998	0.03
2456510.49097	18.323	0.033
2456510.71313	18.333	0.037000000000000005
2456511.6564700003	18.36	0.033
2456514.52213	18.407	0.044000000000000004
2456515.47885	18.386	0.036000000000000004
2456515.7554099998	18.277	0.036000000000000004
2456518.49177	18.317999999999998	0.039
2456518.71202	18.377	0.036000000000000004
2456519.66978	18.358	0.034
2456523.57996	18.345	0.039
2456524.50632	18.372	0.044000000000000004
2456525.50809	18.374000000000002	0.055
2456526.65038	18.339000000000002	0.047
2456529.58513	18.367	0.042
2456531.5666900002	18.383	0.04
2456532.56403	18.331	0.03
2456533.57804	18.368	0.04
2456534.62681	18.358	0.043
2456536.60722	18.397000000000002	0.034
2456539.50221	18.347	0.036000000000000004
2456541.4975900003	18.348	0.036000000000000004
2456543.57178	18.340999999999998	0.034
2456544.60365	18.374000000000002	0.037000000000000005
2456545.64915	18.35	0.039
2456547.61721	18.333	0.055999999999999994
2456555.58746	18.302	0.044000000000000004
2456558.55501	18.434	0.036000000000000004
2456559.60396	18.316	0.04
2456561.51543	18.344	0.044000000000000004
2456562.60817	18.371	0.036000000000000004
2456563.60776	18.403	0.043
2456564.54116	18.442	0.043
2456565.51287	18.288	0.04
2456565.60788	18.393	0.043
2456567.58122	18.214000000000002	0.037000000000000005
2456568.57714	18.320999999999998	0.043
2456569.53818	18.293	0.031
2456570.49253	18.416	0.052000000000000005
2456571.52384	18.337	0.049
2456571.60809	18.293	0.05
2456572.58291	18.342	0.049
2456573.5439	18.333	0.044000000000000004
2456577.51488	18.331	0.077
2456578.49309	18.3	0.055
2456578.58677	18.32	0.044000000000000004
2456579.57044	18.266	0.055
2456581.50811	18.377	0.043
2456582.54018	18.346	0.047
2456583.5257200003	18.378	0.071
2456584.52377	18.424	0.065
2456585.52698	18.308	0.062
2456590.52085	18.3	0.052000000000000005
2456590.54812	18.358	0.055
2456593.49665	18.345	0.071
2456593.51565	18.299	0.053
2456595.5186799997	18.293	0.055999999999999994
2456600.50607	18.119	0.057999999999999996
2456695.88516	18.344	0.05
2456696.87813	18.394000000000002	0.042
2456699.84593	18.37	0.053
2456701.8601599997	18.349	0.04
2456703.8638400002	18.325	0.077
2456705.88148	18.364	0.057999999999999996
2456707.89335	18.368	0.043
2456709.8505599997	18.305999999999997	0.04
2456710.86682	18.337	0.036000000000000004
2456711.88842	18.375999999999998	0.037000000000000005
2456715.86598	18.357	0.034
2456716.8577099997	18.394000000000002	0.039
2456717.87015	18.422	0.053
2456718.88675	18.347	0.042
2456719.87996	18.387	0.037000000000000005
2456720.85506	18.396	0.03
2456721.83502	18.392	0.042
2456722.82827	18.436	0.052000000000000005
2456723.79923	18.329	0.04
2456723.9015200003	18.387999999999998	0.036000000000000004
2456724.88105	18.51	0.061
2456725.8579700002	18.389	0.037000000000000005
2456726.82061	18.348	0.039
2456727.79259	18.394000000000002	0.036000000000000004
2456727.88827	18.39	0.027999999999999997
2456728.86062	18.383	0.03
2456729.813	18.336	0.03
2456729.90716	18.349	0.036000000000000004
2456730.8628	18.402	0.039
2456731.90687	18.422	0.052000000000000005
2456732.8695799997	18.362000000000002	0.043
2456733.80804	18.392	0.046
2456733.89837	18.347	0.033
2456734.8412	18.367	0.033
2456735.76695	18.429000000000002	0.05
2456735.87817	18.366	0.04
2456736.81139	18.289	0.049
2456736.91347	18.371	0.047
2456737.7744400003	18.424	0.039
2456738.80299	18.355	0.073
2456742.77127	18.340999999999998	0.033
2456742.8576700003	18.364	0.027999999999999997
2456744.7725299997	18.396	0.039
2456744.86685	18.37	0.03
2456745.7551	18.35	0.033
2456745.86153	18.384	0.027999999999999997
2456746.76342	18.355999999999998	0.039
2456746.8550299997	18.375	0.033
2456747.88118	18.4	0.03
2456748.89022	18.336	0.034
2456751.78529	18.354	0.03
2456754.80665	18.299	0.05
2456756.85215	18.349	0.027999999999999997
2456758.89544	18.386	0.039
2456760.83824	18.37	0.027000000000000003
2456762.7903400003	18.347	0.031
2456764.759	18.375999999999998	0.036000000000000004
2456765.8961099996	18.401	0.036000000000000004
2456769.8292799997	18.34	0.034
2456771.7075099996	18.368	0.034
2456772.8738	18.337	0.03
2456774.74961	18.476	0.042
2456776.68357	18.24	0.034
2456784.65246	18.361	0.039
2456785.63834	18.430999999999997	0.037000000000000005
2456786.64922	18.358	0.034
2456788.84658	18.404	0.043
2456790.66958	18.319000000000003	0.046
2456791.72592	18.328	0.047
2456792.76918	18.367	0.044000000000000004
2456796.8269700003	18.361	0.042
2456797.91198	18.246	0.055999999999999994
2456803.7789	18.394000000000002	0.036000000000000004
2456804.79643	18.340999999999998	0.036000000000000004
2456805.84549	18.359	0.044000000000000004
2456807.8286900003	18.337	0.049
2456808.85266	18.349	0.037000000000000005
2456809.90507	18.284000000000002	0.046
2456810.9327599998	18.264	0.055
2456813.6463200003	18.331	0.057999999999999996
2456814.75557	18.358	0.033
2456815.8270900003	18.363	0.04
2456816.89595	18.329	0.055999999999999994
2456818.5403299998	18.35	0.062
2456819.80306	18.396	0.053
2456824.6656400003	18.327	0.044000000000000004
2456825.6954799998	18.343	0.043
2456826.70773	18.323	0.034
2456827.7873	18.324	0.036000000000000004
2456828.8341200002	18.374000000000002	0.043
2456829.80707	18.305999999999997	0.04
2456830.8377	18.288	0.036000000000000004
2456831.79494	18.277	0.033
2456832.59254	18.324	0.04
2456833.66512	18.282	0.034
2456834.6718200003	18.32	0.034
2456835.73612	18.396	0.04
2456836.76945	18.343	0.049
2456837.78065	18.363	0.042
2456838.78085	18.344	0.04
2456839.7968599997	18.365	0.049
2456841.54222	18.3	0.037000000000000005
2456842.5959	18.294	0.046
2456844.62492	18.351	0.033
2456845.6129799997	18.325	0.034
2456847.60041	18.322	0.036000000000000004
2456851.57032	18.319000000000003	0.044000000000000004
2456852.63682	18.272000000000002	0.049
2456855.70738	18.372	0.039
2456856.73209	18.31	0.036000000000000004
2456857.78267	18.396	0.046
2456859.60893	18.283	0.039
2456863.4742900003	18.309	0.044000000000000004
2456864.5518799997	18.346	0.034
2456870.63808	18.315	0.037000000000000005
2456873.50093	18.273	0.049
2456879.6974	18.317	0.059000000000000004
2456881.65093	18.284000000000002	0.046
2456883.5419099997	18.31	0.042
2456886.47833	18.4	0.053
2456887.6609099996	18.364	0.036000000000000004
2456889.59377	18.301	0.033
2456891.50833	18.315	0.037000000000000005
2456896.48155	18.284000000000002	0.04
2456900.5438200003	18.347	0.036000000000000004
2456908.5657	18.305	0.044000000000000004
2456909.56179	18.386	0.055999999999999994
2456912.4986400004	18.407	0.046
2456912.6434400002	18.375	0.053
2456919.59251	18.305	0.052000000000000005
2456924.54564	18.296	0.043
2456927.54286	18.378	0.055
2456930.57871	18.408	0.057999999999999996
2456936.50378	18.312	0.047
2456937.50354	18.269000000000002	0.047
2456938.50305	18.293	0.049
2456939.52653	18.459	0.068
2456940.55196	18.377	0.064
2456942.52165	18.304000000000002	0.046
2456943.52726	18.352999999999998	0.061
2456946.5010900004	18.428	0.05
2456948.51969	18.429000000000002	0.065
2456951.53463	18.334	0.057999999999999996
2456954.49944	18.331	0.057999999999999996
2456956.52779	18.442999999999998	0.067
2457065.8544	18.373	0.061
2457069.8443400003	18.296	0.047
2457070.85803	18.297	0.037000000000000005
2457071.8704	18.381	0.037000000000000005
2457072.87802	18.366	0.042
2457075.8840900003	18.288	0.049
2457076.8843400003	18.255	0.031
2457077.8815900004	18.187	0.039
2457078.8727599997	18.282	0.033
2457080.82148	18.342	0.049
2457081.88343	18.274	0.05
2457082.86197	18.328	0.031
2457083.84009	18.305	0.046
2457084.81739	18.328	0.046
2457084.90923	18.268	0.043
2457085.88253	18.262999999999998	0.036000000000000004
2457086.86127	18.384	0.042
2457087.8270400004	18.349	0.05
2457088.79795	18.295	0.04
2457088.88791	18.274	0.042
2457089.85374	18.301	0.042
2457090.82033	18.285999999999998	0.047
2457090.9092099997	18.218	0.047
2457091.8628599998	18.268	0.039
2457092.81278	18.338	0.043
2457092.8911599996	18.33	0.039
2457097.7763900002	18.343	0.04
2457097.87494	18.331	0.027999999999999997
2457098.8248	18.261	0.036000000000000004
2457099.77192	18.246	0.037000000000000005
2457099.86834	18.342	0.034
2457100.81333	18.291	0.036000000000000004
2457100.90695	18.379	0.036000000000000004
2457101.88877	18.262999999999998	0.052000000000000005
2457102.87967	18.34	0.04
2457108.84029	18.316	0.049
2457109.79016	18.338	0.039
2457109.89304	18.311	0.036000000000000004
2457110.80045	18.382	0.03
2457110.91194	18.352	0.03
2457111.82237	18.320999999999998	0.033
2457112.74093	18.291	0.053
2457112.83787	18.313	0.036000000000000004
2457113.89947	18.309	0.031
2457115.92001	18.374000000000002	0.044000000000000004
2457117.90485	18.378	0.033
2457120.72512	18.343	0.055
2457125.85773	18.347	0.034
2457129.8058	18.359	0.034
2457131.7058099997	18.33	0.04
2457133.82505	18.393	0.037000000000000005
2457135.6848400002	18.33	0.037000000000000005
2457136.80798	18.340999999999998	0.036000000000000004
2457138.65749	18.365	0.064
2457139.808	18.352999999999998	0.036000000000000004
2457140.92476	18.357	0.039
2457142.7601799998	18.315	0.033
2457143.87218	18.374000000000002	0.034
2457145.83012	18.34	0.04
2457146.85864	18.405	0.047
2457147.8807599996	18.37	0.046
2457153.73268	18.372	0.033
2457154.84852	18.399	0.034
2457155.91511	18.395	0.043
2457157.85926	18.354	0.031
2457158.94098	18.386	0.067
2457160.6625900003	18.38	0.04
2457161.7346799998	18.292	0.027000000000000003
2457162.8036599997	18.339000000000002	0.033
2457163.85622	18.333	0.037000000000000005
2457166.61893	18.358	0.05
2457169.58974	18.355	0.047
2457170.62227	18.398	0.039
2457172.66879	18.363	0.044000000000000004
2457173.6898	18.378	0.049
2457174.6982400003	18.31	0.043
2457175.7121900003	18.333	0.042
2457176.9062099997	18.389	0.075
2457178.72198	18.319000000000003	0.046
2457179.6667	18.33	0.05
2457180.66169	18.386	0.04
2457181.67342	18.347	0.031
2457182.68464	18.404	0.03
2457183.69671	18.407	0.042
2457184.7464099997	18.358	0.04
2457185.75341	18.381	0.039
2457186.90446	18.387999999999998	0.059000000000000004
2457187.91626	18.404	0.046
2457189.61966	18.349	0.036000000000000004
2457190.68757	18.355999999999998	0.04
2457191.8554	18.315	0.052000000000000005
2457194.73455	18.421	0.033
2457197.81979	18.369	0.044000000000000004
2457198.85396	18.406	0.05
2457199.84636	18.36	0.044000000000000004
2457200.75985	18.392	0.039
2457200.7903	18.358	0.04
2457200.83129	18.339000000000002	0.044000000000000004
2457201.50954	18.29	0.073
2457202.56264	18.447	0.07
2457202.60015	18.352999999999998	0.049
2457206.70875	18.415	0.053
2457207.7253099997	18.386	0.055
2457209.64297	18.323	0.042
2457211.84765	18.475	0.057999999999999996
2457217.60069	18.455	0.042
2457220.4884200003	18.38	0.044000000000000004
2457221.51833	18.343	0.042
2457222.5797200003	18.344	0.036000000000000004
2457223.71648	18.37	0.046
2457225.47156	18.415	0.046
2457226.71775	18.375	0.034
2457227.72818	18.372	0.039
2457228.7993900003	18.397000000000002	0.043
2457235.72144	18.366	0.05
2457249.61466	18.397000000000002	0.04
2457252.68981	18.372	0.047
2457255.63851	18.374000000000002	0.039
2457258.53915	18.4	0.07400000000000001
2457263.54777	18.383	0.053
2457265.50023	18.379	0.037000000000000005
2457268.4833299997	18.374000000000002	0.034
2457270.48149	18.313	0.042
2457272.5628299997	18.414	0.053
2457277.51688	18.394000000000002	0.043
2457281.5422900002	18.426	0.055999999999999994
2457291.53153	18.314	0.07
2457292.5599700003	18.284000000000002	0.08
2457293.52151	18.3	0.046
2457294.53217	18.245	0.059000000000000004
2457295.48591	18.347	0.068
2457296.53119	18.491	0.068
2457299.53471	18.448	0.055
2457300.54891	18.26	0.055
2457311.49005	18.272000000000002	0.042
2457312.5121299997	18.245	0.046
2457317.51252	18.275	0.055999999999999994
2457320.51389	18.287	0.067
2457324.51523	18.22	0.053
2457329.50917	18.317999999999998	0.07400000000000001
2457332.51664	18.248	0.047
2457435.86639	18.34	0.05
2457436.88992	18.368	0.046
2457438.83958	18.41	0.053
2457439.86777	18.339000000000002	0.049
2457440.8914099997	18.375999999999998	0.042
2457442.82333	18.463	0.065
2457442.83369	18.4	0.068
2457445.81404	18.285	0.047
2457446.82613	18.381	0.042
2457447.83488	18.357	0.044000000000000004
2457448.83706	18.372	0.042
2457449.86775	18.352999999999998	0.07
2457451.89347	18.382	0.046
2457452.80052	18.398	0.039
2457453.79484	18.405	0.04
2457454.87499	18.267	0.034
2457455.87832	18.386	0.042
2457456.8941900004	18.37	0.037000000000000005
2457457.89048	18.449	0.044000000000000004
2457458.88457	18.337	0.03
2457460.8864	18.336	0.031
2457461.89335	18.328	0.027999999999999997
2457462.87538	18.343	0.031
2457463.9064700003	18.339000000000002	0.033
2457465.83028	18.281	0.036000000000000004
2457466.89099	18.391	0.036000000000000004
2457467.89365	18.334	0.033
2457470.84955	18.337	0.047
2457471.80215	18.397000000000002	0.047
2457472.75252	18.394000000000002	0.059000000000000004
2457472.8827400003	18.366	0.043
2457474.76123	18.359	0.05
2457474.86423	18.39	0.042
2457475.79346	18.35	0.067
2457475.89726	18.355999999999998	0.04
2457476.77231	18.402	0.057999999999999996
2457479.8317	18.442	0.075
2457484.9155599996	18.333	0.036000000000000004
2457486.82608	18.314	0.044000000000000004
2457488.72115	18.375	0.04
2457491.73374	18.399	0.05
2457492.78035	18.349	0.033
2457493.76798	18.385	0.033
2457494.76405	18.375999999999998	0.031
2457495.73483	18.394000000000002	0.043
2457497.8805	18.332	0.036000000000000004
2457498.8883599997	18.387	0.042
2457499.84143	18.379	0.039
2457500.78254	18.340999999999998	0.052000000000000005
2457507.81843	18.355	0.034
2457508.8692099997	18.337	0.033
2457511.71617	18.346	0.031
2457512.9210599996	18.381	0.036000000000000004
2457523.88213	18.351	0.04
2457526.89647	18.269000000000002	0.049
2457530.76773	18.351	0.047
2457534.8892099997	18.368	0.044000000000000004
2457536.88367	18.317999999999998	0.04
2457546.7508900003	18.322	0.036000000000000004
2457547.65932	18.305999999999997	0.031
2457548.85592	18.314	0.03
2457549.9116599998	18.297	0.042
2457550.89041	18.311	0.052000000000000005
2457555.63246	18.314	0.036000000000000004
2457557.57085	18.29	0.053
2457561.7455	18.311	0.04
2457566.60209	18.412	0.052000000000000005
2457567.53596	18.253	0.044000000000000004
2457567.8559	18.277	0.046
2457569.5475	18.296	0.049
2457570.68594	18.298	0.039
2457575.6791	18.324	0.031
2457576.6902099997	18.274	0.03
2457579.7291200003	18.269000000000002	0.039
2457584.6078	18.274	0.042
2457589.6025799997	18.320999999999998	0.055
2457590.61808	18.347	0.04
2457593.6025	18.298	0.034
2457596.5602700002	18.335	0.03
2457600.59103	18.344	0.052000000000000005
2457602.66921	18.359	0.042
2457603.70968	18.332	0.042
2457604.71709	18.349	0.036000000000000004
2457605.75796	18.315	0.043
2457607.7346	18.387	0.042
2457609.56541	18.339000000000002	0.039
2457610.71145	18.367	0.037000000000000005
2457612.68029	18.352999999999998	0.04
2457617.53187	18.340999999999998	0.057999999999999996
2457618.65805	18.394000000000002	0.055
2457622.493	18.327	0.033
2457623.66228	18.372	0.039
2457625.61445	18.313	0.039
2457630.6260900004	18.391	0.042
2457632.63235	18.355999999999998	0.037000000000000005
2457636.51647	18.385	0.053
2457638.56248	18.320999999999998	0.044000000000000004
2457644.59631	18.45	0.062
2457649.5127	18.314	0.036000000000000004
2457650.57588	18.375	0.043
2457651.60536	18.448	0.061
2457653.5273599997	18.326	0.031
2457655.5406	18.368	0.042
2457656.58525	18.382	0.044000000000000004
2457659.58717	18.427	0.044000000000000004
2457661.5314	18.371	0.049
2457662.5723599996	18.434	0.049
2457667.55851	18.351	0.042
2457673.54607	18.659000000000002	0.086
2457682.5175400004	18.339000000000002	0.049
2457796.86927	18.211	0.043
2457798.87567	18.335	0.046
2457800.86697	18.262	0.039
2457802.84687	18.245	0.055999999999999994
2457803.88752	18.236	0.064
2457807.86139	18.241	0.036000000000000004
2457809.82435	18.246	0.044000000000000004
2457810.82297	18.26	0.04
2457811.84257	18.294	0.039
2457812.8738	18.267	0.034
2457814.84278	18.21	0.039
2457815.87173	18.245	0.037000000000000005
2457816.86155	18.234	0.033
2457817.85806	18.277	0.031
2457818.84428	18.26	0.033
2457819.82403	18.255	0.039
2457820.83269	18.283	0.039
2457821.83186	18.215	0.044000000000000004
2457822.82729	18.307000000000002	0.053
2457823.81293	18.267	0.042
2457823.90188	18.261	0.033
2457824.89789	18.197	0.043
2457825.88941	18.253	0.036000000000000004
2457826.8486	18.252	0.046
2457827.8357700002	18.256	0.04
2457828.80491	18.247	0.04
2457828.8942400003	18.18	0.036000000000000004
2457830.80203	18.292	0.068
2457830.88116	18.217	0.042
2457835.82183	18.250999999999998	0.053
2457836.90987	18.111	0.039
2457838.79581	18.165	0.034
2457839.86453	18.171	0.027000000000000003
2457841.7414599997	18.199	0.044000000000000004
2457842.7933400003	18.189	0.034
2457843.8343	18.118	0.031
2457844.8769900003	18.137	0.034
2457846.74001	18.147000000000002	0.046
2457847.7656400003	18.148	0.034
2457848.7946	18.089000000000002	0.027999999999999997
2457849.82308	18.104	0.025
2457850.86183	18.052	0.027000000000000003
2457851.89743	18.055	0.027999999999999997
2457854.70207	18.032	0.037000000000000005
2457855.74411	18.0	0.034
2457856.76821	17.969	0.05
2457858.89153	17.835	0.027999999999999997
2457862.9007599996	17.719	0.025
2457865.70081	17.56	0.018000000000000002
2457866.71202	17.48	0.018000000000000002
2457867.73093	17.419	0.015
2457868.81234	17.322	0.022000000000000002
2457869.82754	17.176	0.013999999999999999
2457870.86593	17.14	0.013999999999999999
2457871.89125	17.118	0.013999999999999999
2457872.91393	17.225	0.017
2457873.89578	17.283	0.015
2457874.86778	17.312	0.017
2457876.65415	17.404	0.025
2457876.9281099997	17.491	0.019
2457877.89472	17.588	0.024
2457878.92924	17.66	0.022000000000000002
2457880.69007	17.753	0.027999999999999997
2457881.78172	17.809	0.04
2457882.78078	17.901	0.033
2457890.68443	18.157	0.053
2457893.68518	18.15	0.036000000000000004
2457893.93595	18.146	0.044000000000000004
2457894.82834	18.13	0.03
2457897.6409	18.192	0.043
2457901.69655	18.281	0.03
2457902.68408	18.203	0.027999999999999997
2457903.77397	18.323	0.052000000000000005
2457904.67792	18.249000000000002	0.03
2457904.93818	18.234	0.044000000000000004
2457905.80798	18.247	0.031
2457906.69832	18.262999999999998	0.027999999999999997
2457906.9358599996	18.242	0.044000000000000004
2457908.56297	18.279	0.059000000000000004
2457908.80525	18.267	0.034
2457909.6792900003	18.273	0.036000000000000004
2457909.90593	18.357	0.044000000000000004
2457910.71085	18.262999999999998	0.033
2457911.5898700003	18.314	0.065
2457916.56435	18.349	0.061
2457916.7762599997	18.271	0.04
2457917.6205700003	18.269000000000002	0.039
2457917.85805	18.264	0.053
2457923.58159	18.294	0.043
2457923.84264	18.369	0.043
2457924.65578	18.304000000000002	0.034
2457925.57438	18.322	0.049
2457925.84055	18.336	0.042
2457926.77192	18.331	0.049
2457928.5693900003	18.335	0.047
2457929.57749	18.24	0.047
2457932.60217	18.344	0.046
2457933.73069	18.303	0.039
2457934.6792900003	18.34	0.033
2457935.4978400003	18.367	0.042
2457935.75481	18.289	0.031
2457936.63225	18.301	0.036000000000000004
2457937.47854	18.359	0.055
2457937.72697	18.361	0.042
2457938.64871	18.313	0.055
2457944.5526799997	18.294	0.049
2457944.6650400003	18.327	0.043
2457944.77595	18.412	0.05
2457945.5893599996	18.366	0.04
2457945.8264900004	18.35	0.052000000000000005
2457946.69378	18.364	0.039
2457947.59592	18.383	0.042
2457948.50121	18.327	0.037000000000000005
2457948.78522	18.401	0.044000000000000004
2457949.71133	18.289	0.055
2457953.48395	18.332	0.053
2457953.76098	18.363	0.037000000000000005
2457954.68097	18.32	0.033
2457956.50426	18.288	0.043
2457956.77967	18.358	0.039
2457958.6222099997	18.298	0.052000000000000005
2457959.51059	18.362000000000002	0.037000000000000005
2457959.76035	18.347	0.036000000000000004
2457960.66489	18.305999999999997	0.034
2457961.6422900003	18.410999999999998	0.037000000000000005
2457962.7450200003	18.35	0.034
2457964.66946	18.288	0.037000000000000005
2457966.5202900004	18.262999999999998	0.057999999999999996
2457966.73924	18.291	0.052000000000000005
2457967.74881	18.312	0.057999999999999996
2457971.5707799997	18.334	0.049
2457971.65944	18.332	0.047
2457972.50401	18.367	0.078
2457972.59478	18.352999999999998	0.057999999999999996
2457972.71263	18.374000000000002	0.057999999999999996
2457973.71911	18.375	0.084
2457974.69129	18.303	0.044000000000000004
2457979.58946	18.322	0.031
2457980.65378	18.422	0.062
2457982.51068	18.266	0.037000000000000005
2457983.5749	18.373	0.037000000000000005
2457984.63275	18.278	0.039
2457986.55685	18.285999999999998	0.03
2457987.6263	18.36	0.034
2457991.48949	18.238	0.037000000000000005
2457992.55501	18.312	0.034
2457993.61746	18.328	0.037000000000000005
2457998.48576	18.28	0.043
2458000.51211	18.202	0.05
2458000.6231299997	18.305	0.057999999999999996
2458002.50913	18.28	0.09300000000000001
2458004.5414	18.294	0.05
2458008.52975	18.328	0.042
2458012.51943	18.351	0.037000000000000005
2458014.54843	18.328	0.037000000000000005
2458017.47685	18.337	0.08
2458019.55493	18.332	0.042
2458026.50298	18.316	0.061
2458029.55683	18.324	0.053
2458039.54213	18.304000000000002	0.064
2458048.50078	18.325	0.039
2458054.50661	18.519000000000002	0.09
