2455379.52237	17.1	0.017
2455380.53389	17.090999999999998	0.017
2455381.6066799997	17.113	0.019
2455386.61394	17.116	0.015
2455387.49717	17.095	0.015
2455387.5682099997	17.107	0.013000000000000001
2455387.64092	17.113	0.013000000000000001
2455389.80271	17.128	0.017
2455393.63204	17.102	0.019
2455403.6544	17.11	0.019
2455407.59235	17.092	0.019
2455410.67517	17.109	0.015
2455414.7744400003	17.118	0.013000000000000001
2455426.53511	17.116	0.017
2455435.5532	17.114	0.019
2455444.49097	17.127	0.019
2455457.59532	17.095	0.017
2455459.5707900003	17.109	0.017
2455461.51983	17.156	0.028999999999999998
2455463.52233	17.102999999999998	0.017
2455464.51442	17.099	0.017
2455469.5255400003	17.12	0.015
2455472.5231	17.127	0.021
2455477.54597	17.112000000000002	0.019
2455481.50836	17.095	0.023
2455486.5544	17.084	0.021
2455489.54122	17.096	0.019
2455497.5019400003	17.131	0.019
2455621.88862	17.111	0.015
2455625.8615900003	17.113	0.015
2455626.8917799997	17.099	0.017
2455628.83705	17.118	0.015
2455629.9038400003	17.098	0.017
2455631.89299	17.127	0.021
2455633.84693	17.094	0.015
2455635.87982	17.11	0.017
2455638.81946	17.129	0.017
2455640.83304	17.098	0.021
2455642.84881	17.095	0.017
2455644.8073	17.102999999999998	0.017
2455649.81347	17.12	0.013000000000000001
2455651.7711099996	17.084	0.015
2455653.89707	17.092	0.013000000000000001
2455655.83595	17.123	0.015
2455657.86601	17.102999999999998	0.013000000000000001
2455659.75559	17.112000000000002	0.015
2455660.84025	17.119	0.015
2455663.77481	17.125	0.017
2455665.85627	17.122	0.015
2455670.9004	17.112000000000002	0.017
2455672.79129	17.139	0.046
2455677.78102	17.136	0.015
2455681.79513	17.118	0.017
2455684.90974	17.104	0.015
2455689.74432	17.122	0.015
2455693.82185	17.124000000000002	0.015
2455696.64981	17.073	0.019
2455698.79387	17.12	0.017
2455699.63772	17.105	0.027000000000000003
2455708.64807	17.109	0.015
2455714.59043	17.112000000000002	0.021
2455721.78419	17.122	0.015
2455724.66664	17.13	0.017
2455736.80741	17.118	0.015
2455739.64905	17.131	0.015
2455741.7354099997	17.12	0.015
2455744.7557	17.135	0.015
2455747.63557	17.117	0.019
2455754.57008	17.165	0.033
2455761.70452	17.083	0.021
2455764.48557	17.089000000000002	0.017
2455767.75831	17.105999999999998	0.017
2455775.64273	17.125999999999998	0.017
2455787.72656	17.099	0.017
2455793.69423	17.107	0.017
2455801.5642	17.108	0.017
2455806.50493	17.090999999999998	0.017
2455809.48517	17.107	0.027000000000000003
2455817.5957400003	17.083	0.017
2455822.53204	17.095	0.017
2455827.5378900003	17.05	0.021
2455829.48937	17.102	0.017
2455831.49599	17.099	0.013000000000000001
2455833.51712	17.09	0.015
2455836.52362	17.082	0.019
2455840.52231	17.116	0.021
2455841.61967	17.137	0.023
2455844.50632	17.111	0.019
2455846.54855	17.124000000000002	0.023
2455852.49724	17.13	0.025
2455862.5377599997	17.072	0.017
2455977.86004	17.113	0.019
2455982.83562	17.109	0.019
2455985.8656900004	17.141	0.017
2455988.85145	17.123	0.021
2455991.81819	17.102999999999998	0.019
2455993.86606	17.112000000000002	0.019
2455995.88719	17.102	0.015
2455997.9092900003	17.118	0.017
2455999.90838	17.118	0.015
2456005.8064099997	17.107	0.017
2456007.7844	17.089000000000002	0.015
2456008.89925	17.125	0.015
2456010.8325400003	17.118	0.015
2456012.77372	17.129	0.015
2456013.8969400004	17.105	0.013000000000000001
2456015.80142	17.137	0.013000000000000001
2456016.91324	17.117	0.013000000000000001
2456018.81053	17.142	0.023
2456019.9112400003	17.102999999999998	0.013000000000000001
2456021.75229	17.118	0.017
2456022.8048400003	17.113	0.015
2456023.8698299997	17.122	0.013000000000000001
2456024.88208	17.113	0.015
2456026.7325	17.127	0.037000000000000005
2456031.8939	17.115	0.017
2456035.87596	17.11	0.015
2456039.80903	17.092	0.017
2456047.7362	17.099	0.015
2456050.68764	17.088	0.017
2456053.72908	17.079	0.017
2456059.86421	17.105999999999998	0.015
2456063.7960099997	17.075	0.017
2456066.6927900002	17.095	0.015
2456068.71691	17.095	0.013000000000000001
2456070.78462	17.105	0.013000000000000001
2456075.7610299997	17.124000000000002	0.013000000000000001
2456077.9449299998	17.136	0.023
2456079.93612	17.095	0.015
2456081.87052	17.129	0.017
2456082.70488	17.099	0.025
2456085.6997	17.148	0.028999999999999998
2456087.78745	17.108	0.017
2456093.55517	17.098	0.017
2456096.60807	17.115	0.017
2456098.754	17.115	0.015
2456101.58021	17.076	0.015
2456102.8871299997	17.104	0.017
2456104.81852	17.116	0.013000000000000001
2456108.7856900003	17.142	0.015
2456109.70993	17.092	0.015
2456114.83037	17.096	0.021
2456116.81618	17.11	0.015
2456118.75085	17.124000000000002	0.013000000000000001
2456120.7507700003	17.099	0.013000000000000001
2456123.77391	17.124000000000002	0.015
2456125.8195	17.111	0.015
2456130.72104	17.115	0.015
2456134.58273	17.111	0.019
2456137.5168	17.072	0.027000000000000003
2456141.78604	17.143	0.021
2456150.52823	17.108	0.017
2456154.53251	17.116	0.017
2456160.5959900003	17.105999999999998	0.015
2456165.62949	17.149	0.017
2456172.6268	17.129	0.013000000000000001
2456181.55251	17.118	0.015
2456186.51178	17.092	0.017
2456195.63997	17.099	0.021
2456198.55575	17.098	0.021
2456203.58624	17.119	0.021
2456205.61142	17.094	0.015
2456210.5726799998	17.1	0.017
2456213.51278	17.084	0.017
2456217.57804	17.11	0.015
2456233.53952	17.117	0.019
2456238.52916	17.099	0.019
2456340.84657	17.096	0.015
2456345.8382200003	17.063	0.015
2456349.8906799997	17.105999999999998	0.019
2456353.8463	17.113	0.017
2456361.85984	17.113	0.013000000000000001
2456367.82466	17.09	0.013000000000000001
2456369.8453599997	17.104	0.013000000000000001
2456371.8467599996	17.108	0.013000000000000001
2456372.83926	17.108	0.013000000000000001
2456374.80055	17.085	0.015
2456377.887	17.118	0.013000000000000001
2456379.8265299997	17.12	0.015
2456381.7881400003	17.112000000000002	0.015
2456382.8874	17.108	0.017
2456387.8195	17.124000000000002	0.013000000000000001
2456389.74307	17.108	0.015
2456390.8035	17.072	0.013000000000000001
2456394.7905200003	17.105999999999998	0.015
2456397.82693	17.105	0.013000000000000001
2456400.83163	17.113	0.013000000000000001
2456403.81239	17.111	0.013000000000000001
2456407.7932599997	17.114	0.015
2456416.74417	17.137	0.013000000000000001
2456418.86831	17.115	0.013000000000000001
2456421.83757	17.086	0.015
2456424.82585	17.102	0.013000000000000001
2456431.64605	17.079	0.019
2456433.67213	17.082	0.015
2456435.82283	17.125	0.015
2456444.76642	17.135	0.013000000000000001
2456446.7851	17.136	0.013000000000000001
2456448.74291	17.113	0.013000000000000001
2456450.66458	17.087	0.013000000000000001
2456452.61791	17.085	0.011000000000000001
2456455.62734	17.129	0.013000000000000001
2456458.59147	17.102	0.017
2456460.57879	17.094	0.019
2456462.8771599997	17.124000000000002	0.017
2456464.8791400003	17.137999999999998	0.017
2456472.6489	17.117	0.015
2456474.8297599996	17.119	0.017
2456476.76163	17.105	0.013000000000000001
2456479.71525	17.111	0.017
2456482.79192	17.084	0.021
2456486.6774	17.113	0.013000000000000001
2456489.78863	17.105	0.017
2456492.53833	17.09	0.017
2456497.79929	17.12	0.021
2456501.64342	17.127	0.015
2456507.64519	17.123	0.019
2456510.5746400002	17.094	0.013000000000000001
2456515.63225	17.104	0.013000000000000001
2456529.5890200003	17.116	0.015
2456534.65992	17.101	0.017
2456543.66115	17.102	0.013000000000000001
2456556.65052	17.113	0.019
2456565.55578	17.117	0.015
2456569.5263900002	17.119	0.013000000000000001
2456572.4906599997	17.107	0.019
2456575.4942099997	17.144000000000002	0.023
2456579.57256	17.17	0.019
2456583.57503	17.074	0.021
2456593.54172	17.096	0.017
2456599.52403	17.107	0.015
2456707.89645	17.116	0.019
2456716.88644	17.102999999999998	0.013000000000000001
2456719.86457	17.095	0.015
2456721.8832799997	17.092	0.015
2456724.8043	17.11	0.017
2456726.8073	17.118	0.017
2456728.7965	17.076	0.013000000000000001
2456729.91022	17.097	0.017
2456732.8418	17.109	0.021
2456734.77793	17.078	0.017
2456735.88122	17.104	0.017
2456737.82402	17.082	0.013000000000000001
2456744.80666	17.116	0.013000000000000001
2456745.89348	17.127	0.013000000000000001
2456751.9095099997	17.105999999999998	0.011000000000000001
2456756.8247700003	17.11	0.013000000000000001
2456759.8906400003	17.101	0.011000000000000001
2456762.8973	17.093	0.013000000000000001
2456765.81494	17.095	0.013000000000000001
2456770.7464099997	17.12	0.015
2456772.90517	17.102	0.011000000000000001
2456775.8486099998	17.102999999999998	0.013000000000000001
2456784.79893	17.101	0.015
2456785.77594	17.105999999999998	0.013000000000000001
2456786.78512	17.119	0.013000000000000001
2456790.82579	17.121	0.017
2456792.7705200003	17.11	0.015
2456797.77343	17.1	0.017
2456803.8574099997	17.107	0.013000000000000001
2456805.72134	17.087	0.015
2456808.58802	17.102999999999998	0.023
2456809.89189	17.101	0.015
2456811.78369	17.117	0.017
2456814.8171599996	17.111	0.015
2456816.81353	17.102999999999998	0.015
2456817.69091	17.115	0.015
2456818.86293	17.098	0.017
2456823.92279	17.124000000000002	0.023
2456825.81408	17.098	0.017
2456827.60952	17.101	0.015
2456829.52046	17.104	0.023
2456830.78853	17.099	0.011000000000000001
2456832.8125	17.109	0.017
2456834.72987	17.101	0.015
2456836.65601	17.105	0.015
2456838.5087900003	17.081	0.021
2456839.7688700003	17.114	0.015
2456841.78173	17.104	0.017
2456844.71154	17.114	0.015
2456847.53883	17.119	0.017
2456851.73009	17.107	0.017
2456855.70922	17.096	0.015
2456857.62022	17.111	0.013000000000000001
2456859.7110900003	17.099	0.017
2456864.4750599996	17.077	0.023
2456871.61369	17.099	0.017
2456881.58832	17.098	0.017
2456885.5365400002	17.104	0.015
2456887.67927	17.108	0.013000000000000001
2456890.61389	17.113	0.017
2456896.60128	17.111	0.015
2456921.65112	17.089000000000002	0.015
2456926.55425	17.093	0.015
2456937.55139	17.105	0.019
2456942.51056	17.096	0.017
2456952.51362	17.088	0.019
2457085.8851900003	16.887999999999998	0.013000000000000001
2457088.8160200003	16.869	0.015
2457090.8511099997	16.851	0.015
2457092.85543	16.83	0.013000000000000001
2457093.8067900003	16.819000000000003	0.015
2457098.7988299998	16.735	0.013000000000000001
2457100.78663	16.71	0.013000000000000001
2457102.83534	16.655	0.013000000000000001
2457110.77441	16.386	0.009000000000000001
2457112.76006	16.314	0.013000000000000001
2457113.8699	16.298	0.009000000000000001
2457117.73813	16.309	0.011000000000000001
2457120.7932700003	16.42	0.011000000000000001
2457129.7538799997	16.718	0.011000000000000001
2457131.90845	16.758	0.011000000000000001
2457135.71592	16.829	0.013000000000000001
2457137.84065	16.84	0.011000000000000001
2457140.6650900003	16.884	0.019
2457142.73135	16.906	0.013000000000000001
2457145.78526	16.91	0.013000000000000001
2457147.7135799997	16.965999999999998	0.019
2457153.76302	16.965999999999998	0.011000000000000001
2457155.77716	16.986	0.013000000000000001
2457158.65555	17.009	0.015
2457160.61816	16.991	0.019
2457161.93656	17.023	0.015
2457163.88664	17.015	0.015
2457166.90725	17.024	0.015
2457170.75715	17.017	0.015
2457173.6765799997	17.032	0.017
2457174.91812	17.079	0.017
2457179.93898	17.065	0.023
2457181.79147	17.08	0.017
2457183.64494	17.024	0.017
2457184.92623	17.047	0.017
2457187.55609	17.057000000000002	0.019
2457188.85621	17.086	0.021
2457190.8136299998	17.057000000000002	0.015
2457193.68847	17.073	0.013000000000000001
2457197.72257	17.079	0.015
2457199.60623	17.067	0.015
2457200.8482	17.057000000000002	0.013000000000000001
2457206.6236099997	17.087	0.021
2457208.53657	17.077	0.015
2457211.7933799997	17.099	0.017
2457219.56991	17.069000000000003	0.019
2457221.5492599998	17.086	0.017
2457223.53778	17.08	0.019
2457225.54646	17.084	0.015
2457227.64594	17.094	0.013000000000000001
2457229.6395400004	17.089000000000002	0.015
2457230.47328	17.08	0.023
2457253.49525	17.11	0.017
2457257.66147	17.096	0.015
2457258.5816099998	17.101	0.019
2457264.63075	17.088	0.017
2457268.70715	17.095	0.015
2457272.63798	17.125	0.021
2457278.60322	17.084	0.015
2457294.51495	17.112000000000002	0.021
2457299.5655099996	17.097	0.017
2457311.55455	17.086	0.017
2457322.5411099996	17.167	0.027000000000000003
2457328.5156799997	17.218	0.031
2457333.50948	17.069000000000003	0.023
2457431.8738700002	17.141	0.017
2457432.88217	17.073	0.019
2457433.87484	17.099	0.017
2457434.87151	17.089000000000002	0.019
2457437.86778	17.116	0.015
2457440.8542	17.076	0.017
2457442.8931299997	17.095	0.023
2457443.88708	17.094	0.017
2457444.86497	17.075	0.019
2457446.88023	17.109	0.015
2457448.90391	17.123	0.015
2457449.8399799997	17.146	0.028999999999999998
2457452.86502	17.095	0.013000000000000001
2457455.82224	17.129	0.017
2457457.83963	17.1	0.019
2457460.85897	17.096	0.015
2457462.8500099997	17.095	0.013000000000000001
2457465.81794	17.1	0.015
2457467.89623	17.093	0.013000000000000001
2457471.81769	17.104	0.019
2457472.90129	17.098	0.017
2457474.89198	17.105	0.015
2457476.8295400003	17.119	0.017
2457480.89044	17.101	0.017
2457485.80333	17.105	0.015
2457486.92333	17.105	0.021
2457488.8191400003	17.124000000000002	0.015
2457491.82796	17.1	0.015
2457492.8554	17.1	0.013000000000000001
2457493.84343	17.111	0.011000000000000001
2457494.83984	17.107	0.013000000000000001
2457495.80005	17.097	0.015
2457498.70609	17.109	0.023
2457499.6984	17.134	0.021
2457499.89965	17.105999999999998	0.015
2457500.83879	17.116	0.017
2457509.74735	17.081	0.015
2457511.81041	17.11	0.013000000000000001
2457518.7431	17.101	0.017
2457526.6362	17.107	0.021
2457528.87289	17.139	0.019
2457530.88598	17.149	0.019
2457536.64971	17.085	0.017
2457545.8029400003	17.107	0.015
2457546.83564	17.098	0.015
2457547.7867400004	17.127	0.015
2457549.64348	17.089000000000002	0.015
2457550.6376900002	17.096	0.017
2457554.59442	17.095	0.017
2457555.72627	17.083	0.015
2457557.6664400003	17.102999999999998	0.015
2457561.8288	17.111	0.017
2457566.69836	17.101	0.015
2457567.6320700003	17.108	0.017
2457568.61601	17.095	0.015
2457569.64381	17.097	0.015
2457575.69411	17.107	0.013000000000000001
2457577.58091	17.094	0.015
2457584.6756700003	17.101	0.017
2457590.52904	17.076	0.019
2457593.70741	17.092	0.015
2457600.5269400002	17.124000000000002	0.019
2457602.76108	17.063	0.015
2457604.66908	17.088	0.013000000000000001
2457607.5332	17.104	0.015
2457609.60735	17.109	0.015
2457612.56907	17.113	0.025
2457617.63924	17.105	0.019
2457621.70935	17.156	0.021
2457624.6117599998	17.105999999999998	0.015
2457630.65744	17.105	0.015
2457635.5106599997	17.111	0.017
2457639.54137	17.095	0.017
2457648.60831	17.097	0.017
2457650.56344	17.092	0.015
2457653.4873099998	17.115	0.015
2457655.56125	17.102999999999998	0.015
2457661.57626	17.090999999999998	0.017
2457666.55883	17.1	0.017
2457672.53428	17.107	0.019
