2455377.6880900003	19.547	0.11699999999999999
2455378.52739	19.651	0.121
2455378.82773	19.554000000000002	0.114
2455379.73459	19.538	0.105
2455380.81671	19.666	0.16899999999999998
2455381.69176	19.741	0.16699999999999998
2455382.5554299997	19.663	0.204
2455382.76218	19.637	0.182
2455385.51443	19.558	0.098
2455386.48864	19.532	0.102
2455386.57084	19.528	0.09300000000000001
2455386.6545	19.689	0.111
2455386.7862400003	19.453	0.083
2455387.77108	19.58	0.098
2455388.6822099998	19.722	0.105
2455389.54916	19.44	0.12
2455390.55666	19.516	0.121
2455390.81366	19.477	0.10099999999999999
2455391.7995700003	19.505	0.11699999999999999
2455392.66927	19.586	0.10400000000000001
2455393.70799	19.527	0.12300000000000001
2455396.60403	19.494	0.12
2455397.66743	19.463	0.129
2455402.67733	19.426	0.154
2455403.63965	19.33	0.096
2455404.51111	19.385	0.114
2455404.7082700003	19.564	0.14400000000000002
2455405.72393	19.535999999999998	0.11900000000000001
2455407.57725	19.625	0.156
2455407.77094	19.49	0.141
2455408.7004	19.53	0.11900000000000001
2455409.63337	19.63	0.09
2455410.63687	19.498	0.08900000000000001
2455411.6735400003	19.506	0.07400000000000001
2455412.63422	19.508	0.12
2455413.66493	19.44	0.068
2455414.71227	19.597	0.09
2455418.6024700003	19.554000000000002	0.09300000000000001
2455421.6296200003	19.718	0.12
2455422.67529	19.465999999999998	0.09300000000000001
2455425.53933	19.465999999999998	0.09
2455430.55008	19.617	0.156
2455431.54532	19.671	0.138
2455434.5097	19.44	0.139
2455435.4813	19.484	0.135
2455436.47925	19.679000000000002	0.17800000000000002
2455438.5145400004	19.574	0.145
2455439.5827200003	19.57	0.14400000000000002
2455443.5969599998	19.436	0.114
2455444.6222599996	19.588	0.151
2455446.50397	19.672	0.12
2455447.52046	19.363	0.09300000000000001
2455448.61882	19.522000000000002	0.11599999999999999
2455450.53287	19.472	0.124
2455451.6627	19.505	0.11699999999999999
2455457.55828	19.544	0.08900000000000001
2455458.58841	19.567	0.129
2455459.61955	19.332	0.105
2455461.50166	19.517	0.161
2455462.51651	19.548	0.135
2455465.52569	19.663	0.157
2455469.52038	19.558	0.092
2455471.5635900004	19.599	0.113
2455473.49133	19.614	0.175
2455477.54231	19.631	0.166
2455480.53583	19.658	0.145
2455485.52778	19.598	0.16699999999999998
2455487.52113	19.766	0.153
2455489.51993	19.459	0.154
2455492.54053	19.448	0.22399999999999998
2455497.52539	19.637999999999998	0.157
2455597.8594299997	19.555999999999997	0.14800000000000002
2455598.85162	19.304000000000002	0.105
2455599.8554700003	19.495	0.111
2455600.85194	19.599	0.135
2455607.88516	19.46	0.10099999999999999
2455614.8818599996	19.415	0.107
2455620.86194	19.43	0.098
2455624.82266	19.512	0.107
2455625.78472	19.628	0.16699999999999998
2455627.8095	19.705	0.132
2455629.7888700003	19.725	0.145
2455630.78142	19.429000000000002	0.098
2455632.7786	19.778	0.21899999999999997
2455634.76305	19.532	0.132
2455635.8366900003	19.387	0.151
2455638.75678	19.512	0.187
2455639.79867	19.660999999999998	0.147
2455640.89494	19.352	0.10400000000000001
2455643.75073	19.586	0.151
2455644.89511	19.364	0.12
2455648.75306	19.502	0.113
2455649.89117	19.506	0.083
2455651.8275	19.469	0.08900000000000001
2455654.78577	19.487000000000002	0.096
2455655.89652	19.535	0.11
2455657.9259599997	19.441	0.158
2455659.80803	19.499000000000002	0.095
2455660.92335	19.415	0.184
2455664.7924	19.631	0.141
2455665.9171	19.625999999999998	0.095
2455669.7788400003	19.639	0.121
2455675.73724	19.497	0.113
2455676.93059	19.801	0.161
2455679.8866	19.588	0.10400000000000001
2455681.75569	19.521	0.092
2455683.7009799997	19.518	0.084
2455684.9348400002	19.396	0.16
2455686.9196900004	19.609	0.11699999999999999
2455690.61978	19.471	0.141
2455691.84297	19.541	0.10400000000000001
2455693.65082	19.52	0.11900000000000001
2455694.7700099996	19.410999999999998	0.09
2455695.90614	19.493	0.092
2455697.6434400002	19.59	0.142
2455698.73921	19.444000000000003	0.14800000000000002
2455705.77069	19.404	0.107
2455707.70068	19.45	0.102
2455708.77325	19.668	0.126
2455712.78139	19.587	0.092
2455715.65877	19.554000000000002	0.095
2455716.82977	19.616	0.11900000000000001
2455722.66162	19.508	0.09300000000000001
2455722.6751900003	19.64	0.111
2455723.8179900004	19.504	0.09
2455725.71532	19.469	0.08900000000000001
2455734.84732	19.344	0.135
2455736.66543	19.509	0.068
2455737.75522	19.452	0.077
2455739.57089	19.623	0.129
2455740.65145	19.455	0.114
2455741.7206099997	19.51	0.084
2455742.7338099997	19.585	0.086
2455743.84606	19.615	0.158
2455745.5167900003	19.621	0.145
2455746.7066200003	19.408	0.098
2455748.6601	19.485	0.102
2455752.58692	19.77	0.19399999999999998
2455760.75313	19.397000000000002	0.096
2455762.52896	19.54	0.127
2455763.66577	19.471	0.10400000000000001
2455764.75206	19.548	0.10099999999999999
2455766.5891299997	19.42	0.087
2455767.74291	19.682000000000002	0.139
2455769.51464	19.55	0.107
2455776.53088	19.570999999999998	0.17
2455778.50779	19.619	0.185
2455785.54278	19.469	0.182
2455787.49413	19.427	0.113
2455788.71098	19.432000000000002	0.2
2455793.54438	19.509	0.102
2455795.5446099997	19.744	0.158
2455801.54915	19.765	0.14800000000000002
2455804.61193	19.750999999999998	0.133
2455807.626	19.349	0.121
2455813.66516	19.669	0.12
2455817.56704	19.372	0.12300000000000001
2455819.64723	19.545	0.151
2455822.59065	19.527	0.12
2455827.58159	19.622	0.151
2455829.5502	19.43	0.08900000000000001
2455831.56046	19.526	0.12
2455833.5688400003	19.358	0.095
2455836.5631	19.503	0.161
2455840.58982	19.303	0.113
2455842.5512099997	19.285	0.135
2455844.55842	19.275	0.158
2455847.54953	19.215	0.19399999999999998
2455852.55219	19.557000000000002	0.172
2455977.88497	19.593	0.11
2455983.82385	19.583	0.127
2455986.80896	19.538	0.121
2455989.80198	19.587	0.132
2455991.85564	19.518	0.08900000000000001
2455994.79377	19.617	0.16399999999999998
2455996.81738	19.382	0.09
2455998.8257	19.486	0.098
2456003.8917	19.406	0.111
2456005.8771599997	19.612000000000002	0.09
2456007.85447	19.528	0.099
2456009.7799400003	19.401	0.083
2456010.8950400003	19.609	0.07400000000000001
2456012.83726	19.417	0.071
2456014.75949	19.695999999999998	0.10800000000000001
2456015.8429799997	19.417	0.065
2456017.7710599997	19.649	0.09
2456018.8645200003	19.519000000000002	0.11
2456020.74464	19.609	0.11599999999999999
2456021.80407	19.477999999999998	0.086
2456022.87565	19.488	0.087
2456025.7061799997	19.745	0.218
2456031.79762	19.598	0.10400000000000001
2456033.74591	19.505	0.096
2456036.70286	19.58	0.098
2456038.7400599997	19.609	0.11599999999999999
2456040.80762	19.438	0.095
2456047.73506	19.54	0.084
2456049.68395	19.418	0.09
2456050.8618900003	19.593	0.105
2456052.92444	19.516	0.10800000000000001
2456061.7877700003	19.426	0.086
2456062.91528	19.261	0.099
2456064.92781	19.48	0.099
2456066.7949900003	19.589000000000002	0.113
2456067.85649	19.479	0.081
2456069.68057	19.607	0.105
2456070.7461099997	19.576	0.09
2456071.82388	19.566	0.099
2456076.57853	19.444000000000003	0.099
2456077.80118	19.449	0.086
2456078.8755900003	19.68	0.129
2456079.94832	19.675	0.261
2456081.59446	19.433	0.129
2456082.66537	19.631	0.24
2456085.78865	19.653	0.141
2456086.7968200003	19.553	0.12
2456088.6535	19.365	0.071
2456092.83343	19.516	0.087
2456094.6071200003	19.658	0.16899999999999998
2456096.72603	19.658	0.12300000000000001
2456096.73882	19.660999999999998	0.135
2456097.90693	19.543	0.158
2456099.7547	19.665	0.161
2456101.5281	19.495	0.111
2456102.56783	19.563	0.138
2456103.58641	19.351	0.08900000000000001
2456104.66976	19.468	0.07400000000000001
2456105.72304	19.459	0.083
2456108.7965	19.525	0.10800000000000001
2456109.68492	19.694000000000003	0.18100000000000002
2456113.7516400004	19.296	0.11
2456114.85349	19.547	0.18100000000000002
2456116.57934	19.451	0.08
2456117.6702400004	19.524	0.087
2456118.72271	19.385	0.07400000000000001
2456119.72938	19.472	0.09
2456121.49204	19.515	0.08900000000000001
2456123.61548	19.624000000000002	0.113
2456124.7393799997	19.493	0.086
2456125.8309299997	19.858	0.19399999999999998
2456127.75645	19.734	0.147
2456132.5565	19.563	0.11699999999999999
2456134.55368	19.29	0.11900000000000001
2456136.55487	19.594	0.195
2456141.49805	19.399	0.11699999999999999
2456149.62085	19.442	0.10800000000000001
2456152.50162	19.660999999999998	0.11900000000000001
2456157.67917	19.71	0.138
2456159.5534099997	19.71	0.136
2456161.57229	19.512	0.11900000000000001
2456174.64945	19.384	0.151
2456179.59098	19.563	0.157
2456191.5035900003	19.742	0.187
2456196.53581	19.611	0.175
2456199.53352	19.54	0.19
2456211.50933	19.546	0.105
2456213.56306	19.525	0.151
2456218.5387	19.47	0.133
2456219.5701900003	19.31	0.127
2456233.54067	19.599	0.19399999999999998
2456238.52573	19.410999999999998	0.161
2456340.8906400003	19.533	0.09300000000000001
2456347.83311	19.441	0.107
2456350.87531	19.459	0.107
2456354.78683	19.343	0.13
2456362.83343	19.305	0.076
2456367.88648	19.529	0.076
2456370.77121	19.59	0.099
2456371.9034	19.42	0.068
2456372.89612	19.454	0.08
2456374.86394	19.43	0.09
2456376.82161	19.476	0.09
2456378.76714	19.514	0.098
2456379.88632	19.601	0.11
2456381.8503099997	19.548	0.084
2456386.7754900004	19.463	0.09
2456387.8708	19.57	0.099
2456389.79537	19.628	0.107
2456390.86145	19.463	0.083
2456393.8355099997	19.503	0.105
2456395.8388099996	19.418	0.07
2456397.81126	19.67	0.087
2456399.72677	19.391	0.08
2456401.75953	19.594	0.087
2456403.68768	19.51	0.10400000000000001
2456404.87379	19.561	0.092
2456407.80526	19.436	0.10400000000000001
2456415.72683	19.445	0.107
2456416.92177	19.273	0.076
2456418.7527900003	19.569000000000003	0.092
2456419.91527	19.43	0.09300000000000001
2456421.89483	19.576	0.127
2456423.8960599997	19.453	0.092
2456426.7662	19.535999999999998	0.083
2456428.89956	19.505	0.105
2456432.66836	19.644000000000002	0.129
2456433.77201	19.559	0.099
2456435.62075	19.694000000000003	0.16699999999999998
2456436.69172	19.62	0.11900000000000001
2456437.90861	19.366	0.156
2456442.75675	19.442	0.077
2456444.88497	19.667	0.139
2456446.92022	19.394000000000002	0.086
2456447.94515	19.908	0.222
2456449.58573	19.56	0.098
2456450.63555	19.54	0.087
2456451.69488	19.562	0.087
2456452.82407	19.585	0.077
2456454.86502	19.57	0.10099999999999999
2456456.7508799997	19.586	0.077
2456458.60379	19.570999999999998	0.114
2456459.65408	19.444000000000003	0.083
2456461.54395	19.393	0.114
2456462.82101	19.456	0.11
2456463.8681	19.421	0.10400000000000001
2456468.5899799997	19.662	0.157
2456469.75975	19.45	0.111
2456473.58091	19.397000000000002	0.083
2456474.65587	19.393	0.09
2456475.75005	19.584	0.113
2456476.80021	19.387999999999998	0.079
2456478.5616200003	19.439	0.111
2456480.6192099997	19.413	0.099
2456481.77422	19.497	0.11
2456485.62846	19.531	0.084
2456486.7587900003	19.567999999999998	0.095
2456489.51218	19.654	0.126
2456490.64108	19.588	0.095
2456491.7908900003	19.509	0.132
2456496.54404	19.8	0.20600000000000002
2456498.57575	19.574	0.08
2456500.6699	19.604	0.145
2456505.49225	19.47	0.10800000000000001
2456507.64304	19.656	0.142
2456509.60079	19.451	0.059000000000000004
2456511.48056	19.464000000000002	0.10099999999999999
2456514.75479	19.601	0.138
2456518.6024599997	19.524	0.079
2456523.5696900003	19.355999999999998	0.08
2456525.59058	19.904	0.218
2456531.5682	19.625	0.113
2456534.52599	19.377	0.098
2456539.50373	19.894000000000002	0.138
2456544.5473599997	19.383	0.083
2456559.56891	19.454	0.102
2456563.56347	19.51	0.11900000000000001
2456565.6181799998	19.535	0.11599999999999999
2456569.58069	19.47	0.095
2456572.5677400003	19.51	0.124
2456576.5144599997	19.813	0.305
2456576.5817299997	18.98	0.17600000000000002
2456581.52729	19.351	0.114
2456584.52862	19.445	0.16
2456701.86382	19.61	0.114
2456708.87168	19.458	0.099
2456714.83215	19.401	0.13
2456717.83501	19.381	0.13
2456720.80842	19.337	0.10099999999999999
2456722.83367	19.692999999999998	0.158
2456724.85574	19.455	0.099
2456726.85745	19.526	0.099
2456728.8496	19.435	0.07400000000000001
2456730.81976	19.488	0.133
2456732.8875599997	19.602	0.121
2456734.82996	19.524	0.10400000000000001
2456736.76811	19.594	0.17
2456737.7798599997	19.516	0.11699999999999999
2456741.86776	19.69	0.16399999999999998
2456742.81644	19.456	0.076
2456744.91458	19.308	0.073
2456746.82808	19.421	0.095
2456748.86678	19.506	0.08
2456751.7692299997	19.57	0.081
2456754.79232	19.464000000000002	0.111
2456756.83785	19.579	0.079
2456758.8775299997	19.462	0.099
2456760.82383	19.459	0.076
2456762.76975	19.465999999999998	0.086
2456764.73759	19.467	0.102
2456765.90999	19.500999999999998	0.11900000000000001
2456769.81434	19.352	0.079
2456771.69335	19.832	0.11900000000000001
2456772.85842	19.496	0.07400000000000001
2456774.7332	19.882	0.17
2456776.66459	19.236	0.09300000000000001
2456777.92573	19.508	0.102
2456790.6549299997	19.721	0.172
2456791.7097099996	19.523	0.142
2456792.73172	19.56	0.11900000000000001
2456792.75668	19.618	0.14400000000000002
2456796.81227	19.378	0.096
2456797.89949	19.554000000000002	0.14800000000000002
2456803.76243	19.505	0.071
2456804.77171	19.468	0.08
2456805.8311	19.535999999999998	0.11699999999999999
2456807.8141900003	19.511	0.13
2456808.83753	19.531	0.09
2456809.89047	19.509	0.11900000000000001
2456810.92005	19.527	0.13
2456811.93299	19.395	0.166
2456814.73917	19.423	0.08
2456815.80301	19.352999999999998	0.09
2456816.87678	19.366	0.13
2456817.93271	19.62	0.191
2456819.78897	19.537	0.201
2456824.6510799997	19.517	0.132
2456825.67013	19.469	0.10400000000000001
2456826.69082	19.493	0.084
2456827.77227	19.547	0.096
2456828.81905	19.653	0.105
2456829.79278	19.480999999999998	0.105
2456830.81995	19.401	0.077
2456832.57667	19.384	0.102
2456833.63967	19.653	0.113
2456834.64683	19.533	0.12
2456835.7211700003	19.516	0.098
2456836.7546599996	19.480999999999998	0.114
2456837.76579	19.465999999999998	0.10800000000000001
2456838.76601	19.4	0.111
2456839.782	19.465999999999998	0.11
2456841.52696	19.497	0.102
2456842.58152	19.695	0.156
2456844.61028	19.63	0.099
2456845.59857	19.514	0.098
2456847.58798	19.5	0.107
2456851.55417	19.333	0.10400000000000001
2456852.6170799998	19.472	0.145
2456855.69268	19.482	0.107
2456856.7174299997	19.727	0.11900000000000001
2456857.77019	19.44	0.099
2456859.5912900004	19.861	0.222
2456862.77661	19.574	0.133
2456864.53645	19.602	0.133
2456870.6099	19.43	0.105
2456873.47901	19.677	0.182
2456879.6675400003	19.688	0.195
2456881.6296900003	19.445999999999998	0.114
2456883.5269400002	19.519000000000002	0.113
2456885.7300400003	19.372	0.11900000000000001
2456887.64262	19.46	0.079
2456889.57648	19.482	0.081
2456891.4805099997	19.426	0.133
2456895.69415	19.842	0.161
2456909.54486	19.57	0.207
2456919.57774	19.616	0.132
2456924.53105	19.587	0.182
2456927.5282400004	19.545	0.16399999999999998
2456930.55716	19.358	0.16399999999999998
2456931.48291	19.244	0.16699999999999998
2456932.54641	19.664	0.28
2456938.56643	19.654	0.19
2456943.54652	19.551	0.158
2456949.53746	20.023	0.24600000000000002
2456952.54218	19.348	0.129
2456955.52991	19.485	0.107
2457066.8761299998	19.531	0.14800000000000002
2457071.84652	19.625	0.11
2457074.8706400003	19.488	0.129
2457075.84677	19.456	0.11900000000000001
2457077.83337	19.422	0.124
2457078.88705	19.428	0.077
2457081.8851	19.503	0.12
2457083.81085	19.575	0.129
2457084.80557	19.559	0.147
2457086.89206	19.429000000000002	0.095
2457089.79152	19.61	0.138
2457091.83447	19.565	0.111
2457093.85509	19.455	0.10099999999999999
2457098.89678	19.515	0.084
2457100.8930900004	19.493	0.095
2457108.83015	19.5	0.14400000000000002
2457109.77813	19.552	0.114
2457110.91538	19.385	0.077
2457112.86723	19.479	0.11599999999999999
2457113.88362	19.528	0.08900000000000001
2457115.90737	19.421	0.076
2457117.88436	19.405	0.083
2457119.92558	19.413	0.16699999999999998
2457125.8321700003	19.509	0.079
2457129.7822	19.49	0.086
2457131.69149	19.592	0.111
2457133.81047	19.500999999999998	0.14400000000000002
2457134.92803	19.436	0.11
2457136.79361	19.429000000000002	0.08900000000000001
2457137.9306	19.538	0.185
2457139.78362	19.543	0.087
2457140.91005	19.707	0.124
2457142.74497	19.541	0.092
2457143.85651	19.75	0.12300000000000001
2457145.8146	19.496	0.11699999999999999
2457146.84606	19.642	0.157
2457147.86651	19.507	0.15
2457153.7178	19.502	0.083
2457154.82494	19.484	0.098
2457155.90073	19.605	0.114
2457157.83487	19.395	0.08
2457158.92635	19.441	0.111
2457160.64783	19.391	0.107
2457161.72024	19.627	0.099
2457162.78879	19.552	0.113
2457163.84141	19.457	0.095
2457166.60459	19.757	0.182
2457168.8104	19.632	0.124
2457170.60757	19.485	0.10099999999999999
2457172.65419	19.467	0.136
2457173.67513	19.48	0.11900000000000001
2457174.68367	19.348	0.10400000000000001
2457175.69763	19.662	0.16399999999999998
2457176.92534	19.608	0.153
2457178.79559	19.705	0.154
2457179.65204	19.569000000000003	0.166
2457180.6474900004	19.500999999999998	0.126
2457181.64305	19.518	0.096
2457182.66076	19.582	0.11
2457183.67262	19.465	0.10800000000000001
2457184.71839	19.553	0.133
2457185.73893	19.434	0.113
2457186.89027	19.537	0.147
2457187.90314	19.5	0.12
2457189.60235	19.477	0.10800000000000001
2457190.65952	19.46	0.10099999999999999
2457191.84037	19.6	0.14400000000000002
2457194.71759	19.46	0.084
2457197.8040299998	19.298	0.09300000000000001
2457198.8319599996	19.327	0.17300000000000001
2457199.8313	19.739	0.135
2457200.81509	19.664	0.124
2457206.69617	19.504	0.161
2457207.7105	19.427	0.11699999999999999
2457211.8352099997	19.408	0.135
2457217.5858	19.515	0.126
2457221.50348	19.585	0.124
2457222.5658299997	19.500999999999998	0.127
2457223.70219	19.575	0.13
2457224.80376	19.439	0.136
2457226.70309	19.451	0.095
2457227.7137	19.56	0.098
2457228.76973	19.46	0.092
2457229.8053	19.601	0.13
2457235.7017	19.625	0.14400000000000002
2457249.60164	19.595	0.132
2457252.67472	19.554000000000002	0.121
2457255.62374	19.559	0.133
2457258.5331	19.493	0.193
2457263.53265	19.653	0.136
2457264.7079	19.680999999999997	0.195
2457267.7013	19.342	0.11
2457269.69858	19.444000000000003	0.10400000000000001
2457272.54798	19.750999999999998	0.17300000000000001
2457277.5018599997	19.617	0.14400000000000002
2457281.5276900004	19.822	0.19399999999999998
2457292.56864	19.236	0.158
2457295.56945	19.607	0.124
2457300.4912099997	19.689	0.188
2457317.5169900004	19.605	0.163
2457324.5021900004	19.421	0.182
2457329.5121400002	19.622	0.204
2457333.5106599997	20.26	0.361
2457436.83513	19.495	0.145
2457438.8815599997	19.41	0.10800000000000001
2457441.86945	19.566	0.132
2457445.8799400004	19.449	0.092
2457447.9013900002	19.539	0.154
2457451.8999	19.622	0.111
2457453.8848900003	19.515	0.077
2457456.84282	19.574	0.10099999999999999
2457458.84937	19.454	0.096
2457461.84935	19.352999999999998	0.07
2457463.89553	19.485	0.083
2457466.89587	19.512999999999998	0.098
2457470.85435	19.425	0.136
2457472.784	19.44	0.121
2457474.80244	19.590999999999998	0.11699999999999999
2457475.83374	19.467	0.166
2457476.78663	19.453	0.08900000000000001
2457479.81941	19.37	0.156
2457484.89967	19.377	0.09
2457486.82466	19.333	0.11
2457488.71974	19.505	0.098
2457491.73232	19.358	0.092
2457492.77894	19.347	0.076
2457493.76657	19.53	0.081
2457494.7497099997	19.454	0.08
2457495.7334	19.567999999999998	0.107
2457497.8790599997	19.457	0.095
2457498.88692	19.4	0.113
2457499.84	19.399	0.092
2457500.78109	19.64	0.17300000000000001
2457507.81697	19.565	0.095
2457508.86776	19.462	0.08
2457511.71472	19.423	0.077
2457512.91959	19.357	0.07400000000000001
2457523.8694700003	19.392	0.087
2457526.88389	19.207	0.10099999999999999
2457530.7486900003	19.325	0.107
2457534.87297	19.298	0.087
2457536.8690299997	19.581	0.121
2457546.72015	19.337	0.076
2457547.6465	19.375999999999998	0.087
2457548.8082	19.402	0.084
2457549.91011	19.845	0.156
2457550.88887	19.562	0.15
2457555.6308	19.305999999999997	0.096
2457557.56903	19.327	0.129
2457561.73225	19.504	0.105
2457566.58014	19.410999999999998	0.113
2457567.52342	19.21	0.124
2457567.84326	19.792	0.191
2457568.8667599997	19.522000000000002	0.18100000000000002
2457570.6693	19.462	0.08900000000000001
2457575.66517	19.428	0.095
2457576.67723	19.424	0.07400000000000001
2457579.7153	19.358	0.09300000000000001
2457584.5949	19.417	0.124
2457589.58776	19.123	0.10099999999999999
2457590.60388	19.512999999999998	0.099
2457593.58403	19.342	0.076
2457596.54329	19.398	0.07
2457600.5658400003	19.426	0.11699999999999999
2457602.6565799997	19.519000000000002	0.107
2457603.69721	19.367	0.07
2457604.70432	19.335	0.081
2457605.74554	19.406	0.114
2457607.71993	19.269000000000002	0.08
2457609.53871	19.344	0.105
2457610.69672	19.253	0.07400000000000001
2457612.6675299997	19.194000000000003	0.147
2457617.51603	19.433	0.14800000000000002
2457618.6434400002	19.512999999999998	0.14800000000000002
2457622.47762	19.242	0.09300000000000001
2457623.64757	19.166	0.076
2457625.59977	19.396	0.095
2457630.61069	19.307000000000002	0.079
2457632.61775	19.246	0.07400000000000001
2457636.5016900003	19.215	0.11699999999999999
2457638.54127	19.115	0.099
2457644.57068	19.21	0.15
2457649.48789	19.238	0.071
2457651.59391	19.22	0.098
2457657.57978	19.187	0.079
2457660.54262	19.129	0.102
2457672.5214400003	19.245	0.10400000000000001
2457679.53465	19.275	0.157
2457684.51855	19.072	0.12
2457797.86847	18.269000000000002	0.049
2457799.87764	18.367	0.055
2457801.86821	18.252	0.052000000000000005
2457803.86584	18.327	0.049
2457809.85005	18.191	0.04
2457811.8954	18.182000000000002	0.033
2457815.84705	18.09	0.031
2457817.89566	18.112000000000002	0.027000000000000003
2457820.8251400003	18.06	0.031
2457822.83481	18.049	0.042
2457824.86066	18.034000000000002	0.036000000000000004
2457826.85591	18.023	0.036000000000000004
2457828.8435	18.000999999999998	0.03
2457830.8632	17.952	0.027000000000000003
2457835.89903	17.898	0.027999999999999997
2457837.8972	17.949	0.025
2457839.90663	17.935	0.022000000000000002
2457841.90209	17.965999999999998	0.04
2457843.85783	17.922	0.027999999999999997
2457845.8012200003	17.894000000000002	0.024
2457847.74262	17.926	0.03
2457848.89085	17.933	0.022000000000000002
2457850.79733	17.926	0.027999999999999997
2457852.7492400003	17.958	0.045
2457854.85675	17.973	0.03
2457856.77586	17.952	0.033
2457858.87873	17.988	0.03
2457862.90859	18.085	0.03
2457865.81108	18.061	0.025
2457866.93084	18.047	0.034
2457868.8834	18.141	0.042
2457870.75945	18.11	0.024
2457871.91485	18.160999999999998	0.027999999999999997
2457873.76855	18.171	0.025
2457874.86013	18.157	0.034
2457876.75783	18.164	0.031
2457877.8511099997	18.219	0.031
2457879.71521	18.249000000000002	0.043
2457880.87278	18.259	0.039
2457882.83155	18.297	0.039
2457890.8890299997	18.392	0.07400000000000001
2457894.6052	18.421	0.05
2457895.59778	18.524	0.061
2457901.70828	18.587	0.047
2457902.82296	18.561	0.067
2457904.6268700003	18.552	0.052000000000000005
2457905.5921099996	18.526	0.05
2457905.93835	18.566	0.062
2457906.90663	18.637999999999998	0.055999999999999994
2457908.65161	18.622	0.055
2457909.58219	18.572	0.067
2457909.91457	18.607	0.062
2457910.85312	18.646	0.055
2457911.70547	18.597	0.068
2457916.75307	18.704	0.053
2457917.7421	18.788	0.057999999999999996
2457923.61985	18.778	0.059000000000000004
2457924.5885799997	18.838	0.059000000000000004
2457925.6123	18.8	0.068
2457926.6533	18.809	0.049
2457932.66652	18.847	0.09
2457933.6471700002	18.844	0.064
2457934.68732	18.85	0.049
2457935.68333	18.921	0.055999999999999994
2457936.6702099997	18.887999999999998	0.055
2457937.64426	18.921	0.061
2457944.47478	18.985	0.105
2457944.77739	19.027	0.084
2457945.69275	18.988	0.055999999999999994
2457946.63669	19.03	0.071
2457948.6912700003	18.982	0.071
2457949.741	18.948	0.084
2457953.6682	19.159000000000002	0.07
2457954.68891	19.059	0.055
2457956.67298	19.048	0.055999999999999994
2457958.62	19.201	0.099
2457959.63503	19.139	0.061
2457960.67285	19.125	0.067
2457961.7286099996	19.157	0.083
2457964.64587	19.219	0.08
2457966.58433	19.092	0.081
2457971.53372	19.042	0.129
2457973.66813	19.352999999999998	0.11599999999999999
2457975.47819	19.096	0.11599999999999999
2457980.58236	19.085	0.08900000000000001
2457982.5440700003	19.07	0.071
2457984.49186	19.343	0.12300000000000001
2457986.51232	19.141	0.064
2457990.4964900003	19.073	0.077
2457992.48141	19.17	0.073
2457993.64092	19.297	0.098
2458001.5777	19.185	0.096
2458004.58047	19.396	0.135
2458010.5874099997	19.345	0.15
2458014.54074	19.179000000000002	0.07400000000000001
2458017.57118	19.285	0.10400000000000001
2458032.53585	19.333	0.14800000000000002
2458035.55054	19.282	0.126
2458048.5197099997	19.489	0.111
2458054.5139900004	19.371	0.188
2458057.51343	19.627	0.225
