2455377.6880900003	16.057000000000002	0.009000000000000001
2455378.52739	16.06	0.009000000000000001
2455378.82773	16.037	0.009000000000000001
2455379.73459	16.052	0.009000000000000001
2455380.81671	16.041	0.01
2455381.69176	16.04	0.01
2455382.5554299997	16.069000000000003	0.012
2455382.76218	16.035999999999998	0.012
2455385.51443	16.042	0.009000000000000001
2455386.48864	16.051	0.009000000000000001
2455386.57084	16.052	0.009000000000000001
2455386.6545	16.051	0.009000000000000001
2455386.7862400003	16.042	0.009000000000000001
2455387.77108	16.048	0.009000000000000001
2455388.6822099998	16.041	0.009000000000000001
2455389.54916	16.048	0.01
2455390.55666	16.045	0.01
2455390.81366	16.04	0.009000000000000001
2455391.7995700003	16.043	0.009000000000000001
2455392.66927	16.06	0.009000000000000001
2455393.70799	16.057000000000002	0.01
2455396.60403	16.057000000000002	0.01
2455397.66743	16.067999999999998	0.01
2455402.67733	16.062	0.012
2455403.63965	16.048	0.009000000000000001
2455404.51111	16.06	0.01
2455404.7082700003	16.05	0.01
2455405.72393	16.043	0.009000000000000001
2455407.57725	16.031	0.01
2455407.77094	16.06	0.01
2455408.7004	16.045	0.01
2455409.63337	16.044	0.009000000000000001
2455410.63687	16.053	0.009000000000000001
2455411.6735400003	16.058	0.009000000000000001
2455412.63422	16.047	0.01
2455413.66493	16.048	0.006999999999999999
2455414.71227	16.051	0.009000000000000001
2455418.6024700003	16.059	0.009000000000000001
2455421.6296200003	16.062	0.009000000000000001
2455422.67529	16.061	0.009000000000000001
2455425.53933	16.057000000000002	0.009000000000000001
2455430.55008	16.048	0.01
2455431.54532	16.063	0.009000000000000001
2455434.5097	16.061	0.01
2455435.4813	16.055	0.01
2455436.47925	16.055999999999997	0.01
2455438.5145400004	16.048	0.01
2455439.5827200003	16.045	0.01
2455443.5969599998	16.045	0.01
2455444.6222599996	16.052	0.01
2455446.50397	16.052	0.009000000000000001
2455447.52046	16.055999999999997	0.009000000000000001
2455448.61882	16.052	0.009000000000000001
2455450.53287	16.046	0.01
2455451.6627	16.046	0.009000000000000001
2455457.55828	16.046	0.006999999999999999
2455458.58841	16.043	0.009000000000000001
2455459.61955	16.064	0.009000000000000001
2455461.50166	16.035999999999998	0.01
2455462.51651	16.044	0.01
2455465.52569	16.052	0.01
2455469.52038	16.047	0.009000000000000001
2455471.5635900004	16.052	0.009000000000000001
2455473.49133	16.049	0.01
2455477.54231	16.049	0.01
2455480.53583	16.052	0.01
2455485.52778	16.063	0.01
2455487.52113	16.053	0.009000000000000001
2455489.51993	16.047	0.01
2455492.54053	16.048	0.013000000000000001
2455497.52539	16.055	0.01
2455597.8594299997	16.043	0.01
2455598.85162	16.065	0.009000000000000001
2455599.8554700003	16.052	0.009000000000000001
2455600.85194	16.055999999999997	0.009000000000000001
2455607.88516	16.069000000000003	0.009000000000000001
2455614.8818599996	16.061	0.009000000000000001
2455620.86194	16.037	0.009000000000000001
2455624.82266	16.046	0.009000000000000001
2455625.78472	16.067999999999998	0.012
2455627.8095	16.04	0.009000000000000001
2455629.7888700003	16.038	0.009000000000000001
2455630.78142	16.043	0.009000000000000001
2455632.7786	16.042	0.012
2455634.76305	16.055	0.01
2455635.8366900003	16.067999999999998	0.012
2455638.75678	16.049	0.012
2455639.79867	16.055999999999997	0.01
2455640.89494	16.05	0.009000000000000001
2455643.75073	16.059	0.01
2455644.89511	16.06	0.01
2455648.75306	16.058	0.009000000000000001
2455649.89117	16.053	0.009000000000000001
2455651.8275	16.057000000000002	0.009000000000000001
2455654.78577	16.057000000000002	0.009000000000000001
2455655.89652	16.055	0.009000000000000001
2455657.9259599997	16.048	0.01
2455659.80803	16.06	0.009000000000000001
2455660.92335	16.052	0.012
2455664.7924	16.045	0.009000000000000001
2455665.9171	16.048	0.009000000000000001
2455669.7788400003	16.063	0.009000000000000001
2455675.73724	16.049	0.009000000000000001
2455676.93059	16.052	0.009000000000000001
2455679.8866	16.054000000000002	0.009000000000000001
2455681.75569	16.052	0.009000000000000001
2455683.7009799997	16.051	0.009000000000000001
2455684.9348400002	16.051	0.01
2455686.9196900004	16.041	0.009000000000000001
2455690.61978	16.041	0.009000000000000001
2455691.84297	16.059	0.009000000000000001
2455693.65082	16.049	0.009000000000000001
2455694.7700099996	16.058	0.009000000000000001
2455695.90614	16.052	0.009000000000000001
2455697.6434400002	16.055	0.009000000000000001
2455698.73921	16.051	0.01
2455705.77069	16.046	0.009000000000000001
2455707.70068	16.044	0.009000000000000001
2455708.77325	16.049	0.009000000000000001
2455712.78139	16.045	0.006999999999999999
2455715.65877	16.049	0.009000000000000001
2455716.82977	16.057000000000002	0.009000000000000001
2455722.66162	16.046	0.009000000000000001
2455722.6751900003	16.048	0.009000000000000001
2455723.8179900004	16.048	0.006999999999999999
2455725.71532	16.052	0.009000000000000001
2455734.84732	16.043	0.01
2455736.66543	16.046	0.006999999999999999
2455737.75522	16.046	0.006999999999999999
2455739.57089	16.044	0.009000000000000001
2455740.65145	16.067	0.009000000000000001
2455741.7206099997	16.051	0.009000000000000001
2455742.7338099997	16.055	0.006999999999999999
2455743.84606	16.051	0.01
2455745.5167900003	16.053	0.01
2455746.7066200003	16.059	0.009000000000000001
2455748.6601	16.055999999999997	0.009000000000000001
2455752.58692	16.04	0.01
2455760.75313	16.038	0.009000000000000001
2455762.52896	16.051	0.009000000000000001
2455763.66577	16.034000000000002	0.009000000000000001
2455764.75206	16.047	0.009000000000000001
2455766.5891299997	16.055	0.009000000000000001
2455767.74291	16.042	0.009000000000000001
2455769.51464	16.052	0.009000000000000001
2455776.53088	16.054000000000002	0.012
2455778.50779	16.072	0.012
2455785.54278	16.055	0.012
2455787.49413	16.059	0.009000000000000001
2455788.71098	16.039	0.012
2455793.54438	16.044	0.009000000000000001
2455795.5446099997	16.035999999999998	0.01
2455801.54915	16.044	0.009000000000000001
2455804.61193	16.059	0.009000000000000001
2455807.626	16.035	0.01
2455813.66516	16.049	0.009000000000000001
2455817.56704	16.065	0.01
2455819.64723	16.051	0.009000000000000001
2455822.59065	16.054000000000002	0.009000000000000001
2455827.58159	16.05	0.009000000000000001
2455829.5502	16.053	0.009000000000000001
2455831.56046	16.046	0.009000000000000001
2455833.5688400003	16.057000000000002	0.009000000000000001
2455836.5631	16.04	0.01
2455840.58982	16.041	0.009000000000000001
2455842.5512099997	16.046	0.01
2455844.55842	16.078	0.012
2455847.54953	16.051	0.015
2455852.55219	16.06	0.01
2455857.53528	16.105999999999998	0.01
2455977.88497	16.045	0.009000000000000001
2455983.82385	16.05	0.009000000000000001
2455986.80896	16.051	0.009000000000000001
2455989.80198	16.059	0.009000000000000001
2455991.85564	16.055	0.006999999999999999
2455994.79377	16.054000000000002	0.009000000000000001
2455996.81738	16.055	0.006999999999999999
2455998.8257	16.053	0.006999999999999999
2456003.8917	16.042	0.009000000000000001
2456005.8771599997	16.044	0.006999999999999999
2456007.85447	16.048	0.009000000000000001
2456009.7799400003	16.049	0.006999999999999999
2456010.8950400003	16.065	0.006999999999999999
2456012.83726	16.048	0.006999999999999999
2456014.75949	16.055999999999997	0.006999999999999999
2456015.8429799997	16.046	0.006999999999999999
2456017.7710599997	16.049	0.006999999999999999
2456018.8645200003	16.059	0.009000000000000001
2456020.74464	16.041	0.009000000000000001
2456021.80407	16.055999999999997	0.006999999999999999
2456022.87565	16.047	0.006999999999999999
2456025.7061799997	16.065	0.01
2456031.79762	16.064	0.009000000000000001
2456033.74591	16.058	0.009000000000000001
2456036.70286	16.061	0.006999999999999999
2456038.7400599997	16.049	0.009000000000000001
2456040.80762	16.058	0.009000000000000001
2456047.73506	16.053	0.006999999999999999
2456049.68395	16.067	0.009000000000000001
2456050.8618900003	16.043	0.009000000000000001
2456052.92444	16.049	0.009000000000000001
2456061.7877700003	16.061	0.009000000000000001
2456062.91528	16.053	0.009000000000000001
2456064.92781	16.038	0.009000000000000001
2456066.7949900003	16.052	0.009000000000000001
2456067.85649	16.047	0.006999999999999999
2456069.68057	16.043	0.006999999999999999
2456070.7461099997	16.057000000000002	0.006999999999999999
2456071.82388	16.047	0.006999999999999999
2456076.57853	16.055	0.009000000000000001
2456077.80118	16.070999999999998	0.006999999999999999
2456078.8755900003	16.054000000000002	0.009000000000000001
2456079.94832	16.049	0.012
2456081.59446	16.039	0.009000000000000001
2456082.66537	16.046	0.012
2456085.78865	16.054000000000002	0.009000000000000001
2456086.7968200003	16.057000000000002	0.009000000000000001
2456088.6535	16.043	0.006999999999999999
2456092.83343	16.053	0.006999999999999999
2456094.6071200003	16.047	0.01
2456096.72603	16.044	0.009000000000000001
2456096.73882	16.05	0.009000000000000001
2456097.90693	16.05	0.01
2456099.7547	16.058	0.01
2456101.5281	16.047	0.009000000000000001
2456102.56783	16.045	0.009000000000000001
2456103.58641	16.037	0.006999999999999999
2456104.66976	16.052	0.006999999999999999
2456105.72304	16.052	0.006999999999999999
2456108.7965	16.051	0.009000000000000001
2456109.68492	16.051	0.009000000000000001
2456113.7516400004	16.038	0.009000000000000001
2456114.85349	16.06	0.01
2456116.57934	16.052	0.006999999999999999
2456117.6702400004	16.06	0.006999999999999999
2456118.72271	16.05	0.006999999999999999
2456119.72938	16.048	0.009000000000000001
2456121.49204	16.062	0.006999999999999999
2456123.61548	16.033	0.009000000000000001
2456124.7393799997	16.046	0.006999999999999999
2456125.8309299997	16.035	0.009000000000000001
2456127.75645	16.05	0.009000000000000001
2456132.5565	16.053	0.009000000000000001
2456134.55368	16.051	0.01
2456136.55487	16.06	0.012
2456141.49805	16.058	0.009000000000000001
2456149.62085	16.043	0.009000000000000001
2456152.50162	16.062	0.009000000000000001
2456157.67917	16.062	0.009000000000000001
2456159.5534099997	16.05	0.009000000000000001
2456161.57229	16.057000000000002	0.009000000000000001
2456174.64945	16.062	0.01
2456179.59098	16.023	0.01
2456191.5035900003	16.047	0.01
2456196.53581	16.078	0.01
2456199.53352	16.039	0.012
2456211.50933	16.053	0.009000000000000001
2456213.56306	16.033	0.01
2456218.5387	16.043	0.009000000000000001
2456219.5701900003	16.064	0.01
2456233.54067	16.042	0.01
2456238.52573	16.044	0.01
2456340.8906400003	16.067	0.006999999999999999
2456347.83311	16.066	0.009000000000000001
2456350.87531	16.042	0.009000000000000001
2456354.78683	16.054000000000002	0.01
2456362.83343	16.045	0.006999999999999999
2456367.88648	16.048	0.006999999999999999
2456370.77121	16.067	0.006999999999999999
2456371.9034	16.051	0.006999999999999999
2456372.89612	16.041	0.006999999999999999
2456374.86394	16.045	0.006999999999999999
2456376.82161	16.049	0.006999999999999999
2456378.76714	16.058	0.006999999999999999
2456379.88632	16.042	0.006999999999999999
2456381.8503099997	16.043	0.006999999999999999
2456386.7754900004	16.046	0.006999999999999999
2456387.8708	16.042	0.009000000000000001
2456389.79537	16.048	0.006999999999999999
2456390.86145	16.05	0.006999999999999999
2456393.8355099997	16.051	0.009000000000000001
2456395.8388099996	16.05	0.006999999999999999
2456397.81126	16.043	0.006999999999999999
2456399.72677	16.047	0.006999999999999999
2456401.75953	16.055	0.006999999999999999
2456403.68768	16.063	0.006999999999999999
2456404.87379	16.039	0.006999999999999999
2456407.80526	16.045	0.009000000000000001
2456415.72683	16.045	0.009000000000000001
2456416.92177	16.059	0.006999999999999999
2456418.7527900003	16.047	0.006999999999999999
2456419.91527	16.04	0.006999999999999999
2456421.89483	16.035999999999998	0.009000000000000001
2456423.8960599997	16.044	0.006999999999999999
2456426.7662	16.04	0.006999999999999999
2456428.89956	16.039	0.009000000000000001
2456432.66836	16.042	0.009000000000000001
2456433.77201	16.035999999999998	0.006999999999999999
2456435.62075	16.051	0.009000000000000001
2456436.69172	16.051	0.006999999999999999
2456437.90861	16.026	0.01
2456442.75675	16.046	0.006999999999999999
2456444.88497	16.052	0.009000000000000001
2456446.92022	16.053	0.006999999999999999
2456447.94515	16.039	0.009000000000000001
2456449.58573	16.032	0.006999999999999999
2456450.63555	16.047	0.006999999999999999
2456451.69488	16.063	0.006999999999999999
2456452.82407	16.05	0.006999999999999999
2456454.86502	16.042	0.006999999999999999
2456456.7508799997	16.049	0.006999999999999999
2456458.60379	16.054000000000002	0.009000000000000001
2456459.65408	16.05	0.006999999999999999
2456461.54395	16.046	0.009000000000000001
2456462.82101	16.062	0.009000000000000001
2456463.8681	16.049	0.009000000000000001
2456468.5899799997	16.065	0.009000000000000001
2456469.75975	16.067999999999998	0.009000000000000001
2456473.58091	16.032	0.006999999999999999
2456474.65587	16.052	0.009000000000000001
2456475.75005	16.043	0.009000000000000001
2456476.80021	16.048	0.006999999999999999
2456478.5616200003	16.046	0.009000000000000001
2456480.6192099997	16.067	0.009000000000000001
2456481.77422	16.045	0.009000000000000001
2456485.62846	16.049	0.006999999999999999
2456486.7587900003	16.047	0.006999999999999999
2456489.51218	16.05	0.009000000000000001
2456490.64108	16.055	0.006999999999999999
2456491.7908900003	16.055999999999997	0.009000000000000001
2456496.54404	16.045	0.01
2456498.57575	16.061	0.006999999999999999
2456500.6699	16.037	0.009000000000000001
2456505.49225	16.051	0.009000000000000001
2456507.64304	16.046	0.009000000000000001
2456509.60079	16.06	0.006999999999999999
2456511.48056	16.055999999999997	0.009000000000000001
2456514.75479	16.028	0.009000000000000001
2456518.6024599997	16.051	0.006999999999999999
2456523.5696900003	16.062	0.006999999999999999
2456525.59058	16.057000000000002	0.01
2456531.5682	16.059	0.009000000000000001
2456534.52599	16.052	0.009000000000000001
2456539.50373	16.05	0.009000000000000001
2456544.5473599997	16.042	0.006999999999999999
2456559.56891	16.06	0.006999999999999999
2456563.56347	16.039	0.009000000000000001
2456565.6181799998	16.048	0.006999999999999999
2456569.58069	16.055	0.006999999999999999
2456572.5677400003	16.042	0.009000000000000001
2456576.5144599997	16.038	0.012
2456576.5817299997	16.049	0.013000000000000001
2456581.52729	16.059	0.009000000000000001
2456584.52862	16.074	0.01
2456701.86382	16.055	0.006999999999999999
2456708.87168	16.042	0.006999999999999999
2456714.83215	16.057000000000002	0.01
2456717.83501	16.048	0.009000000000000001
2456720.80842	16.048	0.009000000000000001
2456722.83367	16.037	0.009000000000000001
2456724.85574	16.053	0.006999999999999999
2456726.85745	16.042	0.006999999999999999
2456728.8496	16.06	0.006999999999999999
2456730.81976	16.042	0.009000000000000001
2456732.8875599997	16.059	0.009000000000000001
2456734.82996	16.054000000000002	0.006999999999999999
2456736.76811	16.046	0.009000000000000001
2456737.7798599997	16.059	0.009000000000000001
2456741.86776	16.041	0.009000000000000001
2456742.81644	16.05	0.006999999999999999
2456744.91458	16.053	0.006999999999999999
2456746.82808	16.027	0.006999999999999999
2456748.86678	16.044	0.006999999999999999
2456751.7692299997	16.054000000000002	0.006999999999999999
2456754.79232	16.065	0.009000000000000001
2456756.83785	16.055	0.006999999999999999
2456758.8775299997	16.042	0.006999999999999999
2456760.82383	16.045	0.006999999999999999
2456762.76975	16.051	0.006999999999999999
2456764.73759	16.054000000000002	0.006999999999999999
2456765.90999	16.055999999999997	0.009000000000000001
2456769.81434	16.053	0.006999999999999999
2456771.69335	16.055	0.006999999999999999
2456772.85842	16.052	0.006999999999999999
2456774.7332	16.058	0.009000000000000001
2456776.66459	16.041	0.006999999999999999
2456777.92573	16.043	0.009000000000000001
2456790.6549299997	16.055	0.01
2456791.7097099996	16.06	0.01
2456792.73172	16.048	0.009000000000000001
2456792.75668	16.051	0.01
2456796.81227	16.053	0.009000000000000001
2456797.89949	16.035999999999998	0.009000000000000001
2456803.76243	16.057000000000002	0.006999999999999999
2456804.77171	16.047	0.009000000000000001
2456805.8311	16.058	0.009000000000000001
2456807.8141900003	16.052	0.01
2456808.83753	16.059	0.009000000000000001
2456809.89047	16.051	0.009000000000000001
2456810.92005	16.059	0.009000000000000001
2456811.93299	16.037	0.012
2456814.73917	16.045	0.009000000000000001
2456815.80301	16.049	0.009000000000000001
2456816.87678	16.037	0.01
2456817.93271	16.057000000000002	0.01
2456819.78897	16.045	0.012
2456824.6510799997	16.053	0.009000000000000001
2456825.67013	16.043	0.009000000000000001
2456826.69082	16.038	0.009000000000000001
2456827.77227	16.044	0.009000000000000001
2456828.81905	16.059	0.009000000000000001
2456829.79278	16.043	0.009000000000000001
2456830.81995	16.048	0.006999999999999999
2456832.57667	16.05	0.009000000000000001
2456833.63967	16.044	0.009000000000000001
2456834.64683	16.052	0.009000000000000001
2456835.7211700003	16.055999999999997	0.009000000000000001
2456836.7546599996	16.051	0.009000000000000001
2456837.76579	16.061	0.009000000000000001
2456838.76601	16.054000000000002	0.009000000000000001
2456839.782	16.044	0.009000000000000001
2456841.52696	16.062	0.009000000000000001
2456842.58152	16.057000000000002	0.01
2456844.61028	16.063	0.009000000000000001
2456845.59857	16.054000000000002	0.009000000000000001
2456847.58798	16.048	0.009000000000000001
2456851.55417	16.045	0.009000000000000001
2456852.6170799998	16.047	0.01
2456855.69268	16.05	0.009000000000000001
2456856.7174299997	16.044	0.009000000000000001
2456857.77019	16.042	0.009000000000000001
2456859.5912900004	16.04	0.01
2456862.77661	16.041	0.009000000000000001
2456864.53645	16.035999999999998	0.009000000000000001
2456870.6099	16.052	0.009000000000000001
2456873.47901	16.05	0.012
2456879.6675400003	16.042	0.01
2456881.6296900003	16.055	0.009000000000000001
2456883.5269400002	16.058	0.009000000000000001
2456885.7300400003	16.046	0.009000000000000001
2456887.64262	16.052	0.006999999999999999
2456889.57648	16.043	0.009000000000000001
2456891.4805099997	16.043	0.01
2456895.69415	16.055999999999997	0.009000000000000001
2456909.54486	16.049	0.012
2456919.57774	16.047	0.009000000000000001
2456924.53105	16.052	0.012
2456927.5282400004	16.04	0.01
2456930.55716	16.065	0.012
2456931.48291	16.04	0.012
2456932.54641	16.046	0.012
2456938.56643	16.046	0.01
2456943.54652	16.052	0.01
2456949.53746	16.055999999999997	0.009000000000000001
2456952.54218	16.047	0.01
2456955.52991	16.044	0.009000000000000001
2457066.8761299998	16.053	0.01
2457071.84652	16.049	0.009000000000000001
2457074.8706400003	16.063	0.01
2457075.84677	16.048	0.01
2457077.83337	16.055	0.01
2457078.88705	16.046	0.009000000000000001
2457081.8851	16.05	0.01
2457083.81085	16.057000000000002	0.009000000000000001
2457084.80557	16.044	0.01
2457086.89206	16.048	0.009000000000000001
2457089.79152	16.054000000000002	0.01
2457091.83447	16.051	0.009000000000000001
2457093.85509	16.043	0.009000000000000001
2457098.89678	16.052	0.006999999999999999
2457100.8930900004	16.05	0.009000000000000001
2457108.83015	16.059	0.01
2457109.77813	16.048	0.009000000000000001
2457110.91538	16.059	0.006999999999999999
2457112.86723	16.05	0.009000000000000001
2457113.88362	16.053	0.009000000000000001
2457115.90737	16.05	0.006999999999999999
2457117.88436	16.05	0.006999999999999999
2457119.92558	16.047	0.01
2457125.8321700003	16.048	0.006999999999999999
2457129.7822	16.042	0.009000000000000001
2457131.69149	16.044	0.009000000000000001
2457133.81047	16.053	0.01
2457134.92803	16.05	0.009000000000000001
2457136.79361	16.043	0.009000000000000001
2457137.9306	16.045	0.01
2457139.78362	16.051	0.006999999999999999
2457140.91005	16.05	0.009000000000000001
2457142.74497	16.054000000000002	0.009000000000000001
2457143.85651	16.05	0.009000000000000001
2457145.8146	16.053	0.009000000000000001
2457146.84606	16.049	0.01
2457147.86651	16.037	0.01
2457153.7178	16.06	0.006999999999999999
2457154.82494	16.058	0.009000000000000001
2457155.90073	16.055	0.009000000000000001
2457157.83487	16.053	0.009000000000000001
2457158.92635	16.058	0.009000000000000001
2457160.64783	16.059	0.009000000000000001
2457161.72024	16.052	0.006999999999999999
2457162.78879	16.048	0.009000000000000001
2457163.84141	16.058	0.009000000000000001
2457166.60459	16.041	0.01
2457168.8104	16.063	0.009000000000000001
2457170.60757	16.061	0.009000000000000001
2457172.65419	16.055	0.01
2457173.67513	16.049	0.009000000000000001
2457174.68367	16.059	0.009000000000000001
2457175.69763	16.041	0.009000000000000001
2457176.92534	16.067	0.009000000000000001
2457178.79559	16.049	0.009000000000000001
2457179.65204	16.053	0.01
2457180.6474900004	16.049	0.009000000000000001
2457181.64305	16.055	0.009000000000000001
2457182.66076	16.046	0.009000000000000001
2457183.67262	16.055999999999997	0.009000000000000001
2457184.71839	16.055	0.009000000000000001
2457185.73893	16.052	0.009000000000000001
2457186.89027	16.035999999999998	0.01
2457187.90314	16.053	0.009000000000000001
2457189.60235	16.052	0.009000000000000001
2457190.65952	16.051	0.009000000000000001
2457191.84037	16.05	0.01
2457194.71759	16.051	0.006999999999999999
2457197.8040299998	16.062	0.009000000000000001
2457198.8319599996	16.053	0.012
2457199.8313	16.046	0.009000000000000001
2457200.81509	16.039	0.009000000000000001
2457206.69617	16.041	0.01
2457207.7105	16.042	0.009000000000000001
2457211.8352099997	16.06	0.01
2457217.5858	16.054000000000002	0.009000000000000001
2457221.50348	16.046	0.009000000000000001
2457222.5658299997	16.045	0.009000000000000001
2457223.70219	16.041	0.009000000000000001
2457224.80376	16.058	0.01
2457226.70309	16.051	0.009000000000000001
2457227.7137	16.058	0.009000000000000001
2457228.76973	16.045	0.009000000000000001
2457229.8053	16.052	0.009000000000000001
2457235.7017	16.065	0.01
2457249.60164	16.041	0.009000000000000001
2457252.67472	16.055999999999997	0.009000000000000001
2457255.62374	16.049	0.009000000000000001
2457258.5331	16.046	0.01
2457263.53265	16.05	0.009000000000000001
2457264.7079	16.054000000000002	0.01
2457267.7013	16.047	0.009000000000000001
2457269.69858	16.049	0.009000000000000001
2457272.54798	16.041	0.009000000000000001
2457277.5018599997	16.034000000000002	0.01
2457281.5276900004	16.042	0.01
2457292.56864	16.039	0.012
2457295.56945	16.051	0.009000000000000001
2457300.4912099997	16.046	0.01
2457317.5169900004	16.057000000000002	0.01
2457324.5021900004	16.046	0.012
2457329.5121400002	16.057000000000002	0.012
2457333.5106599997	16.051	0.01
2457436.83513	16.049	0.01
2457438.8815599997	16.033	0.009000000000000001
2457441.86945	16.053	0.01
2457445.8799400004	16.044	0.009000000000000001
2457447.9013900002	16.041	0.01
2457451.8999	16.069000000000003	0.009000000000000001
2457453.8848900003	16.057000000000002	0.006999999999999999
2457456.84282	16.055999999999997	0.009000000000000001
2457458.84937	16.048	0.009000000000000001
2457461.84935	16.051	0.006999999999999999
2457463.89553	16.054000000000002	0.006999999999999999
2457466.89587	16.035	0.009000000000000001
2457470.85435	16.041	0.01
2457472.784	16.064	0.009000000000000001
2457474.80244	16.053	0.009000000000000001
2457475.83374	16.051	0.01
2457476.78663	16.052	0.009000000000000001
2457479.81941	16.070999999999998	0.01
2457484.89967	16.042	0.009000000000000001
2457486.82466	16.05	0.009000000000000001
2457488.71974	16.053	0.009000000000000001
2457491.73232	16.064	0.009000000000000001
2457492.77894	16.05	0.006999999999999999
2457493.76657	16.05	0.006999999999999999
2457494.7497099997	16.051	0.006999999999999999
2457495.7334	16.048	0.009000000000000001
2457497.8790599997	16.052	0.009000000000000001
2457498.88692	16.046	0.009000000000000001
2457499.84	16.051	0.009000000000000001
2457500.78109	16.045	0.01
2457507.81697	16.04	0.006999999999999999
2457508.86776	16.058	0.006999999999999999
2457511.71472	16.054000000000002	0.006999999999999999
2457512.91959	16.047	0.006999999999999999
2457523.8694700003	16.054000000000002	0.009000000000000001
2457526.88389	16.067999999999998	0.009000000000000001
2457530.7486900003	16.039	0.009000000000000001
2457534.87297	16.064	0.009000000000000001
2457536.8690299997	16.053	0.009000000000000001
2457546.72015	16.045	0.009000000000000001
2457547.6465	16.039	0.009000000000000001
2457548.8082	16.05	0.006999999999999999
2457549.91011	16.049	0.009000000000000001
2457550.88887	16.051	0.01
2457555.6308	16.054000000000002	0.009000000000000001
2457557.56903	16.043	0.01
2457561.73225	16.06	0.009000000000000001
2457566.58014	16.043	0.009000000000000001
2457567.52342	16.054000000000002	0.01
2457567.84326	16.054000000000002	0.01
2457568.8667599997	16.043	0.01
2457570.6693	16.052	0.006999999999999999
2457575.66517	16.05	0.009000000000000001
2457576.67723	16.052	0.006999999999999999
2457579.7153	16.057000000000002	0.006999999999999999
2457584.5949	16.055	0.01
2457589.58776	16.052	0.01
2457590.60388	16.06	0.009000000000000001
2457593.58403	16.044	0.009000000000000001
2457596.54329	16.049	0.006999999999999999
2457600.5658400003	16.042	0.01
2457602.6565799997	16.048	0.009000000000000001
2457603.69721	16.051	0.006999999999999999
2457604.70432	16.053	0.009000000000000001
2457605.74554	16.039	0.009000000000000001
2457607.71993	16.046	0.009000000000000001
2457609.53871	16.051	0.009000000000000001
2457610.69672	16.046	0.006999999999999999
2457612.6675299997	16.044	0.012
2457617.51603	16.043	0.01
2457618.6434400002	16.055999999999997	0.01
2457622.47762	16.054000000000002	0.009000000000000001
2457623.64757	16.05	0.009000000000000001
2457625.59977	16.045	0.009000000000000001
2457630.61069	16.055	0.009000000000000001
2457632.61775	16.062	0.009000000000000001
2457636.5016900003	16.054000000000002	0.01
2457638.54127	16.038	0.009000000000000001
2457644.57068	16.029	0.01
2457649.48789	16.058	0.006999999999999999
2457651.59391	16.062	0.009000000000000001
2457657.57978	16.052	0.009000000000000001
2457660.54262	16.052	0.01
2457672.5214400003	16.046	0.009000000000000001
2457679.53465	16.072	0.012
2457684.51855	16.043	0.01
2457797.86847	15.832	0.009000000000000001
2457799.87764	15.877	0.009000000000000001
2457801.86821	15.911	0.01
2457803.86584	15.942	0.01
2457809.85005	16.006	0.009000000000000001
2457811.8954	16.01	0.009000000000000001
2457815.84705	16.011	0.009000000000000001
2457817.89566	16.024	0.009000000000000001
2457820.8251400003	16.019000000000002	0.009000000000000001
2457822.83481	16.047	0.01
2457824.86066	16.041	0.01
2457826.85591	16.025	0.009000000000000001
2457828.8435	16.043	0.009000000000000001
2457830.8632	16.037	0.009000000000000001
2457835.89903	16.049	0.009000000000000001
2457837.8972	16.043	0.009000000000000001
2457839.90663	16.045	0.006999999999999999
2457841.90209	16.042	0.01
2457843.85783	16.047	0.009000000000000001
2457845.8012200003	16.05	0.009000000000000001
2457847.74262	16.052	0.009000000000000001
2457848.89085	16.051	0.009000000000000001
2457850.79733	16.048	0.009000000000000001
2457852.7492400003	16.049	0.012
2457854.85675	16.047	0.009000000000000001
2457856.77586	16.057000000000002	0.01
2457858.87873	16.046	0.009000000000000001
2457862.90859	16.053	0.009000000000000001
2457865.81108	16.052	0.006999999999999999
2457866.93084	16.053	0.009000000000000001
2457868.8834	16.051	0.01
2457870.75945	16.046	0.006999999999999999
2457871.91485	16.052	0.009000000000000001
2457873.76855	16.055999999999997	0.006999999999999999
2457874.86013	16.048	0.009000000000000001
2457876.75783	16.05	0.009000000000000001
2457877.8511099997	16.05	0.009000000000000001
2457879.71521	16.066	0.01
2457880.87278	16.053	0.009000000000000001
2457882.83155	16.052	0.009000000000000001
2457890.8890299997	16.058	0.012
2457894.6052	16.057000000000002	0.01
2457895.59778	16.055	0.01
2457901.70828	16.05	0.009000000000000001
2457902.82296	16.051	0.01
2457904.6268700003	16.043	0.009000000000000001
2457905.5921099996	16.051	0.01
2457905.93835	16.05	0.01
2457906.90663	16.053	0.009000000000000001
2457908.65161	16.052	0.009000000000000001
2457909.58219	16.042	0.01
2457909.91457	16.062	0.01
2457910.85312	16.063	0.009000000000000001
2457911.70547	16.057000000000002	0.01
2457916.75307	16.061	0.009000000000000001
2457917.7421	16.066	0.009000000000000001
2457923.61985	16.047	0.009000000000000001
2457924.5885799997	16.057000000000002	0.009000000000000001
2457925.6123	16.048	0.01
2457926.6533	16.055	0.009000000000000001
2457932.66652	16.045	0.012
2457933.6471700002	16.048	0.01
2457934.68732	16.059	0.009000000000000001
2457935.68333	16.054000000000002	0.009000000000000001
2457936.6702099997	16.048	0.009000000000000001
2457937.64426	16.047	0.009000000000000001
2457944.47478	16.043	0.012
2457944.77739	16.062	0.009000000000000001
2457945.69275	16.055	0.009000000000000001
2457946.63669	16.049	0.009000000000000001
2457948.6912700003	16.046	0.009000000000000001
2457949.741	16.057000000000002	0.01
2457953.6682	16.048	0.009000000000000001
2457954.68891	16.055999999999997	0.006999999999999999
2457956.67298	16.042	0.009000000000000001
2457958.62	16.048	0.01
2457959.63503	15.987	0.006999999999999999
2457960.67285	16.055999999999997	0.009000000000000001
2457961.7286099996	16.059	0.009000000000000001
2457964.64587	16.054000000000002	0.009000000000000001
2457966.58433	16.05	0.009000000000000001
2457971.53372	16.058	0.012
2457973.66813	16.055	0.01
2457975.47819	16.04	0.012
2457980.58236	16.061	0.01
2457982.5440700003	16.057000000000002	0.009000000000000001
2457984.49186	16.066	0.01
2457986.51232	16.058	0.009000000000000001
2457990.4964900003	16.049	0.009000000000000001
2457992.48141	16.057000000000002	0.009000000000000001
2457993.64092	16.051	0.009000000000000001
2458001.5777	16.045	0.009000000000000001
2458004.58047	16.049	0.01
2458010.5874099997	16.043	0.012
2458014.54074	16.051	0.009000000000000001
2458017.57118	16.057000000000002	0.009000000000000001
2458032.53585	16.052	0.01
2458035.55054	16.057000000000002	0.01
2458048.5197099997	16.051	0.009000000000000001
2458054.5139900004	16.044	0.012
2458057.51343	16.046	0.012
