2455379.53661	16.588	0.013000000000000001
2455380.5464	16.578	0.011000000000000001
2455381.63966	16.575	0.015
2455386.6984099997	16.564	0.011000000000000001
2455387.51299	16.578	0.011000000000000001
2455387.58407	16.574	0.011000000000000001
2455387.6581900003	16.564	0.009000000000000001
2455389.81568	16.575	0.011000000000000001
2455393.6458400004	16.576	0.013000000000000001
2455403.66736	16.589000000000002	0.013000000000000001
2455407.60617	16.574	0.013000000000000001
2455410.7099599997	16.599	0.011000000000000001
2455416.60894	16.583	0.013000000000000001
2455426.54755	16.596	0.011000000000000001
2455435.59465	16.577	0.013000000000000001
2455444.51016	16.588	0.013000000000000001
2455449.5523	16.570999999999998	0.013000000000000001
2455457.60763	16.572	0.011000000000000001
2455459.5723	16.588	0.013000000000000001
2455461.53157	16.573	0.021
2455463.52383	16.579	0.013000000000000001
2455464.5159299998	16.567	0.013000000000000001
2455469.54415	16.57	0.011000000000000001
2455472.53588	16.567999999999998	0.015
2455477.54747	16.574	0.013000000000000001
2455481.5098599996	16.582	0.015
2455486.55592	16.579	0.017
2455489.55277	16.583	0.017
2455497.50346	16.595	0.015
2455621.8901299997	16.601	0.011000000000000001
2455625.86314	16.595	0.011000000000000001
2455626.89334	16.578	0.013000000000000001
2455628.83857	16.58	0.011000000000000001
2455629.9053599997	16.602999999999998	0.013000000000000001
2455633.84846	16.579	0.011000000000000001
2455635.8813099996	16.58	0.013000000000000001
2455638.8209700002	16.59	0.013000000000000001
2455644.7847599997	16.599	0.015
2455651.78552	16.582	0.011000000000000001
2455656.80728	16.587	0.011000000000000001
2455660.7346099997	16.594	0.013000000000000001
2455665.84366	16.584	0.011000000000000001
2455670.9133099997	16.579	0.013000000000000001
2455672.79282	16.596	0.027000000000000003
2455677.7938900003	16.589000000000002	0.011000000000000001
2455681.80803	16.574	0.011000000000000001
2455684.92333	16.589000000000002	0.011000000000000001
2455689.75712	16.58	0.011000000000000001
2455693.83464	16.585	0.011000000000000001
2455696.66403	16.608	0.013000000000000001
2455698.80769	16.58	0.015
2455699.6362099997	16.578	0.017
2455708.6697400003	16.584	0.013000000000000001
2455714.60493	16.582	0.013000000000000001
2455714.61934	16.579	0.011000000000000001
2455721.79722	16.61	0.009000000000000001
2455724.67918	16.577	0.013000000000000001
2455724.6932599996	16.597	0.013000000000000001
2455736.82327	16.581	0.011000000000000001
2455739.66195	16.587	0.011000000000000001
2455741.74847	16.567	0.011000000000000001
2455744.77027	16.576	0.011000000000000001
2455747.6509	16.562	0.013000000000000001
2455761.71749	16.625	0.015
2455764.50327	16.585	0.011000000000000001
2455767.77259	16.586	0.013000000000000001
2455775.68713	16.581	0.011000000000000001
2455787.7411	16.581	0.015
2455793.70935	16.569000000000003	0.011000000000000001
2455801.5775599997	16.570999999999998	0.013000000000000001
2455806.5314	16.581	0.013000000000000001
2455809.48667	16.604	0.023
2455817.60839	16.570999999999998	0.013000000000000001
2455822.59282	16.567999999999998	0.011000000000000001
2455826.5641400004	16.569000000000003	0.013000000000000001
2455831.58753	16.597	0.011000000000000001
2455836.59975	16.585	0.013000000000000001
2455843.56452	16.582	0.013000000000000001
2455850.58358	16.575	0.011000000000000001
2455860.50392	16.578	0.015
2455982.84373	16.567	0.013000000000000001
2455988.82957	16.561	0.013000000000000001
2455993.82968	16.578	0.017
2455997.87294	16.586	0.011000000000000001
2456005.87964	16.6	0.011000000000000001
2456009.76524	16.607	0.011000000000000001
2456012.81746	16.605	0.011000000000000001
2456018.84038	16.567	0.011000000000000001
2456021.76845	16.57	0.011000000000000001
2456023.92283	16.589000000000002	0.013000000000000001
2456031.91659	16.601	0.013000000000000001
2456035.90173	16.605	0.011000000000000001
2456039.83362	16.584	0.011000000000000001
2456047.7499	16.595	0.011000000000000001
2456050.7007	16.58	0.013000000000000001
2456053.74156	16.595	0.011000000000000001
2456059.87726	16.607	0.011000000000000001
2456063.8094200003	16.586	0.013000000000000001
2456066.70546	16.582	0.011000000000000001
2456068.73288	16.587	0.011000000000000001
2456070.80799	16.592	0.011000000000000001
2456075.78338	16.589000000000002	0.009000000000000001
2456078.60198	16.596	0.013000000000000001
2456080.57483	16.577	0.013000000000000001
2456081.88335	16.567	0.013000000000000001
2456082.7176599996	16.582	0.017
2456087.81156	16.594	0.013000000000000001
2456093.57031	16.586	0.011000000000000001
2456096.62435	16.589000000000002	0.011000000000000001
2456098.76675	16.599	0.011000000000000001
2456101.59277	16.578	0.011000000000000001
2456103.5076099997	16.572	0.015
2456104.8379	16.594	0.011000000000000001
2456108.7982900003	16.596	0.011000000000000001
2456109.72304	16.577	0.013000000000000001
2456114.84273	16.609	0.015
2456116.82895	16.59	0.011000000000000001
2456118.76328	16.593	0.011000000000000001
2456120.76442	16.6	0.011000000000000001
2456123.7865299997	16.597	0.011000000000000001
2456125.83281	16.554000000000002	0.013000000000000001
2456130.7461099997	16.575	0.011000000000000001
2456134.59787	16.581	0.013000000000000001
2456137.5183099997	16.605	0.019
2456142.50095	16.572	0.017
2456150.54091	16.572	0.011000000000000001
2456154.5463099997	16.609	0.013000000000000001
2456160.61102	16.58	0.011000000000000001
2456165.63927	16.625	0.013000000000000001
2456172.63933	16.581	0.011000000000000001
2456181.56518	16.586	0.011000000000000001
2456186.54313	16.596	0.013000000000000001
2456196.55088	16.595	0.013000000000000001
2456204.58134	16.590999999999998	0.013000000000000001
2456212.5968400002	16.569000000000003	0.011000000000000001
2456218.49157	16.581	0.015
2456223.54078	16.595	0.013000000000000001
2456237.5353599996	16.585	0.013000000000000001
2456352.8273400003	16.58	0.011000000000000001
2456361.81264	16.593	0.011000000000000001
2456369.7806599997	16.585	0.011000000000000001
2456373.8993900004	16.581	0.011000000000000001
2456377.83625	16.586	0.009000000000000001
2456380.8868299997	16.602	0.011000000000000001
2456387.73623	16.589000000000002	0.011000000000000001
2456389.91596	16.574	0.011000000000000001
2456394.81235	16.563	0.011000000000000001
2456397.83947	16.597	0.009000000000000001
2456400.85777	16.578	0.011000000000000001
2456403.82485	16.585	0.009000000000000001
2456407.80684	16.587	0.011000000000000001
2456416.7568900003	16.607	0.011000000000000001
2456421.85016	16.59	0.011000000000000001
2456424.83982	16.582	0.009000000000000001
2456431.6441900004	16.594	0.013000000000000001
2456433.68609	16.595	0.013000000000000001
2456435.8365700003	16.574	0.011000000000000001
2456441.7308799997	16.619	0.013000000000000001
2456444.7824	16.605	0.011000000000000001
2456446.79855	16.594	0.009000000000000001
2456448.7579200002	16.598	0.009000000000000001
2456450.67785	16.597	0.009000000000000001
2456452.6315099997	16.584	0.009000000000000001
2456455.6924	16.596	0.009000000000000001
2456458.6055099997	16.587	0.011000000000000001
2456460.59788	16.587	0.011000000000000001
2456462.8905	16.598	0.013000000000000001
2456464.89084	16.57	0.011000000000000001
2456472.6625200002	16.59	0.011000000000000001
2456474.84295	16.575	0.013000000000000001
2456476.7751599997	16.607	0.009000000000000001
2456486.70084	16.607	0.011000000000000001
2456489.81406	16.582	0.013000000000000001
2456492.55359	16.582	0.011000000000000001
2456498.47516	16.594	0.011000000000000001
2456501.65691	16.601	0.011000000000000001
2456507.6715599997	16.6	0.015
2456510.59073	16.592	0.009000000000000001
2456529.60269	16.607	0.011000000000000001
2456535.5219799997	16.578	0.013000000000000001
2456558.50117	16.590999999999998	0.011000000000000001
2456563.6252599997	16.595	0.013000000000000001
2456570.56237	16.588	0.011000000000000001
2456575.4961	16.547	0.015
2456579.58319	16.590999999999998	0.013000000000000001
2456584.57725	16.592	0.017
2456593.54022	16.592	0.013000000000000001
2456599.51841	16.59	0.011000000000000001
2456698.8720299997	16.592	0.015
2456707.8982	16.601	0.013000000000000001
2456715.85646	16.602999999999998	0.009000000000000001
2456719.83545	16.608	0.011000000000000001
2456722.86744	16.588	0.011000000000000001
2456725.91048	16.58	0.015
2456728.88169	16.59	0.009000000000000001
2456731.91356	16.601	0.019
2456734.84776	16.588	0.011000000000000001
2456736.9035400003	16.605	0.009000000000000001
2456745.7763	16.587	0.011000000000000001
2456747.90268	16.597	0.009000000000000001
2456752.73988	16.581	0.011000000000000001
2456756.83908	16.588	0.009000000000000001
2456759.90586	16.586	0.009000000000000001
2456762.91241	16.589000000000002	0.011000000000000001
2456765.82969	16.581	0.011000000000000001
2456770.76081	16.579	0.009000000000000001
2456775.87432	16.586	0.009000000000000001
2456784.8128400003	16.597	0.011000000000000001
2456785.79096	16.581	0.011000000000000001
2456786.81157	16.598	0.011000000000000001
2456786.8361400003	16.578	0.011000000000000001
2456790.84144	16.601	0.013000000000000001
2456792.78327	16.584	0.013000000000000001
2456797.78711	16.582	0.011000000000000001
2456803.87105	16.583	0.011000000000000001
2456805.74713	16.587	0.011000000000000001
2456808.60335	16.59	0.013000000000000001
2456809.9064700003	16.582	0.013000000000000001
2456811.7985400003	16.58	0.013000000000000001
2456814.83189	16.574	0.011000000000000001
2456816.8284400003	16.585	0.011000000000000001
2456818.8782200003	16.588	0.011000000000000001
2456824.5523099997	16.59	0.017
2456825.82881	16.605	0.013000000000000001
2456827.62431	16.605	0.011000000000000001
2456829.53508	16.576	0.013000000000000001
2456830.80408	16.586	0.011000000000000001
2456832.8272	16.597	0.013000000000000001
2456834.74473	16.584	0.013000000000000001
2456836.6792900003	16.593	0.013000000000000001
2456838.5235599997	16.601	0.013000000000000001
2456839.78373	16.59	0.013000000000000001
2456841.79643	16.58	0.013000000000000001
2456844.72624	16.599	0.011000000000000001
2456847.55119	16.598	0.013000000000000001
2456851.7451299997	16.605	0.013000000000000001
2456855.7243	16.589000000000002	0.011000000000000001
2456857.64646	16.589000000000002	0.011000000000000001
2456859.72595	16.592	0.013000000000000001
2456864.49181	16.59	0.013000000000000001
2456871.63513	16.594	0.013000000000000001
2456881.6058	16.586	0.013000000000000001
2456885.56292	16.579	0.011000000000000001
2456887.6945700003	16.592	0.011000000000000001
2456890.6288	16.585	0.013000000000000001
2456896.61579	16.59	0.011000000000000001
2456922.48753	16.588	0.015
2456926.56891	16.597	0.013000000000000001
2456938.5685400004	16.586	0.015
2456955.54659	16.588	0.013000000000000001
2457085.8561400003	16.605999999999998	0.011000000000000001
2457089.81201	16.597	0.013000000000000001
2457092.82967	16.6	0.011000000000000001
2457093.80888	16.597	0.013000000000000001
2457099.87297	16.590999999999998	0.011000000000000001
2457109.82549	16.582	0.011000000000000001
2457112.7585400003	16.617	0.015
2457113.8846299998	16.589000000000002	0.011000000000000001
2457117.7366400003	16.579	0.013000000000000001
2457120.8057	16.584	0.011000000000000001
2457129.7686799997	16.593	0.011000000000000001
2457131.92336	16.586	0.011000000000000001
2457135.73028	16.595	0.011000000000000001
2457137.85798	16.602999999999998	0.011000000000000001
2457140.67762	16.593	0.013000000000000001
2457142.74608	16.615	0.011000000000000001
2457145.79987	16.6	0.013000000000000001
2457147.7261	16.585	0.013000000000000001
2457153.77779	16.595	0.009000000000000001
2457155.7928400002	16.576	0.011000000000000001
2457158.67036	16.602999999999998	0.011000000000000001
2457160.63289	16.607	0.013000000000000001
2457162.6055400004	16.604	0.013000000000000001
2457163.90113	16.586	0.011000000000000001
2457166.92217	16.586	0.013000000000000001
2457170.78181	16.582	0.011000000000000001
2457173.69123	16.574	0.015
2457174.93257	16.576	0.013000000000000001
2457180.56278	16.605	0.013000000000000001
2457181.80688	16.583	0.011000000000000001
2457183.65968	16.589000000000002	0.013000000000000001
2457184.93588	16.587	0.013000000000000001
2457187.57099	16.604	0.013000000000000001
2457189.54402	16.605	0.013000000000000001
2457190.82841	16.593	0.013000000000000001
2457193.7075	16.588	0.009000000000000001
2457193.7547400002	16.588	0.011000000000000001
2457197.74638	16.593	0.011000000000000001
2457199.62078	16.586	0.011000000000000001
2457200.86296	16.567	0.011000000000000001
2457206.63936	16.609	0.015
2457209.66059	16.605	0.013000000000000001
2457211.8078799997	16.602999999999998	0.013000000000000001
2457219.58234	16.595	0.013000000000000001
2457221.5636	16.574	0.013000000000000001
2457223.55217	16.563	0.013000000000000001
2457225.56094	16.577	0.011000000000000001
2457227.6636900003	16.590999999999998	0.011000000000000001
2457229.65443	16.585	0.011000000000000001
2457230.47478	16.597	0.017
2457236.61719	16.576	0.013000000000000001
2457253.50971	16.604	0.011000000000000001
2457257.6748900004	16.590999999999998	0.011000000000000001
2457258.58312	16.59	0.015
2457264.64695	16.582	0.013000000000000001
2457269.49249	16.586	0.013000000000000001
2457273.54075	16.602999999999998	0.015
2457278.61737	16.588	0.013000000000000001
2457295.51488	16.584	0.013000000000000001
2457317.51902	16.599	0.015
2457325.50619	16.581	0.015
2457331.51122	16.590999999999998	0.015
2457430.88746	16.6	0.017
2457431.87084	16.584	0.011000000000000001
2457432.87912	16.592	0.013000000000000001
2457433.87177	16.575	0.011000000000000001
2457434.86846	16.592	0.013000000000000001
2457437.8662799997	16.578	0.011000000000000001
2457440.85572	16.581	0.011000000000000001
2457442.89464	16.558	0.015
2457443.88402	16.58	0.011000000000000001
2457444.86193	16.577	0.011000000000000001
2457446.89132	16.578	0.011000000000000001
2457449.8383	16.589000000000002	0.017
2457452.87989	16.576	0.009000000000000001
2457455.8359	16.592	0.011000000000000001
2457457.85336	16.586	0.011000000000000001
2457460.86047	16.581	0.011000000000000001
2457462.85152	16.574	0.011000000000000001
2457465.81944	16.581	0.011000000000000001
2457467.89776	16.586	0.011000000000000001
2457471.81919	16.599	0.013000000000000001
2457472.91623	16.599	0.013000000000000001
2457474.90397	16.586	0.013000000000000001
2457476.83103	16.557000000000002	0.011000000000000001
2457480.89194	16.593	0.013000000000000001
2457485.80483	16.567999999999998	0.011000000000000001
2457487.7165599996	16.545	0.013000000000000001
2457488.84116	16.59	0.011000000000000001
2457491.8405299997	16.592	0.011000000000000001
2457492.86685	16.569000000000003	0.009000000000000001
2457493.85468	16.574	0.009000000000000001
2457494.84135	16.574	0.011000000000000001
2457495.81109	16.58	0.011000000000000001
2457498.7076	16.604	0.015
2457499.70964	16.559	0.013000000000000001
2457500.85158	16.572	0.013000000000000001
2457507.92679	16.581	0.011000000000000001
2457509.75995	16.57	0.011000000000000001
2457511.83395	16.570999999999998	0.009000000000000001
2457518.83058	16.569000000000003	0.013000000000000001
2457526.63771	16.567	0.013000000000000001
2457528.87438	16.567	0.013000000000000001
2457530.8878200003	16.549	0.013000000000000001
2457536.65145	16.552	0.011000000000000001
2457545.80445	16.561	0.011000000000000001
2457546.8371599996	16.555	0.011000000000000001
2457547.78827	16.546	0.011000000000000001
2457549.6741400003	16.54	0.009000000000000001
2457550.65034	16.555	0.011000000000000001
2457554.59661	16.563	0.013000000000000001
2457555.73937	16.542	0.011000000000000001
2457557.68162	16.545	0.011000000000000001
2457561.83032	16.559	0.013000000000000001
2457566.69987	16.526	0.011000000000000001
2457567.63357	16.535999999999998	0.011000000000000001
2457568.61752	16.538	0.011000000000000001
2457569.64531	16.519000000000002	0.011000000000000001
2457575.70787	16.498	0.011000000000000001
2457577.59554	16.514	0.011000000000000001
2457584.68833	16.51	0.013000000000000001
2457590.54151	16.493	0.011000000000000001
2457593.7201099996	16.488	0.009000000000000001
2457600.55518	16.469	0.011000000000000001
2457602.772	16.433	0.013000000000000001
2457604.68157	16.445999999999998	0.009000000000000001
2457607.5583599997	16.429000000000002	0.011000000000000001
2457609.62208	16.415	0.009000000000000001
2457612.58167	16.393	0.009000000000000001
2457617.6538400003	16.375999999999998	0.011000000000000001
2457622.47977	16.338	0.009000000000000001
2457624.62677	16.332	0.009000000000000001
2457630.6718200003	16.261	0.009000000000000001
2457635.5252900003	16.239	0.011000000000000001
2457639.5659	16.212	0.009000000000000001
2457648.62268	16.192	0.011000000000000001
2457650.56495	16.195	0.009000000000000001
2457653.4888299997	16.199	0.009000000000000001
2457655.5784	16.218	0.009000000000000001
2457661.58629	16.271	0.011000000000000001
2457666.57233	16.316	0.011000000000000001
2457672.54903	16.366	0.011000000000000001
