2455377.55169	15.865	0.008
2455377.79244	15.867	0.008
2455378.72584	15.865	0.006999999999999999
2455379.51925	15.876	0.008
2455379.82296	15.865	0.008
2455380.53076	15.872	0.008
2455380.7151099998	15.872	0.006999999999999999
2455381.56684	15.870999999999999	0.011000000000000001
2455381.78927	15.874	0.01
2455382.65671	15.873	0.008
2455383.79531	15.868	0.008
2455386.47439	15.862	0.008
2455386.5516	15.860999999999999	0.006999999999999999
2455386.63355	15.87	0.006999999999999999
2455386.71756	15.857000000000001	0.006999999999999999
2455387.5453	15.866	0.006999999999999999
2455388.48488	15.878	0.008
2455388.8248900003	15.864	0.008
2455389.77449	15.862	0.008
2455390.71427	15.862	0.008
2455391.56022	15.865	0.008
2455392.4975900003	15.862	0.008
2455392.82746	15.847000000000001	0.008
2455393.8042200003	15.857000000000001	0.008
2455396.7869599997	15.878	0.008
2455403.53534	15.863	0.006999999999999999
2455403.73173	15.865	0.008
2455404.6000200002	15.87	0.008
2455405.62	15.873	0.008
2455407.47608	15.867	0.008
2455407.66883	15.875	0.01
2455408.5979299997	15.870999999999999	0.008
2455408.78867	15.856	0.008
2455409.79092	15.862	0.008
2455411.4799	15.87	0.006999999999999999
2455412.53046	15.87	0.008
2455412.76449	15.862	0.008
2455414.49051	15.868	0.006999999999999999
2455416.65309	15.866	0.008
2455421.49456	15.86	0.008
2455421.73111	15.87	0.008
2455423.54691	15.863	0.006999999999999999
2455426.64609	15.845	0.008
2455430.4687200002	15.866	0.013999999999999999
2455430.54067	15.860999999999999	0.008
2455430.64035	15.859000000000002	0.008
2455431.63759	15.857000000000001	0.008
2455432.65475	15.862	0.01
2455434.61021	15.87	0.008
2455435.60406	15.865	0.008
2455436.70533	15.868	0.008
2455438.66722	15.866	0.006999999999999999
2455439.67935	15.869000000000002	0.008
2455444.4871400003	15.877	0.008
2455445.53935	15.874	0.008
2455446.60337	15.878	0.008
2455447.638	15.864	0.008
2455450.63414	15.870999999999999	0.008
2455453.6246	15.860999999999999	0.006999999999999999
2455458.49423	15.862	0.008
2455459.54027	15.863	0.008
2455460.5556400004	15.870999999999999	0.01
2455461.5838900004	15.859000000000002	0.008
2455463.50725	15.870999999999999	0.008
2455464.49745	15.86	0.008
2455467.48639	15.855	0.008
2455470.53025	15.870999999999999	0.008
2455472.49283	15.877	0.008
2455473.57092	15.857000000000001	0.008
2455478.54616	15.872	0.008
2455481.49251	15.872	0.01
2455486.50183	15.864	0.01
2455488.49262	15.857000000000001	0.008
2455490.50771	15.873	0.011000000000000001
2455494.53974	15.862	0.01
2455499.51749	15.863	0.008
2455598.88277	15.870999999999999	0.01
2455600.8788799997	15.857999999999999	0.008
2455620.88365	15.875	0.008
2455624.89718	15.879000000000001	0.006999999999999999
2455626.86839	15.864	0.006999999999999999
2455628.82779	15.867	0.006999999999999999
2455629.85674	15.860999999999999	0.008
2455631.88377	15.864	0.006999999999999999
2455633.83768	15.862	0.006999999999999999
2455635.87058	15.877	0.006999999999999999
2455637.91334	15.874	0.008
2455638.87138	15.863	0.006999999999999999
2455639.8361400003	15.862	0.008
2455641.7861099998	15.868	0.006999999999999999
2455643.79972	15.878	0.008
2455648.8292	15.863	0.006999999999999999
2455650.74908	15.869000000000002	0.006999999999999999
2455651.91572	15.86	0.006999999999999999
2455654.84422	15.867	0.008
2455656.81812	15.875	0.006999999999999999
2455658.80282	15.863	0.008
2455659.8628599998	15.873	0.006999999999999999
2455662.7708900003	15.857999999999999	0.008
2455664.86394	15.873	0.008
2455667.7909	15.857000000000001	0.006999999999999999
2455669.89274	15.854000000000001	0.008
2455675.83478	15.864	0.01
2455677.7924200003	15.867	0.006999999999999999
2455680.70008	15.874	0.008
2455681.87622	15.869000000000002	0.006999999999999999
2455683.83542	15.863	0.006999999999999999
2455685.82357	15.869000000000002	0.006999999999999999
2455687.73195	15.869000000000002	0.006999999999999999
2455690.75319	15.872	0.008
2455692.65451	15.878	0.008
2455693.78155	15.863	0.006999999999999999
2455694.86632	15.86	0.006999999999999999
2455696.64839	15.873	0.008
2455697.7519799997	15.862	0.008
2455698.83274	15.860999999999999	0.008
2455705.89036	15.866	0.008
2455707.79263	15.869000000000002	0.006999999999999999
2455708.88455	15.87	0.008
2455712.88083	15.874	0.006999999999999999
2455715.76637	15.868	0.006999999999999999
2455721.56415	15.863	0.006999999999999999
2455721.5781099997	15.870999999999999	0.006999999999999999
2455722.79425	15.866	0.006999999999999999
2455724.5751400003	15.867	0.008
2455726.5439	15.87	0.01
2455735.69796	15.857999999999999	0.008
2455736.80583	15.860999999999999	0.006999999999999999
2455737.85434	15.866	0.006999999999999999
2455739.69185	15.864	0.006999999999999999
2455740.7685	15.862	0.006999999999999999
2455741.8133799997	15.866	0.006999999999999999
2455742.82289	15.870999999999999	0.006999999999999999
2455744.54086	15.864	0.008
2455745.61737	15.862	0.008
2455746.79947	15.873	0.008
2455749.55524	15.859000000000002	0.008
2455752.7129900004	15.875	0.006999999999999999
2455761.49739	15.87	0.006999999999999999
2455762.62161	15.868	0.006999999999999999
2455763.76385	15.856	0.006999999999999999
2455765.54305	15.87	0.006999999999999999
2455766.68302	15.863	0.006999999999999999
2455768.50396	15.873	0.006999999999999999
2455769.63956	15.872	0.006999999999999999
2455776.6518099997	15.859000000000002	0.008
2455778.62714	15.853	0.006999999999999999
2455785.65927	15.873	0.008
2455787.62461	15.87	0.006999999999999999
2455790.52561	15.857999999999999	0.008
2455793.64054	15.87	0.006999999999999999
2455795.7148700003	15.870999999999999	0.008
2455801.6392099997	15.865	0.008
2455805.49533	15.876	0.006999999999999999
2455812.54232	15.864	0.01
2455815.5734200003	15.864	0.006999999999999999
2455817.66027	15.878	0.008
2455820.56053	15.862	0.006999999999999999
2455823.50833	15.867	0.008
2455824.5059	15.880999999999998	0.008
2455825.50666	15.879000000000001	0.008
2455826.50035	15.869000000000002	0.008
2455827.63082	15.86	0.008
2455829.6	15.854000000000001	0.006999999999999999
2455831.60752	15.865	0.006999999999999999
2455834.49109	15.868	0.006999999999999999
2455836.59798	15.866	0.008
2455840.6245	15.849	0.008
2455842.60323	15.876	0.01
2455842.6143	15.873	0.01
2455845.49221	15.863	0.008
2455850.54507	15.860999999999999	0.008
2455852.57388	15.872	0.01
2455859.49993	15.863	0.01
2455978.86813	15.880999999999998	0.006999999999999999
2455983.86446	15.873	0.006999999999999999
2455986.8615599996	15.865	0.006999999999999999
2455989.8468	15.879000000000001	0.006999999999999999
2455991.9082299997	15.869000000000002	0.008
2455994.84906	15.860999999999999	0.006999999999999999
2455996.87488	15.865	0.006999999999999999
2455998.88804	15.865	0.006999999999999999
2456004.7779200003	15.865	0.006999999999999999
2456006.7666599997	15.864	0.006999999999999999
2456007.8936400004	15.874	0.006999999999999999
2456009.82941	15.867	0.006999999999999999
2456011.75094	15.873	0.006999999999999999
2456012.88691	15.868	0.006999999999999999
2456014.7990599996	15.869000000000002	0.006999999999999999
2456015.90655	15.880999999999998	0.006999999999999999
2456017.8103400003	15.865	0.006999999999999999
2456019.72601	15.867	0.008
2456020.78368	15.864	0.006999999999999999
2456021.84482	15.860999999999999	0.006999999999999999
2456022.92861	15.872	0.01
2456025.7573700002	15.867	0.006999999999999999
2456031.8920400003	15.870999999999999	0.008
2456033.87118	15.867	0.006999999999999999
2456036.836	15.864	0.006999999999999999
2456038.8596200002	15.869000000000002	0.006999999999999999
2456040.92411	15.868	0.006999999999999999
2456047.84817	15.868	0.006999999999999999
2456049.80931	15.86	0.006999999999999999
2456051.66836	15.875	0.006999999999999999
2456053.71521	15.877	0.006999999999999999
2456058.73454	15.869000000000002	0.008
2456059.72516	15.862	0.006999999999999999
2456061.87957	15.868	0.006999999999999999
2456063.82068	15.869000000000002	0.006999999999999999
2456065.68945	15.879000000000001	0.006999999999999999
2456066.88928	15.87	0.006999999999999999
2456068.6197200003	15.866	0.006999999999999999
2456069.78872	15.872	0.006999999999999999
2456070.85912	15.866	0.006999999999999999
2456071.9139099997	15.885	0.008
2456076.67955	15.869000000000002	0.006999999999999999
2456077.90483	15.879000000000001	0.006999999999999999
2456079.6031299997	15.866	0.006999999999999999
2456080.64958	15.864	0.006999999999999999
2456081.68579	15.876	0.006999999999999999
2456082.8048400003	15.862	0.01
2456085.87996	15.86	0.01
2456086.90135	15.86	0.008
2456089.67107	15.868	0.006999999999999999
2456093.56878	15.870999999999999	0.006999999999999999
2456094.6951099997	15.864	0.006999999999999999
2456096.8327900004	15.868	0.006999999999999999
2456098.6382400002	15.869000000000002	0.008
2456100.58948	15.860999999999999	0.008
2456101.61665	15.87	0.006999999999999999
2456102.67754	15.865	0.006999999999999999
2456103.69937	15.866	0.006999999999999999
2456104.7631599996	15.875	0.006999999999999999
2456106.64145	15.852	0.008
2456108.87992	15.862	0.006999999999999999
2456109.77017	15.859000000000002	0.008
2456113.8426	15.862	0.008
2456115.5504799997	15.877	0.006999999999999999
2456116.6884	15.864	0.006999999999999999
2456117.76188	15.876	0.006999999999999999
2456118.81157	15.868	0.006999999999999999
2456120.5128	15.874	0.008
2456121.57994	15.859000000000002	0.006999999999999999
2456123.71852	15.872	0.006999999999999999
2456124.83406	15.860999999999999	0.006999999999999999
2456126.59226	15.875	0.006999999999999999
2456128.6026	15.870999999999999	0.006999999999999999
2456132.74533	15.875	0.006999999999999999
2456134.67796	15.87	0.008
2456136.76012	15.88	0.008
2456141.59934	15.865	0.008
2456150.56722	15.865	0.006999999999999999
2456152.60769	15.855	0.006999999999999999
2456159.68884	15.865	0.008
2456161.71085	15.865	0.006999999999999999
2456180.49221	15.879000000000001	0.01
2456182.6154400003	15.870999999999999	0.006999999999999999
2456191.61515	15.862	0.006999999999999999
2456196.58663	15.863	0.006999999999999999
2456204.56705	15.866	0.006999999999999999
2456211.55353	15.868	0.006999999999999999
2456214.5011400003	15.865	0.006999999999999999
2456218.5786200003	15.864	0.008
2456221.53361	15.85	0.013000000000000001
2456234.54678	15.86	0.008
2456342.83835	15.872	0.008
2456347.88428	15.863	0.006999999999999999
2456351.83953	15.86	0.008
2456354.89163	15.872	0.006999999999999999
2456359.89788	15.853	0.006999999999999999
2456362.79705	15.866	0.006999999999999999
2456368.7984	15.856	0.006999999999999999
2456370.82183	15.865	0.006999999999999999
2456373.78299	15.863	0.008
2456374.9060400003	15.873	0.006999999999999999
2456376.86241	15.865	0.006999999999999999
2456378.81699	15.870999999999999	0.006999999999999999
2456380.7560799997	15.86	0.006999999999999999
2456381.89115	15.857000000000001	0.006999999999999999
2456386.8331400002	15.86	0.006999999999999999
2456387.91761	15.864	0.008
2456388.7239200003	15.873	0.006999999999999999
2456389.84314	15.870999999999999	0.006999999999999999
2456390.9190599998	15.882	0.006999999999999999
2456394.7072400004	15.863	0.008
2456396.70013	15.868	0.006999999999999999
2456397.90228	15.852	0.006999999999999999
2456399.83565	15.870999999999999	0.006999999999999999
2456401.86348	15.868	0.006999999999999999
2456403.77522	15.859000000000002	0.006999999999999999
2456405.8929	15.853	0.006999999999999999
2456407.91688	15.862	0.006999999999999999
2456415.8319	15.873	0.006999999999999999
2456417.74339	15.857000000000001	0.006999999999999999
2456418.85422	15.860999999999999	0.006999999999999999
2456420.69375	15.863	0.006999999999999999
2456422.75231	15.862	0.006999999999999999
2456424.67116	15.862	0.006999999999999999
2456426.88433	15.867	0.006999999999999999
2456431.65971	15.865	0.008
2456432.78427	15.860999999999999	0.006999999999999999
2456434.6068700003	15.869000000000002	0.01
2456435.7182	15.867	0.006999999999999999
2456436.811	15.872	0.006999999999999999
2456441.78142	15.883	0.008
2456442.85171	15.847999999999999	0.006999999999999999
2456444.67073	15.859000000000002	0.006999999999999999
2456444.76903	15.865	0.006999999999999999
2456444.88852	15.857999999999999	0.006999999999999999
2456445.56347	15.868	0.006999999999999999
2456445.58984	15.875	0.008
2456445.60489	15.867	0.006999999999999999
2456445.61881	15.857000000000001	0.006999999999999999
2456445.63526	15.873	0.006999999999999999
2456445.65022	15.868	0.006999999999999999
2456445.6651	15.86	0.006999999999999999
2456445.69228	15.866	0.006999999999999999
2456445.70718	15.874	0.006999999999999999
2456445.7222	15.862	0.006999999999999999
2456445.7374400003	15.863	0.006999999999999999
2456445.75417	15.863	0.006999999999999999
2456445.7697400004	15.863	0.006999999999999999
2456445.7910700003	15.87	0.006999999999999999
2456445.81149	15.87	0.006999999999999999
2456445.82664	15.876	0.006999999999999999
2456445.84164	15.865	0.006999999999999999
2456445.85665	15.87	0.006999999999999999
2456445.87182	15.866	0.006999999999999999
2456445.88686	15.866	0.006999999999999999
2456445.9042599997	15.865	0.008
2456445.91931	15.877	0.006999999999999999
2456445.9344099998	15.867	0.006999999999999999
2456445.9496	15.870999999999999	0.011000000000000001
2456446.59529	15.867	0.006999999999999999
2456446.70293	15.870999999999999	0.006999999999999999
2456446.81385	15.862	0.006999999999999999
2456446.86997	15.854000000000001	0.006999999999999999
2456446.9439	15.863	0.006999999999999999
2456447.57248	15.857999999999999	0.006999999999999999
2456447.7566299997	15.860999999999999	0.006999999999999999
2456447.94019	15.866	0.006999999999999999
2456448.64004	15.865	0.006999999999999999
2456449.68328	15.864	0.006999999999999999
2456450.74909	15.868	0.006999999999999999
2456451.81039	15.873	0.006999999999999999
2456452.9199900003	15.867	0.006999999999999999
2456455.56937	15.86	0.006999999999999999
2456456.8815099997	15.86	0.006999999999999999
2456458.70931	15.856	0.006999999999999999
2456459.77485	15.859000000000002	0.006999999999999999
2456461.64104	15.856	0.006999999999999999
2456463.52837	15.859000000000002	0.01
2456464.61729	15.854000000000001	0.006999999999999999
2456468.71805	15.860999999999999	0.006999999999999999
2456471.62525	15.857999999999999	0.006999999999999999
2456473.68912	15.857000000000001	0.006999999999999999
2456474.77417	15.87	0.006999999999999999
2456475.84596	15.850999999999999	0.006999999999999999
2456477.53738	15.864	0.006999999999999999
2456478.6719	15.874	0.006999999999999999
2456480.73548	15.868	0.006999999999999999
2456482.80535	15.857999999999999	0.008
2456485.74913	15.857999999999999	0.006999999999999999
2456487.4737400003	15.856	0.006999999999999999
2456489.6164700002	15.860999999999999	0.006999999999999999
2456490.74015	15.869000000000002	0.006999999999999999
2456492.53652	15.855	0.006999999999999999
2456497.5603099996	15.870999999999999	0.008
2456498.68187	15.855	0.006999999999999999
2456501.56306	15.857000000000001	0.006999999999999999
2456505.64102	15.859000000000002	0.006999999999999999
2456508.48556	15.855	0.008
2456509.6981599997	15.856	0.006999999999999999
2456511.64256	15.869000000000002	0.006999999999999999
2456515.61417	15.863	0.006999999999999999
2456518.7138400003	15.867	0.006999999999999999
2456523.66143	15.875	0.006999999999999999
2456526.65224	15.865	0.006999999999999999
2456531.68167	15.86	0.006999999999999999
2456534.642	15.868	0.006999999999999999
2456539.62619	15.874	0.006999999999999999
2456545.51817	15.87	0.006999999999999999
2456552.58328	15.869000000000002	0.008
2456560.54357	15.866	0.006999999999999999
2456563.61127	15.873	0.006999999999999999
2456567.55706	15.867	0.006999999999999999
2456570.49638	15.869000000000002	0.006999999999999999
2456572.606	15.855	0.006999999999999999
2456577.54262	15.87	0.008
2456582.50475	15.868	0.006999999999999999
2456585.50012	15.849	0.006999999999999999
2456593.54768	15.870999999999999	0.008
2456599.5284599997	15.862	0.006999999999999999
2456702.8927599997	15.855	0.008
2456709.8665400003	15.870999999999999	0.006999999999999999
2456715.83849	15.877	0.006999999999999999
2456717.90272	15.857999999999999	0.008
2456720.8583299997	15.873	0.006999999999999999
2456722.89488	15.873	0.006999999999999999
2456725.7949200002	15.883	0.008
2456726.90597	15.873	0.006999999999999999
2456728.90716	15.87	0.006999999999999999
2456730.88035	15.895	0.01
2456733.79498	15.864	0.006999999999999999
2456734.88852	15.867	0.006999999999999999
2456736.81643	15.86	0.008
2456737.91664	15.869000000000002	0.008
2456742.87342	15.872	0.006999999999999999
2456745.78915	15.878	0.006999999999999999
2456746.8727599997	15.879000000000001	0.006999999999999999
2456750.9049	15.870999999999999	0.006999999999999999
2456755.87085	15.876	0.006999999999999999
2456759.71518	15.87	0.006999999999999999
2456761.90277	15.879000000000001	0.006999999999999999
2456764.8974200003	15.865	0.006999999999999999
2456769.8599900003	15.862	0.006999999999999999
2456772.7255599997	15.875	0.006999999999999999
2456775.66924	15.874	0.006999999999999999
2456777.91287	15.862	0.006999999999999999
2456790.67094	15.873	0.008
2456792.6233099997	15.87	0.01
2456796.90302	15.857999999999999	0.006999999999999999
2456803.69649	15.857000000000001	0.006999999999999999
2456804.93686	15.855	0.008
2456807.81561	15.863	0.008
2456809.70953	15.872	0.006999999999999999
2456811.60307	15.874	0.008
2456814.62072	15.865	0.008
2456816.61237	15.888	0.01
2456817.9364099996	15.876	0.01
2456823.8023599996	15.867	0.008
2456823.80657	15.85	0.006999999999999999
2456823.8076299997	15.874	0.008
2456825.64206	15.868	0.006999999999999999
2456826.90817	15.872	0.008
2456828.7903299998	15.874	0.006999999999999999
2456830.61695	15.863	0.006999999999999999
2456832.64926	15.859000000000002	0.006999999999999999
2456834.56168	15.864	0.008
2456835.85523	15.845999999999998	0.008
2456837.75255	15.86	0.006999999999999999
2456839.5968299997	15.859000000000002	0.008
2456841.61241	15.879000000000001	0.006999999999999999
2456844.53936	15.864	0.006999999999999999
2456845.78097	15.87	0.006999999999999999
2456851.57192	15.869000000000002	0.008
2456855.53893	15.873	0.008
2456856.8052	15.857999999999999	0.008
2456858.7655599997	15.873	0.006999999999999999
2456863.65132	15.869000000000002	0.006999999999999999
2456870.63974	15.86	0.006999999999999999
2456880.6631099996	15.85	0.01
2456883.57368	15.864	0.006999999999999999
2456887.49662	15.868	0.006999999999999999
2456889.69013	15.869000000000002	0.006999999999999999
2456895.65093	15.869000000000002	0.006999999999999999
2456909.4854599996	15.878	0.01
2456919.50617	15.88	0.01
2456925.54372	15.868	0.008
2456930.54423	15.877	0.01
2456936.52539	15.867	0.008
2456940.49346	15.876	0.008
2456947.49243	15.868	0.008
2456951.51441	15.872	0.008
2456954.53665	15.884	0.008
2456959.53402	15.855	0.01
2457084.88043	15.862	0.006999999999999999
2457087.82833	15.865	0.008
2457089.85653	15.873	0.006999999999999999
2457091.88059	15.868	0.006999999999999999
2457097.8042	15.870999999999999	0.006999999999999999
2457099.80684	15.88	0.006999999999999999
2457101.8102	15.874	0.008
2457109.8374799998	15.870999999999999	0.006999999999999999
2457111.78084	15.867	0.006999999999999999
2457116.75624	15.87	0.008
2457119.86466	15.87	0.008
2457126.80381	15.866	0.006999999999999999
2457131.73636	15.880999999999998	0.006999999999999999
2457134.80243	15.864	0.006999999999999999
2457137.67262	15.872	0.006999999999999999
2457139.7699599997	15.866	0.006999999999999999
2457141.86256	15.862	0.006999999999999999
2457144.7743599997	15.875	0.008
2457146.88524	15.863	0.006999999999999999
2457152.94081	15.869000000000002	0.01
2457155.62366	15.86	0.008
2457157.75907	15.828	0.006999999999999999
2457159.78602	15.872	0.006999999999999999
2457161.78672	15.853	0.006999999999999999
2457163.7187099997	15.874	0.008
2457166.75606	15.860999999999999	0.006999999999999999
2457170.5946	15.874	0.006999999999999999
2457172.90517	15.870999999999999	0.006999999999999999
2457174.76847	15.857999999999999	0.008
2457179.7895	15.867	0.008
2457181.61571	15.862	0.006999999999999999
2457182.90294	15.864	0.006999999999999999
2457184.77695	15.869000000000002	0.008
2457186.70345	15.862	0.008
2457188.67115	15.863	0.008
2457190.6321400004	15.860999999999999	0.006999999999999999
2457191.64182	15.865	0.006999999999999999
2457197.56073	15.867	0.006999999999999999
2457198.85549	15.863	0.006999999999999999
2457200.69462	15.870999999999999	0.006999999999999999
2457202.85497	15.857999999999999	0.008
2457207.72688	15.850999999999999	0.008
2457211.6245	15.857000000000001	0.006999999999999999
2457217.71742	15.87	0.008
2457220.78001	15.862	0.006999999999999999
2457222.7264	15.859000000000002	0.006999999999999999
2457224.73644	15.868	0.008
2457227.48859	15.870999999999999	0.008
2457229.4895599997	15.860999999999999	0.006999999999999999
2457235.7658700002	15.865	0.01
2457252.56832	15.875	0.008
2457256.6137900003	15.86	0.008
2457258.49141	15.856	0.006999999999999999
2457263.70182	15.864	0.008
2457268.54035	15.864	0.006999999999999999
2457271.56856	15.872	0.008
2457277.6446700003	15.853	0.008
2457284.48892	15.850999999999999	0.006999999999999999
2457292.49878	15.863	0.01
2457293.4933700003	15.857000000000001	0.008
2457293.4982	15.863	0.008
2457296.5344599998	15.87	0.01
2457296.5378	15.868	0.008
2457300.49775	15.855	0.008
2457301.5155	15.863	0.008
2457318.5164	15.866	0.008
2457436.89433	15.677	0.008
2457442.83102	15.725999999999999	0.008
2457448.82803	15.76	0.006999999999999999
2457453.90231	15.776	0.006999999999999999
2457458.83588	15.790999999999999	0.006999999999999999
2457463.81958	15.812999999999999	0.006999999999999999
2457467.89953	15.802	0.006999999999999999
2457472.84748	15.824000000000002	0.006999999999999999
2457475.87654	15.821	0.006999999999999999
2457476.81287	15.829	0.006999999999999999
2457485.73672	15.853	0.008
2457487.76475	15.835	0.006999999999999999
2457491.73505	15.845999999999998	0.006999999999999999
2457493.76928	15.845	0.006999999999999999
2457495.80178	15.847000000000001	0.006999999999999999
2457499.75722	15.847000000000001	0.006999999999999999
2457507.74939	15.845999999999998	0.006999999999999999
2457509.7348599997	15.845	0.006999999999999999
2457512.82578	15.85	0.006999999999999999
2457523.9413900003	15.85	0.008
2457529.80572	15.853	0.01
2457536.61722	15.845999999999998	0.008
2457545.92931	15.852	0.008
2457547.6979900002	15.855	0.008
2457549.80109	15.86	0.006999999999999999
2457555.77149	15.87	0.006999999999999999
2457557.9197400003	15.86	0.01
2457561.6968400003	15.860999999999999	0.006999999999999999
2457566.7316799997	15.873	0.006999999999999999
2457567.83083	15.867	0.006999999999999999
2457569.68805	15.87	0.006999999999999999
2457573.74251	15.854000000000001	0.008
2457576.74325	15.868	0.006999999999999999
2457584.51973	15.879000000000001	0.008
2457589.71728	15.855	0.008
2457593.53913	15.863	0.006999999999999999
2457599.64651	15.865	0.006999999999999999
2457602.5890900004	15.86	0.006999999999999999
2457604.51508	15.862	0.006999999999999999
2457605.75965	15.859000000000002	0.006999999999999999
2457608.71558	15.868	0.006999999999999999
2457611.62494	15.863	0.006999999999999999
2457616.72269	15.866	0.008
2457621.49532	15.860999999999999	0.006999999999999999
2457623.66401	15.850999999999999	0.006999999999999999
2457626.6683	15.864	0.006999999999999999
2457633.58703	15.870999999999999	0.008
2457637.6467	15.868	0.006999999999999999
2457647.55508	15.866	0.008
2457651.59583	15.86	0.006999999999999999
2457656.57571	15.869000000000002	0.008
2457662.54815	15.870999999999999	0.008
2457675.52857	15.870999999999999	0.008
