2455377.56727	16.945	0.016
2455377.80356	16.94	0.016
2455378.7274700003	16.935	0.012
2455379.52085	16.92	0.015
2455379.83402	16.934	0.016
2455380.53237	16.934	0.013999999999999999
2455380.72662	16.927	0.012
2455381.57798	16.924	0.019
2455381.80088	16.936	0.016
2455382.67042	16.945	0.016
2455384.77814	16.934	0.018000000000000002
2455386.52868	16.925	0.015
2455387.57817	16.925	0.012
2455388.4961099997	16.933	0.015
2455388.83714	16.942999999999998	0.015
2455389.78583	16.92	0.015
2455390.72382	16.925	0.013999999999999999
2455391.5713299997	16.914	0.016
2455392.50888	16.948	0.016
2455392.83863	16.902	0.016
2455393.81544	16.945	0.019
2455396.79827	16.948	0.015
2455403.54644	16.921	0.015
2455403.74285	16.932000000000002	0.016
2455404.6133	16.947	0.016
2455405.63264	16.879	0.016
2455407.4871400003	16.937	0.015
2455407.67999	16.910999999999998	0.018000000000000002
2455408.60965	16.94	0.015
2455409.47244	16.930999999999997	0.016
2455410.47332	16.926	0.016
2455411.4911599997	16.94	0.013999999999999999
2455412.54179	16.936	0.015
2455413.48197	16.936	0.016
2455414.50163	16.94	0.012
2455416.6754099997	16.944000000000003	0.015
2455421.50953	16.93	0.015
2455422.49352	16.95	0.016
2455423.58852	16.941	0.013999999999999999
2455426.64777	16.901	0.018000000000000002
2455430.64202	16.924	0.018000000000000002
2455431.6392599996	16.927	0.018000000000000002
2455432.65641	16.93	0.02
2455434.61186	16.938	0.015
2455435.60575	16.919	0.015
2455436.7069900003	16.916	0.015
2455438.6689	16.924	0.013999999999999999
2455439.68101	16.937	0.018000000000000002
2455444.4892	16.928	0.016
2455445.54104	16.942999999999998	0.015
2455446.6050400003	16.922	0.013999999999999999
2455447.63967	16.927	0.013999999999999999
2455450.63582	16.938	0.015
2455453.66097	16.941	0.013999999999999999
2455458.50564	16.939	0.016
2455459.5549	16.922	0.013999999999999999
2455460.56722	16.937	0.019
2455461.59558	16.942999999999998	0.018000000000000002
2455463.5192	16.941	0.015
2455464.51126	16.932000000000002	0.016
2455467.48804	16.941	0.016
2455470.53192	16.932000000000002	0.015
2455472.4945	16.937	0.016
2455473.57259	16.901	0.015
2455478.54779	16.915	0.015
2455481.49415	16.926	0.02
2455486.5131099997	16.9	0.018000000000000002
2455488.49757	16.925	0.015
2455490.50932	16.96	0.023
2455494.5413599997	16.952	0.023
2455499.51908	16.934	0.019
2455621.87155	16.938	0.012
2455624.9049	16.952	0.019
2455625.84437	16.916	0.015
2455627.85165	16.938	0.013999999999999999
2455628.88788	16.941	0.012
2455630.85295	16.909000000000002	0.016
2455632.84301	16.913	0.015
2455634.82541	16.954	0.016
2455635.8909299998	16.94	0.013999999999999999
2455638.80262	16.918	0.016
2455639.8472	16.921	0.013999999999999999
2455641.78755	16.905	0.013999999999999999
2455643.80114	16.914	0.015
2455648.83062	16.942	0.012
2455650.75049	16.939	0.013999999999999999
2455651.91714	16.919	0.015
2455654.84565	16.926	0.015
2455656.81954	16.934	0.012
2455658.8042599997	16.91	0.013999999999999999
2455659.8648	16.936	0.013999999999999999
2455662.77235	16.921	0.015
2455664.86548	16.953	0.015
2455667.81488	16.94	0.012
2455669.906	16.921	0.015
2455675.86038	16.944000000000003	0.013999999999999999
2455677.80625	16.941	0.013999999999999999
2455680.71272	16.933	0.015
2455681.89025	16.927	0.013999999999999999
2455683.8651099997	16.927	0.013999999999999999
2455685.84863	16.956	0.012
2455687.75536	16.929000000000002	0.013999999999999999
2455690.76905	16.916	0.013999999999999999
2455692.66768	16.945	0.015
2455693.7939400002	16.949	0.012
2455694.87874	16.930999999999997	0.013999999999999999
2455696.66261	16.922	0.015
2455697.7648400003	16.935	0.015
2455698.84534	16.930999999999997	0.015
2455705.90526	16.945999999999998	0.016
2455707.8056400004	16.926	0.012
2455708.90357	16.915	0.016
2455712.9226900004	16.937	0.016
2455715.78088	16.93	0.012
2455721.5984900002	16.903	0.016
2455721.61099	16.914	0.013999999999999999
2455721.62341	16.923	0.013999999999999999
2455722.80802	16.948	0.013999999999999999
2455724.58765	16.949	0.018000000000000002
2455724.6019	16.94	0.018000000000000002
2455724.61445	16.930999999999997	0.018000000000000002
2455726.55728	16.938	0.019
2455735.73457	16.915	0.013999999999999999
2455736.8217599997	16.93	0.012
2455737.8697599997	16.924	0.013999999999999999
2455739.7057	16.942	0.013999999999999999
2455740.78106	16.944000000000003	0.012
2455741.8261	16.933	0.013999999999999999
2455742.83543	16.918	0.011000000000000001
2455744.55348	16.959	0.016
2455745.63031	16.945999999999998	0.015
2455746.81207	16.959	0.016
2455749.56818	16.935	0.015
2455761.50997	16.948	0.009000000000000001
2455762.63521	16.954	0.016
2455763.77678	16.938	0.016
2455765.55657	16.930999999999997	0.013999999999999999
2455766.69829	16.941	0.012
2455768.51728	16.927	0.013999999999999999
2455769.66599	16.926	0.011000000000000001
2455776.69205	16.956	0.013999999999999999
2455779.5886	16.937	0.012
2455785.67259	16.969	0.018000000000000002
2455787.6400900004	16.912	0.012
2455790.54079	16.93	0.013999999999999999
2455793.65365	16.936	0.013999999999999999
2455795.72752	16.910999999999998	0.015
2455801.65529	16.961	0.015
2455805.50999	16.945999999999998	0.012
2455812.55524	16.952	0.027000000000000003
2455815.5954400003	16.922	0.012
2455818.48683	16.942	0.015
2455820.57333	16.938	0.013999999999999999
2455823.5213200003	16.96	0.02
2455824.5326	16.922	0.013999999999999999
2455825.51795	16.947	0.015
2455826.51169	16.930999999999997	0.016
2455827.63249	16.887999999999998	0.018000000000000002
2455829.60165	16.937	0.012
2455831.60917	16.928	0.015
2455834.49279	16.92	0.012
2455839.49082	16.955	0.036000000000000004
2455841.4914	16.938	0.019
2455842.6049099998	16.945999999999998	0.024
2455842.61597	16.933	0.023
2455845.49386	16.93	0.02
2455850.54671	16.927	0.015
2455854.49987	16.935	0.019
2455859.50155	16.889	0.02
2455978.86955	16.934	0.013999999999999999
2455983.88488	16.927	0.011000000000000001
2455986.87256	16.924	0.012
2455989.86154	16.95	0.016
2455992.81904	16.930999999999997	0.016
2455994.8714400004	16.944000000000003	0.015
2455996.87629	16.913	0.011000000000000001
2455998.88945	16.941	0.013999999999999999
2456004.7889	16.935	0.015
2456006.77716	16.92	0.012
2456007.9045599997	16.949	0.012
2456009.8494700002	16.937	0.012
2456011.75701	16.922	0.015
2456012.89785	16.942	0.01
2456014.8100799997	16.915	0.011000000000000001
2456015.91811	16.929000000000002	0.013999999999999999
2456017.82172	16.929000000000002	0.011000000000000001
2456019.73723	16.914	0.015
2456020.81273	16.932000000000002	0.012
2456021.85585	16.939	0.011000000000000001
2456022.93004	16.951	0.024
2456023.7913900004	16.921	0.012
2456023.8325	16.918	0.013999999999999999
2456023.8592	16.961	0.012
2456023.9249400003	16.942999999999998	0.019
2456025.7588	16.944000000000003	0.016
2456031.91518	16.924	0.016
2456033.88478	16.942999999999998	0.012
2456036.85047	16.928	0.011000000000000001
2456038.8771	16.947	0.011000000000000001
2456039.78357	16.905	0.015
2456039.8879299997	16.937	0.013999999999999999
2456041.7133400002	16.936	0.015
2456047.87458	16.957	0.013999999999999999
2456049.82202	16.914	0.01
2456051.73204	16.956	0.013999999999999999
2456053.72766	16.941	0.013999999999999999
2456058.74694	16.922	0.012
2456059.73811	16.94	0.015
2456061.8925400004	16.989	0.016
2456063.83342	16.898	0.015
2456065.7019599997	16.937	0.012
2456066.9018200003	16.925	0.012
2456068.63375	16.934	0.013999999999999999
2456069.81445	16.92	0.012
2456070.8719200003	16.956	0.012
2456071.92644	16.933	0.016
2456076.69222	16.952	0.012
2456077.9175	16.94	0.012
2456079.61563	16.953	0.013999999999999999
2456080.66228	16.923	0.013999999999999999
2456081.7058900003	16.933	0.012
2456082.6134900004	16.969	0.024
2456082.818	16.922	0.019
2456086.91649	16.963	0.019
2456089.68355	16.929000000000002	0.011000000000000001
2456093.58138	16.947	0.013999999999999999
2456094.71923	16.942	0.013999999999999999
2456096.84571	16.937	0.016
2456098.65082	16.919	0.013999999999999999
2456100.60208	16.929000000000002	0.016
2456101.6293900004	16.923	0.012
2456102.69213	16.933	0.012
2456103.71255	16.925	0.012
2456104.77573	16.945	0.011000000000000001
2456106.6543400004	16.932000000000002	0.016
2456108.87695	16.934	0.012
2456109.57911	16.967	0.031
2456109.78929	16.957	0.02
2456113.85359	16.952	0.02
2456115.56297	16.922	0.015
2456116.70097	16.94	0.012
2456117.77449	16.925	0.012
2456118.82412	16.915	0.012
2456120.52557	16.914	0.015
2456121.60763	16.932000000000002	0.011000000000000001
2456123.73115	16.929000000000002	0.012
2456125.51571	16.944000000000003	0.015
2456126.60802	16.95	0.013999999999999999
2456128.6192	16.930999999999997	0.011000000000000001
2456132.7218299997	16.925	0.012
2456134.6918200003	16.949	0.015
2456140.48401	16.957	0.03
2456141.61195	16.917	0.016
2456150.59149	16.941	0.015
2456152.63252	16.951	0.012
2456159.70387	16.918	0.015
2456180.51068	16.952	0.013999999999999999
2456182.6322	16.922	0.013999999999999999
2456191.62824	16.93	0.012
2456196.5882900003	16.933	0.015
2456204.5781799997	16.942	0.013999999999999999
2456211.56464	16.923	0.012
2456211.6030900003	16.947	0.015
2456214.5175900003	16.934	0.013999999999999999
2456218.5827	16.9	0.016
2456219.5192	16.974	0.013999999999999999
2456342.83976	16.936	0.016
2456347.88571	16.929000000000002	0.012
2456351.84094	16.929000000000002	0.016
2456354.8930599997	16.928	0.012
2456360.79958	16.925	0.011000000000000001
2456362.87158	16.937	0.012
2456368.8105900004	16.926	0.011000000000000001
2456370.83371	16.936	0.012
2456373.79415	16.919	0.013999999999999999
2456374.91763	16.949	0.013999999999999999
2456376.8766799998	16.930999999999997	0.011000000000000001
2456378.82853	16.914	0.011000000000000001
2456380.76723	16.948	0.012
2456381.9030400002	16.917	0.011000000000000001
2456386.84637	16.939	0.013999999999999999
2456388.72542	16.917	0.013999999999999999
2456389.84465	16.94	0.011000000000000001
2456390.92065	16.926	0.012
2456394.72365	16.903	0.016
2456396.71277	16.936	0.012
2456397.91506	16.955	0.011000000000000001
2456399.84831	16.915	0.012
2456401.8776	16.951	0.011000000000000001
2456403.7891700002	16.918	0.011000000000000001
2456405.90582	16.930999999999997	0.01
2456407.92956	16.955	0.016
2456415.8492	16.942999999999998	0.015
2456417.75586	16.910999999999998	0.012
2456418.86688	16.958	0.011000000000000001
2456420.7061900003	16.959	0.011000000000000001
2456422.76466	16.919	0.011000000000000001
2456424.68463	16.926	0.012
2456426.89795	16.941	0.011000000000000001
2456431.67305	16.951	0.015
2456432.79877	16.956	0.012
2456434.61854	16.904	0.019
2456435.74167	16.934	0.012
2456436.82447	16.939	0.013999999999999999
2456441.79568	16.905	0.015
2456442.86496	16.932000000000002	0.011000000000000001
2456445.63188	16.925	0.012
2456446.57901	16.93	0.012
2456447.62333	16.92	0.011000000000000001
2456448.65355	16.955	0.013999999999999999
2456449.6967	16.94	0.012
2456450.7628900004	16.916	0.01
2456451.8239599997	16.934	0.012
2456454.55601	16.968	0.013999999999999999
2456455.5832	16.956	0.011000000000000001
2456456.89503	16.922	0.01
2456458.72464	16.939	0.013999999999999999
2456459.78885	16.934	0.011000000000000001
2456461.65528	16.92	0.012
2456463.5413900004	16.936	0.018000000000000002
2456464.63082	16.95	0.015
2456471.63876	16.93	0.015
2456473.7028900003	16.944000000000003	0.011000000000000001
2456474.78771	16.933	0.013999999999999999
2456475.8605	16.92	0.016
2456477.55114	16.953	0.012
2456479.56977	16.925	0.012
2456480.74903	16.948	0.013999999999999999
2456483.58794	16.937	0.012
2456485.7662	16.933	0.011000000000000001
2456487.4890799997	16.934	0.013999999999999999
2456489.64247	16.91	0.011000000000000001
2456490.7538900003	16.9	0.011000000000000001
2456492.55192	16.95	0.015
2456497.57389	16.937	0.015
2456498.69657	16.929000000000002	0.012
2456501.5767599996	16.935	0.012
2456505.65471	16.918	0.012
2456508.4991099997	16.916	0.013999999999999999
2456509.71188	16.938	0.011000000000000001
2456511.65845	16.915	0.011000000000000001
2456515.63033	16.942999999999998	0.011000000000000001
2456518.7278400003	16.938	0.011000000000000001
2456526.6689299997	16.927	0.013999999999999999
2456532.48331	16.935	0.012
2456534.6582	16.942999999999998	0.013999999999999999
2456539.64548	16.919	0.01
2456545.53222	16.937	0.011000000000000001
2456553.54904	16.959	0.02
2456560.56038	16.942999999999998	0.013999999999999999
2456563.62186	16.945999999999998	0.016
2456567.5690099997	16.899	0.015
2456570.5313	16.930999999999997	0.012
2456573.4892	16.941	0.015
2456582.50655	16.91	0.015
2456585.5150900004	16.951	0.015
2456599.53156	16.927	0.015
2456704.88911	16.957	0.015
2456709.8681900003	16.930999999999997	0.012
2456715.85305	16.941	0.011000000000000001
2456717.90441	16.921	0.022000000000000002
2456720.87261	16.932000000000002	0.011000000000000001
2456722.89652	16.93	0.011000000000000001
2456725.79899	16.924	0.016
2456727.7957599997	16.922	0.011000000000000001
2456728.90881	16.930999999999997	0.013999999999999999
2456730.8845599997	16.95	0.015
2456733.79665	16.942999999999998	0.015
2456734.8902	16.925	0.012
2456736.83096	16.934	0.016
2456738.7973599997	16.927	0.019
2456742.87511	16.95	0.011000000000000001
2456745.7908099997	16.91	0.012
2456747.81697	16.936	0.013999999999999999
2456749.78757	16.941	0.012
2456751.87523	16.933	0.01
2456754.89883	16.921	0.013999999999999999
2456759.7277900004	16.942999999999998	0.012
2456760.91483	16.941	0.01
2456760.9293	16.924	0.016
2456762.91078	16.923	0.012
2456764.83483	16.925	0.011000000000000001
2456768.77574	16.921	0.012
2456769.90196	16.92	0.011000000000000001
2456771.7988	16.930999999999997	0.011000000000000001
2456773.68667	16.938	0.015
2456774.82373	16.948	0.015
2456776.783	16.94	0.011000000000000001
2456784.739	16.954	0.013999999999999999
2456785.71965	16.930999999999997	0.011000000000000001
2456786.7285599997	16.938	0.012
2456789.66785	16.927	0.016
2456790.74204	16.937	0.015
2456791.80271	16.922	0.015
2456792.83781	16.92	0.015
2456796.90148	16.916	0.016
2456798.82376	16.93	0.02
2456803.85596	16.930999999999997	0.012
2456804.87017	16.923	0.015
2456805.9183900002	16.916	0.016
2456807.9032400004	16.942	0.018000000000000002
2456808.92374	16.936	0.015
2456810.60268	16.930999999999997	0.015
2456811.61644	16.921	0.015
2456813.7252700003	16.917	0.012
2456814.83043	16.927	0.013999999999999999
2456815.9073400004	16.92	0.015
2456817.63863	16.952	0.015
2456818.86146	16.938	0.015
2456823.72687	16.929000000000002	0.015
2456824.77041	16.921	0.015
2456825.78276	16.939	0.015
2456826.79293	16.926	0.013999999999999999
2456827.86197	16.898	0.013999999999999999
2456828.89862	16.935	0.016
2456829.8790599997	16.927	0.015
2456831.63331	16.926	0.012
2456832.68927	16.930999999999997	0.015
2456833.7534	16.928	0.013999999999999999
2456834.75808	16.951	0.015
2456835.80958	16.917	0.015
2456836.84332	16.93	0.02
2456837.8492	16.924	0.016
2456838.85072	16.938	0.018000000000000002
2456840.5345099997	16.945	0.018000000000000002
2456841.63607	16.936	0.013999999999999999
2456842.69008	16.941	0.013999999999999999
2456844.72474	16.938	0.012
2456845.70635	16.926	0.012
2456847.66857	16.929000000000002	0.016
2456851.6506	16.927	0.015
2456852.73018	16.930999999999997	0.022000000000000002
2456855.78408	16.910999999999998	0.013999999999999999
2456856.8037900003	16.92	0.016
2456858.5178	16.927	0.012
2456859.70954	16.929000000000002	0.015
2456863.5492	16.922	0.012
2456864.64799	16.95	0.013999999999999999
2456870.74275	16.912	0.015
2456874.50404	16.927	0.015
2456880.49417	16.927	0.024
2456882.48019	16.945999999999998	0.015
2456884.6809400003	16.939	0.013999999999999999
2456886.58028	16.924	0.012
2456888.47867	16.936	0.012
2456889.6717	16.927	0.012
2456891.5978200003	16.937	0.013999999999999999
2456896.58486	16.965999999999998	0.015
2456907.5469400003	16.93	0.013999999999999999
2456909.64505	16.957	0.024
2456915.55216	16.934	0.015
2456922.48591	16.941	0.018000000000000002
2456924.62054	16.925	0.016
2456927.61622	16.907	0.016
2456936.539	16.91	0.015
2456940.51081	16.95	0.016
2456947.49408	16.928	0.018000000000000002
2456951.53648	16.949	0.016
2456954.53828	16.92	0.018000000000000002
2457084.88185	16.907	0.012
2457087.83293	16.904	0.016
2457089.8696	16.868	0.013999999999999999
2457091.89395	16.891	0.013999999999999999
2457097.81739	16.898	0.011000000000000001
2457099.80826	16.905	0.012
2457101.8314400003	16.896	0.016
2457109.83892	16.898	0.012
2457111.79388	16.89	0.012
2457114.79425	16.892	0.013999999999999999
2457116.78795	16.87	0.015
2457118.79428	16.855	0.012
2457120.79188	16.875999999999998	0.013999999999999999
2457126.70224	16.875999999999998	0.012
2457129.8919599997	16.859	0.011000000000000001
2457131.77822	16.854	0.011000000000000001
2457133.90257	16.848	0.012
2457135.75802	16.858	0.011000000000000001
2457136.90364	16.857	0.012
2457138.72989	16.879	0.012
2457139.89439	16.852	0.012
2457141.71867	16.865	0.011000000000000001
2457142.856	16.837	0.011000000000000001
2457144.6628799997	16.820999999999998	0.019
2457145.90575	16.837	0.013999999999999999
2457146.92091	16.843	0.013999999999999999
2457152.75834	16.831	0.013999999999999999
2457153.80542	16.819000000000003	0.011000000000000001
2457154.9210099997	16.820999999999998	0.011000000000000001
2457156.66354	16.855	0.011000000000000001
2457157.93342	16.817999999999998	0.013999999999999999
2457159.6697299997	16.822	0.011000000000000001
2457160.73587	16.815	0.012
2457161.82995	16.8	0.01
2457162.87626	16.809	0.011000000000000001
2457163.92894	16.797	0.013999999999999999
2457166.72995	16.823	0.012
2457169.6940900004	16.788	0.011000000000000001
2457170.72549	16.801	0.012
2457172.79391	16.794	0.012
2457173.82687	16.789	0.012
2457174.81167	16.782	0.013999999999999999
2457175.8782200003	16.789	0.016
2457178.83623	16.766	0.013999999999999999
2457179.77345	16.79	0.013999999999999999
2457180.7757099997	16.776	0.012
2457181.79002	16.767	0.012
2457182.80939	16.755	0.012
2457183.81294	16.756	0.012
2457184.8515	16.738	0.011000000000000001
2457185.85525	16.74	0.015
2457187.62799	16.733	0.012
2457188.64089	16.769000000000002	0.016
2457189.74537	16.767	0.012
2457190.81215	16.718	0.012
2457193.7696599998	16.726	0.01
2457197.53087	16.702	0.015
2457198.55607	16.71	0.012
2457199.5613700002	16.706	0.012
2457200.54531	16.723	0.012
2457202.77723	16.692	0.015
2457206.81101	16.647000000000002	0.013999999999999999
2457207.85311	16.641	0.015
2457211.56523	16.647000000000002	0.011000000000000001
2457214.53199	16.637999999999998	0.015
2457217.7951599997	16.639	0.012
2457220.5894	16.595	0.01
2457221.63309	16.597	0.01
2457222.72486	16.59	0.011000000000000001
2457224.50008	16.583	0.011000000000000001
2457225.57383	16.567999999999998	0.01
2457226.81452	16.551	0.011000000000000001
2457228.4887200003	16.535	0.011000000000000001
2457229.56033	16.535999999999998	0.01
2457236.51442	16.484	0.012
2457249.70481	16.35	0.01
2457253.5596	16.319000000000003	0.009000000000000001
2457256.5828299997	16.296	0.011000000000000001
2457258.69419	16.267	0.011000000000000001
2457263.65265	16.211	0.009000000000000001
2457265.60811	16.211	0.009000000000000001
2457268.6268599997	16.175	0.006999999999999999
2457270.5967200003	16.155	0.006999999999999999
2457273.59863	16.125	0.009000000000000001
2457277.64296	16.083	0.01
2457284.52117	16.047	0.006999999999999999
2457293.4950599996	16.032	0.01
2457296.57765	16.082	0.01
2457307.54215	16.070999999999998	0.009000000000000001
2457318.52962	16.182000000000002	0.01
2457324.53352	16.227	0.012
2457331.5096	16.307000000000002	0.012
2457429.87982	16.81	0.018000000000000002
2457430.8785599996	16.817999999999998	0.012
2457431.86865	16.815	0.012
2457432.87736	16.823	0.012
2457433.89192	16.813	0.016
2457437.85495	16.826	0.013999999999999999
2457439.8821	16.83	0.015
2457442.86312	16.81	0.015
2457443.88245	16.842	0.013999999999999999
2457444.86015	16.864	0.013999999999999999
2457446.85296	16.837	0.012
2457448.8722900003	16.828	0.013999999999999999
2457452.83494	16.86	0.011000000000000001
2457454.9089900004	16.885	0.019
2457457.8091599997	16.863	0.016
2457460.81832	16.859	0.012
2457462.81924	16.883	0.012
2457465.78829	16.846	0.012
2457467.86664	16.882	0.013999999999999999
2457471.78864	16.862000000000002	0.018000000000000002
2457472.86061	16.879	0.015
2457474.86693	16.882	0.013999999999999999
2457475.9117900003	16.882	0.016
2457476.81054	16.863	0.013999999999999999
2457480.8585099997	16.874000000000002	0.016
2457485.7756	16.887	0.013999999999999999
2457486.89374	16.877	0.015
2457488.77815	16.89	0.012
2457491.79012	16.865	0.012
2457492.83044	16.881	0.012
2457493.8184	16.896	0.012
2457494.8051	16.879	0.011000000000000001
2457495.77541	16.893	0.012
2457497.92162	16.88	0.015
2457499.6828799997	16.886	0.018000000000000002
2457499.88381	16.898	0.013999999999999999
2457500.8232400003	16.886	0.015
2457507.8813099996	16.895	0.012
2457508.9270599997	16.877	0.012
2457511.77218	16.88	0.011000000000000001
2457516.69724	16.887	0.015
2457523.93825	16.898	0.015
2457528.79211	16.901	0.016
2457530.84613	16.894000000000002	0.015
2457536.61394	16.896	0.016
2457545.75343	16.910999999999998	0.013999999999999999
2457546.80742	16.905	0.012
2457547.75878	16.898	0.011000000000000001
2457549.61555	16.908	0.012
2457550.6096	16.938	0.013999999999999999
2457555.6934700003	16.92	0.013999999999999999
2457557.63124	16.918	0.016
2457561.80058	16.91	0.013999999999999999
2457566.66926	16.914	0.012
2457567.5932	16.919	0.016
2457568.58683	16.909000000000002	0.016
2457569.6043	16.92	0.013999999999999999
2457575.63093	16.897000000000002	0.013999999999999999
2457576.84493	16.915	0.015
2457584.6230599997	16.91	0.016
2457590.47843	16.927	0.022000000000000002
2457593.65723	16.909000000000002	0.011000000000000001
2457599.79018	16.9	0.013999999999999999
2457602.70883	16.917	0.013999999999999999
2457604.61767	16.92	0.012
2457606.74688	16.887999999999998	0.016
2457609.52595	16.906	0.013999999999999999
2457612.51578	16.926	0.015
2457617.58091	16.926	0.019
2457621.64404	16.934	0.016
2457624.52991	16.942	0.012
2457630.5980700003	16.929000000000002	0.013999999999999999
2457634.54856	16.957	0.016
2457638.65209	16.95	0.011000000000000001
2457648.5498	16.919	0.015
2457650.52465	16.938	0.013999999999999999
2457652.5844900003	16.914	0.012
2457655.4895900004	16.897000000000002	0.015
2457661.5364200003	16.915	0.015
2457666.49328	16.904	0.018000000000000002
2457671.53897	16.907	0.018000000000000002
2457799.87362	16.956	0.019
2457807.83146	16.945999999999998	0.015
2457810.8546700003	16.944000000000003	0.013999999999999999
2457814.8439599997	16.936	0.012
2457817.8289900003	16.935	0.015
2457819.8552099997	16.932000000000002	0.012
2457822.82848	16.93	0.016
2457824.86938	16.923	0.016
2457826.87945	16.935	0.016
2457828.89695	16.926	0.015
2457834.8531	16.938	0.019
2457836.88492	16.934	0.016
2457838.8747799997	16.933	0.013999999999999999
2457840.8818	16.942	0.012
2457842.84706	16.932000000000002	0.013999999999999999
2457844.8075099997	16.948	0.015
2457846.76248	16.933	0.015
2457847.88912	16.919	0.013999999999999999
2457849.81501	16.932000000000002	0.012
2457851.7371900002	16.934	0.018000000000000002
2457853.9073799998	16.951	0.018000000000000002
2457855.79835	16.933	0.015
2457857.84593	16.922	0.02
2457862.70506	16.954	0.018000000000000002
2457863.90909	16.925	0.013999999999999999
2457864.8700099997	16.95	0.012
2457866.71945	16.95	0.013999999999999999
2457867.85317	16.933	0.012
2457869.77837	16.94	0.012
2457870.92112	16.934	0.012
2457872.8250599997	16.930999999999997	0.011000000000000001
2457873.93367	16.935	0.016
2457875.8464200003	16.935	0.011000000000000001
2457876.9355200003	16.917	0.015
2457878.7984599997	16.948	0.012
2457880.66693	16.936	0.019
2457881.8566799997	16.933	0.016
2457889.8978	16.965999999999998	0.027000000000000003
2457893.73928	16.944000000000003	0.013999999999999999
2457894.7568599996	16.939	0.012
2457897.68688	16.964000000000002	0.016
2457902.61332	16.935	0.018000000000000002
2457903.78193	16.930999999999997	0.016
2457904.7856400004	16.932000000000002	0.013999999999999999
2457905.75181	16.928	0.012
2457906.70597	16.923	0.012
2457907.73419	16.917	0.012
2457908.81291	16.933	0.013999999999999999
2457909.73446	16.929000000000002	0.012
2457910.63003	16.928	0.015
2457917.88125	16.937	0.018000000000000002
2457922.63594	16.947	0.013999999999999999
2457923.78976	16.930999999999997	0.016
2457924.7461	16.93	0.012
2457925.77932	16.92	0.012
2457926.83607	16.935	0.015
2457932.8201599997	16.941	0.015
2457933.8078400004	16.925	0.018000000000000002
2457934.81237	16.933	0.015
2457935.82485	16.94	0.011000000000000001
2457936.83231	16.914	0.013999999999999999
2457937.8077700003	16.94	0.015
2457944.59391	16.932000000000002	0.015
2457945.50205	16.932000000000002	0.018000000000000002
2457945.83432	16.945999999999998	0.016
2457946.7982099997	16.905	0.015
2457948.4837	16.925	0.016
2457948.84881	16.918	0.016
2457952.80002	16.941	0.016
2457953.81843	16.926	0.013999999999999999
2457955.77699	16.927	0.013999999999999999
2457957.54541	16.915	0.013999999999999999
2457958.75505	16.926	0.013999999999999999
2457959.7850900004	16.936	0.015
2457960.80505	16.930999999999997	0.015
2457962.57992	16.93	0.011000000000000001
2457965.65943	16.907	0.013999999999999999
2457966.7304	16.928	0.016
2457971.6482599997	16.914	0.019
2457972.67216	16.926	0.018000000000000002
2457974.56701	16.917	0.015
2457979.56312	16.930999999999997	0.012
2457981.52165	16.942999999999998	0.015
2457983.50265	16.92	0.015
2457984.64073	16.928	0.012
2457987.48043	16.918	0.013999999999999999
2457990.65887	16.930999999999997	0.016
2457992.6337	16.917	0.013999999999999999
2457994.60845	16.921	0.015
2458000.55608	16.925	0.016
2458002.58011	16.878	0.027999999999999997
2458007.5769599997	16.921	0.016
2458012.55944	16.922	0.013999999999999999
2458015.57471	16.91	0.015
2458019.54731	16.928	0.012
2458028.4991900004	16.925	0.022000000000000002
2458039.5545099997	16.921	0.02
2458048.5232700002	16.936	0.013999999999999999
2458057.5176	16.977999999999998	0.026000000000000002
