2455377.68659	17.535	0.023
2455378.5134	17.53	0.023
2455378.81663	17.554000000000002	0.023
2455379.7206	17.512999999999998	0.022000000000000002
2455380.8152099997	17.554000000000002	0.031
2455381.6902900003	17.512	0.023
2455382.55394	17.521	0.031
2455382.7606900004	17.547	0.028999999999999998
2455385.51292	17.523	0.022000000000000002
2455386.48657	17.495	0.022000000000000002
2455386.56878	17.509	0.02
2455386.65242	17.526	0.022000000000000002
2455386.78475	17.517	0.02
2455387.7696	17.557000000000002	0.022000000000000002
2455388.68071	17.543	0.022000000000000002
2455389.54767	17.528	0.022000000000000002
2455390.55517	17.541	0.026000000000000002
2455390.81219	17.531	0.023
2455391.79807	17.521	0.025
2455392.6677	17.512999999999998	0.022000000000000002
2455393.70652	17.541	0.027999999999999997
2455396.60242	17.545	0.025
2455397.66592	17.51	0.028999999999999998
2455402.67584	17.532	0.034
2455403.6381099997	17.537	0.023
2455404.50962	17.537	0.025
2455404.70679	17.528	0.027999999999999997
2455405.72245	17.532	0.026000000000000002
2455407.57576	17.521	0.028999999999999998
2455407.76947	17.519000000000002	0.028999999999999998
2455408.6989	17.518	0.026000000000000002
2455409.63184	17.547	0.019
2455410.63539	17.543	0.023
2455411.67205	17.525	0.019
2455412.63271	17.528	0.025
2455413.66345	17.515	0.019
2455414.7107700002	17.553	0.02
2455418.6009400003	17.548	0.019
2455421.6281	17.5	0.022000000000000002
2455422.6737900004	17.529	0.02
2455425.5378400004	17.499000000000002	0.022000000000000002
2455430.53278	17.525	0.031
2455431.53354	17.533	0.025
2455434.4963599998	17.557000000000002	0.028999999999999998
2455434.70884	17.504	0.026000000000000002
2455435.7134	17.509	0.025
2455438.5022	17.521	0.032
2455439.57178	17.528	0.025
2455443.58581	17.563	0.025
2455444.61118	17.525	0.026000000000000002
2455446.48763	17.54	0.026000000000000002
2455447.50586	17.535999999999998	0.019
2455448.57859	17.518	0.026000000000000002
2455450.5219400004	17.515	0.026000000000000002
2455451.65088	17.491	0.026000000000000002
2455457.54569	17.525	0.02
2455458.57684	17.518	0.025
2455459.60811	17.516	0.023
2455461.48362	17.581	0.054000000000000006
2455462.5024599996	17.52	0.025
2455463.63366	17.489	0.031
2455464.60143	17.512	0.032
2455465.51437	17.5	0.026000000000000002
2455468.5805099998	17.516	0.028999999999999998
2455471.5516	17.518	0.025
2455472.6014900003	17.55	0.027999999999999997
2455477.5241400003	17.56	0.034
2455480.52485	17.537	0.026000000000000002
2455485.52625	17.534000000000002	0.028999999999999998
2455487.5098599996	17.547	0.026000000000000002
2455489.50878	17.554000000000002	0.031
2455492.5342	17.574	0.038
2455497.51739	17.514	0.026000000000000002
2455598.8683599997	17.522000000000002	0.023
2455599.85849	17.538	0.022000000000000002
2455600.85494	17.52	0.023
2455607.88362	17.547	0.02
2455614.88036	17.546	0.023
2455620.8604200003	17.517	0.022000000000000002
2455624.82114	17.531	0.023
2455625.78321	17.523	0.028999999999999998
2455627.80798	17.486	0.026000000000000002
2455629.7873400003	17.555999999999997	0.026000000000000002
2455630.77991	17.561	0.023
2455632.77661	17.476	0.031
2455634.76153	17.507	0.023
2455635.83405	17.508	0.027999999999999997
2455638.75435	17.535	0.031
2455639.75577	17.548	0.027999999999999997
2455639.83189	17.534000000000002	0.023
2455639.9076	17.524	0.023
2455640.76198	17.522000000000002	0.031
2455640.8432400003	17.532	0.028999999999999998
2455641.76768	17.541	0.025
2455641.89247	17.545	0.025
2455642.83201	17.503	0.023
2455643.7587900003	17.542	0.026000000000000002
2455643.85683	17.524	0.022000000000000002
2455644.76271	17.546	0.044000000000000004
2455644.8777	17.523	0.023
2455648.74852	17.500999999999998	0.025
2455648.85506	17.52	0.02
2455649.75433	17.52	0.022000000000000002
2455649.8609700003	17.511	0.02
2455650.7464	17.512999999999998	0.02
2455650.8478200003	17.526	0.02
2455651.76706	17.537	0.02
2455651.8804599997	17.512999999999998	0.022000000000000002
2455652.80865	17.511	0.019
2455653.7771	17.511	0.017
2455654.7798	17.526	0.022000000000000002
2455654.87021	17.514	0.02
2455655.78139	17.548	0.022000000000000002
2455655.86419	17.527	0.019
2455656.81544	17.533	0.019
2455657.77782	17.521	0.017
2455657.86194	17.567	0.02
2455658.7725299997	17.55	0.025
2455658.8698	17.548	0.022000000000000002
2455659.72662	17.53	0.022000000000000002
2455659.80348	17.525	0.02
2455659.89248	17.514	0.019
2455660.7760799997	17.488	0.02
2455660.8751	17.557000000000002	0.025
2455662.76818	17.512	0.023
2455662.8681799998	17.532	0.019
2455663.7707700003	17.499000000000002	0.022000000000000002
2455664.81405	17.508	0.023
2455664.91813	17.523	0.022000000000000002
2455665.80068	17.512	0.019
2455665.91253	17.54	0.019
2455667.85595	17.537	0.017
2455668.87512	17.534000000000002	0.026000000000000002
2455669.85351	17.529	0.02
2455670.8425	17.508	0.026000000000000002
2455675.72309	17.495	0.022000000000000002
2455675.9131400003	17.529	0.023
2455676.80647	17.529	0.019
2455677.7629	17.531	0.02
2455679.6853099996	17.555999999999997	0.022000000000000002
2455679.87209	17.502	0.022000000000000002
2455680.75083	17.503	0.02
2455681.66381	17.56	0.025
2455681.8464200003	17.553	0.022000000000000002
2455682.7319799997	17.538	0.02
2455682.86935	17.485	0.019
2455683.68602	17.529	0.02
2455683.90588	17.518	0.019
2455684.82047	17.532	0.02
2455685.79489	17.511	0.017
2455686.6955	17.508	0.02
2455686.89091	17.506	0.026000000000000002
2455687.7815	17.552	0.02
2455689.68953	17.53	0.019
2455690.69391	17.516	0.023
2455690.90755	17.512	0.026000000000000002
2455691.82703	17.519000000000002	0.022000000000000002
2455692.72192	17.500999999999998	0.02
2455692.88626	17.505	0.022000000000000002
2455693.7549	17.522000000000002	0.017
2455693.90745	17.507	0.023
2455694.75315	17.545	0.023
2455694.91516	17.535	0.025
2455695.79764	17.506	0.019
2455696.6016599997	17.505	0.031
2455696.78381	17.517	0.02
2455697.6170799998	17.489	0.025
2455697.79323	17.553	0.022000000000000002
2455698.62214	17.57	0.04
2455698.7906400003	17.494	0.025
2455703.71753	17.529	0.035
2455705.75537	17.57	0.028999999999999998
2455706.57793	17.497	0.035
2455707.5917700003	17.527	0.022000000000000002
2455707.76402	17.546	0.02
2455707.9309900003	17.573	0.031
2455708.75556	17.557000000000002	0.025
2455709.59908	17.547	0.022000000000000002
2455712.6368400003	17.529	0.028999999999999998
2455712.64937	17.54	0.025
2455712.83198	17.526	0.02
2455713.84685	17.515	0.02
2455715.7935599997	17.554000000000002	0.02
2455716.6666099997	17.57	0.025
2455716.6793299997	17.492	0.027999999999999997
2455716.8554599998	17.548	0.026000000000000002
2455721.76723	17.511	0.02
2455722.5600900003	17.517	0.022000000000000002
2455722.5734200003	17.554000000000002	0.02
2455722.7927099997	17.506	0.02
2455723.67018	17.497	0.022000000000000002
2455723.8297900003	17.521	0.02
2455724.7028	17.527	0.025
2455725.61982	17.573	0.02
2455726.5348400003	17.554000000000002	0.043
2455726.71442	17.538	0.032
2455734.6915	17.534000000000002	0.026000000000000002
2455734.8755	17.544	0.034
2455735.82196	17.505	0.022000000000000002
2455736.5669299997	17.53	0.022000000000000002
2455736.77275	17.499000000000002	0.019
2455737.56292	17.500999999999998	0.02
2455737.75372	17.516	0.017
2455738.5923099997	17.528	0.023
2455739.50587	17.511	0.026000000000000002
2455739.65876	17.538	0.019
2455739.84852	17.557000000000002	0.023
2455740.64989	17.506	0.023
2455740.837	17.529	0.025
2455741.6072400003	17.525	0.02
2455741.78618	17.500999999999998	0.019
2455742.53801	17.476	0.023
2455742.71902	17.522000000000002	0.017
2455742.87405	17.544	0.022000000000000002
2455743.7688700003	17.503	0.023
2455744.5266	17.542	0.027999999999999997
2455744.73142	17.54	0.02
2455745.5153099997	17.557000000000002	0.027999999999999997
2455745.7019599997	17.554000000000002	0.022000000000000002
2455745.86912	17.541	0.032
2455746.68565	17.528	0.02
2455746.7302900003	17.527	0.026000000000000002
2455746.78541	17.517	0.025
2455747.61717	17.537	0.034
2455747.81733	17.535	0.035
2455749.56643	17.509	0.023
2455749.73305	17.524	0.025
2455752.6167599997	17.465999999999998	0.026000000000000002
2455753.5027799997	17.455	0.047
2455753.7713900004	17.588	0.038
2455759.83853	17.565	0.034
2455760.50611	17.558	0.037000000000000005
2455760.70279	17.559	0.025
2455761.5225400003	17.528	0.013999999999999999
2455762.56557	17.507	0.025
2455762.72194	17.508	0.025
2455763.61637	17.512999999999998	0.022000000000000002
2455763.78758	17.545	0.027999999999999997
2455764.60928	17.495	0.019
2455765.48478	17.567	0.025
2455765.67865	17.543	0.022000000000000002
2455766.5367799997	17.515	0.02
2455766.72591	17.542	0.025
2455767.60564	17.53	0.025
2455768.47504	17.549	0.023
2455768.66518	17.516	0.019
2455769.50049	17.541	0.022000000000000002
2455769.71365	17.526	0.02
2455775.55571	17.55	0.028999999999999998
2455776.63715	17.533	0.025
2455777.55958	17.519000000000002	0.019
2455778.49325	17.546	0.032
2455779.63118	17.535	0.019
2455785.65744	17.557000000000002	0.027999999999999997
2455786.60133	17.544	0.025
2455787.63808	17.526	0.022000000000000002
2455788.55837	17.543	0.023
2455788.72312	17.543	0.037000000000000005
2455790.61742	17.554000000000002	0.027999999999999997
2455791.51445	17.55	0.026000000000000002
2455793.6257	17.519000000000002	0.022000000000000002
2455794.50932	17.521	0.022000000000000002
2455794.70647	17.488	0.022000000000000002
2455796.4800299997	17.559	0.023
2455796.6797700003	17.496	0.023
2455801.59938	17.595	0.027999999999999997
2455802.59311	17.518	0.032
2455804.5851	17.527	0.023
2455805.54676	17.519000000000002	0.02
2455806.54208	17.553	0.026000000000000002
2455807.6623	17.500999999999998	0.032
2455812.64787	17.504	0.035
2455813.62836	17.539	0.022000000000000002
2455815.60603	17.53	0.022000000000000002
2455816.57714	17.517	0.025
2455817.57817	17.541	0.027999999999999997
2455818.5597599996	17.515	0.027999999999999997
2455819.5681	17.516	0.023
2455820.54608	17.531	0.025
2455822.5268	17.527	0.027999999999999997
2455822.61524	17.462	0.025
2455823.54669	17.493	0.028999999999999998
2455823.6307099997	17.563	0.032
2455824.56825	17.499000000000002	0.02
2455825.48907	17.559	0.028999999999999998
2455825.5849200003	17.526	0.023
2455826.50811	17.505	0.025
2455826.5962900002	17.538	0.028999999999999998
2455827.53416	17.554000000000002	0.031
2455827.61457	17.517	0.028999999999999998
2455828.54754	17.543	0.022000000000000002
2455828.61991	17.532	0.023
2455829.55833	17.541	0.02
2455830.48426	17.532	0.022000000000000002
2455830.57124	17.515	0.022000000000000002
2455831.54341	17.52	0.022000000000000002
2455831.6165299998	17.511	0.026000000000000002
2455832.56643	17.535999999999998	0.023
2455833.5247	17.491	0.02
2455833.6022099997	17.535999999999998	0.026000000000000002
2455834.5616599997	17.527	0.02
2455835.5451	17.507	0.031
2455836.54075	17.553	0.032
2455839.48729	17.547	0.032
2455839.56616	17.498	0.031
2455840.51715	17.557000000000002	0.026000000000000002
2455840.61149	17.564	0.032
2455841.54006	17.512999999999998	0.028999999999999998
2455842.4876200003	17.524	0.049
2455842.5887	17.517	0.032
2455843.54295	17.477	0.026000000000000002
2455844.4866400003	17.5	0.035
2455844.56756	17.512999999999998	0.031
2455845.52853	17.495	0.034
2455846.4890900003	17.594	0.046
2455846.56951	17.554000000000002	0.043
2455847.5449599996	17.505	0.04
2455850.5161099997	17.523	0.023
2455851.5558	17.531	0.026000000000000002
2455852.50704	17.554000000000002	0.034
2455854.4964099997	17.572	0.035
2455854.56002	17.498	0.04
2455855.55496	17.51	0.032
2455857.49897	17.499000000000002	0.037000000000000005
2455859.4980900004	17.518	0.034
2455860.51162	17.561	0.028999999999999998
2455969.89034	17.564	0.032
2455976.85524	17.504	0.02
2455977.8472599997	17.544	0.025
2455978.8654400003	17.521	0.02
2455979.86989	17.527	0.02
2455982.81717	17.517	0.02
2455982.90308	17.579	0.034
2455983.89664	17.55	0.017
2455984.88979	17.55	0.019
2455985.8647	17.524	0.022000000000000002
2455986.84627	17.52	0.019
2455987.81103	17.555	0.026000000000000002
2455988.81282	17.51	0.025
2455988.89776	17.503	0.02
2455989.87322	17.512999999999998	0.02
2455990.83753	17.494	0.019
2455991.8111400004	17.576	0.026000000000000002
2455991.90557	17.527	0.022000000000000002
2455992.87162	17.54	0.019
2455993.85236	17.542	0.025
2455994.81984	17.506	0.023
2455994.9099	17.531	0.025
2455995.83718	17.546	0.019
2455996.78638	17.498	0.027999999999999997
2455996.8737	17.535	0.019
2455997.82051	17.532	0.023
2455997.90678	17.519000000000002	0.022000000000000002
2455998.8617	17.526	0.022000000000000002
2455999.79353	17.564	0.023
2455999.8805	17.527	0.02
2456003.86842	17.551	0.025
2456004.80109	17.545	0.023
2456004.89658	17.518	0.019
2456005.8201	17.535999999999998	0.023
2456006.76248	17.541	0.019
2456006.86517	17.545	0.017
2456007.76851	17.506	0.022000000000000002
2456007.86393	17.522000000000002	0.02
2456008.7621	17.532	0.019
2456008.85942	17.549	0.02
2456009.75819	17.514	0.019
2456009.8596799998	17.515	0.019
2456010.75275	17.590999999999998	0.026000000000000002
2456010.8534	17.532	0.017
2456011.73738	17.565	0.023
2456011.84961	17.542	0.025
2456012.74792	17.498	0.022000000000000002
2456012.84817	17.53	0.017
2456013.7545	17.567999999999998	0.023
2456013.83336	17.541	0.019
2456014.7305900003	17.494	0.023
2456014.8075	17.565	0.019
2456014.9069	17.533	0.025
2456015.78572	17.543	0.017
2456015.87403	17.533	0.016
2456016.7673299997	17.55	0.019
2456016.87042	17.508	0.017
2456017.75536	17.559	0.017
2456017.83277	17.535999999999998	0.016
2456018.72414	17.549	0.031
2456018.82114	17.504	0.02
2456019.72182	17.539	0.025
2456019.8182200002	17.504	0.022000000000000002
2456019.89528	17.57	0.019
2456020.75408	17.516	0.019
2456020.8483599997	17.525	0.016
2456020.92858	17.542	0.043
2456021.77728	17.516	0.019
2456021.85473	17.531	0.017
2456022.72584	17.532	0.026000000000000002
2456022.80228	17.522000000000002	0.019
2456022.8998	17.506	0.017
2456023.759	17.546	0.02
2456023.84059	17.517	0.02
2456024.71655	17.56	0.028999999999999998
2456024.79588	17.523	0.022000000000000002
2456024.90815	17.53	0.023
2456025.70013	17.508	0.032
2456025.7797	17.549	0.026000000000000002
2456025.88389	17.566	0.023
2456029.8996200003	17.541	0.02
2456031.75623	17.515	0.022000000000000002
2456032.68555	17.609	0.028999999999999998
2456032.86233	17.524	0.019
2456033.78601	17.486	0.02
2456034.74009	17.523	0.017
2456035.87289	17.524	0.022000000000000002
2456036.8656200003	17.531	0.017
2456037.82321	17.484	0.022000000000000002
2456038.7787099998	17.516	0.019
2456039.7763900002	17.532	0.025
2456040.76416	17.522000000000002	0.02
2456041.71214	17.544	0.022000000000000002
2456041.9031599998	17.528	0.019
2456047.6819	17.529	0.022000000000000002
2456047.8733	17.511	0.02
2456048.8013400002	17.532	0.017
2456049.70858	17.539	0.019
2456049.9026599997	17.527	0.019
2456050.80749	17.539	0.019
2456051.7307700003	17.542	0.02
2456052.79145	17.535	0.02
2456053.6417799997	17.565	0.034
2456053.8363900003	17.555999999999997	0.022000000000000002
2456054.91198	17.563	0.032
2456058.67899	17.538	0.025
2456058.8490400002	17.549	0.022000000000000002
2456059.73673	17.545	0.023
2456059.91301	17.566	0.02
2456061.81438	17.535	0.022000000000000002
2456062.68415	17.522000000000002	0.022000000000000002
2456062.86319	17.555999999999997	0.022000000000000002
2456063.83201	17.526	0.027999999999999997
2456064.75482	17.551	0.016
2456064.9398	17.521	0.026000000000000002
2456065.78813	17.548	0.02
2456066.70262	17.503	0.02
2456066.8879	17.512999999999998	0.019
2456067.68952	17.532	0.02
2456067.86751	17.535999999999998	0.019
2456068.7001400003	17.525	0.019
2456068.91527	17.553	0.02
2456069.66657	17.516	0.019
2456069.85484	17.532	0.017
2456070.65389	17.545	0.025
2456070.83068	17.519000000000002	0.019
2456071.6285200003	17.548	0.02
2456071.80959	17.544	0.02
2456075.61128	17.574	0.019
2456075.79325	17.539	0.016
2456076.64402	17.53	0.023
2456076.82578	17.529	0.019
2456077.76265	17.59	0.022000000000000002
2456077.94203	17.557000000000002	0.028999999999999998
2456078.76412	17.519000000000002	0.017
2456079.56245	17.548	0.026000000000000002
2456079.74016	17.532	0.019
2456079.92067	17.544	0.022000000000000002
2456080.69482	17.523	0.019
2456080.87329	17.602	0.023
2456081.64489	17.533	0.027999999999999997
2456081.8272599997	17.485	0.022000000000000002
2456082.63631	17.49	0.034
2456082.84146	17.554000000000002	0.031
2456085.6506	17.553	0.023
2456085.8128400003	17.557000000000002	0.031
2456086.58629	17.544	0.023
2456086.76999	17.523	0.02
2456087.5482400004	17.565	0.025
2456087.84802	17.589000000000002	0.027999999999999997
2456088.69008	17.533	0.017
2456089.80615	17.565	0.022000000000000002
2456092.65234	17.507	0.025
2456093.56459	17.533	0.025
2456093.76716	17.552	0.02
2456094.61806	17.512999999999998	0.023
2456094.79079	17.512	0.02
2456096.6043599998	17.521	0.022000000000000002
2456096.8032299997	17.547	0.022000000000000002
2456097.73	17.507	0.023
2456097.89415	17.533	0.027999999999999997
2456098.68765	17.566	0.023
2456098.86801	17.56	0.027999999999999997
2456100.54239	17.53	0.025
2456100.73697	17.516	0.02
2456101.51395	17.545	0.023
2456101.66735	17.521	0.019
2456101.85457	17.559	0.027999999999999997
2456102.64952	17.54	0.02
2456102.8078799997	17.5	0.019
2456103.55774	17.532	0.02
2456103.73813	17.509	0.019
2456104.55769	17.525	0.019
2456104.7228099997	17.544	0.016
2456104.8821799997	17.562	0.025
2456105.66883	17.523	0.02
2456106.65253	17.542	0.026000000000000002
2456108.64916	17.527	0.022000000000000002
2456108.82444	17.509	0.022000000000000002
2456109.61254	17.543	0.05
2456109.8118	17.557000000000002	0.028999999999999998
2456113.6168299997	17.491	0.023
2456113.77541	17.509	0.022000000000000002
2456114.62347	17.529	0.026000000000000002
2456114.79795	17.532	0.023
2456115.56121	17.570999999999998	0.023
2456115.77702	17.512	0.026000000000000002
2456116.6126200003	17.529	0.019
2456116.78523	17.543	0.02
2456117.57952	17.55	0.02
2456117.76022	17.531	0.02
2456118.53301	17.482	0.02
2456118.7212099996	17.525	0.017
2456119.49559	17.519000000000002	0.032
2456119.67509	17.539	0.019
2456120.51113	17.541	0.025
2456120.7059	17.493	0.023
2456121.5029599997	17.541	0.019
2456121.68367	17.535	0.017
2456123.54153	17.504	0.025
2456123.71682	17.538	0.023
2456124.5142	17.534000000000002	0.025
2456124.72448	17.527	0.019
2456125.52683	17.559	0.023
2456125.72905	17.539	0.019
2456126.55991	17.541	0.023
2456126.77321	17.565	0.023
2456127.73994	17.499000000000002	0.022000000000000002
2456128.66203	17.528	0.017
2456131.53526	17.493	0.023
2456132.5422799997	17.544	0.023
2456132.7992	17.534000000000002	0.025
2456133.7248400003	17.529	0.02
2456134.63247	17.515	0.022000000000000002
2456135.60897	17.523	0.023
2456135.8116200003	17.505	0.025
2456140.6102299998	17.538	0.035
2456140.7686099997	17.437	0.040999999999999995
2456141.63204	17.527	0.025
2456141.7840400003	17.557000000000002	0.032
2456143.71947	17.551	0.034
2456147.69129	17.529	0.026000000000000002
2456148.62735	17.515	0.017
2456149.74199	17.498	0.028999999999999998
2456150.66679	17.522000000000002	0.026000000000000002
2456151.6480099997	17.494	0.023
2456152.5257	17.555	0.023
2456153.7226400003	17.521	0.026000000000000002
2456154.70684	17.505	0.022000000000000002
2456158.55361	17.53	0.02
2456158.72222	17.533	0.02
2456159.68694	17.581	0.032
2456160.64818	17.559	0.022000000000000002
2456161.54405	17.512	0.027999999999999997
2456164.5331099997	17.547	0.028999999999999998
2456167.52697	17.522000000000002	0.023
2456168.52397	17.511	0.025
2456169.53221	17.558	0.023
2456169.7006900003	17.521	0.031
2456171.67419	17.514	0.028999999999999998
2456172.63563	17.539	0.02
2456174.6013700003	17.563	0.031
2456175.58515	17.545	0.023
2456179.57277	17.542	0.027999999999999997
2456180.5627200003	17.547	0.025
2456181.5233299998	17.52	0.02
2456182.52481	17.543	0.02
2456183.56995	17.507	0.017
2456184.62125	17.545	0.022000000000000002
2456185.50975	17.517	0.017
2456186.5394	17.52	0.022000000000000002
2456190.57567	17.533	0.019
2456191.61326	17.56	0.02
2456195.54889	17.558	0.022000000000000002
2456195.62462	17.506	0.023
2456196.54575	17.569000000000003	0.026000000000000002
2456196.6246700003	17.517	0.028999999999999998
2456197.5474400003	17.531	0.027999999999999997
2456198.5536	17.587	0.032
2456200.59047	17.445	0.034
2456201.53028	17.534000000000002	0.035
2456203.51925	17.529	0.025
2456203.6107099997	17.455	0.034
2456204.56214	17.516	0.023
2456205.50348	17.574	0.023
2456205.58456	17.531	0.022000000000000002
2456208.5304400004	17.497	0.023
2456209.5798	17.518	0.027999999999999997
2456210.55558	17.54	0.025
2456211.50628	17.516	0.02
2456211.58709	17.567	0.023
2456212.50575	17.561	0.022000000000000002
2456212.58117	17.535	0.022000000000000002
2456213.5350200003	17.526	0.023
2456214.5141	17.52	0.023
2456214.575	17.539	0.026000000000000002
2456216.51486	17.55	0.023
2456216.57656	17.567999999999998	0.027999999999999997
2456217.53795	17.525	0.019
2456218.5225400003	17.527	0.025
2456219.5412	17.519000000000002	0.022000000000000002
2456221.52569	17.555	0.043
2456221.55288	17.515	0.04
2456223.57471	17.547	0.028999999999999998
2456226.51642	17.477	0.034
2456231.52142	17.521	0.031
2456233.54731	17.552	0.032
2456238.5242	17.5	0.031
2456334.88605	17.529	0.022000000000000002
2456335.86303	17.534000000000002	0.02
2456337.87583	17.527	0.023
2456338.8533900003	17.525	0.022000000000000002
2456339.84865	17.519000000000002	0.019
2456340.86838	17.546	0.02
2456342.83564	17.511	0.025
2456343.8805299997	17.492	0.023
2456344.87418	17.543	0.017
2456345.8983400003	17.534000000000002	0.027999999999999997
2456347.89565	17.55	0.022000000000000002
2456348.8957599998	17.563	0.022000000000000002
2456350.82567	17.52	0.023
2456351.82427	17.563	0.031
2456352.82314	17.533	0.023
2456353.79156	17.557000000000002	0.022000000000000002
2456353.89993	17.527	0.022000000000000002
2456358.8305900004	17.551	0.023
2456360.82207	17.54	0.017
2456361.80711	17.798	0.02
2456361.8859099997	17.573	0.02
2456362.86901	17.498	0.019
2456363.7973599997	17.535	0.02
2456363.89705	17.531	0.019
2456367.8962	17.515	0.016
2456368.8473799997	17.579	0.02
2456369.77649	17.558	0.02
2456369.8676299998	17.542	0.017
2456370.8190599997	17.52	0.017
2456370.90167	17.527	0.02
2456371.8327099998	17.54	0.019
2456371.9149700003	17.544	0.022000000000000002
2456372.82516	17.526	0.017
2456372.90923	17.512999999999998	0.02
2456373.84215	17.486	0.019
2456374.75965	17.544	0.025
2456374.84906	17.524	0.02
2456375.75868	17.508	0.017
2456375.8637099997	17.511	0.017
2456376.76796	17.511	0.02
2456376.85965	17.525	0.019
2456377.78194	17.551	0.017
2456377.87185	17.525	0.016
2456378.7782799997	17.495	0.019
2456378.86859	17.565	0.017
2456379.77488	17.514	0.022000000000000002
2456379.86357	17.53	0.02
2456380.76608	17.569000000000003	0.019
2456380.86882	17.483	0.019
2456381.78712	17.509	0.017
2456381.87502	17.525	0.016
2456382.7809200003	17.502	0.026000000000000002
2456382.8603	17.566	0.022000000000000002
2456386.77396	17.514	0.02
2456386.8771599997	17.521	0.022000000000000002
2456387.77263	17.521	0.017
2456387.85596	17.516	0.017
2456388.79659	17.528	0.019
2456388.91012	17.588	0.02
2456389.77496	17.521	0.019
2456389.85463	17.535999999999998	0.019
2456390.73031	17.558	0.02
2456390.81227	17.554000000000002	0.019
2456390.90374	17.537	0.019
2456391.84821	17.529	0.02
2456393.84668	17.537	0.02
2456394.80978	17.523	0.023
2456395.7619	17.527	0.017
2456396.71158	17.538	0.019
2456396.89206	17.51	0.017
2456397.83691	17.553	0.017
2456398.75452	17.538	0.019
2456398.9253599998	17.498	0.02
2456399.84703	17.555	0.023
2456400.82885	17.548	0.019
2456401.77057	17.541	0.017
2456402.69509	17.515	0.022000000000000002
2456402.86778	17.492	0.02
2456403.77399	17.541	0.017
2456404.71615	17.551	0.02
2456404.89494	17.526	0.022000000000000002
2456405.83916	17.534000000000002	0.02
2456405.90454	17.539	0.016
2456406.9243400004	17.535999999999998	0.019
2456407.8404	17.527	0.022000000000000002
2456408.78449	17.559	0.027999999999999997
2456409.89814	17.499000000000002	0.026000000000000002
2456415.8478099997	17.555999999999997	0.028999999999999998
2456416.7540700003	17.502	0.02
2456417.67901	17.528	0.026000000000000002
2456417.84242	17.519000000000002	0.023
2456418.70131	17.535	0.022000000000000002
2456418.8655	17.548	0.016
2456419.75069	17.56	0.019
2456419.92641	17.559	0.019
2456420.7661099997	17.517	0.016
2456421.79397	17.52	0.019
2456422.73839	17.531	0.019
2456423.69606	17.557000000000002	0.022000000000000002
2456423.89455	17.514	0.019
2456424.7561	17.565	0.019
2456426.61532	17.570999999999998	0.022000000000000002
2456426.85543	17.525	0.016
2456427.8742400003	17.509	0.016
2456428.64657	17.47	0.023
2456428.84204	17.528	0.022000000000000002
2456431.6406900003	17.534000000000002	0.023
2456431.82941	17.553	0.019
2456432.66677	17.582	0.025
2456432.85097	17.522000000000002	0.017
2456433.6556700002	17.538	0.023
2456433.8517400003	17.504	0.019
2456434.74915	17.563	0.02
2456434.9355599997	17.505	0.025
2456435.5882	17.529	0.034
2456435.7913	17.545	0.019
2456436.59195	17.523	0.027999999999999997
2456436.78243	17.534000000000002	0.022000000000000002
2456436.9481099998	17.445999999999998	0.035
2456437.87785	17.58	0.034
2456441.71603	17.624000000000002	0.028999999999999998
2456441.81825	17.528	0.025
2456442.59911	17.514	0.02
2456442.7831099997	17.534000000000002	0.017
2456442.94335	17.549	0.034
2456443.62464	17.629	0.023
2456444.70406	17.549	0.025
2456444.80221	17.585	0.02
2456445.5997200003	17.512999999999998	0.023
2456445.80643	17.542	0.019
2456446.59043	17.519000000000002	0.017
2456446.78178	17.518	0.016
2456447.5676	17.500999999999998	0.019
2456447.75061	17.547	0.019
2456447.9166900003	17.535	0.02
2456448.67954	17.558	0.02
2456448.86496	17.564	0.02
2456449.64091	17.515	0.023
2456449.82502	17.504	0.019
2456450.59081	17.495	0.019
2456450.7749099997	17.503	0.016
2456450.93436	17.514	0.023
2456451.71605	17.498	0.019
2456451.89239	17.512999999999998	0.023
2456452.6689299997	17.535999999999998	0.017
2456452.90668	17.521	0.02
2456454.67853	17.538	0.017
2456454.8634200003	17.548	0.02
2456455.7059299997	17.59	0.016
2456456.64513	17.544	0.013999999999999999
2456456.8313700003	17.492	0.017
2456457.80482	17.53	0.017
2456458.58817	17.54	0.023
2456458.77319	17.538	0.017
2456459.5339599997	17.496	0.023
2456459.73137	17.508	0.016
2456459.89601	17.545	0.025
2456460.79442	17.496	0.017
2456461.65355	17.543	0.022000000000000002
2456461.8750400003	17.557000000000002	0.022000000000000002
2456462.8194	17.545	0.022000000000000002
2456463.59332	17.572	0.026000000000000002
2456463.78438	17.538	0.02
2456464.60207	17.533	0.025
2456464.79317	17.516	0.025
2456468.58837	17.503	0.023
2456468.8020200003	17.504	0.022000000000000002
2456469.66313	17.554000000000002	0.023
2456471.5808599996	17.604	0.027999999999999997
2456472.64544	17.539	0.023
2456472.83105	17.504	0.026000000000000002
2456473.60803	17.511	0.017
2456473.79268	17.532	0.02
2456474.55498	17.553	0.023
2456474.7363400003	17.527	0.02
2456475.5170299998	17.525	0.025
2456475.72147	17.551	0.02
2456476.48746	17.559	0.027999999999999997
2456476.67529	17.544	0.022000000000000002
2456476.83938	17.508	0.026000000000000002
2456477.65597	17.54	0.022000000000000002
2456478.51673	17.575	0.027999999999999997
2456479.5817299997	17.497	0.019
2456479.79793	17.51	0.025
2456480.67996	17.512999999999998	0.019
2456481.48723	17.500999999999998	0.022000000000000002
2456481.73027	17.531	0.022000000000000002
2456483.59955	17.537	0.019
2456484.56435	17.527	0.022000000000000002
2456485.6909	17.555999999999997	0.019
2456486.6129	17.569000000000003	0.019
2456486.81534	17.51	0.019
2456487.60348	17.51	0.016
2456487.80596	17.552	0.017
2456489.65505	17.534000000000002	0.02
2456490.4973299997	17.576	0.022000000000000002
2456490.6844200003	17.524	0.019
2456491.52818	17.553	0.023
2456491.74684	17.522000000000002	0.02
2456492.56369	17.512999999999998	0.025
2456492.75066	17.535999999999998	0.023
2456496.58275	17.584	0.04
2456497.68837	17.577	0.026000000000000002
2456498.51497	17.511	0.017
2456498.69433	17.531	0.02
2456499.52928	17.532	0.019
2456500.6827	17.565	0.026000000000000002
2456501.66733	17.525	0.019
2456504.68299	17.544	0.019
2456505.58135	17.502	0.022000000000000002
2456505.77887	17.528	0.031
2456506.72596	17.527	0.026000000000000002
2456508.48365	17.584	0.026000000000000002
2456508.67558	17.538	0.019
2456509.59912	17.522000000000002	0.013999999999999999
2456509.7647	17.498	0.025
2456510.65718	17.505	0.016
2456511.61724	17.528	0.02
2456514.48002	17.519000000000002	0.023
2456514.73177	17.541	0.017
2456515.71996	17.555	0.017
2456516.67422	17.511	0.023
2456518.67957	17.512	0.017
2456519.63334	17.522000000000002	0.019
2456523.55614	17.509	0.019
2456523.71173	17.579	0.040999999999999995
2456524.6677900003	17.515	0.023
2456525.67535	17.525	0.028999999999999998
2456529.556	17.532	0.022000000000000002
2456531.50845	17.579	0.022000000000000002
2456532.5101900003	17.533	0.02
2456533.5252900003	17.572	0.025
2456534.59981	17.517	0.019
2456536.57098	17.549	0.017
2456538.61251	17.557000000000002	0.022000000000000002
2456543.5347	17.53	0.02
2456544.5726799998	17.491	0.017
2456545.62102	17.552	0.02
2456547.58923	17.545	0.035
2456555.5512099997	17.538	0.028999999999999998
2456558.52764	17.52	0.017
2456559.56728	17.553	0.022000000000000002
2456560.62744	17.494	0.023
2456562.57796	17.553	0.019
2456563.5942599997	17.56	0.023
2456564.5271900003	17.534000000000002	0.02
2456565.49588	17.538	0.025
2456565.59398	17.539	0.02
2456567.56684	17.57	0.027999999999999997
2456568.56369	17.5	0.023
2456569.52415	17.551	0.017
2456569.60625	17.477	0.022000000000000002
2456571.4893	17.581	0.027999999999999997
2456571.59919	17.507	0.025
2456572.5661	17.524	0.023
2456573.53022	17.521	0.02
2456577.49587	17.496	0.04
2456577.58526	17.551	0.049
2456578.57988	17.557000000000002	0.025
2456579.5501599996	17.567	0.028999999999999998
2456581.49119	17.504	0.027999999999999997
2456582.5180599997	17.554000000000002	0.025
2456583.5155	17.534000000000002	0.035
2456584.5109099997	17.480999999999998	0.027999999999999997
2456585.51137	17.499000000000002	0.026000000000000002
2456586.5323099997	17.524	0.028999999999999998
2456590.50218	17.5	0.026000000000000002
2456592.49755	17.511	0.031
2456595.49908	17.597	0.026000000000000002
2456696.8856200003	17.551	0.028999999999999998
2456697.88221	17.511	0.02
2456698.88173	17.487000000000002	0.027999999999999997
2456700.88705	17.573	0.02
2456702.86249	17.5	0.022000000000000002
2456703.85018	17.538	0.027999999999999997
2456705.84272	17.480999999999998	0.032
2456707.87916	17.566	0.026000000000000002
2456709.83105	17.525	0.022000000000000002
2456710.8524599997	17.527	0.019
2456711.87172	17.589000000000002	0.019
2456715.8517400003	17.538	0.017
2456716.8434099997	17.495	0.019
2456717.85596	17.507	0.023
2456718.87051	17.543	0.026000000000000002
2456719.86335	17.565	0.02
2456720.8388799997	17.528	0.017
2456721.8206700003	17.573	0.023
2456722.8119200002	17.584	0.026000000000000002
2456722.90606	17.500999999999998	0.02
2456723.8870200003	17.543	0.019
2456724.86678	17.479	0.022000000000000002
2456725.8417	17.491	0.019
2456726.8043400003	17.517	0.019
2456726.90106	17.54	0.019
2456727.8739400003	17.52	0.016
2456728.84431	17.534000000000002	0.016
2456729.79683	17.544	0.02
2456729.8925400004	17.523	0.017
2456730.84673	17.505	0.025
2456731.89249	17.505	0.025
2456732.85507	17.517	0.031
2456733.7913900004	17.55	0.022000000000000002
2456733.8840400004	17.529	0.019
2456734.82467	17.522000000000002	0.02
2456734.9144599997	17.516	0.02
2456735.8638400002	17.525	0.023
2456736.79531	17.524	0.027999999999999997
2456736.89702	17.554000000000002	0.02
2456737.85223	17.511	0.016
2456738.79429	17.538	0.032
2456741.84925	17.555999999999997	0.023
2456741.88612	17.491	0.026000000000000002
2456742.84339	17.569000000000003	0.016
2456743.88995	17.537	0.019
2456744.85248	17.505	0.017
2456745.7423400003	17.546	0.022000000000000002
2456745.8473099996	17.503	0.016
2456746.74742	17.542	0.022000000000000002
2456746.84077	17.586	0.019
2456747.86497	17.502	0.017
2456748.86501	17.562	0.019
2456749.85956	17.524	0.016
2456750.88301	17.52	0.016
2456751.90619	17.496	0.013999999999999999
2456752.90067	17.599	0.016
2456754.88284	17.555	0.02
2456755.8971700002	17.535999999999998	0.019
2456756.85051	17.549	0.017
2456757.81477	17.559	0.019
2456758.83644	17.529	0.022000000000000002
2456759.77534	17.519000000000002	0.016
2456760.73155	17.55	0.019
2456760.91347	17.542	0.016
2456760.9275599997	17.558	0.022000000000000002
2456761.84805	17.522000000000002	0.019
2456762.80298	17.525	0.017
2456763.77215	17.559	0.02
2456764.7036599996	17.534000000000002	0.025
2456764.87811	17.500999999999998	0.019
2456765.7991299997	17.531	0.019
2456768.77434	17.516	0.026000000000000002
2456769.69052	17.558	0.02
2456769.85678	17.534000000000002	0.017
2456770.7577400003	17.528	0.017
2456771.6916	17.553	0.017
2456771.8865400003	17.512999999999998	0.017
2456772.79943	17.539	0.016
2456773.71708	17.502	0.025
2456773.90467	17.522000000000002	0.017
2456774.8078099997	17.524	0.022000000000000002
2456775.78937	17.541	0.016
2456776.70133	17.629	0.02
2456776.9177599996	17.541	0.022000000000000002
2456777.9096	17.546	0.02
2456784.79618	17.537	0.02
2456785.7732599997	17.525	0.019
2456786.78244	17.508	0.019
2456788.84492	17.473	0.02
2456789.7393400003	17.517	0.023
2456789.92808	17.512999999999998	0.023
2456790.77031	17.548	0.023
2456791.61648	17.531	0.035
2456791.78548	17.498	0.022000000000000002
2456792.62017	17.508	0.032
2456792.78043	17.554000000000002	0.023
2456792.92137	17.519000000000002	0.027999999999999997
2456796.72896	17.543	0.023
2456796.90011	17.555	0.025
2456797.76929	17.52	0.023
2456797.9231	17.505	0.028999999999999998
2456799.8157099998	17.539	0.031
2456803.71167	17.53	0.019
2456803.882	17.524	0.02
2456804.65068	17.542	0.019
2456804.83869	17.528	0.02
2456805.6371	17.555999999999997	0.026000000000000002
2456805.82964	17.517	0.025
2456806.89895	17.487000000000002	0.026000000000000002
2456807.78216	17.545	0.026000000000000002
2456808.56074	17.549	0.026000000000000002
2456808.76064	17.519000000000002	0.019
2456808.92228	17.541	0.026000000000000002
2456809.72123	17.54	0.016
2456809.91602	17.541	0.026000000000000002
2456810.70922	17.521	0.022000000000000002
2456810.90581	17.553	0.026000000000000002
2456811.677	17.512999999999998	0.023
2456811.87519	17.524	0.031
2456813.74115	17.53	0.022000000000000002
2456813.93072	17.541	0.028999999999999998
2456814.78438	17.514	0.02
2456814.94067	17.496	0.032
2456815.77203	17.552	0.022000000000000002
2456816.58893	17.546	0.027999999999999997
2456816.81048	17.541	0.022000000000000002
2456817.6532900003	17.539	0.023
2456817.8355400003	17.592	0.023
2456818.59095	17.531	0.034
2456819.64414	17.538	0.027999999999999997
2456819.80156	17.538	0.027999999999999997
2456823.8174	17.546	0.023
2456824.59673	17.541	0.031
2456824.7987	17.532	0.023
2456825.57991	17.554000000000002	0.022000000000000002
2456825.7662400003	17.545	0.022000000000000002
2456826.53087	17.546	0.027999999999999997
2456826.70622	17.542	0.02
2456826.89929	17.535	0.027999999999999997
2456827.70437	17.535999999999998	0.02
2456827.88594	17.524	0.026000000000000002
2456828.6532799997	17.512999999999998	0.019
2456828.8605299997	17.53	0.023
2456829.6058799997	17.531	0.027999999999999997
2456829.7913	17.529	0.022000000000000002
2456830.58433	17.533	0.025
2456830.7705200003	17.528	0.019
2456831.66223	17.531	0.017
2456831.85397	17.551	0.028999999999999998
2456832.67082	17.535	0.02
2456832.83865	17.607	0.027999999999999997
2456833.69117	17.524	0.023
2456833.85223	17.549	0.026000000000000002
2456834.63084	17.541	0.026000000000000002
2456834.81589	17.519000000000002	0.028999999999999998
2456835.6394	17.553	0.026000000000000002
2456835.8229099996	17.551	0.028999999999999998
2456836.61778	17.528	0.028999999999999998
2456836.79729	17.512999999999998	0.026000000000000002
2456837.58256	17.525	0.02
2456837.76431	17.537	0.023
2456838.5350099998	17.504	0.026000000000000002
2456838.72095	17.543	0.02
2456839.50175	17.522000000000002	0.031
2456839.68302	17.561	0.025
2456839.84753	17.552	0.031
2456840.6888	17.52	0.026000000000000002
2456841.55892	17.551	0.022000000000000002
2456841.74883	17.534000000000002	0.023
2456842.5512200003	17.54	0.027999999999999997
2456842.73418	17.544	0.022000000000000002
2456844.5203	17.54	0.023
2456844.70822	17.572	0.023
2456844.85923	17.486	0.031
2456845.61142	17.522000000000002	0.022000000000000002
2456845.7924	17.54	0.02
2456847.5603099996	17.537	0.022000000000000002
2456847.7043	17.519000000000002	0.02
2456851.5991700003	17.516	0.026000000000000002
2456851.77305	17.499000000000002	0.027999999999999997
2456855.5651599998	17.537	0.025
2456855.75054	17.494	0.023
2456856.5468200003	17.529	0.023
2456856.73053	17.552	0.022000000000000002
2456857.54519	17.519000000000002	0.022000000000000002
2456857.73568	17.535999999999998	0.019
2456858.56053	17.555999999999997	0.019
2456858.7473299997	17.512999999999998	0.022000000000000002
2456859.70769	17.535999999999998	0.027999999999999997
2456862.65948	17.525	0.025
2456863.50263	17.559	0.02
2456863.6929	17.54	0.02
2456864.53496	17.541	0.026000000000000002
2456864.72193	17.549	0.022000000000000002
2456866.73188	17.553	0.025
2456870.67327	17.505	0.022000000000000002
2456871.7329599997	17.508	0.027999999999999997
2456872.73257	17.503	0.026000000000000002
2456874.6428900003	17.512	0.022000000000000002
2456879.61494	17.544	0.028999999999999998
2456880.58061	17.522000000000002	0.034
2456881.4849099996	17.543	0.028999999999999998
2456881.736	17.535	0.034
2456882.64242	17.524	0.02
2456883.55605	17.509	0.02
2456885.5320099997	17.504	0.023
2456885.71568	17.569000000000003	0.026000000000000002
2456886.6395799997	17.555	0.02
2456887.56256	17.532	0.019
2456888.47664	17.541	0.02
2456888.67735	17.528	0.025
2456889.62435	17.519000000000002	0.019
2456890.56365	17.519000000000002	0.023
2456891.47905	17.512999999999998	0.031
2456891.67487	17.535	0.027999999999999997
2456895.6324299998	17.535	0.022000000000000002
2456896.59766	17.539	0.022000000000000002
2456900.52754	17.517	0.017
2456907.61704	17.524	0.023
2456908.55474	17.515	0.025
2456908.60531	17.524	0.032
2456909.64303	17.54	0.040999999999999995
2456912.50001	17.55	0.025
2456915.49024	17.55	0.027999999999999997
2456918.49065	17.545	0.031
2456919.54701	17.546	0.023
2456922.52734	17.533	0.025
2456923.5504799997	17.529	0.031
2456924.58982	17.545	0.027999999999999997
2456926.48526	17.542	0.032
2456927.54124	17.541	0.028999999999999998
2456928.57601	17.558	0.034
2456930.5081700003	17.539	0.04
2456932.55547	17.516	0.04
2456936.48748	17.507	0.025
2456937.48851	17.503	0.028999999999999998
2456938.4882900002	17.526	0.037000000000000005
2456938.57493	17.516	0.034
2456940.53719	17.542	0.032
2456942.50694	17.551	0.025
2456943.50552	17.566	0.032
2456944.5431	17.543	0.026000000000000002
2456948.4927	17.495	0.031
2456951.5106200003	17.55	0.027999999999999997
2456953.54369	17.605999999999998	0.031
2456955.54151	17.563	0.025
2457064.87523	17.575	0.022000000000000002
2457066.88567	17.542	0.027999999999999997
2457070.84546	17.514	0.02
2457071.85777	17.532	0.019
2457072.86557	17.53	0.023
2457074.8942	17.519000000000002	0.027999999999999997
2457075.8715	17.532	0.022000000000000002
2457076.8719900004	17.541	0.019
2457077.86935	17.524	0.025
2457078.86032	17.555999999999997	0.022000000000000002
2457079.9007200003	17.528	0.038
2457080.89514	17.539	0.02
2457082.84952	17.495	0.022000000000000002
2457083.81236	17.599	0.027999999999999997
2457084.80707	17.531	0.027999999999999997
2457084.89429	17.558	0.019
2457085.86749	17.521	0.02
2457086.84611	17.567999999999998	0.023
2457087.79512	17.55	0.027999999999999997
2457087.9020700003	17.548	0.023
2457088.87329	17.527	0.022000000000000002
2457089.83934	17.563	0.023
2457090.7903	17.582	0.027999999999999997
2457090.89439	17.53	0.022000000000000002
2457091.84822	17.546	0.023
2457092.78361	17.547	0.023
2457092.87866	17.576	0.022000000000000002
2457097.77041	17.524	0.023
2457097.86045	17.535	0.017
2457098.8097	17.544	0.02
2457098.90881	17.531	0.019
2457099.85186	17.526	0.02
2457100.7988400003	17.498	0.02
2457100.89158	17.545	0.02
2457101.8733200002	17.553	0.022000000000000002
2457102.85185	17.527	0.025
2457108.82558	17.58	0.026000000000000002
2457109.7735599997	17.497	0.022000000000000002
2457109.87697	17.522000000000002	0.02
2457110.7854299997	17.521	0.017
2457110.89673	17.539	0.017
2457111.80615	17.521	0.019
2457111.91945	17.547	0.028999999999999998
2457112.82334	17.562	0.022000000000000002
2457113.73584	17.532	0.022000000000000002
2457113.91409	17.574	0.022000000000000002
2457114.91097	17.552	0.02
2457115.8895	17.553	0.019
2457116.83113	17.553	0.023
2457117.81372	17.517	0.022000000000000002
2457118.86435	17.541	0.019
2457119.86198	17.565	0.026000000000000002
2457120.8032	17.508	0.022000000000000002
2457125.73422	17.541	0.02
2457125.92177	17.518	0.02
2457126.89909	17.531	0.019
2457129.81911	17.517	0.019
2457130.7469599997	17.535	0.022000000000000002
2457130.93078	17.562	0.027999999999999997
2457131.85869	17.524	0.017
2457132.7707	17.522000000000002	0.02
2457133.90128	17.545	0.023
2457134.7851299997	17.49	0.022000000000000002
2457135.71331	17.544	0.019
2457135.89924	17.52	0.017
2457136.79212	17.55	0.02
2457137.69938	17.535999999999998	0.017
2457137.88533	17.495	0.023
2457138.75922	17.517	0.02
2457139.66591	17.522000000000002	0.028999999999999998
2457139.87785	17.542	0.022000000000000002
2457140.7560799997	17.505	0.02
2457141.6581	17.538	0.02
2457141.8396900003	17.529	0.017
2457142.71375	17.517	0.017
2457142.89901	17.535999999999998	0.02
2457143.76969	17.541	0.023
2457144.66163	17.488	0.026000000000000002
2457144.85879	17.519000000000002	0.027999999999999997
2457145.8588799997	17.495	0.023
2457146.70381	17.525	0.023
2457146.84457	17.547	0.026000000000000002
2457147.68541	17.512999999999998	0.028999999999999998
2457147.82513	17.528	0.025
2457152.8213400003	17.555999999999997	0.023
2457153.65745	17.555999999999997	0.022000000000000002
2457153.82085	17.546	0.019
2457154.69588	17.533	0.019
2457154.89084	17.535999999999998	0.019
2457155.72771	17.522000000000002	0.019
2457155.9136799998	17.555	0.022000000000000002
2457156.75996	17.519000000000002	0.016
2457157.73977	17.537	0.017
2457158.65278	17.597	0.023
2457158.83746	17.553	0.022000000000000002
2457159.65378	17.523	0.019
2457159.83786	17.55	0.019
2457160.67666	17.524	0.022000000000000002
2457160.86035	17.533	0.022000000000000002
2457161.70418	17.518	0.019
2457161.88722	17.55	0.02
2457162.70625	17.522000000000002	0.022000000000000002
2457162.89315	17.525	0.02
2457163.7157799997	17.497	0.028999999999999998
2457163.89836	17.559	0.023
2457164.81488	17.508	0.02
2457166.66075	17.518	0.023
2457166.84571	17.54	0.022000000000000002
2457169.5882900003	17.544	0.023
2457169.774	17.522000000000002	0.019
2457169.94416	17.506	0.026000000000000002
2457170.7483	17.538	0.02
2457172.5794599997	17.482	0.027999999999999997
2457172.7631599996	17.555999999999997	0.026000000000000002
2457172.93077	17.517	0.027999999999999997
2457173.7283099997	17.528	0.022000000000000002
2457173.9134	17.511	0.022000000000000002
2457174.6822	17.522000000000002	0.025
2457174.85376	17.512999999999998	0.025
2457175.63397	17.527	0.026000000000000002
2457175.86322	17.546	0.028999999999999998
2457176.90775	17.494	0.028999999999999998
2457178.72353	17.508	0.025
2457179.67962	17.523	0.027999999999999997
2457179.84993	17.567	0.031
2457180.6315200003	17.566	0.027999999999999997
2457180.80298	17.529	0.022000000000000002
2457181.56943	17.51	0.022000000000000002
2457181.75919	17.535999999999998	0.022000000000000002
2457181.92497	17.55	0.027999999999999997
2457182.70736	17.524	0.02
2457182.88508	17.548	0.022000000000000002
2457183.64189	17.512999999999998	0.023
2457183.8258700003	17.541	0.023
2457184.63388	17.509	0.023
2457184.81745	17.53	0.02
2457185.59847	17.500999999999998	0.025
2457185.78126	17.552	0.022000000000000002
2457186.63222	17.544	0.032
2457186.90297	17.522000000000002	0.027999999999999997
2457187.70507	17.503	0.02
2457187.8729	17.552	0.022000000000000002
2457188.65369	17.521	0.025
2457188.85311	17.535	0.031
2457189.71357	17.55	0.023
2457189.88067	17.544	0.025
2457190.6817900003	17.562	0.02
2457190.8703400004	17.537	0.025
2457191.79336	17.507	0.025
2457193.64362	17.547	0.017
2457193.73476	17.554000000000002	0.019
2457193.89886	17.532	0.02
2457194.70089	17.519000000000002	0.017
2457195.82948	17.577	0.016
2457196.88234	17.594	0.028999999999999998
2457197.54345	17.526	0.027999999999999997
2457197.71935	17.522000000000002	0.02
2457198.52587	17.538	0.026000000000000002
2457198.71093	17.512999999999998	0.022000000000000002
2457198.88122	17.579	0.028999999999999998
2457199.64695	17.548	0.017
2457199.8298299997	17.54	0.022000000000000002
2457200.5998299997	17.516	0.019
2457200.7688	17.503	0.02
2457202.74695	17.543	0.027999999999999997
2457206.5611	17.559	0.032
2457206.73589	17.509	0.025
2457207.5446599997	17.5	0.026000000000000002
2457207.709	17.542	0.026000000000000002
2457208.53313	17.522000000000002	0.022000000000000002
2457209.8006700003	17.498	0.025
2457211.57765	17.512	0.02
2457211.76081	17.537	0.02
2457214.5302	17.541	0.027999999999999997
2457214.73057	17.514	0.023
2457217.7519	17.477	0.022000000000000002
2457219.59421	17.535	0.02
2457220.50104	17.541	0.026000000000000002
2457220.6836200003	17.519000000000002	0.017
2457221.48748	17.572	0.027999999999999997
2457221.66988	17.553	0.022000000000000002
2457221.8253	17.537	0.027999999999999997
2457222.6307900003	17.544	0.022000000000000002
2457223.5033400003	17.535	0.034
2457223.68621	17.573	0.023
2457224.52768	17.545	0.022000000000000002
2457224.7332099997	17.543	0.026000000000000002
2457225.5575599996	17.526	0.02
2457226.57839	17.512999999999998	0.022000000000000002
2457226.75906	17.555999999999997	0.026000000000000002
2457227.5430400004	17.529	0.019
2457227.7266	17.512	0.02
2457228.5457	17.514	0.022000000000000002
2457228.74021	17.48	0.02
2457229.57277	17.5	0.017
2457229.7376599996	17.507	0.022000000000000002
2457235.50063	17.529	0.035
2457235.76262	17.526	0.031
2457236.61357	17.551	0.026000000000000002
2457249.61304	17.54	0.025
2457250.57493	17.589000000000002	0.022000000000000002
2457252.6320599997	17.516	0.02
2457253.57436	17.522000000000002	0.019
2457255.53252	17.504	0.023
2457256.5273700003	17.483	0.023
2457257.5911	17.523	0.02
2457258.6306	17.547	0.026000000000000002
2457261.57114	17.534000000000002	0.027999999999999997
2457263.5310299997	17.54	0.022000000000000002
2457263.69403	17.514	0.027999999999999997
2457264.64334	17.535	0.023
2457265.60607	17.53	0.022000000000000002
2457267.55398	17.485	0.025
2457268.56163	17.516	0.019
2457269.54375	17.526	0.02
2457270.49595	17.523	0.022000000000000002
2457270.6852	17.519000000000002	0.022000000000000002
2457272.4832099997	17.547	0.031
2457273.59661	17.52	0.026000000000000002
2457275.6104200003	17.52	0.031
2457277.59578	17.491	0.025
2457278.58513	17.52	0.02
2457281.5857700002	17.523	0.023
2457291.51515	17.535999999999998	0.037000000000000005
2457292.52178	17.515	0.037000000000000005
2457293.50635	17.514	0.026000000000000002
2457294.48409	17.519000000000002	0.032
2457294.60832	17.498	0.031
2457295.59711	17.515	0.026000000000000002
2457299.5183200003	17.552	0.026000000000000002
2457300.50894	17.592	0.031
2457307.56714	17.502	0.023
2457312.49701	17.508	0.031
2457317.49765	17.483	0.031
2457319.50348	17.498	0.037000000000000005
2457324.50065	17.567999999999998	0.040999999999999995
2457328.51219	17.516	0.044000000000000004
2457332.50696	17.477	0.028999999999999998
2457435.85379	16.417	0.01
2457436.87755	16.399	0.011000000000000001
2457438.83019	16.401	0.011000000000000001
2457439.85495	16.422	0.011000000000000001
2457440.87883	16.449	0.011000000000000001
2457442.81704	16.473	0.013000000000000001
2457444.89791	16.529	0.013000000000000001
2457446.80855	16.589000000000002	0.01
2457447.81971	16.633	0.011000000000000001
2457448.82233	16.655	0.011000000000000001
2457449.86223	16.697	0.017
2457451.86462	16.734	0.013000000000000001
2457452.90719	16.77	0.011000000000000001
2457454.8605299997	16.816	0.013000000000000001
2457455.8631599997	16.823	0.013000000000000001
2457456.87952	16.879	0.013999999999999999
2457457.876	16.909000000000002	0.013999999999999999
2457458.86975	16.896	0.013999999999999999
2457460.87128	16.933	0.013000000000000001
2457461.86912	16.963	0.013000000000000001
2457462.8475599997	16.968	0.013000000000000001
2457463.89062	16.983	0.013000000000000001
2457465.81548	17.029	0.013999999999999999
2457466.87593	17.028	0.016
2457467.879	17.034000000000002	0.013999999999999999
2457470.83523	17.096	0.017
2457471.78754	17.079	0.019
2457471.91785	17.085	0.019
2457472.8580099996	17.116	0.017
2457474.74897	17.134	0.023
2457474.85126	17.121	0.016
2457475.78068	17.168	0.022000000000000002
2457475.8849299997	17.154	0.017
2457476.77394	17.135	0.017
2457484.8610900003	17.229	0.017
2457486.7839200003	17.22	0.02
2457487.8925900003	17.250999999999998	0.017
2457489.92575	17.288	0.017
2457492.7522400003	17.275	0.017
2457493.73979	17.301	0.017
2457494.7321	17.29	0.016
2457495.7064900002	17.298	0.02
2457495.92708	17.316	0.02
2457498.85843	17.343	0.022000000000000002
2457499.81319	17.326	0.02
2457500.75425	17.309	0.022000000000000002
2457507.776	17.39	0.017
2457508.82472	17.364	0.016
2457509.92419	17.403	0.022000000000000002
2457512.87656	17.361	0.013999999999999999
2457522.92957	17.477	0.032
2457526.85322	17.423	0.022000000000000002
2457530.70265	17.442999999999998	0.028999999999999998
2457534.84293	17.464000000000002	0.022000000000000002
2457536.83945	17.448	0.02
2457546.67282	17.467	0.022000000000000002
2457547.61681	17.504	0.022000000000000002
2457548.74786	17.447	0.013999999999999999
2457549.8695400003	17.472	0.022000000000000002
2457550.8481099997	17.436	0.023
2457552.8747900003	17.467	0.027999999999999997
2457555.58759	17.491	0.023
2457555.91836	17.472	0.025
2457557.8925900003	17.477999999999998	0.031
2457561.69336	17.469	0.022000000000000002
2457566.55029	17.482	0.025
2457566.86994	17.451	0.032
2457567.81374	17.456	0.02
2457568.83477	17.488	0.027999999999999997
2457569.8312	17.558	0.028999999999999998
2457570.78757	17.488	0.022000000000000002
2457573.69642	17.487000000000002	0.026000000000000002
2457575.62764	17.480999999999998	0.025
2457575.7812099997	17.491	0.019
2457576.57631	17.469	0.019
2457576.7400700003	17.500999999999998	0.019
2457577.56261	17.517	0.025
2457579.741	17.508	0.022000000000000002
2457582.69735	17.515	0.02
2457582.71034	17.47	0.022000000000000002
2457584.5680400003	17.483	0.026000000000000002
2457584.7102799998	17.5	0.023
2457589.51665	17.482	0.035
2457589.67559	17.467	0.027999999999999997
2457590.47503	17.473	0.031
2457590.6165	17.489	0.022000000000000002
2457590.80885	17.492	0.034
2457593.54842	17.505	0.019
2457593.7037400003	17.483	0.019
2457595.70012	17.459	0.026000000000000002
2457599.51442	17.489	0.026000000000000002
2457599.74925	17.462	0.02
2457600.61856	17.48	0.023
2457600.64684	17.484	0.023
2457601.78028	17.477999999999998	0.025
2457602.6202700003	17.491	0.02
2457602.77003	17.489	0.031
2457603.6081	17.52	0.019
2457603.74829	17.504	0.022000000000000002
2457604.5749	17.525	0.019
2457604.71548	17.495	0.019
2457605.56769	17.494	0.02
2457605.71902	17.489	0.022000000000000002
2457606.7433	17.479	0.027999999999999997
2457607.6458400004	17.512	0.019
2457608.52535	17.511	0.022000000000000002
2457608.72719	17.507	0.02
2457609.60375	17.496	0.019
2457609.75417	17.491	0.022000000000000002
2457610.6364	17.476	0.02
2457611.63663	17.509	0.023
2457612.5651700003	17.527	0.023
2457612.7036200003	17.486	0.023
2457616.58032	17.517	0.023
2457617.53026	17.465	0.026000000000000002
2457617.69404	17.480999999999998	0.028999999999999998
2457618.58362	17.486	0.023
2457618.73446	17.462	0.037000000000000005
2457621.59076	17.554000000000002	0.027999999999999997
2457622.52955	17.493	0.019
2457622.71246	17.489	0.02
2457623.6312	17.531	0.02
2457624.5746299997	17.506	0.022000000000000002
2457625.53505	17.492	0.02
2457626.51488	17.517	0.023
2457630.5096299998	17.462	0.02
2457631.48121	17.511	0.023
2457631.65997	17.504	0.019
2457632.64513	17.494	0.022000000000000002
2457634.52992	17.454	0.025
2457636.48263	17.511	0.032
2457636.6533	17.503	0.027999999999999997
2457637.64334	17.51	0.023
2457639.53774	17.505	0.025
2457643.6228400003	17.455	0.028999999999999998
2457645.49906	17.514	0.031
2457647.61736	17.434	0.031
2457649.51107	17.488	0.02
2457650.56123	17.496	0.02
2457651.5907900003	17.495	0.025
2457653.48507	17.499000000000002	0.02
2457655.48592	17.493	0.026000000000000002
2457656.5707099997	17.500999999999998	0.025
2457659.5564	17.458	0.023
2457661.4852	17.465	0.028999999999999998
2457662.55749	17.54	0.025
2457667.49378	17.491	0.023
2457672.54385	17.418	0.026000000000000002
2457681.51521	17.47	0.027999999999999997
2457791.8845	17.554000000000002	0.027999999999999997
2457792.88729	17.509	0.034
2457793.87873	17.505	0.022000000000000002
2457794.88572	17.514	0.028999999999999998
2457795.8897599997	17.5	0.028999999999999998
2457798.86115	17.519000000000002	0.023
2457800.8519900003	17.511	0.026000000000000002
2457801.8908599997	17.529	0.027999999999999997
2457803.8723	17.504	0.026000000000000002
2457807.84581	17.526	0.022000000000000002
2457808.89657	17.567	0.027999999999999997
2457809.90477	17.514	0.032
2457811.8273	17.515	0.023
2457812.85886	17.517	0.02
2457814.82775	17.532	0.022000000000000002
2457815.85463	17.523	0.02
2457816.8464	17.496	0.022000000000000002
2457817.84301	17.497	0.022000000000000002
2457818.82922	17.512	0.019
2457819.80908	17.557000000000002	0.023
2457819.9064700003	17.512999999999998	0.022000000000000002
2457821.8172	17.515	0.025
2457822.81261	17.484	0.025
2457822.90196	17.546	0.02
2457823.88715	17.516	0.022000000000000002
2457824.88326	17.534000000000002	0.023
2457825.87486	17.504	0.022000000000000002
2457826.83374	17.483	0.026000000000000002
2457827.82102	17.499000000000002	0.023
2457827.91026	17.500999999999998	0.023
2457828.8794299997	17.512	0.02
2457830.78207	17.514	0.026000000000000002
2457830.86931	17.531	0.022000000000000002
2457835.7821400003	17.498	0.031
2457836.8934	17.524	0.023
2457838.7802	17.522000000000002	0.023
2457839.8464599997	17.526	0.019
2457840.90781	17.52	0.019
2457842.7782099997	17.534000000000002	0.023
2457843.8190900004	17.535	0.022000000000000002
2457844.86135	17.53	0.025
2457845.9079400003	17.531	0.022000000000000002
2457847.75006	17.525	0.023
2457848.77947	17.522000000000002	0.02
2457849.80783	17.535999999999998	0.019
2457850.83687	17.529	0.02
2457851.88107	17.508	0.019
2457853.9197400003	17.472	0.028999999999999998
2457855.72914	17.542	0.025
2457856.75315	17.491	0.031
2457858.83599	17.525	0.023
2457862.8716700003	17.547	0.023
2457865.68555	17.528	0.02
2457866.6965400004	17.546	0.019
2457867.7154	17.545	0.02
2457868.78802	17.526	0.023
2457869.8113700002	17.53	0.017
2457870.8500200002	17.542	0.02
2457871.87232	17.548	0.02
2457872.8986299997	17.518	0.017
2457873.8790599997	17.543	0.019
2457874.852	17.523	0.023
2457875.9299	17.53	0.022000000000000002
2457876.9023700003	17.557000000000002	0.02
2457877.87447	17.512	0.02
2457878.91381	17.527	0.019
2457880.6748599997	17.526	0.026000000000000002
2457881.75085	17.537	0.032
2457882.7546	17.542	0.026000000000000002
2457889.93403	17.544	0.037000000000000005
2457893.67003	17.514	0.027999999999999997
2457893.92371	17.52	0.022000000000000002
2457894.81263	17.484	0.02
2457895.79522	17.561	0.022000000000000002
2457901.6796	17.517	0.022000000000000002
2457902.66872	17.537	0.026000000000000002
2457903.76123	17.508	0.027999999999999997
2457904.66225	17.537	0.02
2457904.92802	17.535	0.027999999999999997
2457905.79268	17.537	0.02
2457906.68312	17.521	0.019
2457906.92947	17.503	0.027999999999999997
2457907.89514	17.541	0.023
2457908.78918	17.53	0.02
2457909.65414	17.555	0.022000000000000002
2457909.89591	17.524	0.022000000000000002
2457910.69446	17.517	0.02
2457911.57978	17.535999999999998	0.031
2457916.54889	17.539	0.032
2457916.76063	17.516	0.02
2457917.60123	17.53	0.025
2457917.8428599997	17.496	0.032
2457918.8665	17.302	0.04
2457922.56705	17.549	0.035
2457923.5210599997	17.542	0.028999999999999998
2457923.86547	17.555	0.032
2457924.50448	17.555	0.028999999999999998
2457924.8945299997	17.539	0.026000000000000002
2457925.50563	17.480999999999998	0.027999999999999997
2457925.57161	17.551	0.031
2457925.68063	17.503	0.016
2457925.78665	17.493	0.022000000000000002
2457925.82479	17.567	0.026000000000000002
2457925.86606	17.552	0.023
2457925.89097	17.500999999999998	0.028999999999999998
2457926.75497	17.505	0.023
2457926.87283	17.546	0.032
2457928.54385	17.564	0.032
2457928.56713	17.528	0.026000000000000002
2457928.60124	17.525	0.022000000000000002
2457928.63364	17.545	0.026000000000000002
2457928.6671	17.558	0.023
2457928.88184	17.5	0.037000000000000005
2457929.57004	17.500999999999998	0.026000000000000002
2457929.80013	17.514	0.027999999999999997
2457932.60063	17.524	0.027999999999999997
2457932.7193299998	17.527	0.023
2457932.84267	17.554000000000002	0.028999999999999998
2457933.51194	17.514	0.031
2457933.7145	17.544	0.023
2457934.64437	17.527	0.022000000000000002
2457934.85979	17.533	0.026000000000000002
2457935.7387200003	17.554000000000002	0.02
2457936.61656	17.526	0.02
2457936.86999	17.537	0.027999999999999997
2457937.71075	17.548	0.02
2457938.63293	17.508	0.028999999999999998
2457944.55111	17.526	0.025
2457944.6534	17.554000000000002	0.026000000000000002
2457944.77438	17.531	0.025
2457945.5740099996	17.55	0.023
2457945.8112	17.506	0.022000000000000002
2457946.67782	17.503	0.02
2457947.57969	17.517	0.023
2457948.48581	17.535	0.025
2457948.76932	17.542	0.023
2457949.6983	17.518	0.026000000000000002
2457953.4720099997	17.526	0.027999999999999997
2457953.74469	17.529	0.019
2457954.6639	17.526	0.019
2457956.48394	17.504	0.022000000000000002
2457956.7623799997	17.518	0.022000000000000002
2457958.61093	17.538	0.027999999999999997
2457959.49489	17.521	0.02
2457959.74384	17.54	0.02
2457960.64898	17.521	0.02
2457961.63043	17.542	0.02
2457962.63563	17.548	0.02
2457964.65375	17.504	0.023
2457966.4772	17.551	0.038
2457966.72193	17.512999999999998	0.027999999999999997
2457967.72883	17.543	0.031
2457971.65782	17.544	0.023
2457972.5931700002	17.499000000000002	0.027999999999999997
2457972.70143	17.52	0.028999999999999998
2457973.70202	17.511	0.038
2457974.6740200003	17.542	0.025
2457979.5709599997	17.526	0.019
2457980.6367	17.517	0.027999999999999997
2457982.48603	17.527	0.023
2457983.55923	17.541	0.023
2457984.6168400003	17.524	0.023
2457986.53062	17.54	0.019
2457987.6075	17.531	0.02
2457991.47388	17.5	0.032
2457992.53929	17.541	0.02
2457993.60207	17.549	0.02
2457998.4841400003	17.527	0.023
2457998.57603	17.538	0.025
2458000.5104900002	17.579	0.031
2458000.61191	17.52	0.032
2458002.49213	17.488	0.037000000000000005
2458004.51603	17.554000000000002	0.027999999999999997
2458008.51408	17.578	0.027999999999999997
2458012.49453	17.535999999999998	0.02
2458014.53307	17.521	0.022000000000000002
2458016.55525	17.529	0.026000000000000002
2458019.5391	17.516	0.019
2458029.53659	17.543	0.031
2458037.54015	17.583	0.037000000000000005
2458039.5268099997	17.573	0.034
2458048.50525	17.549	0.022000000000000002
2458054.51107	17.55	0.034
2458056.50618	17.519000000000002	0.038
