2455377.53555	17.543	0.028999999999999998
2455377.77833	17.551	0.025
2455378.68572	17.527	0.019
2455379.49555	17.545	0.027999999999999997
2455379.80889	17.557000000000002	0.023
2455380.50697	17.577	0.025
2455380.701	17.512999999999998	0.019
2455381.5528599997	17.523	0.025
2455381.76664	17.567	0.034
2455382.64128	17.574	0.027999999999999997
2455383.69506	17.575	0.034
2455383.75328	17.531	0.027999999999999997
2455385.8512	17.535	0.021
2455386.54536	17.544	0.022000000000000002
2455386.62688	17.56	0.021
2455386.7113	17.529	0.021
2455387.5071400004	17.535999999999998	0.019
2455388.47095	17.555999999999997	0.035
2455388.81084	17.562	0.023
2455389.7603599997	17.602999999999998	0.031
2455390.68664	17.593	0.027999999999999997
2455391.54635	17.552	0.025
2455392.48358	17.548	0.027999999999999997
2455392.8135	17.54	0.022000000000000002
2455393.79019	17.563	0.028999999999999998
2455396.77285	17.573	0.025
2455403.52165	17.543	0.023
2455403.7175	17.552	0.026000000000000002
2455404.5855099997	17.534000000000002	0.026000000000000002
2455404.7903299998	17.544	0.028999999999999998
2455405.79786	17.567	0.032
2455407.65467	17.602999999999998	0.032
2455408.5824	17.577	0.027999999999999997
2455408.7747299997	17.548	0.036000000000000004
2455409.77688	17.567	0.025
2455410.78124	17.547	0.025
2455412.5149	17.533	0.025
2455412.73709	17.491	0.026000000000000002
2455414.4764099997	17.56	0.023
2455416.63397	17.588	0.025
2455418.7008	17.569000000000003	0.023
2455421.71698	17.482	0.025
2455423.5298099997	17.548	0.019
2455426.54585	17.559	0.025
2455430.61661	17.573	0.028999999999999998
2455431.61405	17.56	0.026000000000000002
2455432.6296200003	17.547	0.034
2455434.58206	17.539	0.026000000000000002
2455435.55145	17.537	0.025
2455436.6511	17.543	0.022000000000000002
2455438.64321	17.549	0.022000000000000002
2455439.6478	17.548	0.027999999999999997
2455443.66638	17.544	0.025
2455445.48308	17.555999999999997	0.022000000000000002
2455446.5791	17.578	0.025
2455447.61272	17.572	0.021
2455449.5195400002	17.565	0.025
2455450.60848	17.558	0.027999999999999997
2455453.58388	17.535999999999998	0.026000000000000002
2455458.4799	17.567999999999998	0.032
2455459.52592	17.543	0.026000000000000002
2455460.54117	17.534000000000002	0.032
2455461.56815	17.519000000000002	0.045
2455463.49102	17.555999999999997	0.026000000000000002
2455464.4832900004	17.576	0.032
2455465.56072	17.552	0.034
2455469.55528	17.535	0.023
2455471.59056	17.508	0.022000000000000002
2455473.52069	17.564	0.027999999999999997
2455478.5142099997	17.529	0.023
2455480.5627099997	17.564	0.027999999999999997
2455485.5632	17.546	0.031
2455487.54814	17.55	0.027999999999999997
2455489.55102	17.59	0.038
2455494.5193	17.534000000000002	0.039
2455497.54274	17.555	0.032
2455620.8791099996	17.509	0.026000000000000002
2455621.90142	17.546	0.028999999999999998
2455624.89257	17.521	0.019
2455626.86381	17.52	0.022000000000000002
2455628.8232299997	17.532	0.022000000000000002
2455629.84991	17.547	0.026000000000000002
2455631.8792	17.534000000000002	0.021
2455633.83317	17.506	0.021
2455635.86604	17.524	0.025
2455637.9088	17.549	0.028999999999999998
2455638.86686	17.507	0.023
2455639.82039	17.541	0.026000000000000002
2455639.89597	17.512999999999998	0.022000000000000002
2455640.81718	17.531	0.028999999999999998
2455640.90517	17.534000000000002	0.022000000000000002
2455641.82548	17.535999999999998	0.023
2455641.86366	17.527	0.022000000000000002
2455642.7854	17.555	0.026000000000000002
2455642.90749	17.507	0.026000000000000002
2455643.80943	17.488	0.023
2455643.91041	17.53	0.023
2455644.81959	17.548	0.039
2455647.75398	17.525	0.025
2455647.79442	17.512	0.025
2455647.83101	17.537	0.038
2455647.86284	17.518	0.022000000000000002
2455647.91425	17.461	0.038
2455648.82619	17.528	0.019
2455648.91372	17.506	0.026000000000000002
2455649.8091700003	17.509	0.019
2455649.91191	17.503	0.021
2455650.8215099997	17.512999999999998	0.018000000000000002
2455650.91444	17.535999999999998	0.023
2455651.82263	17.535	0.021
2455652.75966	17.515	0.021
2455652.86485	17.531	0.018000000000000002
2455653.92019	17.518	0.022000000000000002
2455654.8412200003	17.526	0.019
2455655.75532	17.557000000000002	0.023
2455655.83163	17.528	0.019
2455656.7862400003	17.521	0.021
2455656.87422	17.531	0.018000000000000002
2455657.83117	17.489	0.016
2455657.92105	17.497	0.023
2455658.8440900003	17.491	0.019
2455658.92361	17.456	0.038
2455659.77637	17.519000000000002	0.021
2455659.85892	17.527	0.022000000000000002
2455660.74572	17.54	0.023
2455660.8319099997	17.494	0.018000000000000002
2455662.7408	17.518	0.023
2455662.84226	17.565	0.022000000000000002
2455662.92235	17.519000000000002	0.022000000000000002
2455664.78755	17.496	0.025
2455664.89024	17.516	0.022000000000000002
2455665.76741	17.521	0.031
2455665.88509	17.518	0.018000000000000002
2455667.7894	17.518	0.019
2455668.78034	17.508	0.026000000000000002
2455669.79038	17.512999999999998	0.021
2455670.76488	17.537	0.025
2455671.74633	17.509	0.025
2455675.83329	17.474	0.027999999999999997
2455676.75233	17.502	0.015
2455677.7047	17.543	0.023
2455677.89334	17.521	0.018000000000000002
2455679.80609	17.519000000000002	0.022000000000000002
2455680.69856	17.543	0.026000000000000002
2455680.8836	17.507	0.019
2455681.76697	17.519000000000002	0.019
2455682.67623	17.523	0.025
2455682.89768	17.52	0.021
2455683.8339400003	17.517	0.018000000000000002
2455684.74535	17.498	0.018000000000000002
2455685.65791	17.538	0.025
2455685.9179599998	17.519000000000002	0.021
2455686.8358299998	17.509	0.021
2455687.71702	17.521	0.022000000000000002
2455688.8851099997	17.521	0.021
2455690.63216	17.497	0.021
2455690.82276	17.525	0.022000000000000002
2455691.76105	17.516	0.022000000000000002
2455692.65277	17.508	0.027999999999999997
2455692.83481	17.526	0.021
2455693.66159	17.505	0.023
2455693.85681	17.482	0.019
2455694.67282	17.511	0.021
2455694.86483	17.543	0.022000000000000002
2455695.6963299997	17.493	0.023
2455695.90444	17.512999999999998	0.019
2455696.7316	17.502	0.022000000000000002
2455696.90588	17.512999999999998	0.021
2455697.73686	17.505	0.023
2455697.90161	17.497	0.022000000000000002
2455698.73752	17.517	0.027999999999999997
2455698.89623	17.531	0.032
2455703.8687400003	17.549	0.035
2455705.8886599997	17.542	0.027999999999999997
2455706.84468	17.508	0.026000000000000002
2455707.7119	17.515	0.021
2455707.8706799997	17.527	0.023
2455708.69328	17.524	0.021
2455708.88283	17.514	0.031
2455711.6978700003	17.498	0.016
2455712.77966	17.518	0.019
2455714.8585200002	17.551	0.022000000000000002
2455715.73347	17.505	0.018000000000000002
2455715.9197299997	17.535	0.023
2455716.80238	17.54	0.023
2455721.6521900003	17.491	0.022000000000000002
2455721.88506	17.542	0.026000000000000002
2455722.71484	17.496	0.021
2455723.6099400003	17.549	0.022000000000000002
2455723.77747	17.514	0.021
2455724.6255900003	17.505	0.028999999999999998
2455724.6381	17.5	0.028999999999999998
2455724.82841	17.532	0.025
2455725.7532900004	17.499000000000002	0.021
2455726.65265	17.494	0.027999999999999997
2455734.5993	17.541	0.028999999999999998
2455734.81249	17.495	0.027999999999999997
2455735.75844	17.508	0.021
2455736.5114	17.523	0.034
2455736.67668	17.516	0.018000000000000002
2455736.8982	17.581	0.025
2455737.51045	17.495	0.027999999999999997
2455737.7000700003	17.519000000000002	0.016
2455737.86821	17.529	0.023
2455738.72614	17.465999999999998	0.016
2455739.595	17.517	0.021
2455739.7812200002	17.507	0.022000000000000002
2455740.5759099997	17.518	0.028999999999999998
2455740.7795	17.544	0.021
2455741.54949	17.486	0.021
2455741.7322400003	17.497	0.019
2455741.8887099996	17.502	0.021
2455742.66487	17.515	0.016
2455742.82142	17.512999999999998	0.019
2455743.70892	17.547	0.023
2455743.86996	17.538	0.026000000000000002
2455744.62867	17.514	0.022000000000000002
2455744.8545	17.512999999999998	0.025
2455745.62871	17.535	0.025
2455745.80363	17.509	0.025
2455746.65183	17.539	0.023
2455746.8437200002	17.526	0.028999999999999998
2455747.73616	17.55	0.027999999999999997
2455749.51615	17.498	0.034
2455749.68189	17.561	0.026000000000000002
2455752.5602599997	17.493	0.027999999999999997
2455752.75064	17.531	0.025
2455753.64608	17.504	0.025
2455759.84329	17.506	0.036000000000000004
2455760.6443	17.499000000000002	0.025
2455760.81487	17.56	0.031
2455762.51488	17.511	0.023
2455762.6729099997	17.53	0.022000000000000002
2455763.5492	17.496	0.018000000000000002
2455763.73716	17.496	0.025
2455764.5528700002	17.495	0.021
2455764.73631	17.525	0.021
2455765.61897	17.53	0.019
2455766.48442	17.531	0.025
2455766.66832	17.49	0.019
2455767.54714	17.521	0.025
2455767.75508	17.524	0.025
2455768.60511	17.537	0.021
2455768.78207	17.498	0.021
2455769.63799	17.52	0.016
2455770.72706	17.542	0.023
2455776.5765400003	17.553	0.027999999999999997
2455777.49601	17.528	0.021
2455777.74761	17.522000000000002	0.022000000000000002
2455778.62566	17.499000000000002	0.027999999999999997
2455785.59387	17.57	0.028999999999999998
2455786.52478	17.565	0.034
2455786.73078	17.564	0.032
2455787.58037	17.54	0.023
2455788.4755700002	17.525	0.028999999999999998
2455788.6661099996	17.538	0.031
2455790.56321	17.553	0.032
2455790.72407	17.529	0.027999999999999997
2455793.57114	17.541	0.022000000000000002
2455793.7351599997	17.552	0.028999999999999998
2455794.64629	17.486	0.022000000000000002
2455795.70003	17.523	0.023
2455796.62595	17.515	0.021
2455801.54795	17.572	0.026000000000000002
2455802.52393	17.551	0.026000000000000002
2455804.5320900003	17.542	0.022000000000000002
2455804.6926700003	17.564	0.026000000000000002
2455805.6619599997	17.578	0.026000000000000002
2455807.6104099997	17.562	0.031
2455812.59288	17.574	0.038
2455813.5781799997	17.531	0.023
2455815.5462	17.534000000000002	0.022000000000000002
2455816.51746	17.546	0.023
2455817.51866	17.57	0.023
2455818.5095	17.538	0.025
2455819.49778	17.532	0.025
2455820.48636	17.61	0.034
2455820.64738	17.590999999999998	0.028999999999999998
2455822.58642	17.546	0.023
2455823.5181400003	17.605999999999998	0.038
2455823.60507	17.562	0.025
2455824.54205	17.601	0.023
2455824.62256	17.561	0.025
2455825.56007	17.581	0.026000000000000002
2455826.4829700002	17.613	0.034
2455826.57033	17.624000000000002	0.031
2455827.5093	17.546	0.036000000000000004
2455827.58979	17.561	0.027999999999999997
2455828.52255	17.534000000000002	0.021
2455828.5980599998	17.573	0.023
2455829.53346	17.559	0.022000000000000002
2455829.60942	17.622	0.025
2455830.5465700002	17.569000000000003	0.022000000000000002
2455831.51863	17.539	0.021
2455831.59356	17.557000000000002	0.023
2455832.53965	17.557000000000002	0.021
2455833.48607	17.555999999999997	0.034
2455833.57729	17.612000000000002	0.025
2455834.5367799997	17.581	0.021
2455835.5177700003	17.6	0.035
2455836.52036	17.567	0.032
2455836.58392	17.608	0.031
2455839.54128	17.569000000000003	0.040999999999999995
2455840.48562	17.62	0.042
2455840.58709	17.559	0.027999999999999997
2455841.5136700002	17.546	0.031
2455841.59627	17.535999999999998	0.032
2455842.5598	17.54	0.031
2455843.51723	17.549	0.026000000000000002
2455843.59855	17.599	0.034
2455844.541	17.578	0.028999999999999998
2455845.50189	17.535999999999998	0.032
2455845.58206	17.579	0.038
2455846.54377	17.623	0.036000000000000004
2455850.56776	17.585	0.025
2455851.53093	17.534000000000002	0.026000000000000002
2455852.56065	17.56	0.036000000000000004
2455854.5517599997	17.579	0.034
2455855.5400900003	17.546	0.031
2455856.54592	17.605	0.032
2455858.51303	17.53	0.038
2455859.5476599997	17.573	0.031
2455861.52025	17.486	0.026000000000000002
2455862.5276900004	17.587	0.027999999999999997
2455866.51998	17.65	0.052000000000000005
2455867.52349	17.487000000000002	0.027999999999999997
2455868.5245	17.659000000000002	0.044000000000000004
2455869.51542	17.6	0.032
2455870.5210700002	17.564	0.026000000000000002
2455972.87853	17.543	0.025
2455977.8553400002	17.301	0.022000000000000002
2455978.85405	17.546	0.025
2455979.84375	17.532	0.026000000000000002
2455980.86362	17.521	0.031
2455982.8682	17.518	0.021
2455983.86142	17.527	0.019
2455984.8549599997	17.543	0.019
2455985.83883	17.5	0.026000000000000002
2455986.8234	17.54	0.025
2455986.90608	17.504	0.028999999999999998
2455987.8733200002	17.555	0.022000000000000002
2455988.8631599997	17.503	0.021
2455989.8437799998	17.506	0.023
2455990.81355	17.592	0.025
2455990.89273	17.594	0.022000000000000002
2455991.86675	17.567	0.019
2455992.84337	17.515	0.021
2455993.82538	17.508	0.028999999999999998
2455994.8067	17.480999999999998	0.026000000000000002
2455994.8844	17.495	0.022000000000000002
2455995.8146900004	17.541	0.023
2455995.897	17.523	0.021
2455996.8390099998	17.558	0.023
2455997.79688	17.49	0.026000000000000002
2455997.8812700002	17.521	0.019
2455998.82223	17.519000000000002	0.023
2455998.91155	17.511	0.025
2455999.85468	17.505	0.022000000000000002
2456003.82684	17.514	0.032
2456004.7749099997	17.499000000000002	0.026000000000000002
2456004.87131	17.524	0.021
2456005.7899	17.533	0.021
2456005.89681	17.516	0.015
2456006.82707	17.537	0.018000000000000002
2456006.91569	17.552	0.021
2456007.82845	17.582	0.021
2456007.91433	17.477	0.019
2456008.82225	17.544	0.021
2456008.90987	17.523	0.023
2456009.8248799997	17.517	0.019
2456009.90931	17.551	0.021
2456010.81658	17.549	0.019
2456010.90414	17.529	0.016
2456011.7966400003	17.514	0.022000000000000002
2456011.91029	17.511	0.023
2456012.81153	17.521	0.019
2456012.90773	17.488	0.015
2456013.8054299997	17.547	0.021
2456013.9081900003	17.526	0.018000000000000002
2456014.7817599997	17.483	0.018000000000000002
2456014.8805400003	17.524	0.023
2456015.75971	17.500999999999998	0.019
2456016.73953	17.526	0.019
2456016.8199	17.499000000000002	0.019
2456017.72939	17.519000000000002	0.023
2456017.8058599997	17.500999999999998	0.016
2456017.90336	17.509	0.015
2456018.79465	17.512	0.019
2456018.8763	17.502	0.016
2456019.77284	17.551	0.021
2456019.86933	17.5	0.016
2456020.7277900004	17.6	0.026000000000000002
2456020.8224400003	17.534000000000002	0.018000000000000002
2456020.90089	17.549	0.022000000000000002
2456021.75101	17.515	0.023
2456021.82826	17.519000000000002	0.019
2456021.92703	17.529	0.032
2456022.7763900002	17.495	0.021
2456022.87219	17.519000000000002	0.019
2456023.73215	17.509	0.023
2456023.81266	17.547	0.021
2456023.9177900003	17.512999999999998	0.025
2456024.7697099997	17.537	0.022000000000000002
2456024.8738700002	17.516	0.022000000000000002
2456025.75434	17.515	0.026000000000000002
2456025.8473900002	17.488	0.027999999999999997
2456026.72787	17.554000000000002	0.061
2456031.86233	17.535999999999998	0.023
2456032.80867	17.523	0.021
2456033.7275799997	17.564	0.025
2456033.92418	17.542	0.027999999999999997
2456034.9153299998	17.537	0.021
2456036.77268	17.527	0.018000000000000002
2456037.75515	17.508	0.025
2456038.72346	17.602999999999998	0.025
2456038.92601	17.533	0.025
2456039.91065	17.483	0.021
2456040.89727	17.519000000000002	0.021
2456041.83691	17.494	0.021
2456046.89469	17.533	0.021
2456047.78607	17.54	0.019
2456048.72601	17.535	0.022000000000000002
2456048.91704	17.508	0.021
2456049.8478	17.503	0.019
2456050.7239	17.52	0.023
2456050.91173	17.512999999999998	0.023
2456052.73008	17.518	0.023
2456052.89714	17.487000000000002	0.021
2456053.7612400004	17.508	0.021
2456054.86918	17.523	0.023
2456058.78534	17.518	0.019
2456059.68522	17.515	0.026000000000000002
2456059.8610400003	17.526	0.019
2456061.73922	17.539	0.021
2456061.9168599998	17.519000000000002	0.022000000000000002
2456062.79882	17.511	0.022000000000000002
2456063.77805	17.543	0.028999999999999998
2456064.66562	17.521	0.022000000000000002
2456064.88771	17.535	0.021
2456065.7133	17.493	0.018000000000000002
2456066.65177	17.484	0.021
2456066.83256	17.519000000000002	0.019
2456067.63607	17.525	0.018000000000000002
2456067.81565	17.524	0.019
2456068.60753	17.541	0.025
2456068.61522	17.535	0.022000000000000002
2456068.63229	17.529	0.021
2456068.65815	17.543	0.021
2456068.6737599997	17.522000000000002	0.019
2456068.69848	17.558	0.021
2456068.7206	17.547	0.019
2456068.74266	17.523	0.019
2456068.7661	17.502	0.016
2456068.77732	17.503	0.016
2456068.80474	17.526	0.018000000000000002
2456068.8185	17.509	0.016
2456068.83273	17.509	0.016
2456068.84702	17.554000000000002	0.018000000000000002
2456068.86144	17.518	0.018000000000000002
2456068.87596	17.511	0.018000000000000002
2456068.89172	17.527	0.018000000000000002
2456068.90601	17.511	0.018000000000000002
2456068.9215	17.494	0.018000000000000002
2456068.9401700003	17.517	0.022000000000000002
2456069.61124	17.504	0.022000000000000002
2456069.69723	17.479	0.018000000000000002
2456069.78663	17.506	0.016
2456069.86075	17.517	0.018000000000000002
2456070.60275	17.492	0.027999999999999997
2456070.67172	17.578	0.022000000000000002
2456070.76748	17.523	0.019
2456070.84851	17.534000000000002	0.021
2456070.93533	17.489	0.021
2456071.59387	17.542	0.023
2456071.66018	17.535999999999998	0.021
2456071.73316	17.512999999999998	0.018000000000000002
2456071.82724	17.514	0.019
2456071.91243	17.495	0.028999999999999998
2456075.60194	17.523	0.019
2456075.71617	17.526	0.019
2456076.58966	17.526	0.022000000000000002
2456076.66899	17.51	0.018000000000000002
2456076.7738099997	17.512	0.019
2456076.9456700003	17.482	0.044000000000000004
2456077.70507	17.504	0.019
2456077.80498	17.567	0.021
2456077.8906799997	17.491	0.021
2456078.68756	17.547	0.019
2456078.78254	17.498	0.018000000000000002
2456078.874	17.548	0.021
2456079.59251	17.483	0.021
2456079.66468	17.531	0.019
2456079.76893	17.529	0.018000000000000002
2456079.8681	17.523	0.016
2456080.63529	17.488	0.023
2456080.7145700003	17.499000000000002	0.019
2456080.80302	17.499000000000002	0.021
2456080.89219	17.511	0.022000000000000002
2456081.5929099997	17.474	0.026000000000000002
2456081.6498	17.500999999999998	0.022000000000000002
2456081.75641	17.477999999999998	0.023
2456081.84531	17.493	0.023
2456081.941	17.524	0.031
2456082.5990299997	17.598	0.044000000000000004
2456082.67899	17.584	0.047
2456082.7858599997	17.573	0.035
2456082.85738	17.502	0.034
2456085.58801	17.521	0.028999999999999998
2456085.761	17.49	0.023
2456085.9188200003	17.53	0.031
2456086.69392	17.522000000000002	0.019
2456086.8872	17.498	0.026000000000000002
2456087.78424	17.514	0.021
2456088.63934	17.476	0.016
2456089.74312	17.500999999999998	0.019
2456092.59931	17.566	0.021
2456092.87674	17.491	0.028999999999999998
2456093.66972	17.516	0.021
2456093.87265	17.494	0.026000000000000002
2456094.73045	17.553	0.023
2456094.9059099997	17.551	0.032
2456096.75127	17.502	0.022000000000000002
2456096.90968	17.487000000000002	0.031
2456097.8412599997	17.531	0.027999999999999997
2456098.6367599997	17.514	0.025
2456098.81747	17.511	0.023
2456099.78204	17.54	0.027999999999999997
2456100.67308	17.543	0.019
2456100.85075	17.512	0.028999999999999998
2456101.6151799997	17.495	0.019
2456101.79408	17.511	0.019
2456102.58938	17.502	0.022000000000000002
2456102.75453	17.508	0.019
2456103.5030900002	17.52	0.027999999999999997
2456103.6828400004	17.512	0.019
2456104.50047	17.54	0.026000000000000002
2456104.66819	17.497	0.016
2456104.83487	17.486	0.019
2456105.58463	17.570999999999998	0.022000000000000002
2456105.77564	17.523	0.026000000000000002
2456108.5830200003	17.497	0.023
2456108.7688	17.496	0.021
2456109.55707	17.427	0.045
2456109.69746	17.526	0.023
2456109.75781	17.475	0.031
2456109.83078	17.519000000000002	0.027999999999999997
2456113.56666	17.482	0.032
2456113.7242400004	17.509	0.026000000000000002
2456114.5751099996	17.512999999999998	0.031
2456114.7466599997	17.528	0.022000000000000002
2456115.51157	17.496	0.022000000000000002
2456115.6993	17.528	0.025
2456116.5521	17.531	0.019
2456116.73252	17.500999999999998	0.019
2456117.5298099997	17.543	0.022000000000000002
2456117.7077200003	17.539	0.021
2456118.48451	17.53	0.023
2456118.6661799997	17.489	0.018000000000000002
2456118.82254	17.539	0.022000000000000002
2456119.60988	17.525	0.023
2456119.7676	17.526	0.023
2456120.65377	17.532	0.018000000000000002
2456120.82197	17.532	0.021
2456121.6231400003	17.514	0.015
2456121.77506	17.500999999999998	0.016
2456123.66571	17.511	0.019
2456123.82117	17.464000000000002	0.021
2456124.67201	17.497	0.021
2456124.83257	17.477999999999998	0.023
2456125.67337	17.508	0.021
2456126.4941	17.486	0.022000000000000002
2456126.70869	17.493	0.018000000000000002
2456127.6222599996	17.538	0.022000000000000002
2456128.60113	17.532	0.021
2456130.74296	17.512	0.023
2456131.67966	17.511	0.018000000000000002
2456131.74914	17.535	0.022000000000000002
2456132.74385	17.558	0.021
2456133.665	17.500999999999998	0.021
2456134.56611	17.495	0.027999999999999997
2456135.53486	17.533	0.025
2456135.75775	17.516	0.021
2456136.70689	17.533	0.023
2456140.53443	17.535	0.036000000000000004
2456140.71805	17.542	0.047
2456141.55988	17.517	0.025
2456141.73654	17.559	0.028999999999999998
2456142.6490599997	17.495	0.034
2456147.62162	17.512999999999998	0.023
2456148.5603400003	17.512999999999998	0.018000000000000002
2456149.58113	17.515	0.021
2456150.60273	17.541	0.025
2456151.5970099997	17.528	0.023
2456151.75319	17.529	0.023
2456152.65609	17.445	0.018000000000000002
2456154.61098	17.554000000000002	0.025
2456158.48947	17.528	0.021
2456158.67165	17.512	0.023
2456159.59288	17.496	0.022000000000000002
2456160.5925	17.532	0.019
2456161.4907400003	17.533	0.025
2456161.6941	17.518	0.025
2456164.68199	17.532	0.028999999999999998
2456168.67564	17.508	0.021
2456169.6502900003	17.559	0.025
2456171.61465	17.499000000000002	0.022000000000000002
2456172.57238	17.522000000000002	0.019
2456175.53448	17.500999999999998	0.022000000000000002
2456179.50163	17.529	0.027999999999999997
2456180.4906900004	17.5	0.032
2456180.6628400004	17.505	0.031
2456181.62988	17.506	0.021
2456182.6436799997	17.500999999999998	0.023
2456184.55992	17.521	0.019
2456185.6441599997	17.532	0.022000000000000002
2456190.5054900004	17.55	0.025
2456191.5582	17.524	0.022000000000000002
2456195.5210599997	17.555999999999997	0.023
2456195.60036	17.533	0.023
2456196.52016	17.588	0.028999999999999998
2456196.5994599997	17.543	0.025
2456197.5218	17.538	0.026000000000000002
2456197.6011900003	17.555999999999997	0.032
2456199.53232	17.579	0.034
2456200.6249	17.585	0.038
2456202.58147	17.551	0.042
2456203.58292	17.535999999999998	0.028999999999999998
2456204.5365400002	17.543	0.023
2456204.6132799997	17.547	0.031
2456205.5594	17.549	0.022000000000000002
2456209.56695	17.607	0.032
2456210.53031	17.527	0.023
2456210.60311	17.570999999999998	0.027999999999999997
2456211.56146	17.576	0.021
2456211.59986	17.579	0.025
2456212.55743	17.574	0.023
2456213.50947	17.586	0.031
2456213.57773	17.539	0.028999999999999998
2456214.56383	17.555	0.026000000000000002
2456216.56675	17.562	0.025
2456217.5129299997	17.557000000000002	0.021
2456218.49742	17.558	0.027999999999999997
2456218.57406	17.553	0.027999999999999997
2456219.5048700003	17.524	0.026000000000000002
2456223.55033	17.552	0.031
2456233.5211	17.590999999999998	0.032
2456334.86223	17.524	0.023
2456335.8511900003	17.583	0.025
2456337.8917799997	17.557000000000002	0.025
2456338.87157	17.554000000000002	0.021
2456340.84224	17.526	0.023
2456341.87977	17.534000000000002	0.022000000000000002
2456343.8446299997	17.564	0.031
2456344.8475599997	17.543	0.021
2456345.86641	17.563	0.022000000000000002
2456347.86965	17.552	0.022000000000000002
2456348.86627	17.531	0.021
2456349.8717	17.493	0.023
2456350.88492	17.524	0.021
2456352.88259	17.52	0.019
2456353.8582099997	17.511	0.021
2456354.87617	17.522000000000002	0.019
2456360.79666	17.566	0.022000000000000002
2456360.88165	17.519000000000002	0.018000000000000002
2456361.85702	17.576	0.021
2456362.80508	17.534000000000002	0.022000000000000002
2456362.89384	17.534000000000002	0.019
2456363.86642	17.488	0.019
2456367.87011	17.527	0.015
2456368.80685	17.544	0.019
2456368.8999799998	17.52	0.019
2456369.8287	17.51	0.019
2456370.78457	17.545	0.021
2456370.87509	17.484	0.018000000000000002
2456371.79643	17.552	0.018000000000000002
2456371.88598	17.55	0.016
2456372.78911	17.532	0.021
2456372.8779700003	17.555999999999997	0.018000000000000002
2456373.80589	17.527	0.021
2456373.89489	17.500999999999998	0.019
2456374.82167	17.524	0.019
2456374.9029099997	17.51	0.018000000000000002
2456375.81862	17.534000000000002	0.019
2456375.8369	17.528	0.018000000000000002
2456375.9177599996	17.531	0.021
2456376.83295	17.538	0.019
2456376.91468	17.497	0.018000000000000002
2456377.8448400004	17.532	0.016
2456378.75226	17.57	0.026000000000000002
2456378.84014	17.535999999999998	0.018000000000000002
2456379.7498	17.521	0.026000000000000002
2456379.83675	17.491	0.019
2456379.92259	17.483	0.027999999999999997
2456380.84116	17.509	0.018000000000000002
2456381.75467	17.555999999999997	0.023
2456381.8484	17.489	0.016
2456382.75248	17.516	0.031
2456382.83266	17.509	0.021
2456386.74811	17.542	0.026000000000000002
2456386.84494	17.512999999999998	0.019
2456387.7466599997	17.527	0.018000000000000002
2456387.82944	17.503	0.018000000000000002
2456387.913	17.529	0.023
2456388.74653	17.548	0.022000000000000002
2456388.85768	17.507	0.018000000000000002
2456388.87374	17.525	0.019
2456389.73517	17.57	0.025
2456389.8286900003	17.538	0.019
2456389.91122	17.502	0.021
2456390.78621	17.535	0.019
2456391.7829299998	17.563	0.026000000000000002
2456393.78085	17.555	0.021
2456394.7352400003	17.512999999999998	0.023
2456395.70353	17.534000000000002	0.031
2456395.87684	17.512999999999998	0.016
2456396.8355	17.512	0.016
2456397.77518	17.5	0.016
2456398.69283	17.525	0.021
2456398.87319	17.531	0.019
2456399.78632	17.500999999999998	0.018000000000000002
2456400.69592	17.558	0.021
2456400.7086	17.526	0.019
2456400.72269	17.500999999999998	0.018000000000000002
2456400.7389700003	17.557000000000002	0.021
2456400.75175	17.535	0.019
2456400.76849	17.511	0.021
2456400.78247	17.494	0.019
2456400.78714	17.54	0.019
2456400.7886200002	17.5	0.018000000000000002
2456400.7916900003	17.498	0.018000000000000002
2456400.79806	17.525	0.019
2456400.80353	17.53	0.019
2456400.80966	17.547	0.021
2456400.82394	17.541	0.019
2456400.84321	17.495	0.018000000000000002
2456400.85266	17.503	0.018000000000000002
2456400.86445	17.551	0.019
2456400.8779	17.52	0.019
2456400.8911200003	17.531	0.019
2456400.90553	17.532	0.019
2456400.92031	17.465999999999998	0.021
2456401.71071	17.51	0.021
2456401.8525799997	17.494	0.016
2456401.8890299997	17.521	0.018000000000000002
2456402.8143	17.546	0.019
2456403.72351	17.518	0.018000000000000002
2456403.90471	17.547	0.019
2456404.83232	17.484	0.018000000000000002
2456405.81131	17.524	0.022000000000000002
2456405.82406	17.467	0.021
2456406.85954	17.505	0.019
2456407.77779	17.537	0.021
2456408.72955	17.489	0.051
2456409.82927	17.49	0.028999999999999998
2456415.79156	17.529	0.025
2456416.67771	17.53	0.026000000000000002
2456416.89241	17.521	0.019
2456417.77955	17.517	0.019
2456418.65098	17.512999999999998	0.025
2456418.80161	17.492	0.018000000000000002
2456419.69966	17.54	0.019
2456419.86636	17.494	0.021
2456420.71749	17.534000000000002	0.016
2456420.90019	17.522000000000002	0.018000000000000002
2456421.93349	17.519000000000002	0.031
2456422.93407	17.565	0.036000000000000004
2456423.84282	17.547	0.022000000000000002
2456424.6830700003	17.532	0.019
2456424.87785	17.46	0.016
2456426.77831	17.515	0.018000000000000002
2456427.9306400004	17.597	0.021
2456428.7741	17.516	0.019
2456431.77233	17.506	0.018000000000000002
2456431.93786	17.516	0.028999999999999998
2456432.79683	17.552	0.022000000000000002
2456433.6035	17.507	0.031
2456433.78393	17.519000000000002	0.022000000000000002
2456434.68584	17.507	0.023
2456434.86902	17.531	0.022000000000000002
2456435.71661	17.480999999999998	0.018000000000000002
2456435.90555	17.516	0.019
2456436.70331	17.526	0.021
2456436.8925799998	17.546	0.022000000000000002
2456437.8291599997	17.565	0.034
2456441.70034	17.472	0.023
2456441.74094	17.507	0.026000000000000002
2456441.9322	17.524	0.031
2456442.7156	17.527	0.018000000000000002
2456442.8900599997	17.509	0.021
2456443.65415	17.480999999999998	0.018000000000000002
2456443.8744200002	17.585	0.025
2456444.72422	17.557000000000002	0.022000000000000002
2456444.91214	17.537	0.022000000000000002
2456445.7322299997	17.537	0.021
2456445.92943	17.531	0.023
2456446.71282	17.504	0.016
2456446.91853	17.505	0.019
2456447.67577	17.487000000000002	0.018000000000000002
2456447.86234	17.525	0.019
2456448.625	17.539	0.019
2456448.8100400004	17.532	0.018000000000000002
2456449.58407	17.525	0.019
2456449.77019	17.502	0.021
2456449.93205	17.543	0.023
2456450.71049	17.497	0.015
2456450.85348	17.511	0.018000000000000002
2456450.88878	17.505	0.019
2456450.9190599998	17.527	0.021
2456451.55775	17.552	0.031
2456451.58709	17.476	0.022000000000000002
2456451.65067	17.515	0.019
2456451.68342	17.519000000000002	0.019
2456451.7448400003	17.480999999999998	0.018000000000000002
2456451.83612	17.544	0.021
2456451.88254	17.498	0.019
2456452.61461	17.526	0.015
2456452.8497900004	17.494	0.016
2456454.62437	17.503	0.021
2456454.80923	17.52	0.021
2456455.58157	17.519000000000002	0.021
2456456.5905	17.539	0.015
2456456.77679	17.53	0.018000000000000002
2456457.74079	17.499000000000002	0.016
2456457.91405	17.585	0.022000000000000002
2456458.70774	17.537	0.019
2456458.8860299997	17.507	0.019
2456459.65246	17.527	0.018000000000000002
2456459.8418900003	17.506	0.018000000000000002
2456460.6968799997	17.516	0.018000000000000002
2456461.5987	17.504	0.022000000000000002
2456461.80689	17.493	0.019
2456462.66785	17.522000000000002	0.019
2456463.53974	17.516	0.032
2456463.7297099996	17.545	0.021
2456463.89538	17.522000000000002	0.022000000000000002
2456464.7281299997	17.457	0.023
2456468.5332299997	17.491	0.031
2456468.72863	17.493	0.025
2456469.59749	17.473	0.021
2456469.78455	17.544	0.025
2456471.8059400003	17.584	0.034
2456472.77701	17.519000000000002	0.021
2456473.5526	17.521	0.025
2456473.73814	17.499000000000002	0.018000000000000002
2456474.4972	17.53	0.032
2456474.66924	17.514	0.021
2456474.85317	17.491	0.023
2456475.6520599998	17.509	0.016
2456475.83092	17.518	0.028999999999999998
2456476.5969	17.53	0.022000000000000002
2456476.78525	17.535999999999998	0.018000000000000002
2456477.5904900003	17.537	0.019
2456477.77833	17.487000000000002	0.023
2456478.6387	17.498	0.021
2456479.70584	17.535999999999998	0.025
2456480.60403	17.51	0.023
2456480.7877599997	17.539	0.021
2456481.5994599997	17.538	0.021
2456481.61411	17.535999999999998	0.021
2456482.77512	17.505	0.027999999999999997
2456484.51035	17.475	0.025
2456485.5770799997	17.51	0.018000000000000002
2456485.80995	17.492	0.022000000000000002
2456486.54415	17.523	0.021
2456486.7573599997	17.54	0.019
2456487.54384	17.49	0.019
2456487.74709	17.519000000000002	0.018000000000000002
2456490.62346	17.546	0.019
2456491.47166	17.528	0.027999999999999997
2456491.6916400003	17.512999999999998	0.021
2456492.50368	17.491	0.026000000000000002
2456492.7042	17.497	0.025
2456496.5294	17.549	0.028999999999999998
2456497.61428	17.512999999999998	0.027999999999999997
2456497.79593	17.498	0.026000000000000002
2456498.63744	17.512	0.019
2456499.47131	17.512	0.022000000000000002
2456500.57127	17.518	0.027999999999999997
2456501.6071099997	17.506	0.019
2456501.78132	17.49	0.026000000000000002
2456505.51419	17.565	0.023
2456505.7218400002	17.51	0.022000000000000002
2456506.65081	17.496	0.025
2456507.71066	17.525	0.028999999999999998
2456508.61953	17.508	0.018000000000000002
2456509.52468	17.54	0.018000000000000002
2456509.71014	17.544	0.018000000000000002
2456510.60084	17.492	0.016
2456511.52347	17.477999999999998	0.021
2456511.75919	17.539	0.021
2456514.66038	17.515	0.018000000000000002
2456515.61256	17.49	0.018000000000000002
2456516.60443	17.496	0.018000000000000002
2456519.56999	17.499000000000002	0.019
2456523.50577	17.484	0.022000000000000002
2456523.65982	17.504	0.023
2456524.60404	17.514	0.021
2456525.60966	17.537	0.032
2456527.60541	17.585	0.034
2456529.67399	17.521	0.032
2456529.6772	17.525	0.031
2456529.68051	17.572	0.031
2456531.66335	17.52	0.021
2456532.65964	17.524	0.018000000000000002
2456534.52465	17.54	0.021
2456535.60925	17.548	0.023
2456538.55492	17.534000000000002	0.019
2456539.607	17.498	0.016
2456541.60659	17.546	0.018000000000000002
2456543.65759	17.539	0.021
2456545.55851	17.535999999999998	0.018000000000000002
2456546.59611	17.533	0.022000000000000002
2456552.55639	17.558	0.032
2456556.61944	17.489	0.031
2456559.49566	17.505	0.025
2456560.5586	17.526	0.023
2456562.51774	17.529	0.021
2456563.5621700003	17.525	0.022000000000000002
2456564.49274	17.555999999999997	0.028999999999999998
2456564.5860900003	17.549	0.022000000000000002
2456565.5539	17.523	0.022000000000000002
2456567.5393	17.541	0.028999999999999998
2456568.5365299997	17.516	0.027999999999999997
2456569.48685	17.527	0.023
2456569.57935	17.521	0.019
2456570.55723	17.526	0.022000000000000002
2456571.5652900003	17.562	0.025
2456572.5248	17.537	0.026000000000000002
2456573.50339	17.562	0.023
2456573.59077	17.523	0.021
2456577.55541	17.535999999999998	0.039
2456578.5407	17.534000000000002	0.027999999999999997
2456579.50936	17.489	0.023
2456580.53026	17.462	0.034
2456581.5651700003	17.546	0.026000000000000002
2456582.57961	17.505	0.025
2456583.56819	17.512	0.034
2456584.57002	17.582	0.042
2456585.5666	17.515	0.028999999999999998
2456590.53842	17.516	0.032
2456590.5638200003	17.526	0.034
2456593.52917	17.535	0.031
2456697.89213	17.576	0.028999999999999998
2456702.87655	17.567999999999998	0.023
2456704.8821400004	17.576	0.022000000000000002
2456707.84902	17.612000000000002	0.035
2456708.86777	17.52	0.022000000000000002
2456709.89367	17.538	0.025
2456715.82391	17.548	0.019
2456716.81795	17.54	0.019
2456717.8165700003	17.541	0.028999999999999998
2456718.8327599997	17.587	0.031
2456719.83035	17.541	0.022000000000000002
2456720.80627	17.553	0.026000000000000002
2456720.89985	17.545	0.018000000000000002
2456721.88003	17.559	0.019
2456722.8769900003	17.578	0.021
2456723.85351	17.564	0.019
2456724.83385	17.558	0.028999999999999998
2456725.80826	17.558	0.023
2456725.90361	17.535	0.021
2456726.87182	17.519000000000002	0.022000000000000002
2456727.84058	17.518	0.016
2456728.808	17.555999999999997	0.019
2456728.90367	17.538	0.019
2456729.8631	17.554000000000002	0.018000000000000002
2456730.81409	17.512	0.028999999999999998
2456731.8629400004	17.517	0.027999999999999997
2456732.8221400003	17.588	0.031
2456732.9125099997	17.562	0.023
2456733.85458	17.553	0.021
2456734.885	17.533	0.018000000000000002
2456735.83285	17.487000000000002	0.022000000000000002
2456736.7642200002	17.542	0.028999999999999998
2456736.8676	17.545	0.023
2456737.81903	17.526	0.018000000000000002
2456737.89701	17.546	0.018000000000000002
2456742.81257	17.551	0.016
2456742.9004599997	17.547	0.016
2456744.82131	17.521	0.018000000000000002
2456744.91054	17.547	0.016
2456745.81813	17.527	0.018000000000000002
2456745.9047	17.511	0.018000000000000002
2456746.8116099997	17.562	0.018000000000000002
2456747.83126	17.535999999999998	0.018000000000000002
2456747.92503	17.505	0.035
2456749.7859400003	17.498	0.019
2456750.79607	17.532	0.023
2456751.82665	17.524	0.016
2456752.8001900003	17.509	0.018000000000000002
2456754.79022	17.548	0.025
2456755.80918	17.558	0.022000000000000002
2456756.76265	17.51	0.016
2456757.72511	17.512999999999998	0.027999999999999997
2456757.9114099997	17.535999999999998	0.016
2456759.73142	17.518	0.018000000000000002
2456759.8859099997	17.493	0.013000000000000001
2456760.83628	17.508	0.015
2456761.77455	17.522000000000002	0.021
2456762.7201099996	17.515	0.023
2456763.69316	17.532	0.023
2456763.87434	17.526	0.021
2456764.80469	17.463	0.018000000000000002
2456765.7303400002	17.53	0.023
2456765.90792	17.537	0.019
2456768.88139	17.517	0.018000000000000002
2456769.7833	17.489	0.019
2456770.67729	17.55	0.021
2456770.84486	17.534000000000002	0.019
2456771.79713	17.524	0.016
2456772.7052599997	17.534000000000002	0.018000000000000002
2456772.90185	17.535999999999998	0.016
2456773.81966	17.517	0.022000000000000002
2456774.73119	17.533	0.023
2456775.69517	17.528	0.018000000000000002
2456775.90006	17.528	0.018000000000000002
2456776.81457	17.521	0.018000000000000002
2456777.79624	17.545	0.018000000000000002
2456784.70905	17.516	0.022000000000000002
2456784.89235	17.527	0.021
2456785.68579	17.487000000000002	0.018000000000000002
2456785.88441	17.518	0.021
2456786.69392	17.503	0.019
2456786.90969	17.543	0.021
2456789.6664	17.495	0.025
2456789.83109	17.525	0.021
2456790.69696	17.505	0.023
2456790.8684099996	17.482	0.026000000000000002
2456791.7080599996	17.528	0.027999999999999997
2456791.88009	17.503	0.023
2456792.7017900003	17.518	0.025
2456792.85832	17.516	0.025
2456796.65162	17.541	0.025
2456796.8253599997	17.517	0.023
2456797.69042	17.573	0.031
2456797.8590599997	17.516	0.023
2456798.85083	17.528	0.034
2456803.63941	17.512999999999998	0.022000000000000002
2456803.80761	17.529	0.019
2456804.59186	17.499000000000002	0.021
2456804.75287	17.532	0.021
2456804.9226599997	17.532	0.023
2456805.74371	17.528	0.022000000000000002
2456805.9169099997	17.584	0.034
2456807.70076	17.512999999999998	0.025
2456807.8719599997	17.542	0.025
2456808.66213	17.493	0.021
2456808.8511200002	17.524	0.021
2456809.6326599997	17.518	0.019
2456809.84421	17.5	0.022000000000000002
2456810.6337099997	17.526	0.021
2456810.82138	17.519000000000002	0.021
2456811.60011	17.511	0.027999999999999997
2456811.79543	17.488	0.022000000000000002
2456813.65953	17.575	0.026000000000000002
2456813.85597	17.522000000000002	0.021
2456814.67635	17.553	0.019
2456814.87447	17.52	0.022000000000000002
2456815.66139	17.545	0.025
2456815.87618	17.538	0.022000000000000002
2456816.71472	17.541	0.026000000000000002
2456817.57523	17.581	0.031
2456817.75171	17.524	0.021
2456817.92551	17.559	0.027999999999999997
2456819.58187	17.515	0.027999999999999997
2456819.7337599997	17.529	0.026000000000000002
2456823.74059	17.549	0.023
2456823.90268	17.546	0.027999999999999997
2456824.70075	17.526	0.023
2456824.88776	17.525	0.031
2456825.66866	17.509	0.021
2456825.85587	17.542	0.026000000000000002
2456826.61974	17.519000000000002	0.022000000000000002
2456826.80615	17.545	0.021
2456827.6064	17.506	0.019
2456827.8158400003	17.511	0.021
2456828.5770400004	17.541	0.019
2456828.7873	17.554000000000002	0.022000000000000002
2456829.5321	17.432000000000002	0.026000000000000002
2456829.71834	17.545	0.022000000000000002
2456829.87697	17.509	0.025
2456830.69531	17.512999999999998	0.016
2456830.86825	17.538	0.021
2456831.7757599996	17.534000000000002	0.021
2456832.57525	17.518	0.022000000000000002
2456832.76364	17.567	0.022000000000000002
2456833.59124	17.491	0.022000000000000002
2456833.78116	17.504	0.022000000000000002
2456834.55868	17.537	0.026000000000000002
2456834.74173	17.504	0.021
2456835.5652900003	17.521	0.027999999999999997
2456835.7494099997	17.55	0.022000000000000002
2456836.53398	17.495	0.031
2456836.7223799997	17.543	0.023
2456837.5101	17.526	0.023
2456837.69123	17.552	0.021
2456837.84766	17.522000000000002	0.023
2456838.6259	17.545	0.021
2456838.80893	17.505	0.023
2456839.59376	17.534000000000002	0.022000000000000002
2456839.78063	17.531	0.023
2456840.59395	17.535999999999998	0.023
2456840.78504	17.563	0.022000000000000002
2456841.6759599997	17.514	0.019
2456841.83293	17.534000000000002	0.025
2456842.64878	17.531	0.022000000000000002
2456842.8247	17.517	0.028999999999999998
2456844.6088900003	17.535999999999998	0.019
2456844.79755	17.522000000000002	0.021
2456845.5397900003	17.528	0.021
2456845.7194	17.523	0.019
2456847.4984	17.526	0.026000000000000002
2456847.6382	17.507	0.019
2456847.77905	17.512	0.022000000000000002
2456851.5208	17.506	0.027999999999999997
2456851.69517	17.542	0.023
2456852.51166	17.495	0.031
2456852.71238	17.53	0.028999999999999998
2456855.48699	17.529	0.025
2456855.67671	17.515	0.019
2456856.47266	17.522000000000002	0.028999999999999998
2456856.65799	17.519000000000002	0.018000000000000002
2456857.47202	17.538	0.023
2456857.6584	17.531	0.018000000000000002
2456858.4866299997	17.542	0.021
2456858.67199	17.524	0.018000000000000002
2456859.60759	17.54	0.025
2456862.56267	17.535999999999998	0.028999999999999998
2456862.75038	17.52	0.022000000000000002
2456863.61851	17.539	0.018000000000000002
2456863.78441	17.532	0.025
2456864.64637	17.525	0.021
2456865.59761	17.54	0.021
2456866.80055	17.541	0.025
2456870.54587	17.543	0.025
2456871.53907	17.521	0.021
2456872.6332	17.55	0.019
2456873.60296	17.521	0.023
2456879.52085	17.49	0.034
2456879.74475	17.52	0.038
2456880.69202	17.539	0.032
2456881.62813	17.526	0.023
2456882.56666	17.527	0.025
2456882.73698	17.5	0.027999999999999997
2456884.70888	17.519000000000002	0.022000000000000002
2456885.63839	17.53	0.021
2456886.56316	17.494	0.023
2456886.72613	17.509	0.026000000000000002
2456887.65964	17.497	0.019
2456888.5898700003	17.555	0.021
2456889.54515	17.53	0.022000000000000002
2456889.71286	17.542	0.023
2456890.6552	17.537	0.019
2456891.59622	17.531	0.022000000000000002
2456895.5556799998	17.504	0.019
2456896.5014299997	17.514	0.021
2456898.5161200003	17.531	0.023
2456907.54531	17.531	0.021
2456908.5271400004	17.539	0.027999999999999997
2456909.5604	17.532	0.028999999999999998
2456912.5862	17.515	0.023
2456915.5939	17.498	0.025
2456918.59285	17.564	0.026000000000000002
2456921.63038	17.529	0.022000000000000002
2456922.62562	17.528	0.025
2456924.51553	17.515	0.031
2456925.5557	17.548	0.025
2456926.57988	17.519000000000002	0.023
2456928.49607	17.566	0.032
2456929.56478	17.557000000000002	0.026000000000000002
2456930.6072	17.521	0.026000000000000002
2456936.55102	17.514	0.031
2456937.54809	17.534000000000002	0.026000000000000002
2456938.54753	17.5	0.031
2456940.50732	17.512	0.026000000000000002
2456941.52569	17.559	0.032
2456942.56537	17.457	0.027999999999999997
2456944.50991	17.529	0.025
2456947.51927	17.534000000000002	0.026000000000000002
2456950.5586200003	17.500999999999998	0.031
2456952.5408900003	17.574	0.031
2456955.514	17.504	0.025
2457063.89075	17.489	0.028999999999999998
2457066.85967	17.559	0.039
2457069.8828	17.552	0.023
2457070.89572	17.541	0.027999999999999997
2457072.8399799997	17.542	0.027999999999999997
2457074.8687	17.52	0.026000000000000002
2457075.84483	17.497	0.027999999999999997
2457076.84606	17.535	0.023
2457077.8440099997	17.521	0.032
2457078.83624	17.552	0.027999999999999997
2457079.8887400003	17.543	0.036000000000000004
2457080.85721	17.535999999999998	0.025
2457082.82555	17.538	0.023
2457082.90121	17.529	0.023
2457083.88387	17.528	0.022000000000000002
2457084.86415	17.512	0.022000000000000002
2457085.82966	17.486	0.025
2457086.81768	17.5	0.026000000000000002
2457086.90451	17.427	0.021
2457087.8722099997	17.512	0.022000000000000002
2457088.84312	17.483	0.023
2457089.80618	17.471	0.025
2457089.89769	17.449	0.023
2457090.8643	17.494	0.022000000000000002
2457091.81765	17.464000000000002	0.023
2457091.90772	17.459	0.025
2457092.8522	17.453	0.019
2457093.85159	17.505	0.021
2457097.83076	17.477	0.018000000000000002
2457098.79604	17.445999999999998	0.019
2457098.87845	17.423	0.016
2457099.82021	17.437	0.021
2457100.78386	17.434	0.023
2457100.86008	17.465	0.019
2457101.82982	17.444000000000003	0.026000000000000002
2457102.8179200003	17.461	0.025
2457108.7922900002	17.385	0.025
2457109.76465	17.367	0.021
2457109.83446	17.362000000000002	0.016
2457110.75654	17.337	0.016
2457110.85538	17.358	0.018000000000000002
2457111.77613	17.359	0.018000000000000002
2457111.88634	17.374000000000002	0.016
2457112.7837099996	17.368	0.023
2457112.89434	17.343	0.016
2457113.82637	17.334	0.016
2457114.82493	17.347	0.018000000000000002
2457115.77849	17.329	0.019
2457116.75323	17.342	0.026000000000000002
2457117.73228	17.357	0.026000000000000002
2457117.9197299997	17.307000000000002	0.018000000000000002
2457118.77733	17.291	0.021
2457119.7888599997	17.33	0.021
2457120.73535	17.301	0.021
2457120.87908	17.31	0.016
2457125.83033	17.307000000000002	0.016
2457126.78224	17.313	0.018000000000000002
2457129.73628	17.325	0.018000000000000002
2457129.91833	17.365	0.019
2457130.854	17.340999999999998	0.018000000000000002
2457131.7623099997	17.337	0.016
2457132.69802	17.399	0.026000000000000002
2457133.82336	17.347	0.018000000000000002
2457134.71082	17.364	0.019
2457134.89685	17.368	0.018000000000000002
2457135.8010299997	17.342	0.015
2457136.7195	17.352999999999998	0.018000000000000002
2457136.90226	17.389	0.019
2457137.78792	17.392	0.015
2457138.6863700002	17.41	0.023
2457138.87	17.401	0.018000000000000002
2457139.78186	17.414	0.018000000000000002
2457140.68706	17.369	0.022000000000000002
2457140.86392	17.421	0.018000000000000002
2457141.74737	17.405	0.016
2457141.93414	17.417	0.026000000000000002
2457142.80266	17.41	0.018000000000000002
2457143.69664	17.417	0.022000000000000002
2457143.87045	17.4	0.018000000000000002
2457144.74991	17.464000000000002	0.035
2457145.78233	17.417	0.019
2457146.64097	17.451	0.036000000000000004
2457146.7776	17.408	0.019
2457146.9194799997	17.436	0.021
2457147.76052	17.416	0.021
2457147.84773	17.432000000000002	0.022000000000000002
2457147.876	17.462	0.022000000000000002
2457147.90422	17.428	0.022000000000000002
2457147.92899	17.428	0.026000000000000002
2457148.70517	17.45	0.025
2457148.7878099997	17.441	0.023
2457148.8627	17.404	0.025
2457150.82262	17.439	0.023
2457151.8171900003	17.401	0.023
2457152.90836	17.489	0.025
2457153.74562	17.46	0.018000000000000002
2457153.91113	17.437	0.019
2457154.79071	17.493	0.019
2457155.6518200003	17.489	0.023
2457155.8412099998	17.477999999999998	0.021
2457156.66209	17.472	0.018000000000000002
2457157.64642	17.452	0.018000000000000002
2457157.88749	17.475	0.022000000000000002
2457158.7406099997	17.472	0.018000000000000002
2457158.92471	17.477999999999998	0.022000000000000002
2457159.74144	17.465	0.021
2457159.92616	17.489	0.021
2457160.7741900003	17.485	0.019
2457161.61146	17.492	0.022000000000000002
2457161.8136299998	17.494	0.018000000000000002
2457162.63242	17.496	0.022000000000000002
2457162.81677	17.51	0.021
2457163.64161	17.473	0.023
2457163.82482	17.527	0.022000000000000002
2457164.72791	17.52	0.021
2457164.91114	17.482	0.022000000000000002
2457166.7530900002	17.497	0.021
2457166.9192	17.515	0.023
2457169.66298	17.518	0.018000000000000002
2457169.85823	17.508	0.019
2457170.65023	17.493	0.019
2457170.84043	17.47	0.019
2457172.6526099998	17.471	0.023
2457172.83919	17.516	0.022000000000000002
2457173.6279	17.508	0.025
2457173.8254	17.486	0.021
2457174.59419	17.500999999999998	0.034
2457174.7652	17.494	0.021
2457174.92942	17.531	0.031
2457175.71067	17.523	0.023
2457175.93009	17.539	0.034
2457178.82029	17.507	0.025
2457179.59213	17.517	0.027999999999999997
2457179.75694	17.535	0.025
2457179.92365	17.494	0.026000000000000002
2457180.70426	17.508	0.021
2457180.88012	17.480999999999998	0.022000000000000002
2457181.64155	17.523	0.019
2457181.8331299997	17.521	0.022000000000000002
2457182.60132	17.54	0.022000000000000002
2457182.79358	17.524	0.021
2457183.5493099997	17.506	0.027999999999999997
2457183.7379099997	17.529	0.022000000000000002
2457183.9049400003	17.5	0.022000000000000002
2457184.71673	17.505	0.022000000000000002
2457184.8944	17.514	0.022000000000000002
2457185.6798799997	17.494	0.022000000000000002
2457185.85376	17.492	0.027999999999999997
2457186.8162700003	17.547	0.023
2457187.5967200003	17.49	0.022000000000000002
2457187.7808	17.509	0.022000000000000002
2457188.56164	17.537	0.027999999999999997
2457188.7541400003	17.526	0.022000000000000002
2457189.60091	17.557000000000002	0.022000000000000002
2457189.78818	17.494	0.018000000000000002
2457190.57473	17.51	0.023
2457190.7742	17.507	0.022000000000000002
2457191.60959	17.497	0.023
2457191.87201	17.512999999999998	0.027999999999999997
2457193.59516	17.502	0.018000000000000002
2457193.82235	17.544	0.019
2457194.58646	17.538	0.021
2457194.7771099997	17.546	0.021
2457195.61348	17.52	0.015
2457197.6187400003	17.527	0.019
2457197.80262	17.505	0.021
2457198.5973400003	17.517	0.021
2457198.78362	17.527	0.022000000000000002
2457199.5598299997	17.521	0.021
2457199.74218	17.508	0.019
2457200.49772	17.535	0.031
2457200.67444	17.503	0.016
2457200.84515	17.487000000000002	0.019
2457202.8376	17.564	0.042
2457206.63606	17.480999999999998	0.028999999999999998
2457206.8094900004	17.485	0.027999999999999997
2457207.61712	17.512999999999998	0.022000000000000002
2457207.7817700002	17.498	0.031
2457209.7135400004	17.516	0.022000000000000002
2457211.4920799998	17.567	0.031
2457211.66427	17.53	0.019
2457211.83387	17.53	0.028999999999999998
2457214.61505	17.459	0.019
2457217.5701099997	17.537	0.025
2457217.83262	17.52	0.022000000000000002
2457219.6907099998	17.524	0.019
2457220.4735	17.53	0.032
2457220.5726099997	17.532	0.019
2457220.75763	17.517	0.019
2457221.56049	17.544	0.022000000000000002
2457221.7428099997	17.507	0.021
2457222.52972	17.544	0.025
2457222.74135	17.509	0.022000000000000002
2457223.57748	17.523	0.023
2457223.76517	17.514	0.025
2457224.62977	17.503	0.023
2457225.46987	17.493	0.025
2457226.48745	17.528	0.027999999999999997
2457226.67277	17.506	0.018000000000000002
2457226.81917	17.52	0.022000000000000002
2457227.62765	17.558	0.019
2457227.79838	17.506	0.028999999999999998
2457228.64198	17.523	0.021
2457229.48662	17.508	0.021
2457229.6511	17.480999999999998	0.019
2457229.80406	17.503	0.022000000000000002
2457235.67078	17.499000000000002	0.025
2457236.52734	17.500999999999998	0.025
2457249.50971	17.523	0.026000000000000002
2457249.67801	17.514	0.025
2457252.50532	17.523	0.028999999999999998
2457252.71645	17.554000000000002	0.026000000000000002
2457253.6542599997	17.529	0.021
2457255.62257	17.54	0.022000000000000002
2457256.6253299997	17.523	0.025
2457257.68458	17.526	0.022000000000000002
2457258.59471	17.555999999999997	0.031
2457258.69256	17.486	0.027999999999999997
2457261.65129	17.54	0.034
2457263.60624	17.538	0.021
2457264.55317	17.539	0.025
2457265.51555	17.517	0.019
2457265.70461	17.483	0.022000000000000002
2457267.64035	17.563	0.022000000000000002
2457268.65374	17.507	0.018000000000000002
2457269.6412400003	17.500999999999998	0.019
2457270.58024	17.529	0.019
2457271.5361099998	17.567	0.025
2457272.56155	17.503	0.026000000000000002
2457273.68012	17.495	0.023
2457277.4822299997	17.515	0.027999999999999997
2457277.6702900003	17.539	0.031
2457278.6602	17.531	0.027999999999999997
2457284.5195400002	17.529	0.022000000000000002
2457292.48892	17.477999999999998	0.040999999999999995
2457292.60842	17.52	0.042
2457293.59278	17.544	0.021
2457294.58582	17.533	0.034
2457295.56824	17.518	0.023
2457297.56485	17.449	0.032
2457299.57778	17.465999999999998	0.025
2457307.5389900003	17.515	0.025
2457311.5367	17.476	0.026000000000000002
2457313.51025	17.533	0.034
2457318.51187	17.484	0.025
2457322.53637	17.576	0.040999999999999995
2457325.51579	17.552	0.027999999999999997
2457331.51634	17.529	0.034
2457429.8754	17.566	0.031
2457430.87115	17.612000000000002	0.025
2457431.8597	17.559	0.023
2457432.86367	17.58	0.025
2457433.88295	17.567999999999998	0.023
2457435.89455	17.647000000000002	0.045
2457437.85012	17.537	0.023
2457438.86687	17.539	0.025
2457439.89321	17.577	0.031
2457441.84497	17.634	0.031
2457442.86171	17.557000000000002	0.026000000000000002
2457443.87349	17.573	0.027999999999999997
2457444.8511900003	17.566	0.027999999999999997
2457445.84165	17.55	0.023
2457446.85004	17.574	0.021
2457447.85974	17.53	0.021
2457448.8675700002	17.553	0.026000000000000002
2457449.8334	17.566	0.039
2457449.89703	17.565	0.022000000000000002
2457452.8305099998	17.555999999999997	0.019
2457453.82755	17.551	0.019
2457454.90455	17.562	0.023
2457456.81218	17.625999999999998	0.028999999999999998
2457457.78944	17.532	0.026000000000000002
2457458.79826	17.518	0.034
2457460.78445	17.586	0.032
2457461.7847700003	17.546	0.021
2457462.7878099997	17.55	0.022000000000000002
2457462.9065099997	17.59	0.021
2457464.84237	17.567999999999998	0.022000000000000002
2457465.8686599997	17.535999999999998	0.021
2457467.80272	17.563	0.025
2457470.7578	17.615	0.038
2457470.8879400003	17.551	0.021
2457471.83138	17.518	0.023
2457472.78207	17.565	0.026000000000000002
2457472.9149599997	17.57	0.025
2457474.78748	17.555999999999997	0.025
2457474.8892099997	17.565	0.021
2457475.81849	17.583	0.032
2457476.7985900003	17.572	0.026000000000000002
2457480.80848	17.605999999999998	0.035
2457484.72598	17.562	0.031
2457484.83101	17.592	0.023
2457485.74606	17.637	0.027999999999999997
2457485.85073	17.576	0.022000000000000002
2457486.75248	17.613	0.032
2457486.85105	17.602999999999998	0.025
2457487.74347	17.594	0.022000000000000002
2457487.86021	17.58	0.023
2457488.74653	17.601	0.023
2457488.86936	17.512	0.016
2457489.78595	17.57	0.023
2457489.8445	17.617	0.021
2457491.75864	17.635	0.034
2457491.87773	17.553	0.016
2457492.74701	17.565	0.021
2457492.86555	17.555999999999997	0.018000000000000002
2457493.7349099996	17.597	0.025
2457493.8533799998	17.555	0.016
2457494.71614	17.546	0.021
2457494.83853	17.575	0.018000000000000002
2457495.68735	17.597	0.026000000000000002
2457495.7957099997	17.598	0.025
2457495.90799	17.611	0.025
2457497.9327	17.663	0.040999999999999995
2457498.814	17.55	0.023
2457499.67994	17.523	0.032
2457499.77925	17.538	0.022000000000000002
2457499.88078	17.554000000000002	0.022000000000000002
2457500.72115	17.625999999999998	0.031
2457500.82028	17.559	0.023
2457500.92272	17.534000000000002	0.026000000000000002
2457507.82937	17.567999999999998	0.019
2457508.6559	17.56	0.022000000000000002
2457508.77897	17.542	0.016
2457508.8804	17.555	0.019
2457509.7729	17.567	0.022000000000000002
2457509.8755099997	17.533	0.019
2457511.7269099997	17.555	0.019
2457511.84755	17.539	0.018000000000000002
2457512.7966	17.55	0.018000000000000002
2457512.91786	17.506	0.018000000000000002
2457518.7402	17.553	0.026000000000000002
2457522.8536400003	17.553	0.025
2457523.85201	17.553	0.021
2457526.61512	17.559	0.035
2457526.72512	17.6	0.026000000000000002
2457526.86565	17.597	0.026000000000000002
2457528.8482	17.590999999999998	0.026000000000000002
2457529.75513	17.583	0.035
2457530.70038	17.553	0.027999999999999997
2457530.83954	17.548	0.026000000000000002
2457534.69949	17.523	0.025
2457534.81017	17.539	0.021
2457534.9163900004	17.572	0.025
2457536.70013	17.570999999999998	0.025
2457536.80944	17.549	0.021
2457545.6468700003	17.562	0.021
2457545.85275	17.515	0.021
2457546.62054	17.535	0.028999999999999998
2457546.77735	17.526	0.025
2457546.87634	17.574	0.025
2457546.94362	17.582	0.048
2457547.62912	17.55	0.023
2457547.77124	17.523	0.021
2457547.86998	17.542	0.023
2457548.737	17.55	0.016
2457549.62658	17.533	0.019
2457549.76274	17.543	0.019
2457549.8804599997	17.539	0.021
2457550.63469	17.572	0.026000000000000002
2457550.7746099997	17.537	0.019
2457550.87338	17.537	0.026000000000000002
2457552.88406	17.562	0.026000000000000002
2457554.66426	17.531	0.019
2457555.56675	17.533	0.026000000000000002
2457555.6748599997	17.53	0.019
2457555.78088	17.542	0.021
2457555.90125	17.563	0.022000000000000002
2457557.61297	17.532	0.027999999999999997
2457557.73024	17.57	0.025
2457557.87373	17.463	0.025
2457561.63117	17.561	0.023
2457561.74362	17.542	0.023
2457561.84161	17.56	0.026000000000000002
2457562.60853	17.549	0.034
2457566.57719	17.549	0.025
2457566.69682	17.559	0.022000000000000002
2457566.7979200003	17.535999999999998	0.022000000000000002
2457567.5057900003	17.555999999999997	0.034
2457567.61499	17.49	0.022000000000000002
2457567.72689	17.544	0.021
2457567.8263	17.534000000000002	0.023
2457568.59926	17.532	0.023
2457568.7226299997	17.553	0.027999999999999997
2457568.8481799997	17.515	0.034
2457569.617	17.535	0.021
2457569.74278	17.518	0.021
2457570.69716	17.519000000000002	0.021
2457573.59498	17.533	0.023
2457575.51157	17.505	0.027999999999999997
2457575.5255400003	17.527	0.025
2457575.70478	17.532	0.018000000000000002
2457575.84399	17.51	0.022000000000000002
2457576.66261	17.524	0.019
2457576.8037400004	17.543	0.022000000000000002
2457579.63235	17.537	0.022000000000000002
2457581.77875	17.569000000000003	0.021
2457583.77236	17.508	0.023
2457584.63296	17.548	0.025
2457584.78647	17.559	0.025
2457589.58641	17.574	0.032
2457589.74764	17.544	0.031
2457590.53819	17.497	0.023
2457590.68592	17.521	0.022000000000000002
2457591.5605200003	17.555999999999997	0.045
2457593.62885	17.542	0.022000000000000002
2457593.76755	17.515	0.019
2457596.54202	17.523	0.018000000000000002
2457599.62651	17.523	0.023
2457600.48397	17.551	0.031
2457600.78255	17.554000000000002	0.027999999999999997
2457602.5340400003	17.553	0.027999999999999997
2457602.6932599996	17.538	0.021
2457603.51359	17.517	0.022000000000000002
2457603.6710900003	17.522000000000002	0.018000000000000002
2457604.49951	17.565	0.026000000000000002
2457604.63989	17.56	0.019
2457605.47829	17.495	0.023
2457605.6442400003	17.54	0.021
2457605.78024	17.517	0.022000000000000002
2457607.55437	17.538	0.025
2457607.71874	17.496	0.021
2457608.63804	17.523	0.019
2457609.49317	17.522000000000002	0.025
2457609.68075	17.524	0.022000000000000002
2457610.52188	17.55	0.025
2457610.71018	17.547	0.021
2457612.48478	17.523	0.026000000000000002
2457612.6286299997	17.497	0.021
2457616.4868	17.502	0.032
2457616.66041	17.498	0.026000000000000002
2457617.60684	17.546	0.031
2457618.49357	17.527	0.028999999999999998
2457618.6567599997	17.539	0.026000000000000002
2457621.47715	17.502	0.025
2457621.67052	17.496	0.026000000000000002
2457622.61724	17.511	0.021
2457623.52321	17.509	0.018000000000000002
2457623.70439	17.574	0.023
2457624.655	17.515	0.021
2457625.6277900003	17.508	0.021
2457626.62077	17.492	0.021
2457630.5949	17.54	0.019
2457631.57217	17.543	0.018000000000000002
2457632.55702	17.52	0.021
2457633.59936	17.527	0.027999999999999997
2457635.50739	17.507	0.026000000000000002
2457636.5671	17.492	0.025
2457637.55794	17.559	0.021
2457638.56098	17.516	0.025
2457639.62231	17.541	0.019
2457644.54369	17.578	0.034
2457647.5214299997	17.49	0.034
2457648.5611400004	17.523	0.027999999999999997
2457649.58643	17.517	0.019
2457650.5151	17.509	0.019
2457650.60565	17.575	0.027999999999999997
2457651.5304900003	17.495	0.021
2457652.51768	17.54	0.021
2457652.52617	17.485	0.021
2457653.51708	17.52	0.018000000000000002
2457653.57457	17.508	0.019
2457654.5331599996	17.488	0.026000000000000002
2457655.52509	17.547	0.022000000000000002
2457655.57665	17.532	0.022000000000000002
2457656.52449	17.525	0.025
2457657.5314599997	17.53	0.025
2457657.5706599997	17.551	0.022000000000000002
2457659.5504099997	17.522000000000002	0.025
2457660.51888	17.503	0.023
2457660.52526	17.525	0.025
2457661.52036	17.517	0.026000000000000002
2457661.57145	17.521	0.026000000000000002
2457662.52112	17.455	0.026000000000000002
2457664.51915	17.496	0.027999999999999997
2457664.5270599998	17.492	0.027999999999999997
2457665.54183	17.535	0.027999999999999997
2457666.5214299997	17.486	0.026000000000000002
2457667.5507099996	17.519000000000002	0.023
2457671.50771	17.5	0.028999999999999998
2457671.53275	17.511	0.025
2457672.50925	17.543	0.034
2457673.52952	17.559	0.032
2457675.51615	17.531	0.038
2457675.53837	17.529	0.027999999999999997
2457682.51139	17.477	0.025
2457683.51043	17.565	0.027999999999999997
2457684.51343	17.468	0.034
2457792.87546	17.532	0.031
2457793.8829799998	17.51	0.025
2457794.88997	17.514	0.036000000000000004
2457797.87608	17.511	0.028999999999999998
2457799.8707	17.555999999999997	0.028999999999999998
2457801.8607099997	17.484	0.031
2457803.84068	17.605	0.039
2457803.89858	17.519000000000002	0.039
2457808.87879	17.532	0.019
2457809.87358	17.500999999999998	0.023
2457810.86853	17.532	0.021
2457811.8876	17.508	0.022000000000000002
2457813.81789	17.53	0.026000000000000002
2457814.8903200002	17.547	0.019
2457816.81616	17.512999999999998	0.027999999999999997
2457817.81257	17.541	0.022000000000000002
2457817.9030299997	17.525	0.022000000000000002
2457818.88914	17.56	0.018000000000000002
2457819.87563	17.524	0.019
2457820.8783400003	17.531	0.019
2457821.87599	17.541	0.025
2457822.87176	17.552	0.023
2457823.85705	17.524	0.022000000000000002
2457824.85312	17.587	0.031
2457825.84483	17.517	0.025
2457826.80314	17.562	0.027999999999999997
2457826.89305	17.548	0.025
2457827.87983	17.543	0.021
2457828.8492	17.526	0.021
2457829.8313	17.56	0.027999999999999997
2457830.8426099997	17.541	0.022000000000000002
2457834.78966	17.535	0.034
2457834.89922	17.519000000000002	0.023
2457835.86632	17.553	0.028999999999999998
2457836.81894	17.584	0.023
2457837.75544	17.508	0.026000000000000002
2457837.8636	17.553	0.023
2457838.8017599997	17.54	0.022000000000000002
2457839.74659	17.557000000000002	0.021
2457839.87054	17.543	0.018000000000000002
2457840.79332	17.506	0.021
2457840.9136799998	17.555999999999997	0.021
2457841.85128	17.601	0.028999999999999998
2457842.76812	17.561	0.027999999999999997
2457842.87652	17.553	0.021
2457843.8004400004	17.535999999999998	0.021
2457843.9161900003	17.54	0.021
2457844.83658	17.535999999999998	0.026000000000000002
2457845.74405	17.558	0.027999999999999997
2457845.8614	17.546	0.021
2457846.79149	17.59	0.023
2457846.89722	17.579	0.022000000000000002
2457847.8021400003	17.537	0.022000000000000002
2457847.92308	17.527	0.028999999999999998
2457848.81564	17.523	0.018000000000000002
2457849.72173	17.58	0.028999999999999998
2457849.82892	17.541	0.018000000000000002
2457850.73369	17.542	0.028999999999999998
2457850.84267	17.570999999999998	0.021
2457851.75128	17.509	0.026000000000000002
2457851.8599400003	17.541	0.021
2457852.85713	17.515	0.027999999999999997
2457853.91594	17.578	0.031
2457854.7862400003	17.524	0.021
2457854.90377	17.523	0.019
2457855.81258	17.537	0.022000000000000002
2457856.7108400003	17.61	0.040999999999999995
2457856.82329	17.535	0.028999999999999998
2457857.85649	17.567	0.035
2457857.913	17.581	0.032
2457858.77623	17.548	0.023
2457858.92403	17.558	0.023
2457862.78233	17.515	0.023
2457862.90672	17.555999999999997	0.021
2457863.86283	17.531	0.019
2457864.83321	17.537	0.018000000000000002
2457865.69144	17.546	0.021
2457865.80926	17.531	0.018000000000000002
2457866.68688	17.553	0.021
2457866.80483	17.517	0.018000000000000002
2457866.92899	17.538	0.022000000000000002
2457867.8084299997	17.533	0.016
2457867.93074	17.557000000000002	0.026000000000000002
2457868.8815900004	17.554000000000002	0.031
2457869.7461200003	17.523	0.019
2457869.87705	17.551	0.018000000000000002
2457870.75767	17.522000000000002	0.016
2457870.88847	17.502	0.018000000000000002
2457871.77156	17.558	0.019
2457871.9130700002	17.547	0.019
2457872.77172	17.522000000000002	0.018000000000000002
2457872.92062	17.545	0.019
2457873.75102	17.518	0.018000000000000002
2457873.88565	17.539	0.019
2457874.7110200003	17.549	0.025
2457874.84166	17.557000000000002	0.025
2457875.76427	17.528	0.019
2457875.91422	17.557000000000002	0.021
2457876.72313	17.539	0.023
2457876.86136	17.535	0.019
2457877.68518	17.533	0.022000000000000002
2457877.81532	17.552	0.018000000000000002
2457878.7148599997	17.535	0.019
2457878.85735	17.553	0.019
2457879.68249	17.575	0.027999999999999997
2457879.79021	17.643	0.036000000000000004
2457880.71141	17.528	0.028999999999999998
2457880.83319	17.546	0.026000000000000002
2457881.78785	17.516	0.028999999999999998
2457881.90668	17.551	0.031
2457882.78691	17.559	0.026000000000000002
2457882.9169799997	17.519000000000002	0.022000000000000002
2457889.94	17.553	0.048
2457890.83978	17.521	0.023
2457893.66076	17.538	0.026000000000000002
2457893.77831	17.544	0.023
2457893.89922	17.492	0.022000000000000002
2457894.64455	17.539	0.026000000000000002
2457894.77117	17.537	0.023
2457894.88112	17.529	0.021
2457895.64319	17.512999999999998	0.021
2457897.6854	17.558	0.022000000000000002
2457900.91862	17.532	0.026000000000000002
2457901.62018	17.579	0.034
2457901.7806	17.55	0.021
2457902.61165	17.546	0.031
2457902.73073	17.528	0.019
2457902.9048099997	17.534000000000002	0.027999999999999997
2457903.78045	17.597	0.027999999999999997
2457903.8985900003	17.555	0.025
2457904.64048	17.54	0.022000000000000002
2457904.76853	17.542	0.019
2457904.87824	17.557000000000002	0.023
2457905.60641	17.532	0.022000000000000002
2457905.7244	17.521	0.019
2457905.84619	17.52	0.019
2457905.94458	17.518	0.031
2457906.6647900003	17.51	0.018000000000000002
2457906.79598	17.526	0.019
2457906.90505	17.546	0.022000000000000002
2457907.6696200003	17.543	0.025
2457907.7688	17.544	0.021
2457908.61915	17.512	0.026000000000000002
2457908.7367700003	17.541	0.019
2457908.85781	17.507	0.021
2457908.94253	17.524	0.032
2457909.66058	17.521	0.021
2457909.78095	17.505	0.022000000000000002
2457909.8857299997	17.561	0.021
2457910.5675	17.52	0.032
2457910.6849599998	17.522000000000002	0.021
2457910.80744	17.508	0.021
2457910.93138	17.562	0.023
2457911.64252	17.521	0.025
2457911.8119900003	17.567	0.031
2457917.6266900003	17.547	0.027999999999999997
2457917.74054	17.524	0.022000000000000002
2457917.84911	17.535	0.026000000000000002
2457918.59932	17.558	0.028999999999999998
2457918.60232	17.567	0.027999999999999997
2457922.60349	17.562	0.026000000000000002
2457922.73255	17.541	0.023
2457923.60316	17.557000000000002	0.025
2457923.7400700003	17.542	0.027999999999999997
2457923.84889	17.563	0.027999999999999997
2457924.52562	17.500999999999998	0.026000000000000002
2457924.63287	17.545	0.021
2457924.76007	17.552	0.021
2457924.86775	17.529	0.021
2457925.65711	17.549	0.019
2457925.79454	17.517	0.023
2457926.56251	17.527	0.026000000000000002
2457926.71011	17.562	0.023
2457926.83453	17.545	0.026000000000000002
2457928.6751200003	17.531	0.021
2457932.71364	17.55	0.027999999999999997
2457932.83369	17.525	0.023
2457933.58376	17.552	0.026000000000000002
2457933.69545	17.551	0.023
2457933.81407	17.57	0.031
2457934.51918	17.555	0.025
2457934.62596	17.529	0.021
2457934.74953	17.528	0.019
2457934.85153	17.577	0.028999999999999998
2457935.60743	17.548	0.019
2457935.7297099996	17.554000000000002	0.019
2457935.86086	17.545	0.019
2457935.88964	17.514	0.019
2457936.59061	17.518	0.021
2457936.72645	17.55	0.022000000000000002
2457936.8459099997	17.545	0.026000000000000002
2457937.5317	17.525	0.026000000000000002
2457937.64283	17.53	0.021
2457937.77475	17.57	0.026000000000000002
2457938.55516	17.516	0.028999999999999998
2457944.4674	17.499000000000002	0.039
2457944.51003	17.557000000000002	0.034
2457944.56163	17.526	0.028999999999999998
2457944.60213	17.539	0.025
2457944.662	17.528	0.026000000000000002
2457944.7127099996	17.515	0.023
2457944.77149	17.504	0.023
2457944.81321	17.545	0.039
2457945.47549	17.52	0.031
2457945.5632599997	17.548	0.023
2457945.67557	17.516	0.019
2457945.7858700003	17.521	0.023
2457946.49752	17.535	0.022000000000000002
2457946.61845	17.532	0.023
2457946.7480900004	17.517	0.025
2457946.8483	17.522000000000002	0.028999999999999998
2457947.6022	17.541	0.022000000000000002
2457947.76222	17.524	0.025
2457948.49211	17.526	0.026000000000000002
2457948.62307	17.533	0.023
2457948.7604799997	17.516	0.021
2457949.5565299997	17.558	0.035
2457949.67262	17.557000000000002	0.026000000000000002
2457952.69247	17.564	0.023
2457952.81396	17.532	0.023
2457953.59399	17.522000000000002	0.019
2457953.7167700003	17.529	0.018000000000000002
2457954.47175	17.53	0.025
2457954.60325	17.535999999999998	0.018000000000000002
2457954.7522299998	17.499000000000002	0.016
2457955.78766	17.516	0.021
2457956.58604	17.519000000000002	0.019
2457956.7193	17.526	0.019
2457957.64502	17.526	0.022000000000000002
2457957.79086	17.488	0.025
2457958.6569	17.553	0.023
2457958.76933	17.531	0.023
2457959.51688	17.52	0.021
2457959.63374	17.537	0.019
2457959.75062	17.494	0.021
2457960.5032	17.509	0.021
2457960.63964	17.526	0.019
2457960.75997	17.506	0.021
2457961.58775	17.532	0.016
2457961.6815	17.51	0.019
2457962.51105	17.546	0.021
2457962.7858599997	17.516	0.025
2457964.5768	17.517	0.019
2457964.69745	17.518	0.021
2457965.6679599998	17.535999999999998	0.022000000000000002
2457966.54197	17.54	0.032
2457966.63388	17.517	0.022000000000000002
2457967.57523	17.526	0.025
2457967.66224	17.541	0.027999999999999997
2457967.7403599997	17.512	0.031
2457971.50324	17.502	0.032
2457971.59373	17.521	0.027999999999999997
2457971.64185	17.534000000000002	0.025
2457971.68111	17.559	0.035
2457971.73299	17.534000000000002	0.026000000000000002
2457972.51537	17.524	0.038
2457972.5632700003	17.558	0.038
2457972.60459	17.534000000000002	0.027999999999999997
2457972.66587	17.524	0.028999999999999998
2457972.71133	17.566	0.028999999999999998
2457972.75325	17.578	0.038
2457973.6507200003	17.539	0.026000000000000002
2457974.51584	17.51	0.023
2457974.63157	17.515	0.023
2457974.7435	17.512999999999998	0.028999999999999998
2457979.5022299998	17.488	0.019
2457979.63026	17.503	0.018000000000000002
2457980.56501	17.541	0.026000000000000002
2457980.67539	17.489	0.025
2457981.61785	17.51	0.021
2457982.5170299998	17.505	0.022000000000000002
2457982.63804	17.529	0.023
2457983.56594	17.534000000000002	0.022000000000000002
2457983.67644	17.528	0.019
2457984.59222	17.542	0.022000000000000002
2457985.52189	17.544	0.026000000000000002
2457985.6387099996	17.527	0.034
2457986.61589	17.511	0.019
2457987.54423	17.508	0.019
2457987.6638599997	17.519000000000002	0.019
2457990.59655	17.538	0.022000000000000002
2457991.51491	17.497	0.022000000000000002
2457991.6452200003	17.524	0.028999999999999998
2457992.5614	17.505	0.021
2457993.49682	17.496	0.022000000000000002
2457993.6085200002	17.523	0.022000000000000002
2457994.54243	17.516	0.023
2457994.65361	17.492	0.025
2457998.5219799997	17.538	0.023
2458000.49406	17.538	0.025
2458000.5373400003	17.506	0.028999999999999998
2458000.59001	17.56	0.031
2458000.6343900003	17.529	0.028999999999999998
2458001.57652	17.5	0.025
2458002.54708	17.55	0.039
2458003.59175	17.543	0.032
2458004.5793	17.485	0.027999999999999997
2458007.5321400003	17.521	0.022000000000000002
2458008.56163	17.512	0.023
2458010.5831400002	17.493	0.027999999999999997
2458012.52594	17.529	0.021
2458013.5303	17.509	0.021
2458014.53955	17.531	0.021
2458015.53786	17.529	0.026000000000000002
2458016.54564	17.526	0.025
2458017.56999	17.507	0.022000000000000002
2458019.50348	17.537	0.021
2458020.54832	17.506	0.023
2458026.51425	17.555999999999997	0.032
2458028.4975400004	17.523	0.035
2458030.50426	17.509	0.023
2458039.55285	17.537	0.036000000000000004
2458046.49955	17.528	0.028999999999999998
2458053.51852	17.552	0.035
2458055.51837	17.508	0.025
