2455377.74818	16.935	0.016
2455378.62547	16.956	0.013000000000000001
2455378.8692099997	16.99	0.018000000000000002
2455379.78354	16.980999999999998	0.016
2455380.64405	16.942999999999998	0.013000000000000001
2455381.52721	16.958	0.022000000000000002
2455381.741	16.936	0.02
2455382.61603	16.945999999999998	0.022000000000000002
2455382.82411	16.959	0.022000000000000002
2455385.82603	16.937	0.013000000000000001
2455386.5339599997	16.958	0.015
2455386.61627	16.952	0.015
2455386.70068	16.956	0.013000000000000001
2455386.8406	16.968	0.015
2455387.82577	16.96	0.015
2455388.7802	16.971	0.015
2455389.69093	16.955	0.015
2455390.6535	16.932000000000002	0.02
2455391.51987	16.952	0.018000000000000002
2455391.84822	16.969	0.018000000000000002
2455392.78826	16.941	0.015
2455393.7645099997	16.963	0.02
2455396.67822	16.951	0.015
2455396.7128	16.959	0.015
2455397.76232	16.947	0.022000000000000002
2455403.49662	16.958	0.016
2455403.6891900003	16.939	0.018000000000000002
2455404.5600400004	16.965999999999998	0.016
2455404.759	16.98	0.016
2455405.77264	16.965999999999998	0.016
2455407.62904	16.947	0.02
2455408.5474099996	16.994	0.02
2455408.74945	16.942	0.02
2455409.75157	16.971	0.016
2455410.75595	16.971	0.016
2455411.76889	16.941	0.018000000000000002
2455412.6887	16.968	0.019
2455413.7607299997	16.933	0.016
2455416.60561	16.957	0.019
2455418.6693599997	16.945999999999998	0.015
2455421.68512	16.938	0.018000000000000002
2455423.50281	16.974	0.013000000000000001
2455426.5197799997	16.962	0.02
2455430.59001	16.945	0.018000000000000002
2455431.58502	16.976	0.016
2455432.53093	16.967	0.025
2455434.5559900003	16.933	0.016
2455435.5233299998	16.952	0.016
2455436.5479599996	16.977	0.018000000000000002
2455438.5806299997	16.974	0.016
2455439.6222599996	16.998	0.02
2455443.63639	16.945999999999998	0.015
2455444.6621	16.980999999999998	0.016
2455446.5510400003	16.976	0.016
2455447.56131	16.975	0.015
2455449.49426	16.994	0.019
2455450.5726400004	16.95	0.016
2455453.53385	16.968	0.02
2455457.60571	16.964000000000002	0.015
2455459.4953900003	16.944000000000003	0.016
2455460.5159400003	16.961	0.018000000000000002
2455461.5428	17.061	0.038
2455462.5972599997	16.972	0.016
2455465.54076	16.962	0.02
2455469.54074	16.96	0.015
2455471.57634	16.965999999999998	0.015
2455473.50429	16.97	0.019
2455478.49669	16.999000000000002	0.018000000000000002
2455480.5486	16.994	0.019
2455485.54075	16.998	0.019
2455487.53386	16.954	0.016
2455489.53439	16.977999999999998	0.019
2455493.521	16.953	0.026000000000000002
2455497.5318	16.973	0.018000000000000002
2455598.8798700003	16.984	0.02
2455599.88737	16.965	0.025
2455600.87595	16.952	0.015
2455616.90213	16.976	0.025
2455622.9014	16.918	0.016
2455625.83511	16.973	0.016
2455627.8284299998	16.97	0.015
2455628.9111599997	16.952	0.025
2455629.83887	16.963	0.015
2455631.86721	16.958	0.015
2455633.82227	16.949	0.013000000000000001
2455634.81605	16.968	0.016
2455637.85287	16.959	0.016
2455639.81099	16.952	0.018000000000000002
2455640.8031099997	16.982	0.019
2455640.89007	16.986	0.016
2455641.79849	16.956	0.018000000000000002
2455642.76424	16.952	0.019
2455642.86018	16.96	0.016
2455642.88007	16.928	0.016
2455643.7856400004	16.968	0.016
2455643.88391	16.951	0.015
2455644.79314	16.985	0.023
2455644.90894	16.97	0.018000000000000002
2455648.77605	16.992	0.016
2455648.88397	16.94	0.013000000000000001
2455649.78142	16.98	0.015
2455649.8878900004	16.955	0.013000000000000001
2455650.77354	16.965999999999998	0.013000000000000001
2455650.88019	16.958	0.015
2455651.7958	16.952	0.015
2455651.91432	16.96	0.013000000000000001
2455652.8385	16.953	0.012
2455653.89434	16.953	0.013000000000000001
2455654.81707	16.958	0.013000000000000001
2455654.90004	16.957	0.015
2455655.8078	16.959	0.015
2455655.89305	16.956	0.013000000000000001
2455656.84392	16.957	0.013000000000000001
2455657.8053200003	16.941	0.013000000000000001
2455657.89225	16.948	0.012
2455658.80142	16.954	0.015
2455658.89873	16.96	0.015
2455659.75286	16.958	0.015
2455659.8310599998	16.958	0.015
2455659.92159	16.964000000000002	0.015
2455660.80516	16.955	0.013000000000000001
2455660.92008	16.971	0.019
2455662.79633	16.945999999999998	0.013000000000000001
2455662.89812	16.952	0.015
2455664.76068	16.939	0.019
2455664.86255	16.955	0.016
2455665.7433599997	16.982	0.022000000000000002
2455665.8535	16.955	0.015
2455667.74846	16.944000000000003	0.016
2455668.72329	16.958	0.018000000000000002
2455669.7423799997	16.948	0.018000000000000002
2455670.72448	16.953	0.018000000000000002
2455670.9104299997	16.951	0.016
2455675.78659	16.94	0.016
2455676.7132900003	16.942999999999998	0.01
2455676.9026599997	16.969	0.013000000000000001
2455677.8410400003	16.967	0.013000000000000001
2455679.75416	16.958	0.013000000000000001
2455680.65964	16.928	0.019
2455680.83977	16.974	0.013000000000000001
2455681.72769	16.973	0.013000000000000001
2455681.91429	16.957	0.015
2455682.81754	16.956	0.013000000000000001
2455683.79219	16.938	0.013000000000000001
2455684.69508	16.96	0.013000000000000001
2455684.90648	16.926	0.013000000000000001
2455685.8758099996	16.945	0.012
2455686.78746	16.945	0.012
2455687.67224	16.924	0.018000000000000002
2455688.83172	16.97	0.015
2455689.78986	16.949	0.012
2455690.78236	16.944000000000003	0.015
2455691.71061	16.957	0.015
2455691.91107	16.977999999999998	0.015
2455692.7945	16.957	0.013000000000000001
2455693.62517	16.985	0.019
2455693.81866	16.97	0.013000000000000001
2455694.63788	16.951	0.016
2455694.8276299997	16.980999999999998	0.015
2455695.64802	16.947	0.018000000000000002
2455695.8670200002	16.930999999999997	0.013000000000000001
2455696.6841599997	16.958	0.016
2455696.8555400004	16.979	0.016
2455697.69944	16.939	0.015
2455697.85753	16.944000000000003	0.013000000000000001
2455698.69755	16.965999999999998	0.02
2455698.85635	16.959	0.016
2455703.8190599997	16.982	0.022000000000000002
2455705.8344	16.965	0.016
2455706.772	16.934	0.019
2455706.7752799997	16.967	0.019
2455707.6642299998	16.977999999999998	0.015
2455707.8309	16.957	0.015
2455708.6444	16.962	0.015
2455708.8341099997	16.979	0.015
2455709.79465	17.016	0.012
2455712.737	16.945999999999998	0.013000000000000001
2455713.74455	16.999000000000002	0.012
2455714.63035	16.979	0.015
2455714.64381	16.951	0.015
2455715.68695	16.952	0.013000000000000001
2455715.8629900003	16.95	0.015
2455716.75898	16.959	0.015
2455721.56266	16.965999999999998	0.016
2455721.57661	16.929000000000002	0.015
2455721.8331	16.984	0.016
2455722.66008	16.96	0.013000000000000001
2455722.67366	16.942999999999998	0.013000000000000001
2455723.5619200002	16.980999999999998	0.016
2455723.7390099997	16.937	0.015
2455724.5599599998	16.974	0.022000000000000002
2455724.78771	16.980999999999998	0.016
2455725.71361	16.944000000000003	0.013000000000000001
2455726.61473	16.963	0.018000000000000002
2455726.78717	16.967	0.018000000000000002
2455734.76917	16.941	0.019
2455735.69642	16.948	0.016
2455736.63662	16.952	0.012
2455736.85139	16.962	0.013000000000000001
2455737.64513	16.945	0.012
2455737.82687	16.975	0.013000000000000001
2455738.6718900003	16.954	0.012
2455739.55663	16.96	0.015
2455739.7421	16.959	0.013000000000000001
2455740.5336700003	16.949	0.016
2455740.74055	16.954	0.013000000000000001
2455741.51122	16.967	0.018000000000000002
2455741.6831799997	16.947	0.013000000000000001
2455741.84987	16.933	0.015
2455742.60572	16.944000000000003	0.015
2455742.78328	16.949	0.012
2455743.65542	16.955	0.016
2455743.8321	16.967	0.016
2455744.5904	16.977999999999998	0.016
2455744.8088700003	16.933	0.015
2455745.58893	16.984	0.018000000000000002
2455745.76559	16.954	0.016
2455746.61111	16.977	0.016
2455746.7979200003	16.917	0.019
2455747.69288	16.985	0.02
2455748.67201	16.963	0.013000000000000001
2455749.6315099997	16.954	0.015
2455749.79813	16.947	0.019
2455752.71142	16.982	0.018000000000000002
2455753.59107	16.932000000000002	0.026000000000000002
2455759.8338900004	16.939	0.019
2455760.58798	16.947	0.018000000000000002
2455760.77712	16.923	0.015
2455761.6173	16.983	0.013000000000000001
2455762.63309	16.903	0.018000000000000002
2455763.50661	16.957	0.015
2455763.68953	16.933	0.015
2455764.5129299997	16.948	0.015
2455764.69061	16.984	0.013000000000000001
2455765.5548400003	16.948	0.015
2455765.754	16.969	0.018000000000000002
2455766.62751	16.96	0.013000000000000001
2455767.50147	16.953	0.016
2455767.71425	16.948	0.015
2455768.55362	16.938	0.015
2455768.74163	16.939	0.015
2455769.58214	16.964000000000002	0.016
2455769.78713	16.969	0.016
2455775.6837299997	16.941	0.015
2455776.73969	16.957	0.019
2455777.67268	16.957	0.013000000000000001
2455778.57773	16.99	0.018000000000000002
2455779.7137700003	16.942	0.015
2455785.54132	16.956	0.022000000000000002
2455785.72571	16.910999999999998	0.02
2455786.67367	16.98	0.019
2455787.52177	16.987000000000002	0.016
2455787.70668	16.956	0.016
2455788.6233599996	16.957	0.016
2455790.51114	16.974	0.022000000000000002
2455790.6838	16.958	0.016
2455793.51799	16.953	0.015
2455793.6908400003	16.936	0.015
2455794.60511	16.954	0.015
2455795.613	16.983	0.022000000000000002
2455796.58675	16.96	0.018000000000000002
2455801.48313	16.972	0.016
2455801.66624	16.967	0.016
2455803.59275	16.949	0.019
2455804.6485200003	16.942999999999998	0.018000000000000002
2455805.6134099998	16.97	0.015
2455807.56801	16.973	0.016
2455812.55338	16.971	0.023
2455813.53786	16.955	0.016
2455815.50797	16.945999999999998	0.015
2455815.6678400002	16.963	0.015
2455816.6436400004	16.935	0.022000000000000002
2455817.64507	16.967	0.019
2455818.62567	16.947	0.022000000000000002
2455819.6326900003	16.977999999999998	0.016
2455820.60938	16.979	0.016
2455822.55925	16.965	0.018000000000000002
2455823.48645	16.968	0.023
2455823.57735	16.963	0.018000000000000002
2455824.50275	16.986	0.016
2455824.59661	16.993	0.015
2455825.51613	16.98	0.018000000000000002
2455825.62095	16.963	0.016
2455826.54589	16.989	0.016
2455827.48555	16.971	0.023
2455827.56443	16.963	0.019
2455828.48526	16.988	0.016
2455828.57448	16.983	0.016
2455829.50042	16.984	0.018000000000000002
2455829.58537	16.968	0.013000000000000001
2455830.52244	16.980999999999998	0.013000000000000001
2455830.59855	16.968	0.016
2455831.57015	16.989	0.015
2455832.51599	16.925	0.015
2455832.5952	16.964000000000002	0.018000000000000002
2455833.55352	16.969	0.013000000000000001
2455834.51314	16.980999999999998	0.013000000000000001
2455834.59018	16.991	0.015
2455836.48784	16.957	0.02
2455836.56179	17.000999999999998	0.019
2455839.51793	16.975	0.02
2455839.5915200002	16.974	0.025
2455840.55496	16.971	0.018000000000000002
2455841.48955	16.910999999999998	0.02
2455841.572	16.932000000000002	0.019
2455842.53574	16.893	0.022000000000000002
2455843.48805	16.967	0.02
2455843.57221	16.959	0.018000000000000002
2455844.51661	16.962	0.019
2455844.59512	16.949	0.023
2455845.5565	16.914	0.02
2455846.5197	16.964000000000002	0.022000000000000002
2455850.54345	16.961	0.015
2455851.50676	16.965999999999998	0.016
2455852.53613	16.994	0.023
2455854.52723	16.949	0.018000000000000002
2455855.51577	16.984	0.019
2455856.51443	16.958	0.022000000000000002
2455857.5323900003	16.873	0.023
2455859.5342099997	16.965	0.016
2455861.50019	16.942999999999998	0.02
2455862.51834	16.921	0.016
2455971.8785900003	16.987000000000002	0.015
2455976.88412	16.964000000000002	0.015
2455977.8816400003	16.957	0.015
2455978.89194	16.941	0.015
2455979.89649	16.939	0.026000000000000002
2455982.83442	16.96	0.015
2455983.84737	16.95	0.013000000000000001
2455984.8407400004	16.975	0.013000000000000001
2455985.82635	16.939	0.016
2455986.81695	16.959	0.016
2455986.8919599997	16.956	0.013000000000000001
2455987.85882	16.969	0.013000000000000001
2455988.8487299997	16.972	0.015
2455989.82973	16.942	0.015
2455990.80611	16.954	0.016
2455990.87721	16.947	0.013000000000000001
2455991.8522900003	16.965999999999998	0.013000000000000001
2455992.82787	16.986	0.016
2455993.81138	16.95	0.019
2455993.90326	16.97	0.016
2455994.86863	16.944000000000003	0.016
2455995.80522	16.959	0.015
2455995.88255	16.927	0.015
2455996.82502	16.95	0.015
2455996.9094	16.929000000000002	0.013000000000000001
2455997.86717	16.961	0.015
2455998.80737	16.934	0.016
2455998.89762	16.965999999999998	0.013000000000000001
2455999.84081	16.961	0.015
2455999.91676	16.949	0.019
2456004.7625599997	16.96	0.016
2456004.8572	16.982	0.015
2456005.7749900003	16.97	0.013000000000000001
2456005.87381	16.942	0.012
2456006.79428	16.963	0.013000000000000001
2456006.89225	16.947	0.012
2456007.79556	16.945	0.015
2456007.89073	16.95	0.012
2456008.78914	16.948	0.015
2456008.88564	16.923	0.013000000000000001
2456009.79062	16.974	0.013000000000000001
2456009.88594	16.959	0.012
2456010.78229	16.942999999999998	0.012
2456010.88048	16.957	0.012
2456011.76838	16.954	0.015
2456011.88631	16.972	0.016
2456012.78665	16.997	0.013000000000000001
2456012.88402	16.949	0.01
2456013.78075	16.988	0.013000000000000001
2456013.88296	16.963	0.013000000000000001
2456014.75772	16.985	0.019
2456014.85629	16.945999999999998	0.013000000000000001
2456015.7348599997	16.961	0.013000000000000001
2456015.813	16.956	0.012
2456015.90366	16.956	0.012
2456016.79565	16.95	0.013000000000000001
2456016.8991799997	16.942	0.012
2456017.7820200003	16.942	0.012
2456017.87875	16.961	0.012
2456018.77038	16.972	0.015
2456018.8491599998	16.948	0.012
2456019.74901	16.952	0.016
2456019.8456099997	16.934	0.012
2456019.9240099997	16.945999999999998	0.015
2456020.78078	16.958	0.012
2456020.87575	16.962	0.012
2456021.7365200003	16.944000000000003	0.016
2456021.8139	16.959	0.013000000000000001
2456021.91156	16.948	0.013000000000000001
2456022.76225	16.94	0.013000000000000001
2456022.85794	16.95	0.013000000000000001
2456023.7171400003	16.971	0.016
2456023.79777	16.949	0.013000000000000001
2456023.9016299997	16.934	0.013000000000000001
2456024.75507	16.97	0.016
2456024.8566	16.967	0.013000000000000001
2456025.72812	16.942	0.018000000000000002
2456025.8086	16.961	0.022000000000000002
2456026.70211	16.927	0.023
2456031.82118	16.892	0.013000000000000001
2456032.75073	16.936	0.013000000000000001
2456032.93126	16.910999999999998	0.02
2456033.88276	16.942	0.015
2456034.82588	16.963	0.013000000000000001
2456036.72876	16.957	0.012
2456037.71465	16.974	0.016
2456037.9105700003	16.945999999999998	0.015
2456038.87549	16.951	0.013000000000000001
2456039.8679299997	16.965	0.015
2456040.84406	16.959	0.013000000000000001
2456041.78795	16.956	0.013000000000000001
2456045.9227	16.914	0.013000000000000001
2456047.74707	16.947	0.012
2456048.68693	16.963	0.013000000000000001
2456048.87242	16.964000000000002	0.015
2456049.8078799997	16.926	0.01
2456050.68475	16.955	0.015
2456050.8730200003	16.935	0.013000000000000001
2456052.68215	16.961	0.018000000000000002
2456052.85832	16.977999999999998	0.015
2456053.7137700003	16.947	0.016
2456053.90558	16.979	0.018000000000000002
2456058.7455	16.979	0.016
2456058.9160700003	16.94	0.015
2456060.81231	16.980999999999998	0.013000000000000001
2456061.70042	16.986	0.016
2456061.87811	16.934	0.015
2456062.74926	16.973	0.016
2456062.9263400002	16.956	0.016
2456063.9150400003	16.956	0.015
2456064.84526	16.953	0.013000000000000001
2456065.67483	16.951	0.013000000000000001
2456066.6121900002	16.949	0.015
2456066.7933799997	16.933	0.015
2456067.59689	16.965	0.015
2456067.76418	16.948	0.012
2456067.93063	16.949	0.013000000000000001
2456068.8032400003	16.941	0.012
2456069.73339	16.945999999999998	0.012
2456069.92078	16.952	0.01
2456070.71918	16.956	0.013000000000000001
2456070.89625	16.976	0.013000000000000001
2456071.69444	16.965999999999998	0.013000000000000001
2456071.87447	16.957	0.013000000000000001
2456075.6746900002	16.951	0.012
2456075.85788	16.942	0.012
2456075.86186	16.932000000000002	0.012
2456076.72525	16.949	0.012
2456076.90145	16.987000000000002	0.015
2456077.8470900003	16.974	0.012
2456078.6491799997	16.95	0.013000000000000001
2456078.82988	16.964000000000002	0.013000000000000001
2456079.62673	16.945	0.013000000000000001
2456079.8174900003	16.954	0.013000000000000001
2456080.59717	16.968	0.018000000000000002
2456080.76405	16.95	0.013000000000000001
2456080.94307	16.965999999999998	0.016
2456081.7171099996	16.965	0.015
2456081.8930200003	16.993	0.02
2456082.7146	16.952	0.02
2456082.91193	17.016	0.026000000000000002
2456085.71809	16.929000000000002	0.03
2456085.87847	17.021	0.03
2456086.6549400003	16.941	0.015
2456086.84587	16.953	0.015
2456087.72787	16.967	0.018000000000000002
2456088.60095	16.94	0.013000000000000001
2456089.6819700003	16.961	0.012
2456089.92966	16.951	0.018000000000000002
2456092.80716	16.957	0.012
2456093.63172	16.962	0.013000000000000001
2456093.83212	16.971	0.015
2456094.68063	16.969	0.015
2456094.85592	16.955	0.016
2456096.6765400004	16.991	0.015
2456096.87131	16.987000000000002	0.019
2456097.8037	16.957	0.016
2456098.5991599998	16.964000000000002	0.018000000000000002
2456098.77633	16.948	0.015
2456099.71526	16.95	0.018000000000000002
2456100.62542	16.945999999999998	0.013000000000000001
2456100.81073	16.952	0.019
2456101.5770799997	16.95	0.015
2456101.75478	16.924	0.013000000000000001
2456102.54142	16.958	0.018000000000000002
2456102.7165200002	16.945999999999998	0.013000000000000001
2456102.87562	16.961	0.016
2456103.6356599997	16.942	0.013000000000000001
2456103.8327599997	16.982	0.015
2456104.6189099997	16.947	0.012
2456104.78876	16.969	0.012
2456105.54432	17.0	0.019
2456105.73594	16.963	0.015
2456108.54392	16.947	0.016
2456108.72928	16.926	0.013000000000000001
2456108.87839	16.977	0.015
2456109.7198799998	16.954	0.022000000000000002
2456109.8755799998	16.967	0.018000000000000002
2456113.68512	16.967	0.018000000000000002
2456113.84106	16.962	0.018000000000000002
2456114.70877	16.957	0.015
2456114.86154	16.985	0.027999999999999997
2456115.64701	16.959	0.015
2456116.51491	16.961	0.013000000000000001
2456116.68685	16.949	0.013000000000000001
2456117.49206	16.985	0.016
2456117.6688200003	16.938	0.013000000000000001
2456117.82639	16.941	0.015
2456118.59964	16.957	0.013000000000000001
2456118.78499	16.945	0.013000000000000001
2456119.56251	16.936	0.015
2456119.72797	16.949	0.013000000000000001
2456120.5926599996	16.948	0.013000000000000001
2456120.77361	16.945999999999998	0.016
2456121.56589	16.958	0.012
2456121.73528	16.938	0.01
2456123.61395	16.939	0.015
2456123.7833	16.937	0.012
2456124.6019099997	16.952	0.013000000000000001
2456124.7925400003	16.954	0.015
2456125.61829	16.972	0.015
2456125.8017599997	16.956	0.013000000000000001
2456126.64988	16.948	0.013000000000000001
2456127.5362	16.968	0.015
2456128.5572099998	16.935	0.012
2456130.55204	16.982	0.016
2456131.63428	16.921	0.01
2456132.65723	16.954	0.015
2456133.60381	16.980999999999998	0.015
2456134.52441	16.954	0.018000000000000002
2456135.49174	16.97	0.018000000000000002
2456135.71023	16.965999999999998	0.015
2456140.49487	16.971	0.022000000000000002
2456140.67478	16.936	0.026000000000000002
2456141.5217	16.964000000000002	0.016
2456141.69643	16.956	0.016
2456142.5649200003	17.006	0.02
2456147.5805099998	16.958	0.015
2456148.5109200003	16.974	0.012
2456148.69826	16.982	0.012
2456150.55127	16.944000000000003	0.015
2456151.55612	16.948	0.018000000000000002
2456151.71663	16.952	0.015
2456152.6060599997	16.936	0.013000000000000001
2456154.5417400002	16.956	0.015
2456157.6924799997	16.948	0.018000000000000002
2456158.6321099997	16.934	0.015
2456159.55207	16.982	0.015
2456160.5207700003	16.972	0.013000000000000001
2456160.7269099997	16.961	0.015
2456161.6315099997	16.972	0.013000000000000001
2456164.6056	16.971	0.025
2456167.60789	16.939	0.025
2456168.61937	16.929000000000002	0.019
2456169.6099900003	16.951	0.015
2456171.5633799997	16.942	0.015
2456172.5224099997	16.955	0.013000000000000001
2456175.4840700002	16.949	0.015
2456175.65547	16.937	0.018000000000000002
2456179.6430099998	16.975	0.018000000000000002
2456180.62902	16.954	0.019
2456181.5906700003	16.939	0.013000000000000001
2456182.5984099996	16.976	0.015
2456184.48723	16.967	0.015
2456185.59535	16.987000000000002	0.012
2456186.61111	16.984	0.015
2456191.50231	16.995	0.019
2456195.4954	16.942999999999998	0.015
2456195.58581	16.925	0.015
2456196.49615	16.968	0.016
2456196.58346	16.971	0.015
2456197.498	16.948	0.018000000000000002
2456197.58623	16.967	0.018000000000000002
2456199.51799	16.945	0.022000000000000002
2456200.61694	16.959	0.02
2456202.5665	16.94	0.019
2456203.55893	16.922	0.02
2456204.5057	16.927	0.015
2456204.5890599997	16.96	0.016
2456205.53527	16.942999999999998	0.012
2456205.60954	16.948	0.013000000000000001
2456209.5542	16.941	0.02
2456210.50619	16.954	0.016
2456210.58342	16.945	0.016
2456211.5334799998	16.961	0.013000000000000001
2456212.53279	16.932000000000002	0.013000000000000001
2456212.5934	16.98	0.015
2456213.5617400003	16.962	0.018000000000000002
2456214.54231	16.954	0.018000000000000002
2456216.5419099997	16.965999999999998	0.015
2456217.4986	16.974	0.013000000000000001
2456217.5746400002	16.947	0.013000000000000001
2456218.54998	16.973	0.016
2456221.53699	17.005	0.032
2456223.5389400003	16.985	0.019
2456224.51775	17.027	0.023
2456227.52167	16.973	0.018000000000000002
2456232.5071900003	16.935	0.019
2456234.53026	16.941	0.02
2456239.5164799998	16.995	0.019
2456334.85933	16.954	0.015
2456334.8934299997	16.953	0.022000000000000002
2456335.87084	17.0	0.013000000000000001
2456337.88318	16.944000000000003	0.015
2456338.86077	16.968	0.015
2456339.87717	16.951	0.012
2456340.8873	16.947	0.013000000000000001
2456344.8333900003	16.986	0.012
2456345.84905	16.953	0.013000000000000001
2456347.85556	16.918	0.013000000000000001
2456348.84958	16.939	0.013000000000000001
2456350.87043	16.969	0.015
2456351.87087	16.975	0.015
2456352.86673	16.948	0.013000000000000001
2456353.84209	16.96	0.013000000000000001
2456354.8571900004	16.968	0.013000000000000001
2456358.86282	16.923	0.013000000000000001
2456360.84827	16.995	0.013000000000000001
2456361.8338099997	16.951	0.013000000000000001
2456362.8316599997	16.958	0.013000000000000001
2456362.8577	16.977	0.015
2456363.8275	16.967	0.015
2456367.84638	16.956	0.012
2456368.78248	16.973	0.013000000000000001
2456368.8747900003	16.936	0.012
2456369.81397	16.945999999999998	0.012
2456370.7662299997	16.95	0.013000000000000001
2456370.86061	16.959	0.012
2456371.78193	16.933	0.012
2456371.86969	16.97	0.01
2456372.77468	16.973	0.013000000000000001
2456372.86323	16.936	0.012
2456373.79126	16.955	0.016
2456373.8802099996	16.955	0.013000000000000001
2456374.79776	16.941	0.015
2456374.88689	16.967	0.013000000000000001
2456375.79426	16.959	0.013000000000000001
2456375.9031	16.942999999999998	0.01
2456376.8182200002	16.965999999999998	0.013000000000000001
2456376.89992	16.95	0.012
2456377.83018	16.971	0.012
2456377.91241	16.954	0.012
2456378.8256200003	16.934	0.012
2456378.90625	16.934	0.012
2456379.8117400003	16.969	0.013000000000000001
2456379.8977900003	16.945	0.013000000000000001
2456380.8027	16.969	0.012
2456380.8263	16.968	0.013000000000000001
2456380.91303	16.917	0.012
2456381.83392	16.964000000000002	0.012
2456381.91365	16.955	0.013000000000000001
2456382.81841	16.945	0.015
2456382.89964	16.928	0.016
2456387.71753	16.952	0.016
2456387.80314	16.949	0.013000000000000001
2456387.88196	16.963	0.015
2456388.72248	16.958	0.015
2456388.82418	16.951	0.013000000000000001
2456389.7135400004	16.956	0.018000000000000002
2456389.8144	16.972	0.013000000000000001
2456389.8945	16.905	0.013000000000000001
2456390.7587599996	16.957	0.013000000000000001
2456390.8451	16.968	0.013000000000000001
2456391.73204	16.971	0.016
2456393.72828	16.953	0.015
2456394.87451	16.965	0.015
2456395.83703	16.942999999999998	0.012
2456396.78369	16.937	0.01
2456397.72441	16.949	0.012
2456397.90086	16.933	0.012
2456398.8316599997	16.956	0.012
2456399.73753	16.923	0.015
2456400.70371	16.939	0.012
2456400.91487	16.952	0.013000000000000001
2456401.84728	16.949	0.012
2456402.76741	16.952	0.013000000000000001
2456403.68597	16.906	0.013000000000000001
2456403.8479299997	16.948	0.012
2456404.77479	16.965999999999998	0.012
2456404.7935200003	16.952	0.013000000000000001
2456405.8311400004	16.930999999999997	0.013000000000000001
2456406.80584	16.942	0.016
2456407.73969	16.938	0.015
2456407.91545	16.96	0.016
2456409.7855599998	16.994	0.022000000000000002
2456415.75096	16.971	0.018000000000000002
2456415.93075	16.985	0.016
2456416.8284400003	16.952	0.012
2456417.74194	16.93	0.013000000000000001
2456417.91685	16.939	0.013000000000000001
2456418.76364	16.948	0.012
2456418.9385599997	16.961	0.019
2456419.82712	16.914	0.012
2456420.67964	16.945999999999998	0.012
2456420.85161	16.958	0.012
2456421.88057	16.948	0.013000000000000001
2456422.83773	16.97	0.02
2456423.80227	16.923	0.013000000000000001
2456424.64256	16.96	0.015
2456424.8363799998	16.95	0.012
2456426.68317	16.972	0.01
2456426.92353	16.956	0.013000000000000001
2456428.72304	16.980999999999998	0.015
2456428.91121	16.969	0.016
2456431.7211599997	16.938	0.013000000000000001
2456431.89674	16.94	0.015
2456432.7464	16.948	0.016
2456432.9185	16.945	0.013000000000000001
2456433.73254	16.954	0.015
2456434.6438	16.977999999999998	0.016
2456434.8284400003	16.965	0.013000000000000001
2456435.67441	16.951	0.015
2456435.8623	16.94	0.013000000000000001
2456436.66129	16.942999999999998	0.015
2456436.8508	16.945999999999998	0.013000000000000001
2456437.94742	16.99	0.035
2456441.70756	16.953	0.018000000000000002
2456441.88967	16.918	0.019
2456442.66593	16.932000000000002	0.013000000000000001
2456442.85015	16.949	0.012
2456443.64682	16.969	0.01
2456443.7798099997	16.969	0.015
2456444.71931	16.952	0.013000000000000001
2456444.86999	16.942	0.015
2456445.6872400003	16.945	0.012
2456445.88185	16.942	0.016
2456446.66107	16.965	0.012
2456446.8511799998	16.958	0.012
2456447.63499	16.933	0.012
2456447.82221	16.936	0.012
2456448.58479	16.96	0.015
2456448.7684299997	16.934	0.012
2456448.93431	16.992	0.018000000000000002
2456449.70865	16.934	0.012
2456449.89261	16.991	0.022000000000000002
2456450.66135	16.945999999999998	0.012
2456450.8435	16.954	0.013000000000000001
2456451.61025	16.939	0.013000000000000001
2456451.79538	16.944000000000003	0.012
2456452.57192	16.961	0.013000000000000001
2456452.80749	16.963	0.01
2456454.58341	16.957	0.013000000000000001
2456454.7680599997	16.952	0.012
2456455.54024	17.037	0.015
2456456.55117	16.98	0.012
2456456.73528	16.941	0.01
2456457.68719	16.959	0.01
2456457.87319	16.955	0.012
2456458.6571299997	16.930999999999997	0.013000000000000001
2456458.84157	16.965	0.013000000000000001
2456459.61089	16.964000000000002	0.013000000000000001
2456459.8007400003	16.95	0.012
2456460.62628	16.933	0.015
2456461.55633	16.96	0.015
2456461.75457	16.948	0.013000000000000001
2456462.62676	16.977999999999998	0.013000000000000001
2456462.88722	16.94	0.016
2456463.66205	16.957	0.015
2456463.85287	16.951	0.013000000000000001
2456464.6697299997	16.957	0.016
2456464.86193	16.956	0.016
2456468.68735	16.935	0.016
2456469.55719	16.965999999999998	0.018000000000000002
2456469.74456	16.983	0.016
2456471.74959	17.033	0.02
2456472.73618	16.93	0.013000000000000001
2456473.6874599997	16.948	0.012
2456473.86018	16.942	0.015
2456474.62712	16.958	0.015
2456474.81286	16.955	0.019
2456475.59064	16.941	0.015
2456475.7889799997	16.955	0.013000000000000001
2456476.55593	16.956	0.015
2456476.7445900002	16.974	0.013000000000000001
2456477.54936	16.959	0.013000000000000001
2456477.7379099997	16.965	0.015
2456478.58681	16.959	0.013000000000000001
2456479.65167	16.954	0.013000000000000001
2456480.56336	16.965999999999998	0.015
2456480.74723	16.921	0.015
2456481.55779	16.957	0.015
2456481.80171	16.952	0.016
2456484.4692599997	16.965	0.018000000000000002
2456485.5318	16.959	0.013000000000000001
2456485.7644	16.963	0.012
2456486.50261	16.945	0.013000000000000001
2456486.71143	16.942	0.013000000000000001
2456487.50083	16.965999999999998	0.013000000000000001
2456487.7033	16.961	0.01
2456489.53912	16.952	0.015
2456489.7354900003	16.979	0.016
2456490.56536	16.968	0.013000000000000001
2456490.75206	16.951	0.012
2456491.61985	16.947	0.015
2456491.81965	16.924	0.015
2456492.66531	16.953	0.018000000000000002
2456496.4888299997	16.975	0.02
2456497.5720599997	16.977	0.016
2456497.75693	16.932000000000002	0.016
2456498.58835	16.955	0.012
2456498.76574	16.980999999999998	0.015
2456500.52709	16.947	0.019
2456501.53821	16.967	0.016
2456501.7384099998	16.968	0.015
2456504.7533299997	16.965999999999998	0.015
2456505.68001	16.952	0.015
2456506.5704099997	16.955	0.02
2456507.64159	16.948	0.015
2456508.57131	16.963	0.013000000000000001
2456508.7631	16.945	0.012
2456509.66871	16.95	0.01
2456510.55387	16.958	0.012
2456510.7571799997	16.93	0.015
2456511.70628	16.95	0.012
2456514.59497	16.941	0.012
2456515.54677	16.963	0.012
2456516.522	16.959	0.018000000000000002
2456518.56413	16.937	0.012
2456519.49755	16.96	0.012
2456519.7173099997	16.945	0.013000000000000001
2456523.61915	16.965999999999998	0.015
2456524.5553900003	16.973	0.015
2456525.55762	16.965	0.018000000000000002
2456526.68246	16.977999999999998	0.016
2456529.6277900003	16.929000000000002	0.019
2456531.61607	16.963	0.013000000000000001
2456532.59637	16.959	0.013000000000000001
2456533.63699	16.971	0.013000000000000001
2456535.5181299997	16.942999999999998	0.016
2456537.6587400003	16.935	0.016
2456539.54707	16.965999999999998	0.01
2456541.55854	16.972	0.012
2456543.61706	16.96	0.015
2456545.51642	16.945	0.012
2456546.54379	17.012	0.019
2456551.56445	16.965999999999998	0.019
2456555.63914	16.906	0.018000000000000002
2456558.59888	16.935	0.013000000000000001
2456560.5057200002	16.956	0.018000000000000002
2456561.55914	16.938	0.015
2456563.54691	16.991	0.018000000000000002
2456563.6304	16.963	0.016
2456564.5673700003	16.97	0.013000000000000001
2456565.53858	16.944000000000003	0.016
2456567.5153	17.007	0.019
2456568.52062	16.915	0.018000000000000002
2456568.6096	16.910999999999998	0.016
2456569.56372	16.936	0.012
2456570.54127	17.022000000000002	0.015
2456571.54862	16.965	0.016
2456572.50455	17.002	0.018000000000000002
2456572.6025900003	16.896	0.016
2456573.5632700003	16.996	0.015
2456577.54087	16.963	0.02
2456578.52522	16.912	0.018000000000000002
2456579.4895	16.94	0.02
2456580.50983	16.937	0.018000000000000002
2456581.53597	16.977	0.018000000000000002
2456582.56201	16.939	0.015
2456583.54678	16.962	0.02
2456584.54674	16.922	0.02
2456585.5460200002	16.994	0.02
2456590.52704	16.985	0.019
2456590.55919	16.982	0.018000000000000002
2456593.50284	16.889	0.018000000000000002
2456595.52485	16.957	0.019
2456697.8863	16.942	0.015
2456699.87785	16.951	0.012
2456701.8886	16.915	0.013000000000000001
2456704.8644	16.965	0.015
2456706.8451400003	16.924	0.015
2456708.84999	16.974	0.013000000000000001
2456709.87758	16.923	0.013000000000000001
2456710.89367	16.942	0.013000000000000001
2456714.8815099997	16.923	0.016
2456715.89295	16.951	0.012
2456716.89594	16.962	0.012
2456717.89928	16.957	0.016
2456719.81237	16.986	0.016
2456719.90712	16.918	0.015
2456720.8837599996	16.945999999999998	0.012
2456721.8626	16.95	0.012
2456722.84606	16.953	0.013000000000000001
2456723.8171200003	16.957	0.015
2456724.80112	16.96	0.016
2456724.89702	16.927	0.016
2456725.87629	16.954	0.015
2456726.8388900002	16.934	0.013000000000000001
2456727.81005	16.953	0.012
2456727.9043400004	16.968	0.012
2456728.8767	16.949	0.012
2456729.8327099998	16.936	0.012
2456730.78263	16.96	0.018000000000000002
2456730.87872	16.908	0.018000000000000002
2456732.79087	16.992	0.022000000000000002
2456732.88555	16.944000000000003	0.015
2456733.8259099997	16.951	0.013000000000000001
2456733.9145	16.944000000000003	0.015
2456734.85725	16.942999999999998	0.013000000000000001
2456735.78479	16.957	0.018000000000000002
2456735.8942400003	16.944000000000003	0.013000000000000001
2456736.82942	16.953	0.016
2456737.7903400003	16.95	0.013000000000000001
2456737.86997	16.942999999999998	0.012
2456738.81168	16.934	0.023
2456742.79463	16.94	0.012
2456742.88443	16.937	0.01
2456744.8034599996	16.942	0.012
2456744.8941099998	16.930999999999997	0.012
2456745.80197	16.949	0.012
2456745.88855	16.948	0.012
2456746.7938200003	16.965	0.012
2456746.88191	16.977999999999998	0.01
2456747.8973	16.98	0.012
2456749.74296	16.942	0.013000000000000001
2456751.82849	16.956	0.01
2456754.8359	16.93	0.016
2456756.89074	16.923	0.012
2456758.9314900003	16.906	0.022000000000000002
2456760.8701299997	16.936	0.01
2456762.86549	16.925	0.01
2456764.7896	16.906	0.012
2456768.73123	16.936	0.015
2456769.8583400003	16.954	0.012
2456771.7388	16.937	0.012
2456772.90368	16.929000000000002	0.01
2456774.78046	16.953	0.016
2456776.72388	16.958	0.012
2456784.69573	16.928	0.016
2456785.67093	16.930999999999997	0.012
2456786.67924	16.937	0.013000000000000001
2456788.85346	16.939	0.013000000000000001
2456790.6985	16.936	0.016
2456791.7549799997	16.954	0.016
2456792.7949099997	16.945999999999998	0.015
2456796.85704	16.918	0.013000000000000001
2456797.9388900003	16.952	0.022000000000000002
2456803.80911	16.923	0.013000000000000001
2456804.8257	16.948	0.015
2456805.87453	16.951	0.016
2456807.85892	16.945	0.016
2456808.88221	16.935	0.016
2456809.9298400003	16.938	0.018000000000000002
2456811.5667	16.904	0.02
2456813.67586	16.957	0.015
2456814.78585	16.963	0.013000000000000001
2456815.8597	16.934	0.015
2456817.5917700003	16.934	0.018000000000000002
2456818.57745	16.951	0.016
2456819.8377099996	16.963	0.022000000000000002
2456824.70221	16.945	0.016
2456825.7377	16.942	0.015
2456826.74852	16.938	0.013000000000000001
2456827.81731	16.935	0.015
2456828.86208	16.952	0.015
2456829.83623	16.942999999999998	0.015
2456830.8697	16.933	0.013000000000000001
2456832.6213599998	16.94	0.015
2456833.70938	16.969	0.018000000000000002
2456834.7133	16.951	0.015
2456835.76563	16.939	0.018000000000000002
2456836.79886	16.92	0.016
2456837.80999	16.935	0.015
2456838.81038	16.965	0.016
2456839.82444	16.919	0.018000000000000002
2456841.61388	16.969	0.013000000000000001
2456842.63406	16.941	0.015
2456844.6683900002	16.922	0.013000000000000001
2456845.65171	16.92	0.013000000000000001
2456847.62726	16.927	0.013000000000000001
2456851.60079	16.94	0.018000000000000002
2456855.7374	16.972	0.015
2456856.76368	16.941	0.013000000000000001
2456858.47331	16.934	0.013000000000000001
2456859.66073	16.945999999999998	0.015
2456863.50428	16.956	0.013000000000000001
2456864.5929799997	16.939	0.015
2456870.6938	16.953	0.016
2456873.54028	16.942999999999998	0.016
2456879.72963	16.979	0.022000000000000002
2456881.69759	16.945999999999998	0.018000000000000002
2456883.57208	16.963	0.013000000000000001
2456886.51182	16.937	0.018000000000000002
2456887.69272	16.925	0.015
2456889.6260599997	16.939	0.013000000000000001
2456891.5523	16.942999999999998	0.013000000000000001
2456896.5294	16.949	0.016
2456907.50038	16.968	0.015
2456908.54184	16.930999999999997	0.016
2456909.60161	16.948	0.023
2456912.53559	16.969	0.015
2456915.49954	16.947	0.016
2456921.6195900002	16.955	0.015
2456924.57487	16.971	0.016
2456927.5723200003	16.965	0.018000000000000002
2456930.6085900003	16.922	0.018000000000000002
2456936.52222	16.948	0.016
2456937.51975	16.952	0.018000000000000002
2456938.51936	16.955	0.019
2456939.5443	16.96	0.02
2456940.5668	16.925	0.019
2456942.5376	16.983	0.019
2456943.5437	16.967	0.02
2456947.50438	16.999000000000002	0.019
2456950.5433	16.985	0.022000000000000002
2456952.5071799997	17.016	0.02
2456955.49748	16.952	0.019
2456959.5324	16.984	0.027999999999999997
2457063.8672700003	16.926	0.019
2457065.86839	16.969	0.018000000000000002
2457069.8585099997	16.942	0.016
2457070.88166	16.928	0.013000000000000001
2457071.89418	16.945999999999998	0.016
2457074.8547099996	16.954	0.02
2457075.83057	16.996	0.023
2457076.8322099997	16.94	0.015
2457077.82999	16.95	0.018000000000000002
2457078.83175	16.925	0.018000000000000002
2457078.89628	16.953	0.013000000000000001
2457080.8431700002	16.942999999999998	0.016
2457082.81958	16.933	0.015
2457082.88733	16.944000000000003	0.013000000000000001
2457083.8678900003	16.957	0.015
2457084.84774	16.953	0.015
2457085.80632	16.921	0.015
2457086.81313	16.936	0.016
2457086.8887099996	16.921	0.013000000000000001
2457087.85618	16.944000000000003	0.016
2457088.8270099997	16.912	0.015
2457089.80325	16.972	0.018000000000000002
2457089.8814	16.929000000000002	0.015
2457090.8484	16.935	0.015
2457091.79978	16.963	0.016
2457091.89105	16.936	0.015
2457092.83801	16.949	0.013000000000000001
2457093.7961	16.941	0.018000000000000002
2457097.81459	16.942999999999998	0.013000000000000001
2457097.90257	16.927	0.012
2457098.86224	16.936	0.012
2457099.80388	16.961	0.013000000000000001
2457099.91003	16.934	0.013000000000000001
2457100.84288	16.937	0.013000000000000001
2457101.79622	16.916	0.02
2457102.78145	16.945999999999998	0.016
2457102.89601	16.939	0.015
2457108.85671	16.932000000000002	0.015
2457109.80622	16.917	0.015
2457109.91075	16.937	0.015
2457110.8166799997	16.932000000000002	0.012
2457111.75538	16.93	0.015
2457111.84871	16.927	0.013000000000000001
2457112.74963	16.94	0.018000000000000002
2457112.86394	16.927	0.015
2457114.74756	16.935	0.02
2457116.73863	16.923	0.018000000000000002
2457118.7445	16.953	0.016
2457120.74995	16.929000000000002	0.015
2457125.89383	16.925	0.013000000000000001
2457129.84437	16.953	0.012
2457131.73497	16.961	0.015
2457133.85681	16.963	0.015
2457135.71462	16.94	0.013000000000000001
2457136.85819	16.933	0.013000000000000001
2457138.68794	16.951	0.018000000000000002
2457139.8470900003	16.925	0.015
2457141.67507	16.961	0.015
2457142.78957	16.95	0.013000000000000001
2457143.91997	16.949	0.013000000000000001
2457145.86022	16.947	0.015
2457146.88382	16.929000000000002	0.015
2457147.90578	16.945	0.016
2457153.76169	16.917	0.012
2457154.8777400004	16.942999999999998	0.013000000000000001
2457156.62446	16.957	0.015
2457157.88905	16.944000000000003	0.015
2457159.62615	16.934	0.013000000000000001
2457160.69261	16.92	0.015
2457161.78527	16.925	0.012
2457162.8331299997	16.93	0.013000000000000001
2457163.88526	16.94	0.015
2457166.66214	16.949	0.015
2457169.6348200003	16.944000000000003	0.013000000000000001
2457170.66631	16.934	0.013000000000000001
2457172.71312	16.936	0.013000000000000001
2457173.7546900003	16.945	0.016
2457174.74381	16.928	0.013000000000000001
2457176.92078	16.930999999999997	0.018000000000000002
2457178.72952	16.928	0.016
2457179.71041	16.986	0.018000000000000002
2457180.70574	16.936	0.015
2457181.72816	16.968	0.016
2457182.75066	16.939	0.018000000000000002
2457183.7549799997	16.938	0.015
2457184.79007	16.936	0.016
2457185.79701	16.948	0.015
2457187.5695	16.972	0.016
2457188.58318	16.941	0.018000000000000002
2457189.68181	16.929000000000002	0.013000000000000001
2457190.7461	16.929000000000002	0.013000000000000001
2457193.70549	16.924	0.012
2457193.75192	16.924	0.012
2457194.7785799997	16.965999999999998	0.013000000000000001
2457197.86691	16.965	0.019
2457198.89727	16.939	0.02
2457199.8916700003	16.922	0.016
2457202.71328	16.945	0.019
2457206.7516799998	16.959	0.018000000000000002
2457207.7688599997	16.941	0.019
2457211.50781	16.947	0.02
2457212.57698	16.928	0.01
2457217.71587	16.963	0.015
2457220.5310400003	16.938	0.016
2457221.5619099997	16.938	0.016
2457222.63277	16.982	0.013000000000000001
2457223.76656	16.930999999999997	0.018000000000000002
2457225.51572	16.928	0.016
2457226.76071	16.945999999999998	0.016
2457227.7724900004	16.951	0.016
2457229.5024	16.935	0.015
2457235.7643	16.938	0.023
2457249.6527400003	16.935	0.015
2457253.47859	16.951	0.016
2457256.49859	16.929000000000002	0.016
2457258.64782	16.921	0.016
2457263.593	16.945	0.015
2457265.5477400003	16.938	0.013000000000000001
2457268.53874	16.932000000000002	0.012
2457270.5278	16.941	0.013000000000000001
2457273.53774	16.945999999999998	0.019
2457277.58317	16.972	0.016
2457283.58095	16.961	0.019
2457291.5484700003	16.969	0.025
2457292.58091	16.955	0.022000000000000002
2457293.53827	16.953	0.016
2457294.5520200003	16.965999999999998	0.02
2457295.53225	16.937	0.016
2457296.58872	16.92	0.02
2457299.56164	16.953	0.015
2457301.49824	16.962	0.019
2457311.50759	16.954	0.013000000000000001
2457312.52863	16.967	0.019
2457317.52855	16.962	0.02
2457322.50658	16.956	0.023
2457325.49985	16.935	0.019
2457329.5233400003	16.928	0.02
2457334.50614	17.018	0.028999999999999998
2457439.8405	16.903	0.019
2457442.82651	16.899	0.018000000000000002
2457446.81478	16.95	0.015
2457448.82663	16.91	0.013000000000000001
2457451.9073900003	16.927	0.018000000000000002
2457454.86483	16.927	0.013000000000000001
2457456.8838	16.921	0.015
2457458.90247	16.93	0.013000000000000001
2457462.7708	16.961	0.015
2457464.84638	16.932000000000002	0.013000000000000001
2457467.8215400004	16.913	0.015
2457470.90693	16.924	0.013000000000000001
2457472.8153	16.902	0.015
2457474.82856	16.926	0.015
2457475.87365	16.930999999999997	0.016
2457476.78033	16.93	0.015
2457480.78229	16.913	0.02
2457485.73533	16.94	0.018000000000000002
2457486.85268	16.914	0.015
2457488.74816	16.921	0.013000000000000001
2457491.76026	16.904	0.016
2457492.7944099996	16.89	0.012
2457493.7819	16.885	0.012
2457494.7781	16.891	0.012
2457495.74884	16.894000000000002	0.015
2457497.89486	16.863	0.013000000000000001
2457498.9123	16.877	0.015
2457499.85596	16.886	0.015
2457500.79647	16.873	0.016
2457507.84613	16.843	0.012
2457508.8962	16.838	0.012
2457511.74259	16.813	0.01
2457523.89775	16.803	0.013000000000000001
2457526.91195	16.831	0.015
2457530.72724	16.837	0.016
2457530.78633	16.798	0.015
2457534.90477	16.838	0.016
2457536.9144599997	16.872	0.015
2457546.76638	16.887	0.013000000000000001
2457547.69649	16.901	0.015
2457549.93502	16.912	0.018000000000000002
2457550.9174900004	16.912	0.018000000000000002
2457555.66126	16.889	0.013000000000000001
2457557.60135	16.906	0.018000000000000002
2457561.76164	16.921	0.015
2457566.618	16.957	0.019
2457567.5515400004	16.949	0.018000000000000002
2457567.8714799997	16.92	0.016
2457569.563	16.947	0.015
2457570.72718	16.918	0.013000000000000001
2457575.71892	16.94	0.013000000000000001
2457576.7284	16.922	0.013000000000000001
2457581.71387	16.927	0.012
2457584.64836	16.973	0.016
2457589.64986	16.963	0.016
2457590.66224	16.956	0.013000000000000001
2457593.6427700003	16.945	0.013000000000000001
2457599.47682	16.875	0.02
2457600.68279	16.942	0.016
2457602.70709	16.94	0.015
2457603.7499599997	16.94	0.013000000000000001
2457604.75545	16.952	0.013000000000000001
2457606.66494	16.945	0.016
2457608.47903	16.928	0.016
2457609.6202599998	16.951	0.013000000000000001
2457611.52889	16.976	0.016
2457612.71803	16.947	0.015
2457617.57903	16.935	0.019
2457618.69998	16.938	0.018000000000000002
2457622.54623	16.969	0.013000000000000001
2457623.70576	16.95	0.016
2457625.65881	16.961	0.015
2457630.6699599996	16.965	0.015
2457633.55518	16.961	0.019
2457636.5684700003	16.948	0.016
2457638.64981	16.962	0.012
2457645.5008	16.96	0.02
2457649.5578799997	16.945	0.013000000000000001
2457652.5276099998	16.961	0.013000000000000001
2457658.49188	16.955	0.016
2457660.57336	16.959	0.018000000000000002
2457671.52262	16.985	0.023
2457675.52541	16.948	0.018000000000000002
2457681.5199700003	16.937	0.015
2457796.8851900003	16.952	0.018000000000000002
2457798.8919900004	16.942	0.023
2457800.88333	16.932000000000002	0.015
2457802.87538	16.934	0.02
2457807.89072	16.945	0.015
2457809.85591	16.948	0.018000000000000002
2457810.85186	16.929000000000002	0.013000000000000001
2457811.87107	16.923	0.015
2457812.90197	16.951	0.016
2457814.8718	16.963	0.015
2457815.89979	16.953	0.015
2457816.88995	16.947	0.015
2457817.88652	16.93	0.013000000000000001
2457818.8726	16.941	0.013000000000000001
2457819.85238	16.948	0.015
2457820.86182	16.961	0.015
2457821.8598	16.937	0.016
2457822.8554700003	16.936	0.016
2457823.84081	16.933	0.016
2457824.8368	16.945999999999998	0.018000000000000002
2457825.82848	16.947	0.016
2457826.78691	16.964000000000002	0.02
2457826.87665	16.937	0.018000000000000002
2457827.85187	16.94	0.016
2457828.8212099997	16.926	0.015
2457828.9105	16.95	0.015
2457830.81507	16.944000000000003	0.022000000000000002
2457830.89765	16.942999999999998	0.015
2457834.82234	16.937	0.015
2457836.85382	16.935	0.016
2457838.8432	16.936	0.015
2457840.85158	16.926	0.013000000000000001
2457842.81617	16.91	0.015
2457844.76775	16.94	0.013000000000000001
2457845.90619	16.94	0.013000000000000001
2457847.85988	16.945999999999998	0.015
2457849.7848099996	16.944000000000003	0.013000000000000001
2457850.91778	16.953	0.016
2457853.8865	16.953	0.019
2457855.76702	16.942	0.015
2457856.90073	16.961	0.023
2457858.92562	16.948	0.015
2457863.86442	16.945999999999998	0.013000000000000001
2457864.83482	16.926	0.013000000000000001
2457866.68847	16.930999999999997	0.013000000000000001
2457867.81003	16.926	0.012
2457869.74771	16.94	0.013000000000000001
2457870.89007	16.919	0.013000000000000001
2457872.77331	16.94	0.012
2457873.90394	16.948	0.013000000000000001
2457875.81706	16.939	0.012
2457876.89452	16.942	0.015
2457878.7565200003	16.95	0.013000000000000001
2457879.86776	16.913	0.02
2457881.82359	16.933	0.016
2457883.80842	16.94	0.022000000000000002
2457893.7081299997	16.95	0.018000000000000002
2457894.71682	16.934	0.013000000000000001
2457897.65663	16.947	0.016
2457902.58633	16.908	0.018000000000000002
2457903.75745	16.934	0.018000000000000002
2457904.74228	16.93	0.012
2457905.71035	16.939	0.013000000000000001
2457906.66632	16.942999999999998	0.013000000000000001
2457907.7008599997	16.954	0.015
2457908.7813	16.933	0.016
2457909.70244	16.924	0.015
2457910.59944	16.939	0.018000000000000002
2457910.94353	16.915	0.015
2457916.55652	16.961	0.023
2457916.85585	16.96	0.022000000000000002
2457917.8506099996	16.941	0.018000000000000002
2457922.60501	16.932000000000002	0.016
2457923.75698	16.927	0.018000000000000002
2457924.71465	16.905	0.013000000000000001
2457925.74791	16.930999999999997	0.015
2457926.7985799997	16.938	0.016
2457932.78959	16.964000000000002	0.016
2457933.77943	16.922	0.018000000000000002
2457934.7818299998	16.933	0.015
2457935.79345	16.93	0.013000000000000001
2457936.8012	16.933	0.013000000000000001
2457937.77621	16.923	0.016
2457944.56777	16.935	0.016
2457945.4821200003	16.923	0.02
2457945.80313	16.938	0.016
2457946.76495	16.949	0.016
2457947.81715	16.94	0.02
2457948.8237400004	16.954	0.018000000000000002
2457952.76922	16.908	0.016
2457953.7858599997	16.928	0.015
2457955.74382	16.955	0.012
2457956.7886099997	16.948	0.016
2457958.7209900003	16.952	0.018000000000000002
2457959.75203	16.95	0.013000000000000001
2457962.54666	16.953	0.013000000000000001
2457965.63363	16.937	0.015
2457966.69924	16.959	0.016
2457971.62239	16.942999999999998	0.016
2457972.63852	16.958	0.02
2457974.533	16.956	0.015
2457979.52885	16.945	0.013000000000000001
2457981.4807700003	16.976	0.02
2457982.65501	16.955	0.015
2457984.6093099997	16.939	0.015
2457986.6502	16.947	0.013000000000000001
2457990.62842	16.934	0.016
2457992.603	16.942	0.015
2457994.57498	16.937	0.015
2458000.52713	16.939	0.019
2458002.54849	16.932000000000002	0.028999999999999998
2458007.53355	16.951	0.016
2458012.52734	16.949	0.013000000000000001
2458015.53925	16.913	0.018000000000000002
2458019.50489	16.954	0.013000000000000001
2458026.54648	16.958	0.019
2458039.5193	16.949	0.019
2458041.49405	16.95	0.019
2458048.51837	16.977999999999998	0.016
2458055.51523	16.905	0.016
