2455377.56727	16.891	0.015
2455377.80356	16.899	0.015
2455378.7274700003	16.872	0.011000000000000001
2455379.52085	16.863	0.013999999999999999
2455379.83402	16.869	0.015
2455380.53237	16.865	0.012
2455380.72662	16.878	0.012
2455381.57798	16.881	0.018000000000000002
2455381.80088	16.889	0.015
2455382.67042	16.867	0.015
2455386.52868	16.885	0.012
2455387.57817	16.868	0.011000000000000001
2455388.4961099997	16.881	0.015
2455388.83714	16.866	0.013999999999999999
2455389.78583	16.895	0.013999999999999999
2455390.72382	16.871	0.012
2455391.5713299997	16.891	0.015
2455392.50888	16.865	0.013999999999999999
2455392.83863	16.884	0.015
2455396.79827	16.875999999999998	0.013999999999999999
2455403.54644	16.874000000000002	0.013999999999999999
2455404.6133	16.88	0.015
2455405.63264	16.897000000000002	0.017
2455407.4871400003	16.892	0.015
2455408.60965	16.871	0.013999999999999999
2455411.4911599997	16.878	0.012
2455412.54179	16.871	0.013999999999999999
2455414.50163	16.88	0.012
2455416.6754099997	16.89	0.013999999999999999
2455423.58852	16.885	0.012
2455426.64777	16.887	0.018000000000000002
2455430.64202	16.877	0.017
2455431.6392599996	16.872	0.017
2455432.65641	16.88	0.018000000000000002
2455434.61186	16.878	0.013999999999999999
2455435.60575	16.89	0.013999999999999999
2455436.7069900003	16.882	0.013999999999999999
2455438.6689	16.875999999999998	0.012
2455439.68101	16.887999999999998	0.015
2455446.6050400003	16.88	0.013999999999999999
2455447.63967	16.878	0.012
2455450.63582	16.882	0.013999999999999999
2455453.66097	16.861	0.013999999999999999
2455460.56722	16.883	0.018000000000000002
2455461.59558	16.871	0.015
2455463.5192	16.88	0.013999999999999999
2455473.57259	16.873	0.013999999999999999
2455478.54779	16.864	0.013999999999999999
2455621.87155	16.88	0.012
2455624.9049	16.887	0.017
2455625.84437	16.914	0.015
2455627.85165	16.882	0.012
2455628.88788	16.875999999999998	0.011000000000000001
2455630.85295	16.903	0.017
2455632.84301	16.887	0.013999999999999999
2455634.82541	16.875999999999998	0.017
2455635.8909299998	16.877	0.012
2455638.80262	16.875999999999998	0.015
2455639.8472	16.87	0.013999999999999999
2455641.78755	16.877	0.015
2455643.80114	16.87	0.015
2455648.83062	16.875999999999998	0.011000000000000001
2455650.75049	16.868	0.012
2455651.91714	16.863	0.013999999999999999
2455654.84565	16.883	0.012
2455656.81954	16.867	0.011000000000000001
2455658.8042599997	16.883	0.013999999999999999
2455659.8648	16.879	0.012
2455662.77235	16.875999999999998	0.013999999999999999
2455664.86548	16.883	0.013999999999999999
2455667.81488	16.879	0.012
2455669.906	16.887999999999998	0.013999999999999999
2455675.86038	16.902	0.012
2455677.80625	16.883	0.012
2455680.71272	16.89	0.015
2455681.89025	16.881	0.012
2455685.84863	16.872	0.011000000000000001
2455687.75536	16.873	0.012
2455690.76905	16.886	0.012
2455692.66768	16.859	0.013999999999999999
2455693.7939400002	16.871	0.011000000000000001
2455696.66261	16.859	0.013999999999999999
2455697.7648400003	16.877	0.012
2455698.84534	16.863	0.013999999999999999
2455705.90526	16.873	0.015
2455707.8056400004	16.871	0.012
2455712.9226900004	16.875999999999998	0.017
2455721.5984900002	16.86	0.015
2455721.61099	16.882	0.013999999999999999
2455721.62341	16.881	0.012
2455722.80802	16.886	0.012
2455724.58765	16.859	0.015
2455724.6019	16.881	0.015
2455724.61445	16.885	0.015
2455726.55728	16.89	0.018000000000000002
2455735.73457	16.863	0.012
2455736.8217599997	16.875999999999998	0.011000000000000001
2455737.8697599997	16.885	0.012
2455739.7057	16.868	0.012
2455742.83543	16.873	0.011000000000000001
2455744.55348	16.884	0.015
2455745.63031	16.873	0.013999999999999999
2455746.81207	16.877	0.015
2455749.56818	16.877	0.013999999999999999
2455752.72566	16.895	0.013999999999999999
2455761.50997	16.819000000000003	0.008
2455762.63521	16.871	0.015
2455765.55657	16.909000000000002	0.012
2455766.69829	16.897000000000002	0.012
2455768.51728	16.902	0.012
2455769.66599	16.893	0.011000000000000001
2455776.69205	16.87	0.013999999999999999
2455785.67259	16.865	0.018000000000000002
2455795.72752	16.872	0.013999999999999999
2455983.88488	16.89	0.011000000000000001
2455986.87256	16.864	0.012
2455989.86154	16.858	0.015
2455992.81904	16.869	0.017
2455994.8714400004	16.883	0.013999999999999999
2455996.87629	16.89	0.011000000000000001
2455998.88945	16.9	0.012
2456004.7889	16.884	0.013999999999999999
2456006.77716	16.885	0.012
2456007.9045599997	16.863	0.011000000000000001
2456011.75701	16.898	0.015
2456012.89785	16.867	0.009000000000000001
2456014.8100799997	16.884	0.011000000000000001
2456015.91811	16.878	0.013999999999999999
2456017.82172	16.906	0.011000000000000001
2456019.73723	16.887	0.013999999999999999
2456020.81273	16.884	0.011000000000000001
2456021.85585	16.887	0.011000000000000001
2456022.93004	16.9	0.022000000000000002
2456023.7913900004	16.874000000000002	0.012
2456023.8325	16.89	0.012
2456023.8592	16.885	0.011000000000000001
2456023.9249400003	16.886	0.017
2456025.7588	16.868	0.013999999999999999
2456031.91518	16.866	0.015
2456033.88478	16.866	0.011000000000000001
2456036.85047	16.892	0.009000000000000001
2456038.8771	16.873	0.011000000000000001
2456039.78357	16.899	0.013999999999999999
2456039.8879299997	16.897000000000002	0.012
2456041.7133400002	16.854	0.013999999999999999
2456049.82202	16.872	0.009000000000000001
2456051.73204	16.904	0.013999999999999999
2456053.72766	16.883	0.013999999999999999
2456058.74694	16.9	0.012
2456059.73811	16.875	0.015
2456063.83342	16.894000000000002	0.015
2456065.7019599997	16.878	0.011000000000000001
2456068.63375	16.895	0.013999999999999999
2456069.81445	16.887999999999998	0.011000000000000001
2456076.69222	16.885	0.011000000000000001
2456077.9175	16.865	0.011000000000000001
2456079.61563	16.873	0.012
2456080.66228	16.893	0.012
2456082.6134900004	16.868	0.021
2456082.818	16.855999999999998	0.018000000000000002
2456086.91649	16.897000000000002	0.018000000000000002
2456089.68355	16.881	0.011000000000000001
2456094.71923	16.887999999999998	0.012
2456096.84571	16.898	0.015
2456098.65082	16.899	0.012
2456100.60208	16.881	0.013999999999999999
2456101.6293900004	16.874000000000002	0.011000000000000001
2456102.69213	16.89	0.012
2456103.71255	16.889	0.012
2456106.6543400004	16.871	0.015
2456109.57911	16.973	0.031
2456115.56297	16.885	0.015
2456116.70097	16.879	0.012
2456126.60802	16.882	0.012
2456128.6192	16.896	0.011000000000000001
2456140.48401	16.914	0.03
2456159.70387	16.883	0.013999999999999999
2456211.56464	16.887999999999998	0.012
2456214.5175900003	16.886	0.013999999999999999
2456219.5192	16.883	0.012
2456347.88571	16.885	0.011000000000000001
2456351.84094	16.852	0.015
2456354.8930599997	16.885	0.012
2456362.87158	16.898	0.011000000000000001
2456368.8105900004	16.873	0.011000000000000001
2456370.83371	16.897000000000002	0.011000000000000001
2456373.79415	16.894000000000002	0.013999999999999999
2456374.91763	16.885	0.013999999999999999
2456376.8766799998	16.869	0.011000000000000001
2456378.82853	16.886	0.011000000000000001
2456380.76723	16.899	0.012
2456381.9030400002	16.884	0.009000000000000001
2456386.84637	16.875	0.012
2456389.84465	16.877	0.011000000000000001
2456394.72365	16.875	0.017
2456397.91506	16.892	0.011000000000000001
2456399.84831	16.908	0.012
2456401.8776	16.881	0.011000000000000001
2456403.7891700002	16.9	0.009000000000000001
2456405.90582	16.896	0.009000000000000001
2456417.75586	16.893	0.011000000000000001
2456418.86688	16.875999999999998	0.011000000000000001
2456420.7061900003	16.904	0.011000000000000001
2456422.76466	16.881	0.011000000000000001
2456424.68463	16.887	0.012
2456431.67305	16.924	0.013999999999999999
2456434.61854	16.887999999999998	0.017
2456435.74167	16.868	0.011000000000000001
2456445.63188	16.904	0.012
2456446.57901	16.869	0.011000000000000001
2456447.62333	16.887999999999998	0.011000000000000001
2456448.65355	16.902	0.012
2456454.55601	16.896	0.013999999999999999
2456463.5413900004	16.902	0.018000000000000002
2456477.55114	16.875	0.012
2456487.4890799997	16.87	0.011000000000000001
2456492.55192	16.896	0.013999999999999999
2456570.5313	16.873	0.012
2456704.88911	16.885	0.013999999999999999
2456709.8681900003	16.879	0.012
2456715.85305	16.887999999999998	0.011000000000000001
2456717.90441	16.907	0.019
2456720.87261	16.883	0.011000000000000001
2456722.89652	16.912	0.011000000000000001
2456725.79899	16.873	0.017
2456728.90881	16.899	0.013999999999999999
2456730.8845599997	16.934	0.013999999999999999
2456733.79665	16.899	0.013999999999999999
2456734.8902	16.893	0.011000000000000001
2456736.83096	16.852999999999998	0.013999999999999999
2456742.87511	16.872	0.009000000000000001
2456745.7908099997	16.893	0.011000000000000001
2456747.81697	16.885	0.012
2456749.78757	16.887	0.011000000000000001
2456751.87523	16.88	0.009000000000000001
2456759.7277900004	16.882	0.011000000000000001
2456764.83483	16.901	0.011000000000000001
2456768.77574	16.898	0.011000000000000001
2456773.68667	16.907	0.017
2456774.82373	16.924	0.013999999999999999
2456776.783	16.909000000000002	0.011000000000000001
2456784.739	16.899	0.012
2456785.71965	16.895	0.011000000000000001
2456786.7285599997	16.884	0.011000000000000001
2456789.66785	16.883	0.015
2456790.74204	16.887999999999998	0.012
2456791.80271	16.884	0.013999999999999999
2456798.82376	16.873	0.018000000000000002
2456805.9183900002	16.9	0.017
2456807.9032400004	16.867	0.015
2456808.92374	16.874000000000002	0.013999999999999999
2456810.60268	16.892	0.015
2456811.61644	16.9	0.013999999999999999
2456813.7252700003	16.879	0.012
2456814.83043	16.892	0.012
2456817.63863	16.909000000000002	0.013999999999999999
2456824.77041	16.873	0.013999999999999999
2456825.78276	16.891	0.013999999999999999
2456827.86197	16.885	0.012
2456828.89862	16.883	0.015
2456829.8790599997	16.88	0.013999999999999999
2456831.63331	16.885	0.011000000000000001
2456832.68927	16.901	0.012
2456840.5345099997	16.864	0.017
2456841.63607	16.884	0.012
2456851.6506	16.898	0.013999999999999999
2456858.5178	16.883	0.012
2456863.5492	16.886	0.011000000000000001
2456864.64799	16.89	0.012
2456870.74275	16.875999999999998	0.015
2456889.6717	16.883	0.012
2456936.539	16.884	0.015
2456951.53648	16.872	0.015
2456954.53828	16.887	0.017
2457084.88185	16.883	0.012
2457087.83293	16.896	0.017
2457089.8696	16.877	0.013999999999999999
2457091.89395	16.886	0.012
2457097.81739	16.899	0.011000000000000001
2457099.80826	16.892	0.012
2457101.8314400003	16.912	0.017
2457109.83892	16.883	0.012
2457111.79388	16.885	0.011000000000000001
2457114.79425	16.904	0.013999999999999999
2457116.78795	16.88	0.015
2457118.79428	16.9	0.012
2457120.79188	16.885	0.012
2457126.70224	16.897000000000002	0.012
2457129.8919599997	16.879	0.011000000000000001
2457131.77822	16.896	0.011000000000000001
2457133.90257	16.878	0.012
2457135.75802	16.891	0.011000000000000001
2457136.90364	16.887	0.012
2457138.72989	16.895	0.012
2457141.71867	16.883	0.011000000000000001
2457142.856	16.9	0.012
2457144.6628799997	16.875	0.018000000000000002
2457153.80542	16.875	0.011000000000000001
2457154.9210099997	16.895	0.011000000000000001
2457156.66354	16.885	0.011000000000000001
2457157.93342	16.898	0.013999999999999999
2457159.6697299997	16.882	0.011000000000000001
2457160.73587	16.886	0.011000000000000001
2457161.82995	16.887	0.011000000000000001
2457162.87626	16.89	0.011000000000000001
2457163.92894	16.884	0.013999999999999999
2457166.72995	16.879	0.011000000000000001
2457169.6940900004	16.891	0.011000000000000001
2457170.72549	16.903	0.012
2457172.79391	16.882	0.012
2457173.82687	16.892	0.013999999999999999
2457174.81167	16.908	0.015
2457175.8782200003	16.91	0.018000000000000002
2457178.83623	16.913	0.017
2457179.77345	16.910999999999998	0.013999999999999999
2457180.7757099997	16.887999999999998	0.012
2457182.80939	16.906	0.012
2457183.81294	16.889	0.013999999999999999
2457184.8515	16.894000000000002	0.012
2457185.85525	16.895	0.015
2457187.62799	16.9	0.013999999999999999
2457188.64089	16.87	0.017
2457189.74537	16.893	0.012
2457198.55607	16.88	0.012
2457199.5613700002	16.877	0.013999999999999999
2457200.54531	16.869	0.012
2457206.81101	16.872	0.017
2457207.85311	16.881	0.018000000000000002
2457211.56523	16.885	0.012
2457214.53199	16.891	0.017
2457222.72486	16.897000000000002	0.013999999999999999
2457225.57383	16.885	0.011000000000000001
2457229.56033	16.901	0.011000000000000001
2457236.51442	16.889	0.015
2457249.70481	16.901	0.013999999999999999
2457263.65265	16.892	0.013999999999999999
2457268.6268599997	16.882	0.011000000000000001
2457277.64296	16.886	0.015
2457442.86312	16.772000000000002	0.013999999999999999
2457443.88245	16.764	0.012
2457452.83494	16.688	0.011000000000000001
2457454.9089900004	16.632	0.015
2457465.78829	16.344	0.009000000000000001
2457471.78864	16.033	0.009000000000000001
2457475.9117900003	15.645	0.006
2457476.81054	15.527999999999999	0.006
2457480.8585099997	15.17	0.005
2457485.7756	15.606	0.006
2457486.89374	15.734000000000002	0.006
2457488.77815	15.911	0.006
2457491.79012	16.145	0.008
2457492.83044	16.201	0.008
2457494.8051	16.31	0.008
2457495.77541	16.367	0.009000000000000001
2457499.88381	16.517	0.009000000000000001
2457500.8232400003	16.532	0.011000000000000001
2457511.77218	16.719	0.009000000000000001
2457516.69724	16.778	0.013999999999999999
2457528.79211	16.823	0.015
2457536.61394	16.854	0.015
2457545.75343	16.869	0.012
2457547.75878	16.887999999999998	0.011000000000000001
2457549.61555	16.878	0.012
2457550.6096	16.877	0.012
2457555.6934700003	16.884	0.011000000000000001
2457557.63124	16.87	0.015
2457566.66926	16.873	0.012
2457569.6043	16.909000000000002	0.013999999999999999
2457575.63093	16.906	0.012
2457584.6230599997	16.881	0.015
2457604.61767	16.918	0.012
2457817.8289900003	16.869	0.013999999999999999
2457819.8552099997	16.905	0.012
2457824.86938	16.891	0.017
2457826.87945	16.907	0.013999999999999999
2457828.89695	16.895	0.012
2457834.8531	16.908	0.018000000000000002
2457838.8747799997	16.893	0.013999999999999999
2457840.8818	16.894000000000002	0.012
2457847.88912	16.877	0.012
2457849.81501	16.89	0.011000000000000001
2457851.7371900002	16.897000000000002	0.017
2457853.9073799998	16.863	0.015
2457862.70506	16.908	0.015
2457863.90909	16.907	0.012
2457864.8700099997	16.881	0.011000000000000001
2457866.71945	16.883	0.012
2457867.85317	16.883	0.011000000000000001
2457869.77837	16.885	0.011000000000000001
2457872.8250599997	16.877	0.011000000000000001
2457875.8464200003	16.894000000000002	0.011000000000000001
2457876.9355200003	16.893	0.013999999999999999
2457878.7984599997	16.889	0.011000000000000001
2457880.66693	16.891	0.017
2457881.8566799997	16.883	0.015
2457893.73928	16.878	0.013999999999999999
2457894.7568599996	16.885	0.012
2457897.68688	16.885	0.013999999999999999
2457902.61332	16.886	0.017
2457906.70597	16.895	0.012
2457908.81291	16.885	0.012
2457909.73446	16.884	0.011000000000000001
2457910.63003	16.889	0.015
2457937.8077700003	16.875	0.013999999999999999
2457945.50205	16.875999999999998	0.017
2457948.4837	16.864	0.015
2457962.57992	16.882	0.011000000000000001
2457974.56701	16.904	0.013999999999999999
2457981.52165	16.905	0.015
2457983.50265	16.891	0.013999999999999999
2458057.5176	16.86	0.022000000000000002
