2455377.52392	16.746	0.02
2455377.7623099997	16.761	0.013999999999999999
2455378.67056	16.76	0.012
2455379.49406	16.785999999999998	0.017
2455379.79771	16.738	0.015
2455380.5054900004	16.766	0.017
2455380.68903	16.759	0.012
2455381.54189	16.754	0.017
2455381.7554099998	16.766	0.018000000000000002
2455382.63044	16.754	0.018000000000000002
2455382.8382900003	16.739	0.021
2455386.54328	16.750999999999998	0.012
2455386.62481	16.754	0.012
2455387.4742	16.761	0.013999999999999999
2455389.7269	16.768	0.015
2455390.67562	16.754	0.018000000000000002
2455391.5354299997	16.749000000000002	0.02
2455392.47253	16.735	0.018000000000000002
2455392.8025700003	16.754	0.013999999999999999
2455393.7790099997	16.77	0.017
2455396.7269099997	16.759	0.015
2455396.76167	16.754	0.012
2455403.51064	16.767	0.013999999999999999
2455403.70349	16.765	0.013999999999999999
2455404.5742	16.762	0.015
2455404.77923	16.757	0.015
2455405.7867799997	16.755	0.013999999999999999
2455407.64338	16.771	0.018000000000000002
2455408.57107	16.749000000000002	0.017
2455408.76377	16.756	0.017
2455409.76598	16.747	0.015
2455410.7702599997	16.755	0.015
2455411.78138	16.759	0.017
2455412.7039900003	16.758	0.02
2455413.77484	16.769000000000002	0.015
2455416.6200900003	16.752	0.017
2455418.68732	16.744	0.013999999999999999
2455421.70071	16.758	0.013999999999999999
2455423.51824	16.755	0.012
2455426.5443599997	16.754	0.015
2455430.61509	16.769000000000002	0.017
2455431.61255	16.771	0.015
2455432.62812	16.776	0.02
2455434.58057	16.774	0.015
2455435.54996	16.759	0.015
2455436.6496	16.756	0.013999999999999999
2455438.64172	16.761	0.013999999999999999
2455439.6463099997	16.765	0.017
2455443.66488	16.754	0.013999999999999999
2455445.4815599998	16.76	0.013999999999999999
2455446.5776	16.769000000000002	0.015
2455447.6112	16.766	0.012
2455449.51803	16.737000000000002	0.015
2455450.60697	16.743	0.017
2455453.54658	16.749000000000002	0.018000000000000002
2455457.61847	16.762	0.013999999999999999
2455459.51026	16.746	0.015
2455460.5298200003	16.754	0.015
2455461.55637	16.73	0.021
2455462.6127299997	16.735	0.017
2455465.55923	16.748	0.023
2455469.5537799997	16.754	0.012
2455471.58905	16.756	0.013999999999999999
2455473.51918	16.758	0.017
2455478.51272	16.757	0.015
2455480.5612	16.779	0.015
2455485.55362	16.74	0.017
2455487.5466400003	16.735	0.017
2455489.54951	16.736	0.02
2455494.51757	16.755	0.021
2455497.54122	16.76	0.017
2455620.87761	16.781	0.017
2455621.8999	16.766	0.013999999999999999
2455624.89109	16.755	0.012
2455626.8623	16.762	0.013999999999999999
2455628.82173	16.784000000000002	0.013999999999999999
2455629.84838	16.768	0.013999999999999999
2455631.8776700003	16.762	0.012
2455633.83165	16.765	0.012
2455635.86454	16.769000000000002	0.015
2455637.90728	16.761	0.017
2455638.86534	16.777	0.013999999999999999
2455639.81887	16.777	0.015
2455639.89448	16.765	0.013999999999999999
2455640.81567	16.752	0.017
2455640.90365	16.748	0.013999999999999999
2455641.81188	16.748	0.015
2455642.77228	16.750999999999998	0.018000000000000002
2455642.89303	16.757	0.013999999999999999
2455643.79819	16.741	0.015
2455643.8988900003	16.771	0.012
2455644.80448	16.757	0.017
2455647.75607	16.762	0.015
2455647.7929	16.752	0.013999999999999999
2455647.82912	16.753	0.015
2455647.8613400003	16.757	0.013999999999999999
2455647.91273	16.739	0.018000000000000002
2455648.8122400003	16.766	0.012
2455648.89948	16.756	0.013999999999999999
2455649.7947	16.769000000000002	0.012
2455649.90064	16.748	0.012
2455650.78662	16.772000000000002	0.012
2455650.8982599997	16.757	0.013999999999999999
2455651.8108900003	16.762999999999998	0.012
2455652.74834	16.754	0.012
2455652.85208	16.741	0.012
2455653.9073400004	16.77	0.011000000000000001
2455654.82992	16.745	0.012
2455655.7435	16.761	0.013999999999999999
2455655.82053	16.755	0.012
2455656.7708400004	16.738	0.012
2455656.8565599998	16.753	0.011000000000000001
2455657.81777	16.749000000000002	0.011000000000000001
2455657.9079400003	16.762	0.011000000000000001
2455658.8141099997	16.765	0.013999999999999999
2455658.91253	16.753	0.013999999999999999
2455659.7653900003	16.771	0.012
2455659.84365	16.755	0.013999999999999999
2455660.72994	16.757	0.013999999999999999
2455660.82063	16.766	0.012
2455662.729	16.756	0.017
2455662.83112	16.75	0.013999999999999999
2455662.91125	16.738	0.012
2455664.77511	16.755	0.013999999999999999
2455664.87562	16.785	0.017
2455665.75614	16.758	0.015
2455665.86607	16.761	0.013999999999999999
2455667.77476	16.767	0.013999999999999999
2455668.76428	16.734	0.017
2455669.77703	16.776	0.013999999999999999
2455670.75158	16.75	0.015
2455671.73348	16.762999999999998	0.015
2455675.8132	16.778	0.015
2455676.73965	16.766	0.009000000000000001
2455676.9287900003	16.745	0.012
2455677.88056	16.748	0.012
2455679.79244	16.743	0.013999999999999999
2455680.68599	16.766	0.015
2455680.8692799998	16.748	0.012
2455681.7539	16.76	0.012
2455682.66374	16.752	0.015
2455682.88441	16.747	0.012
2455683.81802	16.764	0.011000000000000001
2455684.7322299997	16.77	0.012
2455684.93309	16.767	0.015
2455685.90395	16.755	0.011000000000000001
2455686.81506	16.762	0.011000000000000001
2455687.70221	16.753	0.015
2455688.87159	16.77	0.009000000000000001
2455689.8168599997	16.749000000000002	0.011000000000000001
2455690.8092	16.749000000000002	0.013999999999999999
2455691.74767	16.76	0.013999999999999999
2455692.64058	16.766	0.02
2455692.82221	16.754	0.013999999999999999
2455693.64912	16.762999999999998	0.013999999999999999
2455693.84431	16.757	0.012
2455694.6612	16.76	0.013999999999999999
2455694.85237	16.750999999999998	0.012
2455695.6837400002	16.738	0.015
2455695.8919900004	16.747	0.012
2455696.7179799997	16.741	0.012
2455697.72434	16.756	0.013999999999999999
2455697.88893	16.752	0.012
2455698.72275	16.761	0.017
2455698.88359	16.759	0.015
2455703.84997	16.764	0.018000000000000002
2455705.8738	16.73	0.015
2455706.8087	16.747	0.017
2455707.69906	16.752	0.013999999999999999
2455707.8563900003	16.729	0.013999999999999999
2455708.68065	16.757	0.013999999999999999
2455708.8656599997	16.749000000000002	0.017
2455710.788	16.741	0.012
2455712.7653799998	16.752	0.012
2455713.77415	16.76	0.011000000000000001
2455714.69187	16.749000000000002	0.011000000000000001
2455715.7153	16.75	0.012
2455715.90503	16.749000000000002	0.013999999999999999
2455716.78912	16.749000000000002	0.013999999999999999
2455721.63436	16.749000000000002	0.012
2455721.8722099997	16.762	0.013999999999999999
2455722.70127	16.756	0.012
2455723.58722	16.737000000000002	0.013999999999999999
2455723.76487	16.756	0.012
2455724.58615	16.741	0.017
2455724.6003799997	16.755	0.017
2455724.61296	16.734	0.017
2455724.81593	16.762	0.013999999999999999
2455725.74052	16.736	0.012
2455726.63998	16.759	0.015
2455726.81274	16.769000000000002	0.015
2455734.79714	16.748	0.013999999999999999
2455735.63986	16.73	0.017
2455735.6570200003	16.74	0.015
2455735.67153	16.755	0.017
2455735.686	16.766	0.015
2455735.70329	16.769000000000002	0.015
2455735.72537	16.768	0.013999999999999999
2455735.74576	16.747	0.012
2455735.76478	16.762999999999998	0.012
2455735.78298	16.77	0.013999999999999999
2455735.79763	16.764	0.013999999999999999
2455735.8125400003	16.758	0.012
2455735.82915	16.761	0.013999999999999999
2455735.84446	16.746	0.015
2455735.85934	16.74	0.013999999999999999
2455735.8741	16.748	0.017
2455735.88895	16.757	0.017
2455736.61246	16.761	0.011000000000000001
2455736.62671	16.755	0.011000000000000001
2455736.64183	16.762	0.012
2455736.66093	16.76	0.011000000000000001
2455736.6821	16.779	0.011000000000000001
2455736.6977	16.748	0.011000000000000001
2455736.70584	16.742	0.011000000000000001
2455736.71883	16.749000000000002	0.011000000000000001
2455736.72816	16.759	0.011000000000000001
2455736.7371900002	16.773	0.011000000000000001
2455736.7456900002	16.756	0.011000000000000001
2455736.7540700003	16.752	0.012
2455736.7683	16.756	0.011000000000000001
2455736.77813	16.768	0.011000000000000001
2455736.7856900003	16.746	0.011000000000000001
2455736.79355	16.754	0.011000000000000001
2455736.80131	16.749000000000002	0.012
2455736.80927	16.745	0.012
2455736.81718	16.748	0.012
2455736.8251099996	16.756	0.012
2455736.83273	16.753	0.012
2455736.8406700003	16.74	0.012
2455736.8484099996	16.757	0.012
2455736.85642	16.764	0.012
2455736.86402	16.754	0.012
2455736.87326	16.74	0.012
2455736.88088	16.745	0.013999999999999999
2455736.88747	16.753	0.013999999999999999
2455736.89518	16.754	0.013999999999999999
2455736.9016400003	16.77	0.015
2455737.5155	16.765	0.015
2455737.56812	16.768	0.012
2455737.62879	16.765	0.011000000000000001
2455737.67263	16.754	0.011000000000000001
2455737.7442400004	16.762	0.011000000000000001
2455737.79758	16.742	0.012
2455737.85285	16.776	0.012
2455738.71343	16.746	0.011000000000000001
2455739.5822799997	16.757	0.015
2455739.76849	16.755	0.012
2455740.56291	16.747	0.017
2455740.76702	16.746	0.012
2455741.53687	16.741	0.013999999999999999
2455741.7192	16.739	0.012
2455741.87536	16.755	0.012
2455742.6417	16.746	0.012
2455742.8088	16.761	0.011000000000000001
2455743.6836599996	16.753	0.013999999999999999
2455743.85745	16.768	0.015
2455744.61602	16.726	0.017
2455744.8412200003	16.775	0.015
2455745.61588	16.771	0.015
2455745.79104	16.738	0.017
2455746.63662	16.756	0.011000000000000001
2455746.82305	16.752	0.017
2455747.72162	16.774	0.017
2455749.50346	16.725	0.02
2455749.66871	16.737000000000002	0.013999999999999999
2455752.54778	16.768	0.018000000000000002
2455753.6274900003	16.744	0.021
2455759.8418	16.752	0.02
2455760.63035	16.762	0.015
2455760.8023099997	16.767	0.013999999999999999
2455762.50237	16.752	0.015
2455762.6602	16.756	0.013999999999999999
2455763.5351	16.764	0.012
2455763.72464	16.762999999999998	0.013999999999999999
2455764.53977	16.749000000000002	0.012
2455764.71836	16.729	0.011000000000000001
2455765.60417	16.754	0.011000000000000001
2455766.4716	16.747	0.015
2455766.6551900003	16.739	0.012
2455767.53187	16.774	0.015
2455767.74165	16.762999999999998	0.015
2455768.59013	16.762	0.012
2455768.76928	16.768	0.013999999999999999
2455769.62516	16.756	0.011000000000000001
2455770.67039	16.748	0.015
2455776.54203	16.753	0.018000000000000002
2455777.48182	16.75	0.015
2455777.70891	16.755	0.012
2455778.61132	16.764	0.017
2455779.74442	16.759	0.013999999999999999
2455785.58202	16.744	0.017
2455786.49515	16.758	0.02
2455786.71459	16.776	0.017
2455787.5642	16.758	0.013999999999999999
2455787.7394	16.748	0.017
2455788.65251	16.727	0.013999999999999999
2455790.5391599997	16.752	0.013999999999999999
2455790.7115700003	16.750999999999998	0.015
2455793.55833	16.741	0.013999999999999999
2455793.71857	16.758	0.015
2455794.63094	16.757	0.013999999999999999
2455795.64408	16.766	0.013999999999999999
2455796.6127400002	16.75	0.013999999999999999
2455801.53498	16.747	0.015
2455801.69369	16.755	0.017
2455804.50688	16.738	0.012
2455804.68021	16.77	0.013999999999999999
2455805.64409	16.757	0.013999999999999999
2455807.59529	16.726	0.018000000000000002
2455812.58006	16.801	0.021
2455813.56537	16.758	0.013999999999999999
2455815.53342	16.762	0.012
2455816.50478	16.758	0.012
2455817.50594	16.75	0.012
2455818.48518	16.761	0.015
2455819.4852299998	16.726	0.013999999999999999
2455819.6572	16.759	0.015
2455820.63469	16.755	0.017
2455822.5736599998	16.756	0.017
2455823.50527	16.746	0.018000000000000002
2455823.59209	16.752	0.015
2455824.5309599997	16.759	0.013999999999999999
2455824.61139	16.755	0.013999999999999999
2455825.54048	16.749000000000002	0.013999999999999999
2455825.6291900002	16.756	0.013999999999999999
2455826.55911	16.761	0.015
2455827.49838	16.688	0.018000000000000002
2455827.57889	16.737000000000002	0.015
2455828.50954	16.755	0.013999999999999999
2455828.58708	16.741	0.013999999999999999
2455829.52227	16.736	0.013999999999999999
2455829.5984799997	16.756	0.012
2455830.5354299997	16.767	0.012
2455831.49269	16.744	0.012
2455831.58268	16.759	0.012
2455832.52868	16.765	0.012
2455832.60655	16.75	0.017
2455833.56612	16.750999999999998	0.012
2455834.52575	16.746	0.012
2455834.59969	16.748	0.012
2455836.50935	16.744	0.017
2455836.5744	16.758	0.015
2455839.52907	16.753	0.023
2455839.59839	16.771	0.023
2455840.57163	16.758	0.013999999999999999
2455841.50247	16.753	0.02
2455841.58556	16.757	0.018000000000000002
2455842.54848	16.754	0.018000000000000002
2455843.50085	16.76	0.017
2455843.58838	16.791	0.025
2455844.52972	16.757	0.018000000000000002
2455845.4906599997	16.712	0.018000000000000002
2455845.57038	16.769000000000002	0.018000000000000002
2455846.53237	16.750999999999998	0.02
2455850.55658	16.759	0.013999999999999999
2455851.51981	16.752	0.015
2455851.57399	16.76	0.018000000000000002
2455852.55093	16.776	0.018000000000000002
2455854.54196	16.769000000000002	0.017
2455855.52875	16.761	0.017
2455856.53034	16.755	0.018000000000000002
2455858.50172	16.753	0.025
2455859.54614	16.76	0.017
2455862.52617	16.746	0.015
2455866.51847	16.762999999999998	0.026000000000000002
2455867.5219799997	16.750999999999998	0.015
2455868.5229700003	16.768	0.021
2455869.5139	16.757	0.018000000000000002
2455870.51955	16.766	0.013999999999999999
2455971.8920299998	16.727999999999998	0.018000000000000002
2455976.90008	16.759	0.015
2455977.8941599997	16.748	0.013999999999999999
2455979.8487	16.779	0.013999999999999999
2455980.85263	16.75	0.018000000000000002
2455982.85701	16.747	0.012
2455983.8599099996	16.735	0.011000000000000001
2455984.85344	16.734	0.011000000000000001
2455985.83732	16.765	0.015
2455986.8219	16.759	0.015
2455986.90458	16.76	0.017
2455987.87181	16.766	0.012
2455988.8616400003	16.742	0.012
2455989.84228	16.762	0.013999999999999999
2455990.81204	16.76	0.015
2455990.8912400003	16.764	0.012
2455991.86524	16.747	0.011000000000000001
2455992.84186	16.762	0.012
2455993.82388	16.736	0.017
2455994.80517	16.762999999999998	0.015
2455994.88124	16.74	0.015
2455995.81317	16.752	0.012
2455995.89548	16.749000000000002	0.012
2455996.8375	16.749000000000002	0.012
2455997.79536	16.737000000000002	0.015
2455997.87975	16.748	0.012
2455998.82073	16.744	0.012
2455998.9100200003	16.757	0.012
2455999.85316	16.737000000000002	0.012
2456003.83213	16.743	0.018000000000000002
2456004.7734	16.766	0.015
2456004.86978	16.744	0.012
2456005.7883900004	16.775	0.012
2456005.89531	16.759	0.009000000000000001
2456006.8067099997	16.757	0.011000000000000001
2456006.9047	16.742	0.011000000000000001
2456007.8171	16.754	0.011000000000000001
2456007.9031700003	16.762	0.011000000000000001
2456008.8021	16.754	0.012
2456008.89798	16.769000000000002	0.012
2456009.81241	16.748	0.011000000000000001
2456009.89825	16.748	0.011000000000000001
2456010.79603	16.759	0.011000000000000001
2456010.89311	16.76	0.009000000000000001
2456011.78467	16.748	0.012
2456011.89897	16.762	0.013999999999999999
2456012.79998	16.765	0.012
2456012.89647	16.75	0.009000000000000001
2456013.79341	16.77	0.012
2456013.89565	16.76	0.011000000000000001
2456014.77038	16.761	0.011000000000000001
2456014.8692099997	16.78	0.013999999999999999
2456015.74835	16.743	0.012
2456015.82558	16.75	0.009000000000000001
2456015.91672	16.759	0.012
2456016.80882	16.778	0.011000000000000001
2456016.9119599997	16.754	0.011000000000000001
2456017.7946099997	16.775	0.011000000000000001
2456017.89145	16.739	0.009000000000000001
2456018.7835	16.75	0.012
2456018.86263	16.744	0.012
2456019.7617200003	16.750999999999998	0.015
2456019.85813	16.758	0.011000000000000001
2456020.7165	16.759	0.017
2456020.81134	16.755	0.011000000000000001
2456020.8888	16.762	0.011000000000000001
2456021.74909	16.764	0.013999999999999999
2456021.82675	16.76	0.011000000000000001
2456021.92551	16.76	0.015
2456022.7749	16.769000000000002	0.012
2456022.8706900002	16.777	0.012
2456023.73064	16.759	0.015
2456023.81116	16.757	0.012
2456023.91627	16.744	0.013999999999999999
2456024.76818	16.761	0.013999999999999999
2456024.87189	16.753	0.011000000000000001
2456025.74295	16.769000000000002	0.017
2456025.82303	16.772000000000002	0.013999999999999999
2456026.71632	16.792	0.025
2456031.84935	16.757	0.012
2456032.78605	16.75	0.012
2456033.71065	16.754	0.015
2456033.91155	16.743	0.013999999999999999
2456034.8620700003	16.746	0.011000000000000001
2456034.90002	16.765	0.012
2456036.75826	16.749000000000002	0.011000000000000001
2456037.7425599997	16.75	0.013999999999999999
2456038.7105099997	16.768	0.017
2456038.90187	16.77	0.012
2456039.89737	16.764	0.012
2456040.88413	16.755	0.012
2456041.7072900003	16.761	0.015
2456041.73332	16.742	0.015
2456041.7621299997	16.746	0.013999999999999999
2456041.82314	16.765	0.012
2456041.88115	16.777	0.011000000000000001
2456046.8805400003	16.776	0.012
2456047.77371	16.761	0.011000000000000001
2456048.71344	16.756	0.012
2456048.90389	16.764	0.013999999999999999
2456049.83392	16.738	0.009000000000000001
2456050.71033	16.744	0.015
2456050.899	16.759	0.012
2456052.7075	16.761	0.015
2456052.8843400003	16.78	0.012
2456053.73873	16.776	0.012
2456053.93185	16.749000000000002	0.017
2456058.77078	16.758	0.012
2456059.6710200002	16.756	0.013999999999999999
2456059.8480599998	16.76	0.011000000000000001
2456061.72614	16.745	0.012
2456061.90388	16.747	0.013999999999999999
2456062.7747299997	16.748	0.012
2456063.74518	16.735	0.018000000000000002
2456063.94098	16.72	0.017
2456064.8717799997	16.764	0.012
2456065.7005	16.74	0.012
2456066.63913	16.755	0.012
2456066.81949	16.757	0.012
2456067.62338	16.75	0.012
2456067.8023	16.756	0.012
2456068.61823	16.739	0.013999999999999999
2456068.84185	16.75	0.011000000000000001
2456069.77225	16.761	0.011000000000000001
2456070.5898700003	16.752	0.017
2456070.74436	16.76	0.011000000000000001
2456070.92279	16.732	0.013999999999999999
2456071.72057	16.785	0.012
2456071.8999	16.753	0.012
2456075.70351	16.754	0.012
2456076.57693	16.735	0.013999999999999999
2456076.76047	16.77	0.011000000000000001
2456076.93327	16.741	0.013999999999999999
2456077.87452	16.775	0.012
2456078.67478	16.753	0.012
2456078.86051	16.762999999999998	0.011000000000000001
2456079.6521	16.745	0.011000000000000001
2456079.8555400004	16.743	0.011000000000000001
2456080.6225400004	16.761	0.015
2456080.79002	16.773	0.012
2456081.58022	16.772000000000002	0.017
2456081.74299	16.772000000000002	0.013999999999999999
2456081.9284099997	16.747	0.017
2456082.73906	16.772000000000002	0.02
2456082.8703400004	16.77	0.017
2456085.57528	16.715999999999998	0.018000000000000002
2456085.74825	16.769000000000002	0.013999999999999999
2456086.68127	16.764	0.012
2456086.87238	16.749000000000002	0.013999999999999999
2456087.7714299997	16.779	0.012
2456088.62666	16.759	0.012
2456089.73006	16.771	0.011000000000000001
2456092.58674	16.739	0.013999999999999999
2456092.86304	16.781	0.013999999999999999
2456093.6570599996	16.749000000000002	0.012
2456093.85819	16.758	0.013999999999999999
2456094.71773	16.769000000000002	0.012
2456094.8930099998	16.748	0.017
2456096.72452	16.757	0.013999999999999999
2456096.73733	16.756	0.015
2456096.89761	16.757	0.018000000000000002
2456097.8287299997	16.76	0.013999999999999999
2456098.62421	16.742	0.013999999999999999
2456098.80398	16.764	0.013999999999999999
2456099.75325	16.724	0.015
2456100.65069	16.765	0.012
2456100.8381	16.755	0.015
2456101.60263	16.773	0.012
2456101.78101	16.76	0.011000000000000001
2456102.56641	16.752	0.013999999999999999
2456102.7420200002	16.737000000000002	0.011000000000000001
2456103.5046099997	16.727	0.015
2456103.67038	16.743	0.011000000000000001
2456104.50673	16.750999999999998	0.013999999999999999
2456104.65483	16.766	0.011000000000000001
2456104.81549	16.753	0.011000000000000001
2456105.56949	16.753	0.015
2456105.7615099996	16.776	0.013999999999999999
2456108.57052	16.759	0.012
2456108.75635	16.759	0.012
2456109.74419	16.750999999999998	0.013999999999999999
2456109.8439	16.732	0.015
2456113.5496900002	16.764	0.017
2456113.71177	16.749000000000002	0.013999999999999999
2456114.56255	16.744	0.02
2456114.73411	16.754	0.012
2456115.49818	16.762	0.013999999999999999
2456115.6867400003	16.773	0.015
2456116.53716	16.762	0.012
2456116.71606	16.764	0.012
2456117.51739	16.748	0.012
2456117.69528	16.755	0.013999999999999999
2456117.84838	16.753	0.013999999999999999
2456118.64239	16.747	0.011000000000000001
2456118.81007	16.753	0.012
2456119.5975599997	16.756	0.012
2456119.75307	16.771	0.013999999999999999
2456120.62933	16.774	0.013999999999999999
2456120.8059	16.747	0.012
2456121.60603	16.773	0.011000000000000001
2456121.76078	16.748	0.009000000000000001
2456123.65222	16.766	0.012
2456123.8097599996	16.758	0.012
2456124.6581	16.754	0.012
2456124.8199400003	16.735	0.013999999999999999
2456125.65887	16.758	0.013999999999999999
2456125.82964	16.761	0.015
2456126.69228	16.744	0.012
2456127.566	16.774	0.015
2456128.58332	16.754	0.011000000000000001
2456130.7179099997	16.738	0.013999999999999999
2456131.66456	16.746	0.009000000000000001
2456131.73302	16.749000000000002	0.011000000000000001
2456132.6888099997	16.762999999999998	0.018000000000000002
2456133.64117	16.748	0.013999999999999999
2456134.5523599996	16.743	0.015
2456135.52103	16.753	0.013999999999999999
2456135.6321	16.734	0.018000000000000002
2456135.74394	16.756	0.012
2456136.67174	16.752	0.012
2456140.5218700003	16.727999999999998	0.018000000000000002
2456140.7016	16.747	0.018000000000000002
2456141.54706	16.749000000000002	0.013999999999999999
2456141.7236099998	16.777	0.017
2456147.60899	16.747	0.018000000000000002
2456148.53651	16.745	0.011000000000000001
2456149.56154	16.761	0.012
2456150.58989	16.748	0.017
2456151.5825099996	16.752	0.015
2456151.74189	16.744	0.012
2456152.6433900003	16.746	0.012
2456154.59038	16.785999999999998	0.015
2456157.72097	16.776	0.017
2456158.6587	16.739	0.012
2456159.57936	16.755	0.013999999999999999
2456160.57926	16.745	0.012
2456160.73421	16.746	0.009000000000000001
2456161.68122	16.73	0.013999999999999999
2456164.65279	16.775	0.015
2456168.66299	16.764	0.012
2456169.6360299997	16.742	0.013999999999999999
2456171.6003400004	16.747	0.012
2456172.5597	16.752	0.011000000000000001
2456175.52183	16.762	0.013999999999999999
2456179.4854200003	16.736	0.015
2456179.66819	16.791	0.018000000000000002
2456180.6532	16.750999999999998	0.017
2456181.61705	16.752	0.012
2456182.6305400003	16.758	0.013999999999999999
2456184.5304799997	16.768	0.012
2456185.62879	16.75	0.012
2456190.4911700003	16.750999999999998	0.015
2456191.54566	16.743	0.013999999999999999
2456195.51955	16.781	0.013999999999999999
2456195.59885	16.745	0.012
2456196.5186400004	16.746	0.015
2456196.59795	16.768	0.013999999999999999
2456197.5202900004	16.733	0.013999999999999999
2456197.59968	16.736	0.018000000000000002
2456199.53084	16.748	0.02
2456200.6234	16.777	0.02
2456202.57995	16.771	0.02
2456203.5718799997	16.768	0.018000000000000002
2456204.52535	16.768	0.013999999999999999
2456204.60179	16.771	0.015
2456205.54827	16.762	0.012
2456210.5191900004	16.755	0.013999999999999999
2456210.5964900004	16.767	0.013999999999999999
2456211.55045	16.752	0.012
2456212.54589	16.753	0.012
2456213.49677	16.730999999999998	0.015
2456213.57392	16.732	0.013999999999999999
2456214.55724	16.775	0.013999999999999999
2456216.5556400004	16.748	0.012
2456217.51143	16.772000000000002	0.012
2456217.58636	16.774	0.012
2456218.56288	16.76	0.015
2456223.54882	16.778	0.017
2456233.50557	16.794	0.02
2456234.54523	16.755	0.017
2456239.52917	16.764	0.017
2456334.86072	16.737000000000002	0.013999999999999999
2456335.84968	16.775	0.013999999999999999
2456337.89027	16.756	0.012
2456338.8700599996	16.759	0.012
2456339.8933200003	16.752	0.013999999999999999
2456341.86838	16.739	0.015
2456344.84605	16.756	0.012
2456345.8648900003	16.773	0.012
2456347.86813	16.758	0.012
2456348.86477	16.762	0.012
2456349.8702	16.742	0.013999999999999999
2456350.8834	16.747	0.012
2456352.8810900003	16.755	0.011000000000000001
2456353.85671	16.729	0.012
2456354.8746700003	16.762	0.012
2456358.87618	16.758	0.012
2456360.87066	16.748	0.011000000000000001
2456361.8461	16.743	0.012
2456362.81912	16.759	0.012
2456362.8827299997	16.759	0.012
2456363.84142	16.745	0.011000000000000001
2456367.85899	16.744	0.009000000000000001
2456368.79527	16.76	0.011000000000000001
2456368.88833	16.753	0.011000000000000001
2456369.82713	16.752	0.011000000000000001
2456370.783	16.750999999999998	0.013999999999999999
2456370.87353	16.778	0.011000000000000001
2456371.79488	16.756	0.011000000000000001
2456371.8826900003	16.753	0.009000000000000001
2456372.7875599996	16.747	0.012
2456372.87642	16.749000000000002	0.011000000000000001
2456373.80436	16.772000000000002	0.012
2456373.89335	16.775	0.012
2456374.8201	16.762	0.012
2456374.90135	16.77	0.011000000000000001
2456375.81708	16.758	0.011000000000000001
2456375.83535	16.765	0.011000000000000001
2456375.91623	16.75	0.011000000000000001
2456376.8314	16.78	0.012
2456376.9131400003	16.771	0.011000000000000001
2456377.84331	16.769000000000002	0.009000000000000001
2456378.75072	16.724	0.013999999999999999
2456378.83857	16.738	0.011000000000000001
2456378.91968	16.748	0.012
2456379.82521	16.764	0.012
2456379.91053	16.78	0.011000000000000001
2456380.8396099997	16.771	0.011000000000000001
2456381.75312	16.750999999999998	0.012
2456381.84686	16.744	0.009000000000000001
2456382.7509	16.748	0.017
2456382.83113	16.756	0.013999999999999999
2456386.74655	16.747	0.017
2456386.84142	16.749000000000002	0.012
2456387.73171	16.773	0.012
2456387.81817	16.756	0.011000000000000001
2456387.8988799998	16.77	0.012
2456388.73531	16.727	0.013999999999999999
2456388.8369299998	16.765	0.011000000000000001
2456389.73363	16.756	0.013999999999999999
2456389.82711	16.756	0.012
2456389.90967	16.744	0.012
2456390.77172	16.772000000000002	0.012
2456390.85799	16.748	0.011000000000000001
2456391.76715	16.735	0.013999999999999999
2456393.7680200003	16.746	0.012
2456394.72219	16.748	0.015
2456394.92607	16.777	0.013999999999999999
2456395.8632	16.757	0.009000000000000001
2456396.82077	16.756	0.009000000000000001
2456397.76244	16.750999999999998	0.009000000000000001
2456397.92663	16.726	0.013999999999999999
2456398.8585099997	16.736	0.011000000000000001
2456399.7631099997	16.765	0.012
2456400.7319	16.765	0.011000000000000001
2456401.70112	16.749000000000002	0.013999999999999999
2456401.8761299998	16.767	0.011000000000000001
2456402.79248	16.748	0.013999999999999999
2456403.7108400003	16.771	0.011000000000000001
2456403.8746700003	16.761	0.012
2456404.73515	16.756	0.012
2456404.81915	16.748	0.011000000000000001
2456404.9287799997	16.753	0.013999999999999999
2456405.8223200003	16.727999999999998	0.011000000000000001
2456406.8407900003	16.769000000000002	0.015
2456407.7650200003	16.747	0.012
2456408.71654	16.749000000000002	0.021
2456409.81066	16.783	0.018000000000000002
2456415.77641	16.766	0.013999999999999999
2456416.65847	16.758	0.013999999999999999
2456416.8704	16.748	0.012
2456417.76694	16.756	0.015
2456418.64137	16.762999999999998	0.013999999999999999
2456418.78888	16.734	0.011000000000000001
2456419.6771299997	16.739	0.012
2456419.85366	16.793	0.012
2456420.70473	16.738	0.011000000000000001
2456420.87763	16.749000000000002	0.011000000000000001
2456421.92096	16.758	0.013999999999999999
2456422.9134400003	16.735	0.018000000000000002
2456423.83021	16.752	0.012
2456424.66957	16.750999999999998	0.012
2456424.86411	16.768	0.009000000000000001
2456426.7644	16.762999999999998	0.011000000000000001
2456427.92854	16.732	0.011000000000000001
2456428.7508400003	16.758	0.012
2456428.93862	16.766	0.017
2456431.74935	16.762999999999998	0.012
2456431.92387	16.744	0.013999999999999999
2456432.78265	16.758	0.012
2456432.94741	16.722	0.026000000000000002
2456433.7700799997	16.77	0.012
2456434.6708400003	16.744	0.012
2456434.85527	16.764	0.012
2456435.70192	16.723	0.011000000000000001
2456435.8906799997	16.756	0.011000000000000001
2456436.69001	16.784000000000002	0.012
2456436.8793099998	16.757	0.012
2456437.81494	16.744	0.017
2456441.69872	16.772000000000002	0.015
2456441.72768	16.754	0.013999999999999999
2456441.91806	16.730999999999998	0.015
2456442.6927	16.745	0.011000000000000001
2456442.87674	16.762	0.011000000000000001
2456443.65173	16.777	0.011000000000000001
2456443.85792	16.772000000000002	0.012
2456444.7226	16.754	0.013999999999999999
2456444.89846	16.739	0.012
2456445.71717	16.762	0.012
2456445.91438	16.746	0.013999999999999999
2456446.69722	16.749000000000002	0.009000000000000001
2456446.90341	16.762	0.011000000000000001
2456447.66147	16.739	0.011000000000000001
2456447.84879	16.767	0.011000000000000001
2456448.6115099997	16.762999999999998	0.012
2456448.7959	16.775	0.011000000000000001
2456449.57318	16.750999999999998	0.013999999999999999
2456449.74705	16.76	0.012
2456449.9219400003	16.732	0.015
2456450.69715	16.757	0.011000000000000001
2456450.8752599997	16.752	0.011000000000000001
2456451.63699	16.754	0.012
2456451.82235	16.757	0.012
2456452.59778	16.768	0.011000000000000001
2456452.8358	16.76	0.011000000000000001
2456454.61055	16.761	0.012
2456454.7952	16.76	0.012
2456455.56777	16.762	0.012
2456456.5767599996	16.758	0.009000000000000001
2456456.7632299997	16.748	0.009000000000000001
2456457.72541	16.747	0.009000000000000001
2456457.90039	16.754	0.011000000000000001
2456458.68407	16.750999999999998	0.012
2456458.86915	16.733	0.012
2456459.63818	16.747	0.011000000000000001
2456459.82796	16.747	0.011000000000000001
2456460.66892	16.742	0.011000000000000001
2456461.58493	16.75	0.012
2456461.79049	16.755	0.012
2456462.65392	16.77	0.012
2456463.53035	16.77	0.02
2456463.7062	16.752	0.012
2456463.88196	16.734	0.012
2456464.70397	16.744	0.013999999999999999
2456464.8892200002	16.748	0.013999999999999999
2456469.58405	16.743	0.013999999999999999
2456469.77152	16.734	0.012
2456471.7878900003	16.745	0.018000000000000002
2456472.7636	16.765	0.012
2456473.53825	16.772000000000002	0.015
2456473.72463	16.773	0.011000000000000001
2456473.88187	16.764	0.013999999999999999
2456474.65421	16.756	0.012
2456474.8396900003	16.761	0.015
2456475.63503	16.762	0.011000000000000001
2456475.8176700003	16.738	0.012
2456476.5833400004	16.764	0.012
2456476.7718	16.749000000000002	0.011000000000000001
2456477.577	16.749000000000002	0.012
2456477.76485	16.750999999999998	0.013999999999999999
2456478.6138299997	16.772000000000002	0.012
2456479.69098	16.774	0.013999999999999999
2456480.59059	16.743	0.012
2456480.77447	16.766	0.012
2456481.58574	16.755	0.012
2456481.82922	16.726	0.018000000000000002
2456484.49693	16.749000000000002	0.012
2456485.56335	16.753	0.013999999999999999
2456485.7935900004	16.767	0.012
2456486.53031	16.738	0.012
2456486.74016	16.764	0.012
2456487.53018	16.754	0.012
2456487.73299	16.750999999999998	0.011000000000000001
2456489.56806	16.734	0.015
2456489.76896	16.758	0.012
2456490.59302	16.756	0.011000000000000001
2456490.79785	16.76	0.011000000000000001
2456491.67073	16.744	0.013999999999999999
2456492.48776	16.766	0.017
2456496.51617	16.774	0.021
2456497.59943	16.74	0.015
2456497.7842	16.776	0.017
2456498.6201299997	16.757	0.011000000000000001
2456498.7938099997	16.745	0.013999999999999999
2456500.55647	16.738	0.017
2456501.57503	16.753	0.012
2456501.76655	16.775	0.015
2456505.4909	16.743	0.013999999999999999
2456505.7084	16.765	0.013999999999999999
2456506.6041900003	16.739	0.017
2456507.68671	16.766	0.017
2456508.60593	16.752	0.011000000000000001
2456509.51031	16.765	0.011000000000000001
2456509.6965799998	16.756	0.009000000000000001
2456510.58544	16.77	0.011000000000000001
2456511.49279	16.758	0.012
2456511.7420200002	16.74	0.012
2456514.6422099997	16.766	0.011000000000000001
2456515.5964	16.766	0.011000000000000001
2456516.57549	16.762999999999998	0.013999999999999999
2456518.6011200002	16.741	0.011000000000000001
2456519.55315	16.747	0.011000000000000001
2456523.49145	16.738	0.013999999999999999
2456523.64637	16.722	0.012
2456524.58758	16.766	0.012
2456525.58916	16.757	0.017
2456527.57999	16.747	0.013999999999999999
2456529.65552	16.727	0.015
2456531.64798	16.76	0.013999999999999999
2456532.64003	16.738	0.011000000000000001
2456534.51013	16.756	0.013999999999999999
2456535.59035	16.742	0.013999999999999999
2456538.5312799998	16.756	0.011000000000000001
2456539.58371	16.749000000000002	0.009000000000000001
2456541.59313	16.75	0.011000000000000001
2456543.6442400003	16.752	0.012
2456545.54456	16.741	0.011000000000000001
2456546.5789400004	16.754	0.012
2456551.59138	16.762999999999998	0.018000000000000002
2456555.65435	16.776	0.015
2456558.63705	16.814	0.015
2456560.54192	16.762	0.012
2456562.50101	16.76	0.013999999999999999
2456563.56053	16.746	0.013999999999999999
2456564.49111	16.766	0.018000000000000002
2456564.58447	16.754	0.013999999999999999
2456565.55226	16.741	0.012
2456567.53754	16.730999999999998	0.015
2456568.5348799997	16.717	0.017
2456569.48521	16.750999999999998	0.013999999999999999
2456569.57774	16.758	0.012
2456570.5556	16.762999999999998	0.012
2456571.56366	16.784000000000002	0.013999999999999999
2456572.52316	16.775	0.015
2456573.4874299997	16.739	0.013999999999999999
2456573.5769599997	16.757	0.012
2456577.55703	16.777	0.023
2456578.53906	16.773	0.015
2456579.5077400003	16.768	0.013999999999999999
2456580.52814	16.746	0.017
2456581.56353	16.738	0.013999999999999999
2456582.57411	16.758	0.013999999999999999
2456583.55613	16.743	0.017
2456584.5592099996	16.739	0.018000000000000002
2456585.55955	16.755	0.017
2456590.53689	16.754	0.017
2456590.56233	16.77	0.02
2456593.52764	16.764	0.015
2456595.52777	16.753	0.017
2456697.89037	16.727999999999998	0.013999999999999999
2456702.87482	16.727	0.012
2456704.88039	16.733	0.012
2456707.85077	16.759	0.017
2456708.86602	16.749000000000002	0.013999999999999999
2456709.89192	16.762999999999998	0.013999999999999999
2456711.86005	16.753	0.012
2456715.82564	16.741	0.011000000000000001
2456716.8197	16.747	0.011000000000000001
2456717.8148	16.761	0.015
2456718.831	16.745	0.018000000000000002
2456719.82859	16.758	0.013999999999999999
2456720.8045200002	16.741	0.015
2456720.8980900003	16.749000000000002	0.011000000000000001
2456721.87827	16.727	0.011000000000000001
2456722.8623200003	16.773	0.013999999999999999
2456723.83321	16.73	0.012
2456724.8172299997	16.762	0.015
2456725.79317	16.741	0.017
2456725.8908	16.749000000000002	0.012
2456726.85527	16.783	0.012
2456727.82623	16.735	0.011000000000000001
2456728.79275	16.759	0.011000000000000001
2456728.89106	16.768	0.011000000000000001
2456729.84879	16.742	0.011000000000000001
2456730.7969299997	16.748	0.017
2456730.8955900003	16.715	0.013999999999999999
2456732.80705	16.785999999999998	0.015
2456732.89982	16.733	0.012
2456733.84192	16.746	0.012
2456734.7747	16.757	0.013999999999999999
2456734.87237	16.769000000000002	0.011000000000000001
2456735.8009099998	16.762999999999998	0.017
2456735.90858	16.752	0.013999999999999999
2456736.85291	16.773	0.013999999999999999
2456737.80455	16.762999999999998	0.011000000000000001
2456737.88442	16.784000000000002	0.011000000000000001
2456742.8108099997	16.767	0.009000000000000001
2456742.89871	16.754	0.011000000000000001
2456744.81954	16.765	0.012
2456744.90881	16.753	0.011000000000000001
2456746.80986	16.767	0.011000000000000001
2456747.80559	16.762	0.013999999999999999
2456747.91188	16.76	0.012
2456749.76977	16.766	0.013999999999999999
2456750.77732	16.756	0.012
2456751.8087	16.772000000000002	0.009000000000000001
2456752.7817	16.750999999999998	0.012
2456754.76133	16.74	0.013999999999999999
2456755.79188	16.767	0.013999999999999999
2456756.74507	16.771	0.011000000000000001
2456757.8964	16.750999999999998	0.011000000000000001
2456758.92961	16.756	0.017
2456759.87107	16.771	0.009000000000000001
2456760.8217599997	16.762	0.009000000000000001
2456761.76015	16.76	0.013999999999999999
2456762.70507	16.76	0.013999999999999999
2456762.9245	16.745	0.012
2456763.85952	16.745	0.012
2456764.78742	16.764	0.011000000000000001
2456765.7129900004	16.768	0.013999999999999999
2456765.90619	16.762	0.012
2456768.86303	16.776	0.013999999999999999
2456769.7689	16.744	0.011000000000000001
2456769.92943	16.774	0.012
2456770.83061	16.766	0.011000000000000001
2456771.76934	16.753	0.009000000000000001
2456772.69085	16.769000000000002	0.011000000000000001
2456772.88712	16.773	0.009000000000000001
2456773.80499	16.757	0.015
2456774.71489	16.771	0.017
2456775.68026	16.752	0.011000000000000001
2456775.88551	16.764	0.011000000000000001
2456776.7980400003	16.768	0.012
2456777.78004	16.75	0.011000000000000001
2456784.69416	16.754	0.017
2456784.87616	16.773	0.013999999999999999
2456785.66938	16.762999999999998	0.011000000000000001
2456785.86955	16.756	0.012
2456786.6776799997	16.77	0.012
2456786.8935700003	16.750999999999998	0.012
2456787.7508900003	16.752	0.011000000000000001
2456789.6516299997	16.759	0.018000000000000002
2456789.8164	16.747	0.013999999999999999
2456790.6825900003	16.762	0.013999999999999999
2456790.85346	16.756	0.018000000000000002
2456791.69195	16.755	0.017
2456791.8643	16.75	0.013999999999999999
2456792.68757	16.764	0.013999999999999999
2456792.84729	16.747	0.013999999999999999
2456796.63699	16.738	0.013999999999999999
2456796.8105200003	16.742	0.015
2456797.66562	16.779	0.015
2456797.8443299998	16.744	0.015
2456798.83843	16.775	0.018000000000000002
2456801.8236599998	16.750999999999998	0.017
2456803.7925299997	16.73	0.011000000000000001
2456803.94484	16.781	0.023
2456804.7373	16.764	0.011000000000000001
2456804.9103	16.771	0.013999999999999999
2456805.71836	16.772000000000002	0.013999999999999999
2456805.90148	16.757	0.018000000000000002
2456807.68419	16.75	0.015
2456807.85744	16.768	0.013999999999999999
2456808.64602	16.757	0.013999999999999999
2456808.83596	16.764	0.012
2456809.61658	16.767	0.013999999999999999
2456809.8196799997	16.77	0.012
2456810.61737	16.783	0.013999999999999999
2456810.80638	16.757	0.012
2456811.58543	16.775	0.018000000000000002
2456811.7806	16.747	0.013999999999999999
2456813.6447799997	16.761	0.018000000000000002
2456813.83789	16.744	0.013999999999999999
2456814.64926	16.761	0.013999999999999999
2456814.8599099996	16.77	0.013999999999999999
2456815.64536	16.775	0.015
2456815.8582099997	16.764	0.013999999999999999
2456816.69906	16.758	0.015
2456816.88989	16.744	0.015
2456817.737	16.756	0.012
2456817.9141700002	16.744	0.017
2456819.56946	16.773	0.02
2456819.7193	16.75	0.015
2456823.7254	16.756	0.013999999999999999
2456823.88933	16.768	0.013999999999999999
2456824.67985	16.761	0.015
2456824.87312	16.774	0.018000000000000002
2456825.65393	16.765	0.013999999999999999
2456825.84068	16.771	0.015
2456826.60516	16.761	0.013999999999999999
2456826.7914299998	16.76	0.012
2456827.59118	16.764	0.012
2456827.8007400003	16.764	0.012
2456828.56222	16.78	0.013999999999999999
2456828.7634799997	16.753	0.012
2456829.51629	16.736	0.021
2456829.7031099997	16.746	0.013999999999999999
2456829.86229	16.789	0.013999999999999999
2456830.6694	16.76	0.011000000000000001
2456830.8525	16.76	0.012
2456831.76102	16.753	0.012
2456832.55785	16.762	0.013999999999999999
2456832.74881	16.750999999999998	0.013999999999999999
2456833.57368	16.774	0.015
2456833.76646	16.741	0.013999999999999999
2456834.54432	16.765	0.015
2456834.72662	16.766	0.012
2456835.55072	16.777	0.018000000000000002
2456835.7346799998	16.759	0.013999999999999999
2456836.7062	16.759	0.015
2456837.49562	16.777	0.017
2456837.6652	16.761	0.012
2456837.83552	16.765	0.013999999999999999
2456838.61136	16.756	0.013999999999999999
2456838.7941900003	16.743	0.012
2456839.57918	16.76	0.015
2456839.76578	16.752	0.013999999999999999
2456840.5792400003	16.768	0.017
2456840.77074	16.767	0.013999999999999999
2456841.65085	16.762	0.012
2456841.8204	16.752	0.015
2456842.6326200003	16.762999999999998	0.015
2456842.80714	16.757	0.013999999999999999
2456844.5944	16.76	0.012
2456844.7831200003	16.758	0.013999999999999999
2456845.52543	16.756	0.012
2456845.70482	16.748	0.012
2456847.48592	16.737000000000002	0.015
2456847.6258099996	16.74	0.012
2456847.7666700003	16.746	0.013999999999999999
2456851.50306	16.771	0.02
2456851.68017	16.759	0.015
2456852.49693	16.761	0.018000000000000002
2456852.69554	16.808	0.025
2456855.47198	16.744	0.017
2456855.65175	16.765	0.012
2456855.8220900004	16.766	0.013999999999999999
2456856.64321	16.758	0.012
2456856.80222	16.766	0.013999999999999999
2456857.64326	16.761	0.011000000000000001
2456858.47191	16.756	0.013999999999999999
2456858.65726	16.762999999999998	0.011000000000000001
2456859.58997	16.758	0.015
2456859.78428	16.749000000000002	0.018000000000000002
2456862.73535	16.764	0.013999999999999999
2456863.6033099997	16.749000000000002	0.011000000000000001
2456863.77039	16.74	0.013999999999999999
2456864.63162	16.766	0.012
2456865.54948	16.758	0.012
2456866.78975	16.76	0.015
2456870.5295	16.776	0.017
2456871.52091	16.758	0.013999999999999999
2456872.6167900003	16.74	0.013999999999999999
2456873.57638	16.75	0.017
2456879.50174	16.737000000000002	0.02
2456879.72825	16.776	0.02
2456880.6773900003	16.745	0.018000000000000002
2456881.60183	16.755	0.015
2456882.55107	16.748	0.015
2456882.7241599998	16.784000000000002	0.013999999999999999
2456884.69408	16.752	0.012
2456885.61998	16.77	0.012
2456886.53688	16.765	0.013999999999999999
2456886.71408	16.764	0.013999999999999999
2456887.64142	16.773	0.012
2456888.57497	16.755	0.012
2456889.51738	16.750999999999998	0.012
2456889.69998	16.739	0.013999999999999999
2456890.6403900003	16.754	0.013999999999999999
2456891.5809400002	16.758	0.012
2456895.53162	16.764	0.012
2456896.4802599996	16.755	0.013999999999999999
2456898.49047	16.759	0.017
2456900.5126900002	16.76	0.012
2456907.53057	16.764	0.012
2456908.5155599997	16.768	0.017
2456909.54369	16.756	0.018000000000000002
2456912.5715400004	16.752	0.013999999999999999
2456915.5792900003	16.759	0.013999999999999999
2456918.57792	16.773	0.015
2456921.61821	16.762999999999998	0.013999999999999999
2456922.60255	16.745	0.013999999999999999
2456924.50111	16.753	0.015
2456925.54071	16.762	0.017
2456926.5655799997	16.767	0.015
2456927.61457	16.76	0.015
2456929.5504	16.789	0.015
2456930.59229	16.761	0.017
2456936.53737	16.750999999999998	0.015
2456937.53449	16.772000000000002	0.015
2456938.5344	16.736	0.017
2456940.49039	16.761	0.017
2456941.50545	16.778	0.02
2456942.55226	16.758	0.017
2456944.49199	16.745	0.013999999999999999
2456947.51774	16.750999999999998	0.013999999999999999
2456950.55685	16.756	0.017
2456952.53937	16.774	0.018000000000000002
2456955.51248	16.757	0.017
2457063.8796900003	16.767	0.017
2457065.88092	16.733	0.017
2457069.8709299997	16.762	0.015
2457070.89421	16.767	0.015
2457072.8384700003	16.772000000000002	0.015
2457074.86717	16.772000000000002	0.015
2457075.84331	16.750999999999998	0.017
2457076.84457	16.750999999999998	0.013999999999999999
2457077.84249	16.75	0.018000000000000002
2457078.83775	16.736	0.015
2457079.89045	16.758	0.018000000000000002
2457080.85571	16.772000000000002	0.015
2457082.82705	16.76	0.015
2457082.8996900003	16.755	0.013999999999999999
2457083.8823700002	16.776	0.012
2457084.86265	16.758	0.015
2457085.82815	16.753	0.015
2457086.81919	16.74	0.015
2457086.9029900003	16.768	0.012
2457087.8707	16.755	0.013999999999999999
2457088.8416	16.761	0.015
2457089.80769	16.737000000000002	0.015
2457089.89618	16.758	0.013999999999999999
2457090.8628	16.773	0.013999999999999999
2457091.81615	16.747	0.013999999999999999
2457091.9062099997	16.761	0.013999999999999999
2457092.85068	16.766	0.012
2457093.85007	16.769000000000002	0.012
2457097.82925	16.757	0.011000000000000001
2457098.79754	16.759	0.013999999999999999
2457098.87693	16.758	0.011000000000000001
2457099.81871	16.753	0.013999999999999999
2457100.7853599996	16.781	0.015
2457100.85858	16.754	0.012
2457101.82809	16.76	0.018000000000000002
2457102.80117	16.750999999999998	0.017
2457102.91268	16.775	0.013999999999999999
2457109.82101	16.750999999999998	0.012
2457110.75806	16.753	0.012
2457110.83147	16.765	0.011000000000000001
2457111.76441	16.753	0.013999999999999999
2457111.87291	16.759	0.011000000000000001
2457112.77037	16.776	0.017
2457112.8799400004	16.753	0.012
2457113.81147	16.761	0.012
2457114.8078900003	16.757	0.012
2457115.7641	16.762999999999998	0.015
2457116.73702	16.772000000000002	0.017
2457117.7337700003	16.744	0.015
2457117.9013400003	16.762	0.011000000000000001
2457118.75772	16.737000000000002	0.015
2457119.77416	16.75	0.015
2457120.72339	16.761	0.015
2457120.8667	16.779	0.012
2457125.81561	16.76	0.012
2457126.76554	16.765	0.012
2457129.7214200003	16.748	0.013999999999999999
2457129.90363	16.788	0.012
2457130.83872	16.758	0.013999999999999999
2457131.74789	16.772000000000002	0.012
2457132.68338	16.762999999999998	0.021
2457133.80868	16.761	0.013999999999999999
2457134.69826	16.742	0.017
2457134.8818	16.761	0.012
2457135.78621	16.754	0.011000000000000001
2457136.70464	16.747	0.013999999999999999
2457136.8875599997	16.76	0.013999999999999999
2457137.7730400003	16.769000000000002	0.011000000000000001
2457138.6771299997	16.76	0.015
2457138.85516	16.758	0.011000000000000001
2457139.7669599997	16.758	0.012
2457140.6745700003	16.76	0.013999999999999999
2457140.84666	16.75	0.012
2457141.73222	16.767	0.011000000000000001
2457141.91981	16.759	0.012
2457142.788	16.746	0.012
2457143.68237	16.754	0.013999999999999999
2457143.8546	16.756	0.012
2457144.73521	16.734	0.018000000000000002
2457145.7672	16.747	0.013999999999999999
2457145.9330700003	16.756	0.017
2457146.76529	16.769000000000002	0.012
2457146.9071299997	16.753	0.013999999999999999
2457147.7480099997	16.77	0.015
2457147.89163	16.756	0.013999999999999999
2457152.89381	16.76	0.013999999999999999
2457153.7310599997	16.761	0.012
2457153.89626	16.747	0.012
2457154.7751700003	16.754	0.012
2457155.63553	16.725	0.013999999999999999
2457156.6498	16.753	0.012
2457157.6316400003	16.754	0.013999999999999999
2457157.8725900003	16.772000000000002	0.012
2457158.7258099997	16.754	0.012
2457158.90992	16.749000000000002	0.013999999999999999
2457159.72672	16.742	0.012
2457159.91103	16.744	0.012
2457160.74898	16.762999999999998	0.012
2457160.9374700002	16.744	0.015
2457161.79856	16.783	0.012
2457162.61748	16.729	0.013999999999999999
2457162.8020900004	16.762	0.012
2457163.6266799998	16.775	0.018000000000000002
2457163.80999	16.777	0.012
2457164.7133400002	16.766	0.013999999999999999
2457164.89667	16.764	0.013999999999999999
2457166.7285	16.766	0.013999999999999999
2457166.90432	16.76	0.013999999999999999
2457169.648	16.753	0.012
2457169.84325	16.744	0.011000000000000001
2457170.63559	16.777	0.012
2457170.82588	16.775	0.012
2457172.63772	16.784000000000002	0.015
2457172.82149	16.767	0.015
2457173.6065700003	16.797	0.025
2457173.80772	16.768	0.013999999999999999
2457174.5817299997	16.766	0.023
2457174.74233	16.749000000000002	0.012
2457174.91502	16.777	0.015
2457175.69607	16.758	0.013999999999999999
2457178.83172	16.767	0.017
2457179.5778099997	16.752	0.018000000000000002
2457179.74233	16.750999999999998	0.015
2457179.90924	16.737000000000002	0.017
2457180.68951	16.762999999999998	0.013999999999999999
2457180.86422	16.76	0.015
2457181.62713	16.768	0.012
2457181.8185	16.745	0.013999999999999999
2457182.58701	16.749000000000002	0.013999999999999999
2457182.77905	16.758	0.012
2457182.9434700003	16.773	0.017
2457183.71086	16.772000000000002	0.013999999999999999
2457183.8892099997	16.777	0.015
2457184.69232	16.77	0.013999999999999999
2457184.87874	16.755	0.013999999999999999
2457185.6650400003	16.747	0.015
2457185.83874	16.779	0.015
2457186.7937	16.748	0.015
2457187.58249	16.765	0.013999999999999999
2457187.7662	16.766	0.013999999999999999
2457187.92752	16.772000000000002	0.017
2457188.73917	16.766	0.013999999999999999
2457189.5863900003	16.752	0.013999999999999999
2457189.77357	16.746	0.012
2457190.53464	16.76	0.018000000000000002
2457190.75922	16.769000000000002	0.012
2457191.59442	16.77	0.017
2457191.8539400003	16.757	0.015
2457193.59368	16.759	0.012
2457193.80384	16.746	0.011000000000000001
2457194.5238	16.745	0.008
2457194.57218	16.754	0.013999999999999999
2457194.6151799997	16.759	0.012
2457194.67286	16.743	0.009000000000000001
2457194.71923	16.745	0.011000000000000001
2457194.76258	16.761	0.011000000000000001
2457194.81329	16.775	0.009000000000000001
2457195.55754	16.743	0.009000000000000001
2457195.6110799997	16.709	0.009000000000000001
2457197.6039299998	16.772000000000002	0.012
2457197.78791	16.756	0.012
2457198.5831400002	16.762	0.013999999999999999
2457198.76927	16.777	0.013999999999999999
2457199.54544	16.755	0.013999999999999999
2457199.72781	16.747	0.011000000000000001
2457199.89023	16.767	0.013999999999999999
2457200.65859	16.756	0.011000000000000001
2457200.82985	16.758	0.012
2457202.80461	16.761	0.017
2457202.8213	16.744	0.018000000000000002
2457206.79539	16.776	0.017
2457207.60266	16.769000000000002	0.012
2457207.76744	16.757	0.017
2457209.69902	16.758	0.015
2457211.47797	16.767	0.02
2457211.64813	16.765	0.011000000000000001
2457211.81952	16.748	0.013999999999999999
2457214.59882	16.765	0.012
2457217.55694	16.771	0.02
2457217.80782	16.75	0.013999999999999999
2457219.67631	16.758	0.012
2457220.55813	16.761	0.012
2457220.7423400003	16.76	0.011000000000000001
2457221.54616	16.761	0.013999999999999999
2457221.72835	16.757	0.012
2457222.51212	16.743	0.015
2457222.72321	16.753	0.015
2457223.56325	16.769000000000002	0.015
2457223.74405	16.775	0.015
2457224.58911	16.768	0.015
2457224.80193	16.778	0.015
2457226.47305	16.753	0.018000000000000002
2457226.64874	16.749000000000002	0.012
2457226.81295	16.79	0.013999999999999999
2457227.6124	16.768	0.012
2457227.78563	16.759	0.013999999999999999
2457228.6170099997	16.766	0.012
2457229.47237	16.771	0.013999999999999999
2457229.63614	16.762	0.012
2457229.79505	16.782	0.012
2457235.65136	16.748	0.015
2457248.49895	16.733	0.017
2457249.49442	16.772000000000002	0.018000000000000002
2457249.6642299998	16.75	0.013999999999999999
2457250.66595	16.776	0.012
2457252.70303	16.76	0.013999999999999999
2457253.63515	16.782	0.011000000000000001
2457255.6080400003	16.759	0.013999999999999999
2457256.61081	16.730999999999998	0.017
2457257.6716	16.754	0.013999999999999999
2457258.59321	16.757	0.017
2457258.68092	16.74	0.015
2457261.63927	16.768	0.017
2457263.59142	16.750999999999998	0.012
2457264.53825	16.764	0.013999999999999999
2457265.4985700003	16.754	0.012
2457265.69331	16.757	0.013999999999999999
2457267.62465	16.739	0.012
2457268.6394599997	16.771	0.011000000000000001
2457269.62707	16.748	0.012
2457270.5657599997	16.75	0.012
2457271.52115	16.736	0.018000000000000002
2457272.5468200003	16.745	0.013999999999999999
2457273.67044	16.746	0.015
2457275.6678299997	16.758	0.015
2457277.6560400003	16.745	0.013999999999999999
2457278.64287	16.732	0.017
2457284.48419	16.750999999999998	0.012
2457291.58322	16.766	0.02
2457292.59548	16.775	0.018000000000000002
2457293.56658	16.762	0.012
2457294.57253	16.775	0.018000000000000002
2457295.5663900003	16.771	0.013999999999999999
2457297.56315	16.766	0.02
2457299.57603	16.759	0.015
2457301.51384	16.742	0.017
2457311.52211	16.765	0.012
2457313.49663	16.773	0.02
2457318.49877	16.752	0.017
2457322.5272	16.733	0.023
2457325.51428	16.749000000000002	0.017
2457331.50646	16.799	0.023
2457429.8769	16.775	0.017
2457430.8736	16.735	0.012
2457431.86121	16.757	0.013999999999999999
2457432.8651799997	16.759	0.015
2457433.88446	16.749000000000002	0.012
2457435.89303	16.743	0.02
2457437.85163	16.735	0.012
2457438.86535	16.735	0.013999999999999999
2457439.8917	16.75	0.013999999999999999
2457441.84645	16.736	0.015
2457442.85865	16.758	0.015
2457443.875	16.764	0.015
2457444.85271	16.759	0.015
2457445.8431599997	16.757	0.013999999999999999
2457446.84854	16.745	0.012
2457447.84877	16.74	0.012
2457448.85587	16.761	0.012
2457449.89461	16.756	0.012
2457452.81709	16.76	0.012
2457453.81433	16.76	0.011000000000000001
2457454.89104	16.738	0.012
2457455.90343	16.77	0.013999999999999999
2457456.91003	16.787	0.017
2457457.90673	16.76	0.018000000000000002
2457458.90081	16.758	0.012
2457460.90246	16.762999999999998	0.011000000000000001
2457461.9093	16.771	0.013999999999999999
2457462.89201	16.753	0.011000000000000001
2457464.82612	16.761	0.013999999999999999
2457465.85542	16.738	0.012
2457467.9101	16.748	0.012
2457470.8654400003	16.752	0.013999999999999999
2457471.82989	16.742	0.013999999999999999
2457472.78056	16.762	0.015
2457472.9134299997	16.759	0.013999999999999999
2457474.78597	16.76	0.013999999999999999
2457474.8877	16.756	0.011000000000000001
2457475.81698	16.744	0.017
2457476.80612	16.762999999999998	0.013999999999999999
2457480.7788	16.758	0.018000000000000002
2457480.92423	16.762999999999998	0.021
2457484.81704	16.752	0.012
2457485.7321900004	16.74	0.017
2457485.8366099996	16.762	0.012
2457486.7385299997	16.755	0.018000000000000002
2457486.83677	16.753	0.013999999999999999
2457487.72943	16.747	0.015
2457487.84597	16.747	0.013999999999999999
2457488.73189	16.735	0.013999999999999999
2457488.8542299997	16.759	0.011000000000000001
2457489.7842200003	16.773	0.015
2457489.8194	16.749000000000002	0.013999999999999999
2457491.74437	16.764	0.015
2457492.7281299997	16.77	0.013999999999999999
2457493.72067	16.758	0.013999999999999999
2457493.8390900004	16.772000000000002	0.011000000000000001
2457494.7019	16.739	0.013999999999999999
2457494.81485	16.753	0.011000000000000001
2457494.92733	16.749000000000002	0.013999999999999999
2457495.77245	16.738	0.012
2457495.89337	16.747	0.013999999999999999
2457497.91866	16.762	0.015
2457498.7853200003	16.753	0.013999999999999999
2457498.92318	16.745	0.013999999999999999
2457499.76512	16.756	0.013999999999999999
2457500.7072	16.761	0.015
2457500.80609	16.767	0.015
2457507.8151	16.757	0.012
2457507.92546	16.757	0.012
2457508.7650200003	16.764	0.009000000000000001
2457509.75861	16.738	0.013999999999999999
2457509.86142	16.754	0.012
2457511.71295	16.754	0.012
2457511.83263	16.758	0.011000000000000001
2457511.93324	16.753	0.012
2457512.9014	16.758	0.011000000000000001
2457512.91538	16.758	0.009000000000000001
2457516.72781	16.754	0.009000000000000001
2457522.83952	16.743	0.013999999999999999
2457522.94033	16.705	0.023
2457523.9368	16.735	0.013999999999999999
2457526.7105400003	16.76	0.017
2457526.85156	16.750999999999998	0.013999999999999999
2457528.79023	16.752	0.017
2457528.9429099998	16.766	0.023
2457529.89463	16.748	0.025
2457530.82252	16.744	0.015
2457534.68443	16.747	0.013999999999999999
2457534.79604	16.742	0.012
2457534.90173	16.747	0.012
2457536.67698	16.752	0.013999999999999999
2457536.7952799997	16.742	0.012
2457536.89949	16.727	0.012
2457545.8384	16.747	0.013999999999999999
2457545.94177	16.727999999999998	0.013999999999999999
2457546.7633700003	16.765	0.013999999999999999
2457546.8623900004	16.756	0.015
2457547.61525	16.739	0.013999999999999999
2457547.75728	16.764	0.012
2457547.85594	16.754	0.012
2457548.7053400003	16.744	0.009000000000000001
2457549.60007	16.749000000000002	0.013999999999999999
2457549.8665	16.750999999999998	0.012
2457550.62063	16.750999999999998	0.013999999999999999
2457550.76058	16.76	0.012
2457550.8594400003	16.755	0.013999999999999999
2457554.6479700003	16.745	0.013999999999999999
2457555.54911	16.779	0.017
2457555.65965	16.756	0.012
2457555.76682	16.767	0.012
2457555.88715	16.758	0.012
2457557.59959	16.727999999999998	0.015
2457557.712	16.741	0.015
2457557.85761	16.749000000000002	0.013999999999999999
2457561.61161	16.77	0.015
2457561.72908	16.764	0.012
2457561.82729	16.769000000000002	0.013999999999999999
2457562.59254	16.736	0.015
2457566.5629	16.757	0.015
2457566.6820400003	16.76	0.012
2457566.78386	16.738	0.013999999999999999
2457566.88123	16.752	0.021
2457567.59166	16.761	0.015
2457567.71282	16.74	0.012
2457567.81232	16.755	0.012
2457568.5852900003	16.72	0.015
2457568.70858	16.757	0.015
2457568.8125	16.764	0.013999999999999999
2457569.60275	16.743	0.015
2457569.72845	16.744	0.013999999999999999
2457569.8298	16.762	0.013999999999999999
2457570.68452	16.743	0.013999999999999999
2457570.86843	16.76	0.015
2457575.69077	16.761	0.011000000000000001
2457575.83255	16.748	0.012
2457576.6480099997	16.752	0.011000000000000001
2457576.7908799998	16.725	0.013999999999999999
2457579.61863	16.738	0.012
2457581.75293	16.743	0.012
2457583.7598099997	16.757	0.013999999999999999
2457584.61945	16.758	0.013999999999999999
2457584.7735	16.742	0.013999999999999999
2457589.5731200003	16.73	0.017
2457589.72678	16.765	0.017
2457590.52585	16.743	0.015
2457590.67356	16.768	0.013999999999999999
2457591.54126	16.767	0.017
2457593.6145599997	16.745	0.012
2457593.75514	16.74	0.012
2457596.52053	16.674	0.011000000000000001
2457599.58214	16.715	0.015
2457599.79827	16.737000000000002	0.015
2457600.70871	16.747	0.012
2457602.52165	16.742	0.017
2457602.68085	16.739	0.012
2457603.5010599997	16.727	0.012
2457603.6587	16.761	0.011000000000000001
2457604.48364	16.73	0.018000000000000002
2457604.62705	16.75	0.012
2457604.76665	16.734	0.012
2457605.6318	16.758	0.012
2457605.76895	16.755	0.013999999999999999
2457607.52983	16.721	0.013999999999999999
2457607.70433	16.737000000000002	0.012
2457608.62334	16.741	0.011000000000000001
2457609.47842	16.76	0.015
2457609.66358	16.747	0.012
2457610.5071900003	16.752	0.015
2457610.69553	16.758	0.012
2457611.734	16.717	0.017
2457612.61614	16.764	0.013999999999999999
2457612.7503	16.757	0.015
2457617.59224	16.738	0.017
2457618.47878	16.772000000000002	0.018000000000000002
2457618.6422599996	16.762	0.015
2457619.58562	16.761	0.018000000000000002
2457621.6556	16.74	0.013999999999999999
2457622.59319	16.752	0.012
2457623.5081	16.738	0.012
2457623.69045	16.729	0.012
2457624.6384400004	16.749000000000002	0.012
2457625.61319	16.730999999999998	0.012
2457626.5965	16.750999999999998	0.013999999999999999
2457630.5802700003	16.737000000000002	0.012
2457631.55736	16.748	0.011000000000000001
2457632.54157	16.756	0.013999999999999999
2457633.58406	16.704	0.015
2457635.4876	16.732	0.017
2457636.5523200002	16.724	0.015
2457637.5433099996	16.738	0.011000000000000001
2457638.53989	16.766	0.013999999999999999
2457639.60789	16.727	0.011000000000000001
2457644.53127	16.73	0.025
2457647.50605	16.767	0.02
2457648.54666	16.732	0.015
2457649.5717	16.742	0.012
2457650.60413	16.715	0.015
2457652.52467	16.719	0.012
2457653.57305	16.74	0.012
2457655.57512	16.719	0.012
2457657.52405	16.702	0.013999999999999999
2457660.48682	16.714000000000002	0.017
2457661.55685	16.748	0.017
2457664.5255400003	16.722	0.017
2457671.5169599997	16.706	0.02
2457675.53687	16.708	0.015
2457683.5183200003	16.723	0.012
2457792.8777	16.522000000000002	0.017
2457793.88447	16.522000000000002	0.013999999999999999
2457794.8914799998	16.512999999999998	0.018000000000000002
2457797.86414	16.499000000000002	0.017
2457799.85942	16.509	0.018000000000000002
2457801.84668	16.498	0.017
2457802.8949700003	16.491	0.017
2457808.8773	16.445	0.011000000000000001
2457809.87208	16.434	0.012
2457810.8670099997	16.430999999999997	0.011000000000000001
2457811.88609	16.424	0.012
2457813.8163799997	16.419	0.012
2457814.88878	16.412	0.009000000000000001
2457816.81463	16.407	0.013999999999999999
2457817.81105	16.402	0.011000000000000001
2457817.90153	16.399	0.009000000000000001
2457818.88762	16.402	0.009000000000000001
2457819.8741099997	16.382	0.009000000000000001
2457820.87682	16.384	0.009000000000000001
2457821.8745	16.375	0.011000000000000001
2457822.87024	16.347	0.011000000000000001
2457823.8555099997	16.367	0.011000000000000001
2457824.8516	16.343	0.012
2457825.8433	16.345	0.011000000000000001
2457826.80161	16.336	0.012
2457826.89153	16.347	0.011000000000000001
2457827.86655	16.337	0.009000000000000001
2457828.83597	16.322	0.011000000000000001
2457829.81729	16.317	0.015
2457830.82803	16.326	0.012
2457830.90971	16.305	0.011000000000000001
2457834.88326	16.28	0.011000000000000001
2457835.85044	16.281	0.011000000000000001
2457836.8031900004	16.275	0.013999999999999999
2457836.91594	16.282	0.012
2457837.84817	16.279	0.009000000000000001
2457838.7859400003	16.265	0.011000000000000001
2457838.90513	16.264	0.009000000000000001
2457839.85272	16.277	0.008
2457840.77764	16.26	0.011000000000000001
2457840.8975400003	16.262	0.008
2457841.83593	16.24	0.011000000000000001
2457842.75288	16.25	0.012
2457842.86111	16.246	0.011000000000000001
2457843.78466	16.248	0.011000000000000001
2457843.90341	16.256	0.009000000000000001
2457844.8215799998	16.227	0.011000000000000001
2457845.7303	16.229	0.012
2457845.84552	16.242	0.009000000000000001
2457846.7763400003	16.24	0.009000000000000001
2457846.88402	16.238	0.009000000000000001
2457847.78683	16.239	0.009000000000000001
2457847.9073400004	16.246	0.009000000000000001
2457848.8004400004	16.230999999999998	0.009000000000000001
2457848.92128	16.235	0.009000000000000001
2457849.8135900004	16.225	0.008
2457850.7183	16.245	0.012
2457850.82625	16.241	0.009000000000000001
2457851.7357900003	16.214000000000002	0.012
2457851.84383	16.237000000000002	0.009000000000000001
2457852.8415599996	16.229	0.011000000000000001
2457853.90593	16.24	0.011000000000000001
2457854.76682	16.227	0.009000000000000001
2457854.88808	16.247	0.009000000000000001
2457855.79691	16.234	0.011000000000000001
2457855.9193700003	16.243	0.009000000000000001
2457856.8075200003	16.246	0.012
2457857.84438	16.249000000000002	0.015
2457857.9089200003	16.235	0.011000000000000001
2457858.9095	16.255	0.009000000000000001
2457862.76605	16.235	0.012
2457862.87785	16.265	0.011000000000000001
2457863.83783	16.265	0.009000000000000001
2457864.8147299998	16.267	0.008
2457865.67608	16.250999999999998	0.009000000000000001
2457866.77991	16.302	0.009000000000000001
2457866.9133599997	16.295	0.008
2457867.78364	16.301	0.009000000000000001
2457867.91514	16.297	0.009000000000000001
2457868.86277	16.313	0.012
2457869.73075	16.299	0.009000000000000001
2457869.86058	16.302	0.009000000000000001
2457870.74194	16.313	0.008
2457870.8720400003	16.334	0.009000000000000001
2457871.75617	16.316	0.009000000000000001
2457871.89723	16.319000000000003	0.009000000000000001
2457872.75612	16.335	0.009000000000000001
2457872.9046400003	16.326	0.009000000000000001
2457873.7357	16.322	0.009000000000000001
2457873.86705	16.325	0.009000000000000001
2457874.69589	16.313	0.011000000000000001
2457874.8245599996	16.336	0.011000000000000001
2457874.93617	16.335	0.013999999999999999
2457875.90264	16.337	0.009000000000000001
2457876.70799	16.34	0.011000000000000001
2457876.84601	16.351	0.009000000000000001
2457877.66983	16.36	0.011000000000000001
2457877.79893	16.366	0.009000000000000001
2457878.66203	16.343	0.011000000000000001
2457878.83084	16.369	0.009000000000000001
2457879.66407	16.363	0.013999999999999999
2457879.7749	16.351	0.012
2457880.69615	16.379	0.013999999999999999
2457880.81754	16.371	0.011000000000000001
2457881.77173	16.378	0.013999999999999999
2457881.88626	16.378	0.013999999999999999
2457882.76054	16.396	0.012
2457882.89265	16.375	0.011000000000000001
2457889.93041	16.442999999999998	0.017
2457890.8138599996	16.427	0.015
2457893.64557	16.445	0.015
2457893.7625	16.465999999999998	0.012
2457893.88368	16.465	0.011000000000000001
2457894.62929	16.461	0.013999999999999999
2457894.75539	16.464000000000002	0.009000000000000001
2457894.86551	16.46	0.011000000000000001
2457895.62622	16.468	0.012
2457897.6702400004	16.479	0.012
2457900.91713	16.499000000000002	0.015
2457901.60567	16.506	0.015
2457901.73492	16.523	0.011000000000000001
2457902.59989	16.494	0.017
2457902.7148	16.517	0.011000000000000001
2457902.83697	16.497	0.013999999999999999
2457903.7648	16.496	0.015
2457903.88339	16.514	0.012
2457904.6252900003	16.502	0.012
2457904.74075	16.516	0.009000000000000001
2457904.86304	16.516	0.011000000000000001
2457905.59052	16.523	0.013999999999999999
2457905.70879	16.517	0.009000000000000001
2457905.83005	16.524	0.011000000000000001
2457905.9429	16.529	0.013999999999999999
2457906.64913	16.527	0.011000000000000001
2457906.77959	16.531	0.011000000000000001
2457906.88934	16.527	0.012
2457907.65858	16.53	0.012
2457907.7538400004	16.54	0.011000000000000001
2457908.60373	16.544	0.015
2457908.72109	16.512999999999998	0.011000000000000001
2457908.84172	16.535	0.011000000000000001
2457908.93623	16.54	0.013999999999999999
2457909.64452	16.534000000000002	0.012
2457909.76534	16.54	0.011000000000000001
2457909.86826	16.55	0.011000000000000001
2457910.56599	16.517	0.015
2457910.6602	16.547	0.012
2457910.7921599997	16.549	0.011000000000000001
2457910.9098400003	16.52	0.011000000000000001
2457911.62657	16.542	0.015
2457911.76038	16.554000000000002	0.018000000000000002
2457917.6074900003	16.564	0.013999999999999999
2457917.7241	16.564	0.011000000000000001
2457917.8338900004	16.562	0.013999999999999999
2457918.57614	16.577	0.015
2457922.5857	16.595	0.015
2457922.71643	16.583	0.013999999999999999
2457923.5878	16.597	0.013999999999999999
2457923.72475	16.586	0.017
2457923.8333799997	16.574	0.013999999999999999
2457924.6175599997	16.597	0.012
2457924.74449	16.598	0.011000000000000001
2457924.8519599997	16.612000000000002	0.012
2457925.64157	16.602	0.011000000000000001
2457925.77779	16.601	0.012
2457925.89727	16.593	0.013999999999999999
2457926.6808	16.619	0.012
2457926.81522	16.6	0.013999999999999999
2457928.65694	16.621	0.013999999999999999
2457932.6977	16.597	0.015
2457932.81862	16.612000000000002	0.013999999999999999
2457933.67961	16.611	0.015
2457933.80628	16.612000000000002	0.017
2457934.50386	16.605999999999998	0.015
2457934.61064	16.632	0.013999999999999999
2457934.7336	16.627	0.011000000000000001
2457934.8415099997	16.6	0.013999999999999999
2457935.59168	16.605999999999998	0.012
2457935.71411	16.636	0.012
2457935.8233	16.632	0.011000000000000001
2457935.88784	16.644000000000002	0.012
2457936.5748900003	16.616	0.012
2457936.71088	16.615	0.012
2457936.83077	16.625	0.013999999999999999
2457937.51627	16.62	0.015
2457937.62695	16.617	0.012
2457937.75907	16.631	0.013999999999999999
2457938.53957	16.637999999999998	0.015
2457938.65705	16.629	0.017
2457944.5085299998	16.649	0.018000000000000002
2457944.54921	16.636	0.013999999999999999
2457944.6006099996	16.634	0.013999999999999999
2457944.6499099997	16.643	0.013999999999999999
2457944.71122	16.65	0.013999999999999999
2457944.75949	16.647000000000002	0.013999999999999999
2457944.8117	16.635	0.018000000000000002
2457944.84224	16.656	0.026000000000000002
2457945.5479900003	16.645	0.013999999999999999
2457945.65949	16.632	0.012
2457945.77045	16.648	0.012
2457946.48331	16.625999999999998	0.015
2457946.60282	16.647000000000002	0.013999999999999999
2457946.73195	16.662	0.013999999999999999
2457946.8401099998	16.633	0.015
2457947.586	16.645	0.012
2457947.74682	16.649	0.015
2457948.4821200003	16.646	0.015
2457948.60689	16.646	0.011000000000000001
2457948.74524	16.654	0.012
2457948.8472599997	16.653	0.015
2457949.65033	16.647000000000002	0.013999999999999999
2457952.67513	16.668	0.012
2457952.7984599997	16.649	0.015
2457953.56824	16.669	0.012
2457953.69917	16.648	0.012
2457953.81684	16.672	0.013999999999999999
2457954.57457	16.67	0.011000000000000001
2457954.73233	16.660999999999998	0.011000000000000001
2457955.77543	16.665	0.012
2457956.57022	16.669	0.012
2457956.70322	16.665	0.012
2457957.5438200003	16.66	0.013999999999999999
2457957.74588	16.656	0.013999999999999999
2457958.6398099996	16.672	0.015
2457958.75346	16.660999999999998	0.012
2457959.50129	16.663	0.012
2457959.61594	16.67	0.011000000000000001
2457959.7316	16.658	0.011000000000000001
2457960.4877299997	16.688	0.015
2457960.62032	16.669	0.012
2457960.74115	16.669	0.012
2457961.57144	16.684	0.012
2457961.66594	16.68	0.011000000000000001
2457962.5007599997	16.679000000000002	0.011000000000000001
2457962.7634900003	16.676	0.012
2457964.5608900003	16.669	0.012
2457964.67588	16.671	0.012
2457965.65782	16.689	0.012
2457966.53077	16.659000000000002	0.017
2457966.6175	16.675	0.017
2457966.7288	16.692999999999998	0.015
2457967.65727	16.689	0.017
2457967.72522	16.675	0.015
2457971.50173	16.669	0.018000000000000002
2457971.54239	16.674	0.015
2457971.59222	16.704	0.017
2457971.6305299997	16.671	0.015
2457971.6796	16.688	0.015
2457971.7215299997	16.697	0.015
2457972.51387	16.7	0.02
2457972.55058	16.698	0.018000000000000002
2457972.60307	16.695	0.015
2457972.64745	16.677	0.017
2457972.70983	16.694000000000003	0.015
2457972.7462299997	16.697	0.02
2457973.63517	16.685	0.015
2457974.5002099997	16.708	0.013999999999999999
2457974.6157299997	16.691	0.013999999999999999
2457974.72975	16.680999999999997	0.013999999999999999
2457979.47732	16.695	0.013999999999999999
2457979.6117700003	16.689	0.011000000000000001
2457980.54758	16.705	0.015
2457980.66012	16.692	0.015
2457981.60143	16.695999999999998	0.012
2457982.49261	16.705	0.013999999999999999
2457982.62273	16.695999999999998	0.013999999999999999
2457983.5502299997	16.699	0.013999999999999999
2457983.6622	16.705	0.012
2457984.57575	16.697	0.013999999999999999
2457985.5040700003	16.686	0.017
2457985.6214799997	16.706	0.017
2457986.59886	16.695	0.012
2457987.51873	16.698	0.011000000000000001
2457987.6480799997	16.684	0.011000000000000001
2457990.57881	16.697	0.013999999999999999
2457991.4964900003	16.687	0.012
2457991.62979	16.691	0.013999999999999999
2457992.5458400003	16.709	0.012
2457993.4804700003	16.698	0.013999999999999999
2457993.5931599997	16.692	0.013999999999999999
2457994.527	16.703	0.015
2457994.63813	16.715999999999998	0.015
2458000.48141	16.687	0.015
2458000.53583	16.688	0.018000000000000002
2458000.5769700003	16.704	0.018000000000000002
2458000.63288	16.721	0.017
2458001.56104	16.721	0.012
2458002.5318400003	16.746	0.025
2458003.55284	16.703	0.02
2458004.5639	16.701	0.017
2458007.5168	16.732	0.017
2458008.5362299997	16.707	0.015
2458010.5665700003	16.725	0.015
2458012.50105	16.707	0.013999999999999999
2458013.50519	16.739	0.012
2458014.52417	16.714000000000002	0.012
2458015.51197	16.703	0.017
2458016.52984	16.711	0.015
2458017.5548	16.735	0.012
2458019.4857099997	16.727999999999998	0.013999999999999999
2458020.5328599997	16.750999999999998	0.015
2458026.51275	16.733	0.017
2458026.55596	16.743	0.017
2458030.48788	16.726	0.013999999999999999
2458035.56523	16.737000000000002	0.017
2458037.549	16.735	0.02
2458039.53335	16.722	0.017
2458041.507	16.717	0.013999999999999999
2458049.52856	16.735	0.011000000000000001
2458056.50287	16.732	0.02
