2455377.71763	17.683	0.022000000000000002
2455378.56904	17.676	0.022000000000000002
2455378.8439599997	17.688	0.03
2455379.75843	17.677	0.022000000000000002
2455380.58793	17.687	0.022000000000000002
2455380.8404599996	17.685	0.035
2455381.71561	17.7	0.036000000000000004
2455382.58589	17.68	0.033
2455382.7929	17.637	0.036000000000000004
2455385.71534	17.701	0.021
2455386.5059	17.683	0.022000000000000002
2455386.5879900004	17.686	0.021
2455386.67225	17.674	0.021
2455386.81127	17.71	0.022000000000000002
2455387.79815	17.708	0.024
2455388.75305	17.68	0.022000000000000002
2455389.62011	17.715999999999998	0.025
2455390.5882200003	17.692999999999998	0.027000000000000003
2455391.48073	17.666	0.033
2455391.82339	17.669	0.025
2455392.74115	17.689	0.021
2455393.73183	17.717	0.032
2455396.62963	17.685	0.025
2455397.69111	17.648	0.03
2455403.47148	17.680999999999997	0.025
2455403.6639799997	17.672	0.024
2455404.53478	17.688	0.025
2455404.73372	17.688	0.035
2455405.74744	17.682000000000002	0.027999999999999997
2455407.6020400003	17.688	0.027999999999999997
2455408.52229	17.687	0.033
2455408.72432	17.655	0.025
2455409.7031	17.69	0.024
2455410.70654	17.698	0.024
2455411.7434400003	17.689	0.022000000000000002
2455412.6579	17.713	0.033
2455413.73533	17.683	0.022000000000000002
2455414.75968	17.711	0.025
2455418.63406	17.695	0.021
2455421.65655	17.699	0.022000000000000002
2455422.76021	17.67	0.027000000000000003
2455426.49393	17.685	0.036000000000000004
2455430.56457	17.695999999999998	0.027999999999999997
2455431.55975	17.677	0.027000000000000003
2455434.5247	17.708	0.027999999999999997
2455435.4958	17.67	0.027999999999999997
2455436.49351	17.692	0.027000000000000003
2455438.52886	17.675	0.027000000000000003
2455439.5968299997	17.726	0.032
2455443.61106	17.656	0.025
2455444.63667	17.659000000000002	0.027000000000000003
2455446.51909	17.675	0.024
2455447.53455	17.667	0.022000000000000002
2455448.6666200003	17.723	0.03
2455450.54715	17.722	0.03
2455453.4824200002	17.7	0.043
2455457.5778799998	17.692999999999998	0.024
2455458.60297	17.679000000000002	0.039
2455460.48526	17.708	0.035
2455461.51628	17.712	0.040999999999999995
2455462.53628	17.692	0.027999999999999997
2455465.53761	17.715999999999998	0.033
2455467.51932	17.675	0.021
2455469.51741	17.687	0.021
2455470.5416200003	17.679000000000002	0.025
2455471.54713	17.69	0.025
2455472.48953	17.671	0.027000000000000003
2455472.58422	17.695	0.027000000000000003
2455473.53025	17.745	0.03
2455476.53057	17.668	0.036000000000000004
2455478.50944	17.713	0.027000000000000003
2455479.53865	17.702	0.033
2455480.5219400004	17.660999999999998	0.033
2455481.49078	17.644000000000002	0.040999999999999995
2455485.53764	17.694000000000003	0.035
2455486.52396	17.680999999999997	0.033
2455487.50695	17.695	0.025
2455488.49089	17.659000000000002	0.032
2455488.55718	17.663	0.033
2455489.54779	17.662	0.038
2455490.54385	17.680999999999997	0.043
2455493.51637	17.632	0.046
2455495.49422	17.715999999999998	0.033
2455497.4969200003	17.705	0.046
2455499.50135	17.709	0.040999999999999995
2455504.50061	17.683	0.046
2455598.8698	17.708	0.025
2455599.8599099996	17.695	0.024
2455600.8563599996	17.683	0.024
2455616.8946599998	17.663	0.027999999999999997
2455622.89392	17.684	0.019
2455625.82755	17.689	0.024
2455627.82053	17.662	0.025
2455628.9037099998	17.684	0.024
2455629.8310700003	17.662	0.025
2455631.85976	17.707	0.024
2455632.91035	17.679000000000002	0.032
2455633.81484	17.698	0.021
2455634.8086	17.656	0.027000000000000003
2455637.8443299998	17.673	0.027000000000000003
2455639.78435	17.657	0.027999999999999997
2455640.90699	17.7	0.027000000000000003
2455643.7617	17.689	0.027000000000000003
2455644.9106400004	17.654	0.027999999999999997
2455648.76406	17.652	0.024
2455649.90246	17.667	0.019
2455651.86942	17.679000000000002	0.022000000000000002
2455654.80106	17.684	0.022000000000000002
2455656.7726	17.701	0.021
2455658.7598	17.68	0.03
2455659.81891	17.66	0.022000000000000002
2455662.73073	17.679000000000002	0.027999999999999997
2455664.80437	17.668	0.025
2455665.92802	17.663	0.027000000000000003
2455669.79211	17.675	0.022000000000000002
2455675.75035	17.657	0.035
2455677.7071	17.711	0.024
2455679.89921	17.662	0.019
2455681.76866	17.695	0.021
2455683.7144400002	17.707	0.019
2455685.6595900003	17.677	0.024
2455686.93206	17.723	0.03
2455690.64511	17.666	0.022000000000000002
2455691.85548	17.846	0.027999999999999997
2455693.66323	17.697	0.022000000000000002
2455694.78702	17.702	0.022000000000000002
2455695.9185200003	17.69	0.022000000000000002
2455697.6659	17.682000000000002	0.022000000000000002
2455698.75179	17.682000000000002	0.03
2455705.7844599998	17.719	0.025
2455707.7134700003	17.692999999999998	0.022000000000000002
2455708.78681	17.679000000000002	0.027000000000000003
2455712.79454	17.67	0.022000000000000002
2455715.67497	17.697	0.021
2455716.8428599997	17.713	0.027999999999999997
2455722.68935	17.714000000000002	0.022000000000000002
2455723.83127	17.692999999999998	0.022000000000000002
2455725.7292	17.683	0.022000000000000002
2455734.86422	17.631	0.036000000000000004
2455736.67836	17.692	0.017
2455737.76793	17.685	0.021
2455739.58372	17.68	0.027000000000000003
2455740.6680400004	17.67	0.022000000000000002
2455741.73368	17.687	0.021
2455742.74647	17.69	0.019
2455743.85885	17.7	0.032
2455745.53028	17.699	0.025
2455746.7192599997	17.685	0.024
2455748.67928	17.742	0.024
2455752.60571	17.644000000000002	0.040999999999999995
2455760.76596	17.678	0.025
2455762.5419400004	17.673	0.024
2455763.67829	17.709	0.022000000000000002
2455764.78754	17.691	0.025
2455766.6027599997	17.673	0.019
2455767.75642	17.7	0.027999999999999997
2455769.53068	17.687	0.021
2455776.5433799997	17.715999999999998	0.033
2455778.5323099997	17.69	0.027999999999999997
2455785.56549	17.702	0.035
2455787.52321	17.659000000000002	0.025
2455788.7247200003	17.705	0.043
2455793.55961	17.704	0.022000000000000002
2455795.57163	17.679000000000002	0.038
2455801.56212	17.67	0.025
2455804.62454	17.692	0.024
2455807.63889	17.660999999999998	0.027000000000000003
2455815.48204	17.692999999999998	0.025
2455817.57981	17.686	0.03
2455819.6585	17.666	0.033
2455822.60399	17.687	0.025
2455827.59258	17.669	0.032
2455829.56147	17.685	0.022000000000000002
2455831.57156	17.659000000000002	0.022000000000000002
2455833.5801	17.668	0.027999999999999997
2455836.56472	17.69	0.035
2455840.59145	17.697	0.027999999999999997
2455842.56268	17.715999999999998	0.032
2455844.5707099997	17.73	0.038
2455847.5613	17.654	0.052000000000000005
2455852.55382	17.703	0.035
2455858.50312	17.749000000000002	0.044000000000000004
2455977.89598	17.703	0.027000000000000003
2455983.82524	17.684	0.027000000000000003
2455986.81036	17.685	0.027000000000000003
2455989.8094	17.736	0.025
2455991.85751	17.68	0.021
2455994.7951599997	17.704	0.03
2455996.82823	17.680999999999997	0.025
2455998.84707	17.692	0.022000000000000002
2456003.8931	17.692999999999998	0.027000000000000003
2456005.8785599996	17.705	0.019
2456007.85587	17.699	0.021
2456009.78134	17.692	0.021
2456010.8964299997	17.665	0.017
2456012.83866	17.698	0.019
2456014.76088	17.688	0.021
2456015.84437	17.703	0.017
2456017.7724599997	17.722	0.019
2456018.8659099997	17.668	0.022000000000000002
2456020.74604	17.679000000000002	0.022000000000000002
2456021.80547	17.683	0.021
2456022.887	17.692999999999998	0.024
2456025.7171099996	17.652	0.036000000000000004
2456031.81013	17.67	0.021
2456033.76079	17.646	0.025
2456036.7157799997	17.699	0.021
2456038.7541400003	17.698	0.027000000000000003
2456040.82116	17.672	0.021
2456047.74867	17.689	0.017
2456049.69754	17.673	0.021
2456050.87465	17.69	0.021
2456052.93727	17.687	0.032
2456061.8022	17.705	0.021
2456062.9279099996	17.689	0.024
2456064.94125	17.636	0.03
2456066.80821	17.669	0.019
2456067.86895	17.688	0.019
2456069.69318	17.734	0.019
2456070.7692400003	17.692	0.021
2456071.83797	17.674	0.019
2456076.59119	17.712	0.024
2456077.82251	17.734	0.021
2456078.88834	17.653	0.021
2456080.57338	17.658	0.03
2456081.6069799997	17.692	0.03
2456082.67745	17.711	0.047
2456085.8013299997	17.673	0.025
2456086.81142	17.69	0.022000000000000002
2456088.66608	17.683	0.019
2456092.85197	17.698	0.022000000000000002
2456094.61956	17.676	0.025
2456096.75275	17.7	0.025
2456098.55183	17.717	0.03
2456099.78351	17.74	0.03
2456101.54074	17.688	0.024
2456102.59082	17.712	0.024
2456103.6003900003	17.654	0.021
2456104.6825599996	17.7	0.017
2456105.73741	17.646	0.022000000000000002
2456108.81342	17.635	0.022000000000000002
2456109.6958	17.682000000000002	0.03
2456113.76406	17.718	0.025
2456114.8599799997	17.726	0.046
2456116.59234	17.689	0.019
2456117.68402	17.687	0.019
2456118.73657	17.695	0.017
2456119.74193	17.665	0.021
2456121.5045	17.736	0.021
2456123.64029	17.666	0.021
2456124.75365	17.701	0.021
2456126.49546	17.624000000000002	0.022000000000000002
2456128.51595	17.676	0.019
2456132.61392	17.684	0.027999999999999997
2456134.56753	17.672	0.032
2456136.59927	17.686	0.033
2456136.62594	17.66	0.035
2456141.5107	17.692999999999998	0.027000000000000003
2456149.74358	17.692999999999998	0.03
2456152.51443	17.698	0.024
2456157.69387	17.702	0.03
2456159.56651	17.708	0.022000000000000002
2456161.59722	17.680999999999997	0.027999999999999997
2456179.6035700003	17.822	0.036000000000000004
2456182.52644	17.704	0.022000000000000002
2456191.52086	17.651	0.025
2456196.54738	17.682000000000002	0.027999999999999997
2456199.54233	17.649	0.036000000000000004
2456204.52779	17.669	0.024
2456211.5109599996	17.691	0.022000000000000002
2456213.5646900004	17.675	0.032
2456218.54031	17.678	0.03
2456221.50514	17.616	0.044000000000000004
2456233.55348	17.697	0.035
2456238.5400900003	17.709	0.032
2456341.87019	17.71	0.025
2456347.84592	17.646	0.022000000000000002
2456350.8867	17.682000000000002	0.022000000000000002
2456354.84622	17.64	0.019
2456362.83483	17.707	0.021
2456367.88791	17.69	0.017
2456370.77264	17.686	0.021
2456371.90484	17.699	0.017
2456372.89756	17.686	0.019
2456374.8653599997	17.712	0.021
2456376.82305	17.69	0.022000000000000002
2456378.76859	17.695	0.022000000000000002
2456379.88776	17.71	0.022000000000000002
2456381.85177	17.667	0.017
2456386.77695	17.691	0.021
2456387.87224	17.717	0.019
2456389.80497	17.737000000000002	0.019
2456390.87405	17.685	0.021
2456393.84815	17.74	0.024
2456395.85157	17.695	0.017
2456397.82577	17.701	0.017
2456399.73912	17.697	0.024
2456401.7719799997	17.655	0.016
2456403.7000599997	17.674	0.019
2456404.89635	17.718	0.022000000000000002
2456407.819	17.664	0.024
2456415.75257	17.686	0.025
2456417.66781	17.662	0.025
2456418.76522	17.677	0.019
2456419.92784	17.705	0.021
2456421.92258	17.692999999999998	0.025
2456423.90869	17.649	0.021
2456426.7801	17.715999999999998	0.019
2456428.9128900003	17.7	0.024
2456432.68367	17.702	0.022000000000000002
2456433.78595	17.664	0.024
2456435.63588	17.69	0.027000000000000003
2456436.705	17.672	0.021
2456437.9224	17.682000000000002	0.040999999999999995
2456442.7710599997	17.667	0.017
2456444.90012	17.679000000000002	0.024
2456446.93347	17.680999999999997	0.025
2456448.5524	17.709	0.032
2456449.59914	17.707	0.021
2456450.649	17.703	0.019
2456451.71772	17.685	0.021
2456452.8374400004	17.649	0.017
2456454.87842	17.637999999999998	0.021
2456456.76491	17.663	0.016
2456458.61741	17.718	0.022000000000000002
2456459.6681	17.673	0.017
2456461.55797	17.632	0.022000000000000002
2456462.8344799997	17.694000000000003	0.022000000000000002
2456463.8835299998	17.647000000000002	0.022000000000000002
2456468.60336	17.702	0.027000000000000003
2456469.7730799997	17.715999999999998	0.022000000000000002
2456473.59633	17.695999999999998	0.021
2456474.67107	17.699	0.022000000000000002
2456475.76351	17.694000000000003	0.022000000000000002
2456476.8138099997	17.719	0.022000000000000002
2456478.5751	17.673	0.022000000000000002
2456480.63279	17.676	0.022000000000000002
2456481.7883	17.678	0.024
2456485.64381	17.695999999999998	0.017
2456486.77339	17.712	0.019
2456490.65503	17.695999999999998	0.021
2456491.8070400003	17.741	0.027999999999999997
2456496.5574	17.7	0.033
2456498.59013	17.669	0.016
2456500.68438	17.695	0.025
2456505.51562	17.709	0.024
2456507.66955	17.707	0.032
2456509.6148099997	17.706	0.016
2456511.49422	17.703	0.025
2456515.48044	17.685	0.017
2456518.61853	17.674	0.017
2456523.58157	17.701	0.022000000000000002
2456525.61106	17.668	0.035
2456531.58589	17.659000000000002	0.019
2456534.5507400003	17.695999999999998	0.022000000000000002
2456539.52142	17.732	0.021
2456544.56099	17.712	0.019
2456551.4895900004	17.69	0.036000000000000004
2456559.58245	17.732	0.025
2456563.56523	17.657	0.025
2456565.61994	17.685	0.027000000000000003
2456569.58245	17.633	0.021
2456572.56947	17.729	0.027000000000000003
2456577.49764	17.629	0.046
2456581.5392	17.721	0.03
2456584.5417400002	17.747	0.040999999999999995
2456701.87793	17.66	0.019
2456708.88666	17.67	0.021
2456714.8515	17.695999999999998	0.027000000000000003
2456717.8576	17.735	0.025
2456720.81006	17.632	0.024
2456722.8479400002	17.737000000000002	0.024
2456724.87017	17.625	0.024
2456726.85908	17.662	0.021
2456728.86416	17.69	0.017
2456730.83395	17.663	0.025
2456732.88917	17.754	0.024
2456734.84471	17.699	0.021
2456736.76973	17.674	0.03
2456737.87185	17.64	0.017
2456741.8711900003	17.7	0.025
2456742.8306299997	17.657	0.017
2456745.7732	17.692999999999998	0.021
2456746.8297099997	17.713	0.021
2456748.9046400003	17.723	0.021
2456751.81073	17.695999999999998	0.016
2456754.8216	17.684	0.03
2456756.8667200003	17.692	0.019
2456758.9149599997	17.717	0.025
2456760.85403	17.689	0.016
2456762.8045900003	17.71	0.019
2456764.7751599997	17.643	0.017
2456765.9271	17.669	0.024
2456769.84368	17.697	0.017
2456771.7218299997	17.688	0.019
2456772.88908	17.711	0.017
2456774.766	17.692	0.027000000000000003
2456776.7036599996	17.725	0.022000000000000002
2456784.6683099996	17.698	0.021
2456785.6562	17.667	0.019
2456786.6639900003	17.662	0.021
2456790.6842099996	17.652	0.027000000000000003
2456791.74056	17.658	0.025
2456792.78186	17.685	0.024
2456796.84203	17.692999999999998	0.025
2456797.92454	17.778	0.039
2456803.7944	17.683	0.019
2456804.81109	17.66	0.021
2456805.86002	17.652	0.027999999999999997
2456807.8443299998	17.691	0.03
2456808.86724	17.649	0.027000000000000003
2456809.91747	17.69	0.027999999999999997
2456810.9455	17.682000000000002	0.047
2456813.66102	17.692	0.027000000000000003
2456814.77083	17.66	0.021
2456815.84201	17.664	0.022000000000000002
2456817.57673	17.652	0.027000000000000003
2456818.5606400003	17.71	0.035
2456819.82535	17.73	0.039
2456824.68134	17.692999999999998	0.025
2456825.71265	17.686	0.024
2456826.73314	17.654	0.021
2456827.8022	17.663	0.022000000000000002
2456828.84909	17.688	0.025
2456829.8215099997	17.67	0.025
2456830.85417	17.67	0.022000000000000002
2456832.60695	17.679000000000002	0.025
2456833.6926700003	17.685	0.025
2456834.6882700003	17.678	0.021
2456835.75083	17.697	0.024
2456836.78417	17.708	0.027999999999999997
2456837.79531	17.667	0.024
2456838.79559	17.67	0.027000000000000003
2456839.81211	17.698	0.027999999999999997
2456841.56113	17.669	0.022000000000000002
2456842.61043	17.657	0.024
2456844.65204	17.654	0.021
2456845.6274	17.7	0.022000000000000002
2456847.6129900003	17.695	0.024
2456851.5863200002	17.686	0.035
2456852.65232	17.62	0.035
2456855.72249	17.686	0.022000000000000002
2456856.74875	17.691	0.024
2456857.7951	17.695999999999998	0.027999999999999997
2456859.63607	17.692999999999998	0.024
2456863.48943	17.684	0.021
2456864.56721	17.695999999999998	0.022000000000000002
2456870.6748599997	17.722	0.024
2456873.5207	17.655	0.025
2456879.71263	17.705	0.036000000000000004
2456881.6745	17.718	0.033
2456883.55787	17.678	0.022000000000000002
2456886.49469	17.664	0.025
2456887.67729	17.701	0.022000000000000002
2456889.60879	17.671	0.022000000000000002
2456891.5365	17.685	0.022000000000000002
2456896.5029599997	17.65	0.022000000000000002
2456907.4821	17.674	0.025
2456909.58637	17.7	0.035
2456915.48465	17.671	0.027000000000000003
2456920.5145	17.707	0.033
2456924.5603400003	17.644000000000002	0.024
2456927.55745	17.649	0.03
2456930.5936	17.745	0.038
2456931.50092	17.688	0.024
2456932.5575	17.567999999999998	0.046
2456938.57809	17.647000000000002	0.038
2456944.49365	17.684	0.025
2456949.54112	17.685	0.038
2456953.51505	17.67	0.03
2456955.54314	17.724	0.027999999999999997
2457066.8775400002	17.632	0.027999999999999997
2457071.84791	17.595	0.021
2457074.8720299997	17.613	0.024
2457075.84815	17.672	0.025
2457077.83477	17.64	0.027000000000000003
2457078.88845	17.635	0.021
2457081.8865	17.631	0.025
2457083.81929	17.584	0.027000000000000003
2457084.83651	17.659000000000002	0.024
2457086.8934400002	17.611	0.021
2457089.79443	17.633	0.025
2457091.83587	17.608	0.022000000000000002
2457093.85647	17.631	0.022000000000000002
2457098.91021	17.605	0.019
2457100.89448	17.601	0.021
2457108.84335	17.637	0.024
2457109.7932	17.657	0.021
2457110.91678	17.604	0.019
2457112.88187	17.587	0.019
2457113.91545	17.608	0.022000000000000002
2457116.71985	17.564	0.027000000000000003
2457117.9216	17.62	0.024
2457120.7370700003	17.593	0.022000000000000002
2457125.87586	17.602999999999998	0.021
2457129.8204900003	17.602	0.019
2457131.72035	17.602999999999998	0.021
2457133.8404200003	17.576	0.021
2457135.6997	17.582	0.019
2457136.83263	17.6	0.019
2457138.6741299997	17.612000000000002	0.025
2457139.83344	17.602	0.019
2457141.6595	17.59	0.021
2457142.7749099997	17.611	0.021
2457143.89622	17.587	0.019
2457145.8457299997	17.619	0.027000000000000003
2457146.8714	17.549	0.024
2457147.89328	17.585	0.022000000000000002
2457153.74723	17.585	0.017
2457154.8629799997	17.616	0.019
2457155.92956	17.613	0.021
2457157.87418	17.582	0.021
2457159.61136	17.585	0.022000000000000002
2457160.67809	17.608	0.021
2457161.75873	17.581	0.016
2457162.81844	17.587	0.021
2457163.87072	17.558	0.022000000000000002
2457166.63335	17.607	0.03
2457169.6054700003	17.573	0.021
2457170.63712	17.63	0.021
2457172.68337	17.594	0.024
2457173.71411	17.558	0.022000000000000002
2457174.71289	17.629	0.025
2457175.7338	17.607	0.024
2457176.92382	17.593	0.027000000000000003
2457178.73255	17.612000000000002	0.036000000000000004
2457179.68109	17.637999999999998	0.027999999999999997
2457180.6764	17.593	0.022000000000000002
2457181.69729	17.62	0.021
2457182.7088900004	17.577	0.019
2457183.7124	17.604	0.022000000000000002
2457184.76079	17.653	0.024
2457185.76827	17.579	0.024
2457186.9188599996	17.628	0.035
2457187.92898	17.582	0.027000000000000003
2457189.64324	17.59	0.022000000000000002
2457190.7042400003	17.58	0.019
2457191.87347	17.605999999999998	0.027999999999999997
2457194.74934	17.59	0.019
2457197.8369299998	17.582	0.022000000000000002
2457198.86926	17.584	0.027000000000000003
2457199.86137	17.619	0.022000000000000002
2457200.84655	17.587	0.019
2457202.6459	17.647000000000002	0.027999999999999997
2457206.72313	17.59	0.027000000000000003
2457207.73988	17.655	0.033
2457211.47934	17.588	0.027999999999999997
2457211.8576599997	17.674	0.038
2457217.62458	17.641	0.03
2457220.50259	17.589000000000002	0.025
2457221.5331900003	17.615	0.024
2457222.59431	17.633	0.022000000000000002
2457223.73075	17.628	0.024
2457225.48777	17.61	0.022000000000000002
2457226.7319900002	17.588	0.019
2457227.74241	17.635	0.022000000000000002
2457229.4736599997	17.611	0.022000000000000002
2457235.73561	17.594	0.027999999999999997
2457249.62744	17.598	0.022000000000000002
2457252.70437	17.601	0.025
2457255.6529900003	17.609	0.021
2457258.54652	17.632	0.036000000000000004
2457258.60619	17.639	0.039
2457263.5627900003	17.637	0.024
2457265.51716	17.629	0.021
2457268.49961	17.625999999999998	0.019
2457270.49755	17.639	0.021
2457272.5838	17.637999999999998	0.027999999999999997
2457277.53153	17.628	0.022000000000000002
2457281.57295	17.643	0.027000000000000003
2457292.58232	17.708	0.043
2457295.57109	17.654	0.027000000000000003
2457300.49285	17.654	0.033
2457317.53287	17.64	0.036000000000000004
2457324.5038099997	17.652	0.039
2457329.51373	17.621	0.033
2457436.83818	17.656	0.027999999999999997
2457438.89244	17.69	0.033
2457441.8708599997	17.629	0.024
2457445.8813400003	17.657	0.021
2457447.90279	17.631	0.036000000000000004
2457451.90294	17.643	0.025
2457453.8862900003	17.668	0.019
2457456.8442	17.668	0.022000000000000002
2457458.87269	17.667	0.022000000000000002
2457461.8720400003	17.667	0.019
2457463.9095400004	17.657	0.021
2457466.90912	17.662	0.021
2457470.86723	17.674	0.03
2457472.7854	17.656	0.027000000000000003
2457474.80383	17.687	0.025
2457475.8442700002	17.685	0.035
2457476.7834900003	17.675	0.022000000000000002
2457479.8332	17.635	0.043
2457484.91707	17.637	0.021
2457486.8385400004	17.698	0.027000000000000003
2457488.73365	17.667	0.024
2457491.7461	17.652	0.025
2457492.79148	17.666	0.019
2457493.77895	17.687	0.021
2457494.76555	17.702	0.019
2457495.74588	17.647000000000002	0.024
2457497.89194	17.645	0.024
2457498.88987	17.694000000000003	0.025
2457499.8530200003	17.660999999999998	0.022000000000000002
2457500.7935099998	17.648	0.027000000000000003
2457507.83132	17.707	0.021
2457508.88209	17.667	0.019
2457511.72859	17.663	0.017
2457516.6406400003	17.655	0.025
2457516.65533	17.665	0.024
2457523.88363	17.644000000000002	0.024
2457526.89798	17.719	0.03
2457530.76931	17.669	0.027000000000000003
2457534.89072	17.66	0.022000000000000002
2457536.88552	17.688	0.025
2457546.75237	17.648	0.021
2457547.6616599998	17.691	0.021
2457548.85805	17.660999999999998	0.019
2457549.92422	17.689	0.032
2457550.90356	17.687	0.03
2457555.64598	17.698	0.024
2457557.5855	17.687	0.027000000000000003
2457561.74697	17.683	0.022000000000000002
2457566.60359	17.667	0.027000000000000003
2457567.53746	17.625	0.027999999999999997
2457567.85739	17.692	0.027999999999999997
2457569.54897	17.705	0.027000000000000003
2457570.69863	17.666	0.021
2457575.6922400002	17.687	0.017
2457576.70313	17.671	0.021
2457579.74266	17.646	0.027000000000000003
2457584.62104	17.677	0.024
2457589.61681	17.634	0.027999999999999997
2457590.6340799998	17.691	0.022000000000000002
2457593.61642	17.663	0.021
2457596.58183	17.702	0.019
2457600.62018	17.69	0.024
2457600.64842	17.666	0.024
2457602.68217	17.69	0.024
2457603.72473	17.687	0.024
2457604.72977	17.67	0.021
2457605.77025	17.666	0.027000000000000003
2457607.74741	17.683	0.027999999999999997
2457609.59033	17.687	0.021
2457610.72617	17.742	0.025
2457612.6927099996	17.721	0.03
2457617.5482900003	17.637999999999998	0.03
2457618.67253	17.714000000000002	0.038
2457622.5150200003	17.674	0.022000000000000002
2457623.67695	17.655	0.025
2457625.6290700003	17.671	0.024
2457630.64083	17.668	0.022000000000000002
2457632.64674	17.7	0.027000000000000003
2457636.53873	17.658	0.03
2457638.58519	17.658	0.024
2457644.6091299998	17.717	0.040999999999999995
2457649.52802	17.683	0.021
2457651.6068700003	17.635	0.025
2457657.5814	17.617	0.024
2457660.54425	17.660999999999998	0.027000000000000003
2457672.5455099996	17.736	0.033
2457679.53627	17.684	0.043
2457800.87004	17.705	0.027000000000000003
2457807.8782200003	17.691	0.021
2457811.82871	17.672	0.024
2457814.89212	17.683	0.021
2457817.87456	17.684	0.021
2457819.90787	17.657	0.027999999999999997
2457822.8735599997	17.697	0.025
2457825.81687	17.734	0.027000000000000003
2457827.82394	17.725	0.027000000000000003
2457829.8346	17.65	0.03
2457835.84455	17.691	0.033
2457837.7496	17.692	0.024
2457838.82036	17.657	0.022000000000000002
2457839.88128	17.709	0.019
2457841.76892	17.721	0.027999999999999997
2457842.80863	17.686	0.025
2457843.85008	17.709	0.022000000000000002
2457844.89402	17.712	0.024
2457846.75512	17.685	0.022000000000000002
2457847.78084	17.67	0.024
2457848.80964	17.687	0.021
2457849.8481400004	17.712	0.019
2457850.87793	17.7	0.021
2457851.9139	17.724	0.024
2457854.71441	17.712	0.032
2457855.75945	17.68	0.024
2457856.78593	17.703	0.032
2457858.9112	17.7	0.025
2457862.91603	17.67	0.024
2457865.71583	17.701	0.021
2457866.72749	17.691	0.022000000000000002
2457867.74652	17.704	0.019
2457868.83206	17.729	0.032
2457869.85446	17.705	0.021
2457870.88202	17.72	0.021
2457871.9065099997	17.688	0.022000000000000002
2457872.93	17.692	0.024
2457873.9117400004	17.676	0.022000000000000002
2457874.88374	17.694000000000003	0.022000000000000002
2457876.67032	17.685	0.027999999999999997
2457877.64844	17.703	0.024
2457877.93513	17.704	0.032
2457879.6509599998	17.628	0.027999999999999997
2457880.70542	17.748	0.032
2457881.79511	17.718	0.036000000000000004
2457882.79642	17.711	0.032
2457890.70654	17.713	0.03
2457893.70055	17.683	0.027000000000000003
2457894.59677	17.691	0.032
2457894.84383	17.672	0.022000000000000002
2457897.64843	17.698	0.027999999999999997
2457901.7165099997	17.726	0.025
2457902.7085700002	17.694000000000003	0.022000000000000002
2457903.78985	17.756	0.036000000000000004
2457904.703	17.7	0.019
2457905.56882	17.689	0.027000000000000003
2457905.82393	17.674	0.021
2457906.7134599998	17.702	0.019
2457907.59264	17.692999999999998	0.027000000000000003
2457908.5721400003	17.688	0.032
2457908.82043	17.695999999999998	0.022000000000000002
2457909.69476	17.703	0.024
2457909.91853	17.709	0.027000000000000003
2457910.7387200003	17.702	0.022000000000000002
2457911.60495	17.65	0.036000000000000004
2457916.58984	17.695999999999998	0.027999999999999997
2457916.7900799997	17.703	0.024
2457917.6360299997	17.715999999999998	0.025
2457917.8735	17.725	0.035
2457922.5810599998	17.688	0.03
2457923.5970099997	17.682000000000002	0.024
2457923.8686900004	17.695	0.027999999999999997
2457924.68034	17.668	0.021
2457925.58946	17.680999999999997	0.024
2457925.85603	17.72	0.027999999999999997
2457926.7905900003	17.69	0.027999999999999997
2457928.58635	17.707	0.024
2457929.58745	17.684	0.024
2457932.61751	17.719	0.025
2457933.7558	17.722	0.027999999999999997
2457934.69515	17.713	0.021
2457935.51304	17.695	0.024
2457935.7700799997	17.684	0.019
2457936.66268	17.717	0.022000000000000002
2457937.49393	17.692	0.027999999999999997
2457937.75283	17.703	0.027000000000000003
2457938.66121	17.7	0.035
2457944.5646	17.697	0.027000000000000003
2457944.66665	17.721	0.027000000000000003
2457944.78822	17.694000000000003	0.033
2457945.60462	17.674	0.022000000000000002
2457945.84215	17.695	0.032
2457946.7093	17.698	0.024
2457947.61175	17.682000000000002	0.024
2457948.51743	17.671	0.021
2457948.8007900002	17.682000000000002	0.03
2457949.73281	17.747	0.036000000000000004
2457953.5019	17.677	0.022000000000000002
2457953.77733	17.745	0.027000000000000003
2457954.69697	17.706	0.019
2457956.52306	17.702	0.024
2457956.79703	17.695999999999998	0.027999999999999997
2457958.63341	17.7	0.027000000000000003
2457959.52647	17.689	0.022000000000000002
2457959.7765099998	17.67	0.022000000000000002
2457960.68132	17.712	0.021
2457961.6596	17.7	0.021
2457962.77911	17.699	0.027000000000000003
2457964.6908299997	17.706	0.022000000000000002
2457966.53495	17.724	0.035
2457967.57951	17.680999999999997	0.032
2457971.47635	17.674	0.043
2457971.57228	17.676	0.033
2457971.66898	17.673	0.047
2457972.50552	17.723	0.043
2457972.60603	17.701	0.035
2457972.7141400003	17.677	0.033
2457973.75041	17.680999999999997	0.049
2457974.7072	17.665	0.03
2457979.60541	17.667	0.021
2457980.66901	17.672	0.039
2457982.53578	17.738	0.027000000000000003
2457983.59031	17.702	0.022000000000000002
2457984.64803	17.705	0.024
2457986.57467	17.692999999999998	0.017
2457987.64157	17.652	0.021
2457991.50684	17.714000000000002	0.024
2457992.5702400003	17.691	0.024
2457993.6333	17.704	0.027000000000000003
2457998.4980900004	17.69	0.027000000000000003
2458000.5231	17.719	0.036000000000000004
2458000.62463	17.732	0.038
2458002.52507	17.641	0.046
2458004.5570799997	17.754	0.032
2458008.55497	17.676	0.027000000000000003
2458012.53575	17.705	0.022000000000000002
2458014.56365	17.702	0.024
2458017.49228	17.692999999999998	0.027000000000000003
2458020.47859	17.703	0.040999999999999995
2458026.5045	17.660999999999998	0.035
2458030.48085	17.706	0.032
2458040.49411	17.665	0.038
2458041.51656	17.686	0.027999999999999997
2458054.51583	17.750999999999998	0.047
