2455377.74818	17.01	0.016
2455378.62547	17.006	0.013999999999999999
2455378.8692099997	17.027	0.018000000000000002
2455379.78354	17.017	0.016
2455380.64405	17.017	0.013999999999999999
2455381.52721	16.996	0.023
2455381.741	17.016	0.021
2455382.61603	17.024	0.021
2455382.82411	16.993	0.021
2455385.82603	17.006	0.013999999999999999
2455386.5339599997	17.003	0.013999999999999999
2455386.61627	16.998	0.013999999999999999
2455386.70068	17.011	0.013000000000000001
2455386.8406	17.02	0.016
2455387.82577	17.014	0.016
2455388.7802	17.007	0.013999999999999999
2455389.69093	17.003	0.013999999999999999
2455390.6535	17.008	0.02
2455391.51987	17.023	0.017
2455391.84822	17.000999999999998	0.018000000000000002
2455392.78826	16.998	0.013999999999999999
2455393.7645099997	17.005	0.018000000000000002
2455396.67822	17.02	0.013999999999999999
2455396.7128	16.994	0.013999999999999999
2455397.76232	16.979	0.021
2455403.49662	16.998	0.016
2455403.6891900003	16.984	0.017
2455404.5600400004	17.004	0.016
2455404.759	17.02	0.017
2455405.77264	17.0	0.017
2455407.62904	17.01	0.02
2455408.5474099996	17.032	0.02
2455408.74945	16.999000000000002	0.02
2455409.75157	16.995	0.016
2455410.75595	17.008	0.017
2455411.76889	17.000999999999998	0.018000000000000002
2455412.6887	17.006	0.018000000000000002
2455413.7607299997	17.031	0.017
2455416.60561	16.985	0.017
2455418.6693599997	17.012	0.013999999999999999
2455421.68512	17.007	0.017
2455423.50281	17.01	0.013999999999999999
2455426.5197799997	17.003	0.02
2455430.59001	16.995	0.017
2455431.58502	17.008	0.016
2455432.53093	16.984	0.024
2455434.5559900003	17.002	0.017
2455435.5233299998	16.986	0.016
2455436.5479599996	16.993	0.017
2455438.5806299997	16.997	0.017
2455439.6222599996	17.01	0.02
2455443.63639	17.007	0.013999999999999999
2455444.6621	17.003	0.017
2455446.5510400003	16.997	0.016
2455447.56131	17.004	0.013999999999999999
2455449.49426	17.006	0.018000000000000002
2455450.5726400004	17.015	0.016
2455453.53385	16.985	0.02
2455457.60571	17.021	0.017
2455459.4953900003	17.006	0.017
2455460.5159400003	17.009	0.017
2455461.5428	17.008	0.034
2455462.5972599997	16.982	0.016
2455465.54076	17.023	0.02
2455469.54074	17.008	0.013999999999999999
2455471.57634	17.003	0.016
2455473.50429	17.007	0.018000000000000002
2455478.49669	17.004	0.017
2455480.5486	16.980999999999998	0.018000000000000002
2455485.54075	16.991	0.02
2455487.53386	17.012	0.018000000000000002
2455489.53439	16.995	0.02
2455493.521	17.025	0.027000000000000003
2455497.5318	16.995	0.018000000000000002
2455598.8798700003	17.012999999999998	0.02
2455599.88737	17.035999999999998	0.024
2455600.87595	17.008	0.013999999999999999
2455616.90213	17.04	0.025
2455622.9014	17.031	0.017
2455625.83511	17.027	0.016
2455627.8284299998	17.0	0.013999999999999999
2455628.9111599997	17.022000000000002	0.024
2455629.83887	17.009	0.016
2455631.86721	17.02	0.013999999999999999
2455633.82227	17.007	0.013999999999999999
2455634.81605	16.999000000000002	0.016
2455637.85287	17.022000000000002	0.016
2455639.81099	16.995	0.017
2455640.8031099997	16.999000000000002	0.017
2455640.89007	17.006	0.016
2455641.79849	16.99	0.016
2455642.76424	16.99	0.017
2455642.86018	16.996	0.016
2455642.88007	16.997	0.016
2455643.7856400004	16.997	0.016
2455643.88391	17.008	0.013999999999999999
2455644.79314	16.996	0.02
2455644.90894	17.011	0.017
2455648.77605	17.02	0.016
2455648.88397	17.016	0.013999999999999999
2455649.78142	17.0	0.013999999999999999
2455649.8878900004	17.003	0.013000000000000001
2455650.77354	17.000999999999998	0.013000000000000001
2455650.88019	17.03	0.013999999999999999
2455651.7958	16.992	0.013999999999999999
2455651.91432	17.000999999999998	0.013000000000000001
2455652.8385	17.02	0.011000000000000001
2455653.89434	17.01	0.013000000000000001
2455654.81707	17.007	0.013999999999999999
2455654.90004	17.015	0.013999999999999999
2455655.8078	17.027	0.013999999999999999
2455655.89305	17.021	0.013000000000000001
2455656.84392	17.014	0.013000000000000001
2455657.8053200003	17.02	0.013000000000000001
2455657.89225	17.019000000000002	0.011000000000000001
2455658.80142	17.018	0.013999999999999999
2455658.89873	17.016	0.013999999999999999
2455659.75286	17.02	0.013999999999999999
2455659.8310599998	17.002	0.013999999999999999
2455659.92159	17.0	0.013999999999999999
2455660.80516	17.002	0.013999999999999999
2455660.92008	17.011	0.018000000000000002
2455662.79633	17.045	0.013999999999999999
2455662.89812	17.019000000000002	0.013999999999999999
2455664.76068	17.042	0.02
2455664.86255	17.03	0.016
2455665.7433599997	16.961	0.02
2455665.8535	17.003	0.013999999999999999
2455667.74846	16.998	0.016
2455668.72329	17.011	0.017
2455669.7423799997	17.007	0.017
2455670.72448	17.006	0.017
2455670.9104299997	17.018	0.017
2455675.78659	17.005	0.016
2455676.7132900003	17.012999999999998	0.011000000000000001
2455676.9026599997	16.999000000000002	0.013000000000000001
2455677.8410400003	17.015	0.013000000000000001
2455679.75416	17.004	0.013000000000000001
2455680.65964	17.026	0.018000000000000002
2455680.83977	17.008	0.013000000000000001
2455681.72769	17.016	0.013000000000000001
2455681.91429	17.011	0.013999999999999999
2455682.81754	17.011	0.013000000000000001
2455683.79219	17.015	0.013999999999999999
2455684.69508	17.025	0.013999999999999999
2455684.90648	16.983	0.013999999999999999
2455685.8758099996	17.000999999999998	0.013000000000000001
2455686.78746	16.997	0.013000000000000001
2455687.67224	17.012999999999998	0.017
2455688.83172	17.007	0.013999999999999999
2455689.78986	17.019000000000002	0.013000000000000001
2455690.78236	17.02	0.016
2455691.71061	17.014	0.016
2455691.91107	17.037	0.016
2455692.7945	17.017	0.013999999999999999
2455693.62517	17.007	0.017
2455693.81866	17.005	0.013000000000000001
2455694.63788	16.99	0.016
2455694.8276299997	17.015	0.013999999999999999
2455695.64802	16.998	0.018000000000000002
2455695.8670200002	17.005	0.013000000000000001
2455696.6841599997	16.999000000000002	0.016
2455696.8555400004	17.01	0.016
2455697.69944	16.992	0.016
2455697.85753	16.991	0.013999999999999999
2455698.69755	17.025	0.021
2455698.85635	17.016	0.017
2455703.8190599997	16.99	0.021
2455705.8344	17.006	0.016
2455706.772	17.02	0.02
2455706.7752799997	17.018	0.018000000000000002
2455707.6642299998	17.002	0.013999999999999999
2455707.8309	17.007	0.013999999999999999
2455708.6444	17.014	0.013999999999999999
2455708.8341099997	17.024	0.016
2455709.79465	16.999000000000002	0.011000000000000001
2455712.737	17.019000000000002	0.013000000000000001
2455713.74455	17.012	0.011000000000000001
2455714.63035	16.991	0.013999999999999999
2455714.64381	17.032	0.013999999999999999
2455715.68695	17.008	0.013000000000000001
2455715.8629900003	16.991	0.016
2455716.75898	17.016	0.013999999999999999
2455721.56266	17.012	0.016
2455721.57661	17.012999999999998	0.013999999999999999
2455721.8331	17.037	0.016
2455722.66008	17.019000000000002	0.013999999999999999
2455722.67366	17.000999999999998	0.013999999999999999
2455723.5619200002	17.000999999999998	0.016
2455723.7390099997	17.023	0.013999999999999999
2455724.5599599998	17.002	0.02
2455724.78771	17.025	0.017
2455725.71361	17.006	0.013000000000000001
2455726.61473	17.008	0.018000000000000002
2455726.78717	17.048	0.018000000000000002
2455734.76917	17.005	0.018000000000000002
2455735.69642	17.009	0.016
2455736.63662	16.994	0.011000000000000001
2455736.85139	17.014	0.013999999999999999
2455737.64513	17.009	0.011000000000000001
2455737.82687	16.998	0.013000000000000001
2455738.6718900003	17.000999999999998	0.011000000000000001
2455739.55663	17.005	0.013999999999999999
2455739.7421	17.012	0.013000000000000001
2455740.5336700003	17.022000000000002	0.016
2455740.74055	17.003	0.013000000000000001
2455741.51122	16.994	0.016
2455741.6831799997	16.999000000000002	0.013000000000000001
2455741.84987	17.014	0.013999999999999999
2455742.60572	17.003	0.013999999999999999
2455742.78328	17.004	0.013000000000000001
2455743.65542	16.994	0.016
2455743.8321	16.993	0.016
2455744.5904	17.035999999999998	0.016
2455744.8088700003	16.996	0.016
2455745.58893	16.992	0.016
2455745.76559	17.012999999999998	0.016
2455746.61111	17.003	0.016
2455746.7979200003	16.973	0.018000000000000002
2455747.69288	16.976	0.018000000000000002
2455748.67201	16.988	0.013000000000000001
2455749.6315099997	17.017	0.013999999999999999
2455749.79813	17.003	0.018000000000000002
2455752.71142	17.031	0.017
2455753.59107	16.986	0.025
2455759.8338900004	17.019000000000002	0.02
2455760.58798	16.984	0.017
2455760.77712	16.986	0.013999999999999999
2455761.6173	17.043	0.013000000000000001
2455762.63309	16.997	0.018000000000000002
2455763.50661	17.0	0.013999999999999999
2455763.68953	17.003	0.013999999999999999
2455764.5129299997	17.018	0.013999999999999999
2455764.69061	16.998	0.013000000000000001
2455765.5548400003	16.992	0.013999999999999999
2455765.754	17.031	0.018000000000000002
2455766.62751	17.012999999999998	0.013000000000000001
2455767.50147	17.012	0.017
2455767.71425	17.02	0.016
2455768.55362	17.018	0.013999999999999999
2455768.74163	17.005	0.013999999999999999
2455769.58214	16.998	0.016
2455769.78713	17.045	0.017
2455775.6837299997	17.003	0.013999999999999999
2455776.73969	16.992	0.018000000000000002
2455777.67268	17.005	0.013000000000000001
2455778.57773	17.019000000000002	0.017
2455779.7137700003	17.017	0.013999999999999999
2455785.54132	16.979	0.021
2455785.72571	17.009	0.023
2455786.67367	16.972	0.018000000000000002
2455787.52177	16.99	0.016
2455787.70668	17.000999999999998	0.017
2455788.6233599996	16.991	0.016
2455790.51114	17.022000000000002	0.021
2455790.6838	17.000999999999998	0.016
2455793.51799	17.021	0.013999999999999999
2455793.6908400003	17.035999999999998	0.016
2455794.60511	17.006	0.013999999999999999
2455795.613	17.019000000000002	0.02
2455796.58675	17.018	0.017
2455801.48313	17.0	0.016
2455801.66624	17.0	0.016
2455803.59275	17.012	0.018000000000000002
2455804.6485200003	17.012	0.017
2455805.6134099998	17.014	0.013999999999999999
2455807.56801	16.994	0.016
2455812.55338	16.992	0.021
2455813.53786	17.003	0.016
2455815.50797	17.0	0.013999999999999999
2455815.6678400002	17.021	0.016
2455816.6436400004	17.007	0.023
2455817.64507	16.983	0.02
2455818.62567	16.99	0.023
2455819.6326900003	17.021	0.017
2455820.60938	16.977	0.017
2455822.55925	16.991	0.016
2455823.48645	16.983	0.021
2455823.57735	17.01	0.017
2455824.50275	17.002	0.016
2455824.59661	16.996	0.013999999999999999
2455825.51613	17.022000000000002	0.017
2455825.62095	16.997	0.017
2455826.54589	17.018	0.016
2455827.48555	16.986	0.023
2455827.56443	16.989	0.018000000000000002
2455828.48526	17.007	0.016
2455828.57448	17.016	0.017
2455829.50042	17.003	0.017
2455829.58537	16.99	0.013999999999999999
2455830.52244	17.038	0.013999999999999999
2455830.59855	16.982	0.016
2455831.57015	17.008	0.013999999999999999
2455832.51599	17.01	0.013999999999999999
2455832.5952	17.021	0.018000000000000002
2455833.55352	17.021	0.013999999999999999
2455834.51314	17.007	0.013000000000000001
2455834.59018	16.969	0.013999999999999999
2455836.48784	17.035	0.021
2455836.56179	16.99	0.018000000000000002
2455839.51793	17.012	0.02
2455839.5915200002	17.012999999999998	0.027000000000000003
2455840.55496	16.97	0.017
2455841.48955	17.015	0.02
2455841.572	16.995	0.018000000000000002
2455842.53574	17.000999999999998	0.021
2455843.48805	17.021	0.02
2455843.57221	17.026	0.017
2455844.51661	17.011	0.018000000000000002
2455844.59512	17.005	0.024
2455845.5565	16.982	0.021
2455846.5197	16.984	0.021
2455850.54345	17.024	0.013999999999999999
2455851.50676	17.016	0.016
2455852.53613	17.031	0.023
2455854.52723	17.01	0.018000000000000002
2455855.51577	16.999000000000002	0.018000000000000002
2455856.51443	17.014	0.021
2455857.5323900003	16.881	0.023
2455859.5342099997	17.007	0.017
2455862.51834	17.015	0.018000000000000002
2455971.8785900003	17.014	0.013999999999999999
2455976.88412	17.011	0.013000000000000001
2455977.8816400003	17.012	0.013999999999999999
2455978.89194	17.006	0.013999999999999999
2455979.89649	16.991	0.025
2455982.83442	17.03	0.016
2455983.84737	17.014	0.013000000000000001
2455984.8407400004	17.004	0.013000000000000001
2455985.82635	17.025	0.016
2455986.81695	17.018	0.016
2455986.8919599997	17.024	0.013999999999999999
2455987.85882	17.035999999999998	0.013999999999999999
2455988.8487299997	17.021	0.013999999999999999
2455989.82973	17.0	0.013999999999999999
2455990.80611	16.99	0.016
2455990.87721	17.011	0.013000000000000001
2455991.8522900003	16.985	0.013000000000000001
2455992.82787	17.022000000000002	0.013999999999999999
2455993.81138	17.022000000000002	0.018000000000000002
2455993.90326	17.014	0.016
2455994.86863	17.008	0.016
2455995.80522	17.034000000000002	0.016
2455995.88255	17.026	0.013999999999999999
2455996.82502	17.012	0.016
2455996.9094	17.003	0.013999999999999999
2455997.86717	17.012999999999998	0.013999999999999999
2455998.80737	17.016	0.016
2455998.89762	17.02	0.013999999999999999
2455999.84081	17.008	0.013999999999999999
2455999.91676	17.01	0.02
2456004.7625599997	16.999000000000002	0.016
2456004.8572	17.039	0.013999999999999999
2456005.7749900003	16.996	0.013000000000000001
2456005.87381	16.998	0.013000000000000001
2456006.79428	17.01	0.013000000000000001
2456006.89225	17.016	0.013000000000000001
2456007.79556	17.006	0.013999999999999999
2456007.89073	17.009	0.013000000000000001
2456008.78914	17.019000000000002	0.013999999999999999
2456008.88564	17.022000000000002	0.013999999999999999
2456009.79062	17.022000000000002	0.013000000000000001
2456009.88594	17.023	0.013000000000000001
2456010.78229	17.011	0.013000000000000001
2456010.88048	16.995	0.011000000000000001
2456011.76838	16.995	0.013999999999999999
2456011.88631	17.03	0.017
2456012.78665	17.006	0.013000000000000001
2456012.88402	17.000999999999998	0.011000000000000001
2456013.78075	17.021	0.013000000000000001
2456013.88296	17.026	0.013000000000000001
2456014.75772	17.008	0.017
2456014.85629	17.028	0.013000000000000001
2456015.7348599997	17.051	0.013999999999999999
2456015.813	17.012999999999998	0.011000000000000001
2456015.90366	17.011	0.011000000000000001
2456016.79565	17.007	0.013000000000000001
2456016.8991799997	16.999000000000002	0.011000000000000001
2456017.7820200003	17.011	0.011000000000000001
2456017.87875	17.009	0.011000000000000001
2456018.77038	17.007	0.013999999999999999
2456018.8491599998	17.018	0.013000000000000001
2456019.74901	16.992	0.017
2456019.8456099997	17.000999999999998	0.013000000000000001
2456019.9240099997	17.006	0.016
2456020.78078	16.979	0.013000000000000001
2456020.87575	17.015	0.011000000000000001
2456021.7365200003	17.038	0.017
2456021.8139	17.004	0.013000000000000001
2456021.91156	17.006	0.013000000000000001
2456022.76225	17.024	0.013999999999999999
2456022.85794	17.037	0.013999999999999999
2456023.7171400003	17.002	0.016
2456023.79777	17.012999999999998	0.013000000000000001
2456023.9016299997	17.006	0.013000000000000001
2456024.75507	17.037	0.017
2456024.8566	17.022000000000002	0.013999999999999999
2456025.72812	16.977999999999998	0.018000000000000002
2456025.8086	16.969	0.021
2456026.70211	17.022000000000002	0.024
2456031.82118	17.029	0.013999999999999999
2456032.75073	17.012	0.013000000000000001
2456032.93126	17.015	0.021
2456033.88276	16.997	0.013999999999999999
2456034.82588	17.008	0.013000000000000001
2456036.72876	17.008	0.011000000000000001
2456037.71465	16.99	0.013999999999999999
2456037.9105700003	17.033	0.013999999999999999
2456038.87549	17.009	0.013000000000000001
2456039.8679299997	17.014	0.013999999999999999
2456040.84406	16.991	0.013000000000000001
2456041.78795	17.024	0.013999999999999999
2456045.9227	17.01	0.013999999999999999
2456047.74707	17.014	0.011000000000000001
2456048.68693	16.996	0.013000000000000001
2456048.87242	17.011	0.013000000000000001
2456049.8078799997	16.997	0.011000000000000001
2456050.68475	17.004	0.013999999999999999
2456050.8730200003	17.0	0.013000000000000001
2456052.68215	17.029	0.017
2456052.85832	17.011	0.013999999999999999
2456053.7137700003	16.995	0.016
2456053.90558	17.006	0.016
2456058.7455	17.024	0.016
2456058.9160700003	17.024	0.016
2456060.81231	17.015	0.013000000000000001
2456061.70042	17.003	0.013999999999999999
2456061.87811	17.017	0.013999999999999999
2456062.74926	16.997	0.016
2456062.9263400002	17.016	0.017
2456063.9150400003	17.006	0.013999999999999999
2456064.84526	17.04	0.013000000000000001
2456065.67483	17.004	0.013999999999999999
2456066.6121900002	16.993	0.013999999999999999
2456066.7933799997	17.011	0.013999999999999999
2456067.59689	17.023	0.013999999999999999
2456067.76418	17.02	0.011000000000000001
2456067.93063	17.01	0.013000000000000001
2456068.8032400003	17.031	0.013000000000000001
2456069.73339	17.007	0.011000000000000001
2456069.92078	16.99	0.011000000000000001
2456070.71918	16.989	0.013000000000000001
2456070.89625	17.019000000000002	0.013000000000000001
2456071.69444	17.007	0.013000000000000001
2456071.87447	17.008	0.013000000000000001
2456075.6746900002	17.033	0.011000000000000001
2456075.85788	17.024	0.013000000000000001
2456075.86186	17.006	0.011000000000000001
2456076.72525	17.015	0.011000000000000001
2456076.90145	16.982	0.013999999999999999
2456077.8470900003	17.025	0.011000000000000001
2456078.6491799997	17.012	0.013999999999999999
2456078.82988	17.032	0.013999999999999999
2456079.62673	17.038	0.013000000000000001
2456079.8174900003	16.999000000000002	0.013000000000000001
2456080.59717	16.998	0.017
2456080.76405	17.021	0.013999999999999999
2456080.94307	16.984	0.017
2456081.7171099996	17.01	0.016
2456081.8930200003	16.969	0.02
2456082.7146	17.018	0.021
2456082.91193	16.986	0.025
2456085.71809	17.041	0.032
2456085.87847	17.011	0.027999999999999997
2456086.6549400003	17.021	0.013999999999999999
2456086.84587	16.979	0.013999999999999999
2456087.72787	17.046	0.017
2456088.60095	17.015	0.013000000000000001
2456089.6819700003	17.032	0.013000000000000001
2456089.92966	17.021	0.018000000000000002
2456092.80716	16.999000000000002	0.011000000000000001
2456093.63172	17.028	0.013999999999999999
2456093.83212	17.026	0.013999999999999999
2456094.68063	17.025	0.016
2456094.85592	17.007	0.016
2456096.6765400004	17.014	0.013999999999999999
2456096.87131	16.987000000000002	0.018000000000000002
2456097.8037	17.009	0.016
2456098.5991599998	17.01	0.017
2456098.77633	17.012	0.013999999999999999
2456099.71526	17.023	0.018000000000000002
2456100.62542	16.999000000000002	0.013000000000000001
2456100.81073	16.964000000000002	0.018000000000000002
2456101.5770799997	17.004	0.013999999999999999
2456101.75478	17.014	0.013000000000000001
2456102.54142	17.016	0.017
2456102.7165200002	17.008	0.013000000000000001
2456102.87562	17.004	0.017
2456103.6356599997	17.022000000000002	0.013000000000000001
2456103.8327599997	17.006	0.013999999999999999
2456104.6189099997	16.997	0.013000000000000001
2456104.78876	17.018	0.011000000000000001
2456105.54432	16.980999999999998	0.018000000000000002
2456105.73594	17.023	0.013999999999999999
2456108.54392	17.007	0.017
2456108.72928	17.002	0.013000000000000001
2456108.87839	17.02	0.016
2456109.7198799998	16.976	0.021
2456109.8755799998	17.018	0.02
2456113.68512	16.997	0.017
2456113.84106	17.004	0.018000000000000002
2456114.70877	16.984	0.013999999999999999
2456114.86154	17.035999999999998	0.027999999999999997
2456115.64701	17.002	0.013999999999999999
2456116.51491	16.999000000000002	0.013000000000000001
2456116.68685	16.998	0.013000000000000001
2456117.49206	17.006	0.016
2456117.6688200003	17.002	0.013000000000000001
2456117.82639	17.023	0.016
2456118.59964	17.027	0.013000000000000001
2456118.78499	17.028	0.013000000000000001
2456119.56251	17.006	0.013999999999999999
2456119.72797	17.0	0.013000000000000001
2456120.5926599996	17.035999999999998	0.013000000000000001
2456120.77361	17.012999999999998	0.016
2456121.56589	16.99	0.011000000000000001
2456121.73528	17.016	0.011000000000000001
2456123.61395	16.984	0.013999999999999999
2456123.7833	17.011	0.013000000000000001
2456124.6019099997	17.02	0.013000000000000001
2456124.7925400003	17.015	0.013999999999999999
2456125.61829	17.004	0.013999999999999999
2456125.8017599997	16.988	0.013999999999999999
2456126.64988	17.017	0.013999999999999999
2456127.5362	16.999000000000002	0.016
2456128.5572099998	17.003	0.011000000000000001
2456130.55204	16.995	0.016
2456131.63428	16.968	0.01
2456132.65723	17.02	0.013999999999999999
2456133.60381	16.980999999999998	0.013999999999999999
2456134.52441	17.011	0.017
2456135.49174	16.994	0.017
2456135.71023	17.002	0.013999999999999999
2456140.49487	17.029	0.023
2456140.67478	17.018	0.025
2456141.5217	17.000999999999998	0.016
2456141.69643	16.991	0.016
2456142.5649200003	17.01	0.018000000000000002
2456147.5805099998	17.032	0.013999999999999999
2456148.5109200003	16.999000000000002	0.011000000000000001
2456148.69826	17.011	0.011000000000000001
2456150.55127	17.012	0.013999999999999999
2456151.55612	17.006	0.017
2456151.71663	17.024	0.013999999999999999
2456152.6060599997	16.998	0.013000000000000001
2456154.5417400002	17.002	0.013999999999999999
2456157.6924799997	17.016	0.017
2456158.6321099997	17.021	0.013999999999999999
2456159.55207	17.03	0.016
2456160.5207700003	17.021	0.013999999999999999
2456160.7269099997	17.023	0.016
2456161.6315099997	17.016	0.013000000000000001
2456164.6056	16.989	0.023
2456167.60789	17.016	0.027000000000000003
2456168.61937	16.96	0.018000000000000002
2456169.6099900003	16.999000000000002	0.013999999999999999
2456171.5633799997	16.996	0.016
2456172.5224099997	17.000999999999998	0.013000000000000001
2456175.4840700002	17.01	0.013999999999999999
2456175.65547	17.017	0.018000000000000002
2456179.6430099998	17.029	0.018000000000000002
2456180.62902	17.003	0.018000000000000002
2456181.5906700003	17.021	0.013000000000000001
2456182.5984099996	17.008	0.013999999999999999
2456184.48723	17.006	0.013999999999999999
2456185.59535	17.022000000000002	0.013000000000000001
2456186.61111	16.999000000000002	0.013999999999999999
2456191.50231	16.983	0.017
2456195.4954	17.002	0.013999999999999999
2456195.58581	16.987000000000002	0.013999999999999999
2456196.49615	17.005	0.016
2456196.58346	17.021	0.016
2456197.498	16.995	0.017
2456197.58623	17.0	0.017
2456199.51799	16.977	0.02
2456200.61694	16.965	0.02
2456202.5665	16.972	0.018000000000000002
2456203.55893	16.991	0.02
2456204.5057	16.992	0.013999999999999999
2456204.5890599997	17.009	0.016
2456205.53527	16.984	0.011000000000000001
2456205.60954	17.018	0.013999999999999999
2456209.5542	17.016	0.02
2456210.50619	17.012999999999998	0.013999999999999999
2456210.58342	17.008	0.016
2456211.5334799998	16.974	0.013000000000000001
2456212.53279	16.976	0.013999999999999999
2456212.5934	16.985	0.016
2456213.5617400003	17.002	0.017
2456214.54231	17.011	0.017
2456216.5419099997	17.008	0.016
2456217.4986	17.009	0.013000000000000001
2456217.5746400002	17.015	0.013999999999999999
2456218.54998	16.999000000000002	0.017
2456221.53699	17.0	0.031
2456223.5389400003	17.015	0.018000000000000002
2456224.51775	17.026	0.023
2456227.52167	16.988	0.017
2456232.5071900003	17.043	0.021
2456234.53026	17.006	0.021
2456239.5164799998	16.938	0.018000000000000002
2456334.85933	16.998	0.013999999999999999
2456334.8934299997	17.017	0.023
2456335.87084	17.017	0.013000000000000001
2456337.88318	17.022000000000002	0.013999999999999999
2456338.86077	16.997	0.013999999999999999
2456339.87717	16.996	0.011000000000000001
2456340.8873	17.037	0.013000000000000001
2456344.8333900003	17.012	0.011000000000000001
2456345.84905	17.002	0.013000000000000001
2456347.85556	17.002	0.013999999999999999
2456348.84958	17.011	0.013000000000000001
2456350.87043	17.004	0.013999999999999999
2456351.87087	16.982	0.013999999999999999
2456352.86673	17.017	0.013000000000000001
2456353.84209	17.004	0.013000000000000001
2456354.8571900004	17.02	0.013999999999999999
2456358.86282	17.070999999999998	0.013999999999999999
2456360.84827	16.996	0.011000000000000001
2456361.8338099997	17.024	0.013000000000000001
2456362.8316599997	16.999000000000002	0.013000000000000001
2456362.8577	17.006	0.013000000000000001
2456363.8275	17.006	0.013999999999999999
2456367.84638	17.019000000000002	0.011000000000000001
2456368.78248	17.023	0.013999999999999999
2456368.8747900003	16.988	0.011000000000000001
2456369.81397	17.004	0.013000000000000001
2456370.7662299997	17.014	0.013000000000000001
2456370.86061	17.02	0.013000000000000001
2456371.78193	17.046	0.013000000000000001
2456371.86969	17.02	0.01
2456372.77468	16.995	0.013000000000000001
2456372.86323	16.997	0.011000000000000001
2456373.79126	17.016	0.013999999999999999
2456373.8802099996	17.032	0.013999999999999999
2456374.79776	17.006	0.016
2456374.88689	17.02	0.013000000000000001
2456375.79426	16.997	0.013000000000000001
2456375.9031	17.007	0.011000000000000001
2456376.8182200002	17.012999999999998	0.013999999999999999
2456376.89992	16.994	0.011000000000000001
2456377.83018	17.004	0.011000000000000001
2456377.91241	16.999000000000002	0.013000000000000001
2456378.8256200003	16.993	0.011000000000000001
2456378.90625	16.993	0.011000000000000001
2456379.8117400003	17.015	0.013000000000000001
2456379.8977900003	17.045	0.013999999999999999
2456380.8027	17.011	0.013000000000000001
2456380.8263	17.006	0.013000000000000001
2456380.91303	16.98	0.011000000000000001
2456381.83392	17.01	0.011000000000000001
2456381.91365	16.995	0.011000000000000001
2456382.81841	16.991	0.016
2456382.89964	17.0	0.016
2456387.71753	16.991	0.016
2456387.80314	17.022000000000002	0.013000000000000001
2456387.88196	17.002	0.013000000000000001
2456388.72248	17.003	0.016
2456388.82418	17.031	0.013000000000000001
2456389.7135400004	17.038	0.018000000000000002
2456389.8144	17.000999999999998	0.013000000000000001
2456389.8945	16.998	0.013000000000000001
2456390.7587599996	17.019000000000002	0.013000000000000001
2456390.8451	16.995	0.013000000000000001
2456391.73204	16.994	0.016
2456393.72828	17.003	0.013999999999999999
2456394.87451	17.019000000000002	0.013999999999999999
2456395.83703	17.015	0.011000000000000001
2456396.78369	17.014	0.011000000000000001
2456397.72441	17.009	0.011000000000000001
2456397.90086	16.992	0.011000000000000001
2456398.8316599997	16.998	0.011000000000000001
2456399.73753	17.012	0.013999999999999999
2456400.70371	17.004	0.013000000000000001
2456400.91487	17.018	0.013999999999999999
2456401.84728	17.009	0.011000000000000001
2456402.76741	16.993	0.013000000000000001
2456403.68597	17.003	0.013000000000000001
2456403.8479299997	17.021	0.013000000000000001
2456404.77479	17.007	0.013000000000000001
2456404.7935200003	17.018	0.013000000000000001
2456405.8311400004	16.993	0.013000000000000001
2456406.80584	17.019000000000002	0.016
2456407.73969	16.998	0.016
2456407.91545	17.024	0.016
2456409.7855599998	17.021	0.02
2456415.75096	17.009	0.017
2456415.93075	17.006	0.016
2456416.8284400003	16.989	0.011000000000000001
2456417.74194	17.029	0.013999999999999999
2456417.91685	17.032	0.013999999999999999
2456418.76364	17.021	0.013000000000000001
2456418.9385599997	17.0	0.018000000000000002
2456419.82712	17.037	0.013000000000000001
2456420.67964	17.01	0.011000000000000001
2456420.85161	17.015	0.011000000000000001
2456421.88057	17.0	0.013000000000000001
2456422.83773	17.005	0.018000000000000002
2456423.80227	17.015	0.013000000000000001
2456424.64256	17.007	0.013999999999999999
2456424.8363799998	17.01	0.011000000000000001
2456426.68317	17.02	0.01
2456426.92353	17.018	0.013000000000000001
2456428.72304	17.012	0.013999999999999999
2456428.91121	17.002	0.016
2456431.7211599997	17.031	0.013999999999999999
2456431.89674	16.999000000000002	0.013999999999999999
2456432.7464	16.977	0.013999999999999999
2456432.9185	17.028	0.013000000000000001
2456433.73254	17.006	0.013999999999999999
2456434.6438	16.986	0.016
2456434.8284400003	16.989	0.013000000000000001
2456435.67441	16.999000000000002	0.013999999999999999
2456435.8623	16.983	0.013000000000000001
2456436.66129	16.992	0.013999999999999999
2456436.8508	17.004	0.013999999999999999
2456437.94742	16.948	0.034
2456441.70756	17.011	0.017
2456441.88967	17.033	0.018000000000000002
2456442.66593	17.008	0.013999999999999999
2456442.85015	16.992	0.011000000000000001
2456443.64682	17.009	0.01
2456443.7798099997	17.022000000000002	0.013999999999999999
2456444.71931	17.002	0.013999999999999999
2456444.86999	16.997	0.013999999999999999
2456445.6872400003	17.011	0.013000000000000001
2456445.88185	16.985	0.016
2456446.66107	17.014	0.011000000000000001
2456446.8511799998	17.005	0.011000000000000001
2456447.63499	17.01	0.011000000000000001
2456447.82221	17.018	0.011000000000000001
2456448.58479	16.987000000000002	0.013999999999999999
2456448.7684299997	16.999000000000002	0.011000000000000001
2456448.93431	16.975	0.017
2456449.70865	16.989	0.011000000000000001
2456449.89261	17.019000000000002	0.021
2456450.66135	17.011	0.011000000000000001
2456450.8435	17.005	0.013000000000000001
2456451.61025	17.03	0.013999999999999999
2456451.79538	17.002	0.011000000000000001
2456452.57192	16.989	0.013000000000000001
2456452.80749	16.999000000000002	0.01
2456454.58341	17.019000000000002	0.013000000000000001
2456454.7680599997	17.022000000000002	0.013000000000000001
2456455.54024	17.03	0.013999999999999999
2456456.55117	17.012999999999998	0.011000000000000001
2456456.73528	16.999000000000002	0.01
2456457.68719	16.993	0.011000000000000001
2456457.87319	17.027	0.013000000000000001
2456458.6571299997	17.006	0.013999999999999999
2456458.84157	16.997	0.013000000000000001
2456459.61089	17.004	0.013000000000000001
2456459.8007400003	16.996	0.011000000000000001
2456460.62628	17.007	0.013999999999999999
2456461.55633	16.996	0.013999999999999999
2456461.75457	17.005	0.013000000000000001
2456462.62676	16.994	0.013000000000000001
2456462.88722	16.983	0.016
2456463.66205	17.028	0.013999999999999999
2456463.85287	17.032	0.013999999999999999
2456464.6697299997	17.017	0.016
2456464.86193	17.006	0.016
2456468.68735	17.028	0.016
2456469.55719	17.0	0.017
2456469.74456	16.991	0.016
2456471.74959	17.005	0.018000000000000002
2456472.73618	17.004	0.013000000000000001
2456473.6874599997	17.014	0.011000000000000001
2456473.86018	17.003	0.016
2456474.62712	16.997	0.013999999999999999
2456474.81286	16.99	0.018000000000000002
2456475.59064	17.002	0.013999999999999999
2456475.7889799997	17.027	0.013000000000000001
2456476.55593	16.977	0.013999999999999999
2456476.7445900002	17.018	0.013000000000000001
2456477.54936	16.989	0.013000000000000001
2456477.7379099997	17.01	0.013999999999999999
2456478.58681	17.021	0.013000000000000001
2456479.65167	17.031	0.013000000000000001
2456480.56336	17.02	0.013999999999999999
2456480.74723	17.033	0.016
2456481.55779	17.0	0.013999999999999999
2456481.80171	16.987000000000002	0.013999999999999999
2456484.4692599997	17.038	0.017
2456485.5318	17.004	0.013999999999999999
2456485.7644	17.018	0.011000000000000001
2456486.50261	17.021	0.013999999999999999
2456486.71143	17.009	0.013000000000000001
2456487.50083	17.03	0.013000000000000001
2456487.7033	17.006	0.011000000000000001
2456490.56536	16.992	0.013000000000000001
2456490.75206	17.016	0.013000000000000001
2456491.61985	17.029	0.013999999999999999
2456491.81965	16.980999999999998	0.016
2456492.66531	16.986	0.017
2456496.4888299997	17.017	0.02
2456497.5720599997	17.004	0.016
2456497.75693	17.01	0.016
2456498.58835	16.98	0.011000000000000001
2456498.76574	17.003	0.013999999999999999
2456500.52709	17.002	0.018000000000000002
2456501.53821	16.999000000000002	0.016
2456501.7384099998	17.007	0.016
2456504.7533299997	17.015	0.016
2456505.68001	16.980999999999998	0.013999999999999999
2456506.5704099997	17.043	0.02
2456507.64159	17.006	0.013999999999999999
2456508.57131	17.025	0.013000000000000001
2456508.7631	17.009	0.011000000000000001
2456509.66871	17.01	0.011000000000000001
2456510.55387	16.987000000000002	0.011000000000000001
2456510.7571799997	17.024	0.017
2456511.70628	16.982	0.013000000000000001
2456514.59497	17.008	0.011000000000000001
2456515.54677	17.02	0.011000000000000001
2456516.522	17.004	0.017
2456518.56413	16.995	0.011000000000000001
2456519.49755	16.985	0.011000000000000001
2456519.7173099997	17.029	0.013999999999999999
2456523.61915	16.994	0.013999999999999999
2456524.5553900003	16.965999999999998	0.013999999999999999
2456525.55762	17.032	0.018000000000000002
2456526.68246	16.951	0.016
2456529.6277900003	17.014	0.018000000000000002
2456531.61607	17.024	0.013000000000000001
2456532.59637	17.015	0.013000000000000001
2456533.63699	17.017	0.013000000000000001
2456535.5181299997	17.021	0.016
2456537.6587400003	16.984	0.017
2456539.54707	16.999000000000002	0.01
2456541.55854	17.006	0.011000000000000001
2456543.61706	16.993	0.013999999999999999
2456545.51642	16.992	0.011000000000000001
2456546.54379	16.988	0.017
2456551.56445	16.998	0.018000000000000002
2456555.63914	16.998	0.018000000000000002
2456558.59888	17.017	0.013999999999999999
2456560.5057200002	16.975	0.016
2456561.55914	16.988	0.013999999999999999
2456563.54691	17.0	0.017
2456563.6304	16.982	0.016
2456564.5673700003	17.011	0.013999999999999999
2456565.53858	16.769000000000002	0.013000000000000001
2456567.5153	17.000999999999998	0.017
2456568.52062	16.997	0.018000000000000002
2456568.6096	16.947	0.017
2456569.56372	16.997	0.013000000000000001
2456570.54127	17.015	0.013999999999999999
2456571.54862	17.005	0.016
2456572.50455	17.017	0.017
2456572.6025900003	16.992	0.017
2456573.5632700003	17.000999999999998	0.016
2456577.54087	17.01	0.024
2456578.52522	17.026	0.018000000000000002
2456579.4895	17.037	0.021
2456580.50983	17.037	0.02
2456581.53597	17.02	0.017
2456582.56201	16.983	0.016
2456583.54678	16.987000000000002	0.021
2456584.54674	17.011	0.023
2456585.5460200002	17.062	0.021
2456590.52704	16.968	0.018000000000000002
2456590.55919	17.01	0.017
2456593.50284	17.017	0.018000000000000002
2456595.52485	16.956	0.018000000000000002
2456697.8863	16.979	0.013999999999999999
2456699.87785	16.982	0.011000000000000001
2456701.8886	17.017	0.013000000000000001
2456704.8644	16.986	0.013999999999999999
2456706.8451400003	16.987000000000002	0.013999999999999999
2456708.84999	16.995	0.013000000000000001
2456709.87758	17.012	0.013000000000000001
2456710.89367	17.007	0.013000000000000001
2456714.8815099997	17.005	0.016
2456715.89295	17.018	0.013000000000000001
2456716.89594	16.994	0.011000000000000001
2456717.89928	17.02	0.016
2456719.81237	17.012999999999998	0.013999999999999999
2456719.90712	17.017	0.016
2456720.8837599996	16.997	0.013000000000000001
2456721.8626	17.009	0.011000000000000001
2456722.84606	17.002	0.013999999999999999
2456723.8171200003	16.995	0.013000000000000001
2456724.80112	16.991	0.016
2456724.89702	16.997	0.016
2456725.87629	16.980999999999998	0.013000000000000001
2456726.8388900002	16.980999999999998	0.013000000000000001
2456727.81005	16.987000000000002	0.011000000000000001
2456727.9043400004	17.015	0.011000000000000001
2456728.8767	17.012	0.011000000000000001
2456729.8327099998	17.003	0.011000000000000001
2456730.78263	17.016	0.018000000000000002
2456730.87872	16.998	0.018000000000000002
2456732.79087	17.045	0.021
2456732.88555	16.987000000000002	0.013999999999999999
2456733.8259099997	17.015	0.013000000000000001
2456733.9145	16.999000000000002	0.013999999999999999
2456734.85725	17.008	0.013000000000000001
2456735.78479	16.974	0.017
2456735.8942400003	17.006	0.013000000000000001
2456736.82942	17.008	0.016
2456737.7903400003	16.997	0.013000000000000001
2456737.86997	16.986	0.011000000000000001
2456738.81168	17.019000000000002	0.023
2456742.79463	17.019000000000002	0.013000000000000001
2456742.88443	16.991	0.011000000000000001
2456744.8034599996	17.003	0.013000000000000001
2456744.8941099998	17.005	0.011000000000000001
2456745.80197	17.018	0.011000000000000001
2456745.88855	17.008	0.011000000000000001
2456746.7938200003	17.035	0.013000000000000001
2456746.88191	16.959	0.01
2456747.8973	17.012999999999998	0.013000000000000001
2456749.74296	16.980999999999998	0.013000000000000001
2456751.82849	17.012999999999998	0.01
2456754.8359	17.031	0.017
2456756.89074	17.011	0.013000000000000001
2456758.9314900003	16.993	0.023
2456760.8701299997	16.998	0.01
2456762.86549	17.011	0.01
2456764.7896	16.996	0.011000000000000001
2456768.73123	17.006	0.016
2456769.8583400003	16.999000000000002	0.011000000000000001
2456771.7388	16.979	0.011000000000000001
2456772.90368	17.002	0.011000000000000001
2456774.78046	17.022000000000002	0.016
2456776.72388	17.0	0.011000000000000001
2456784.69573	16.994	0.016
2456785.67093	17.014	0.013000000000000001
2456786.67924	17.005	0.013000000000000001
2456788.85346	17.024	0.013999999999999999
2456790.6985	16.987000000000002	0.016
2456791.7549799997	17.01	0.016
2456792.7949099997	17.003	0.016
2456796.85704	17.000999999999998	0.013999999999999999
2456797.9388900003	17.033	0.024
2456803.80911	17.008	0.013000000000000001
2456804.8257	17.0	0.013999999999999999
2456805.87453	17.008	0.016
2456807.85892	17.009	0.016
2456808.88221	17.005	0.017
2456809.9298400003	16.998	0.018000000000000002
2456811.5667	17.044	0.021
2456813.67586	17.011	0.016
2456814.78585	17.027	0.013999999999999999
2456815.8597	17.018	0.016
2456817.5917700003	17.008	0.017
2456818.57745	16.995	0.016
2456819.8377099996	16.999000000000002	0.021
2456824.70221	17.004	0.016
2456825.7377	17.005	0.016
2456826.74852	16.982	0.013999999999999999
2456827.81731	16.991	0.016
2456828.86208	17.012	0.016
2456829.83623	16.991	0.016
2456830.8697	16.984	0.013999999999999999
2456832.6213599998	17.008	0.016
2456833.70938	17.012999999999998	0.017
2456834.7133	17.007	0.013999999999999999
2456835.76563	17.002	0.017
2456836.79886	17.024	0.018000000000000002
2456837.80999	17.017	0.016
2456838.81038	17.002	0.017
2456839.82444	16.999000000000002	0.018000000000000002
2456841.61388	17.008	0.013999999999999999
2456842.63406	17.031	0.016
2456844.6683900002	17.012	0.013999999999999999
2456845.65171	17.003	0.013999999999999999
2456847.62726	17.017	0.013999999999999999
2456851.60079	17.029	0.018000000000000002
2456855.7374	16.983	0.013999999999999999
2456856.76368	17.005	0.013999999999999999
2456858.47331	17.01	0.013999999999999999
2456859.66073	16.999000000000002	0.016
2456863.50428	16.99	0.013000000000000001
2456864.5929799997	16.991	0.013999999999999999
2456870.6938	16.992	0.017
2456873.54028	17.014	0.016
2456879.72963	16.959	0.023
2456881.69759	16.984	0.018000000000000002
2456883.57208	17.011	0.013000000000000001
2456886.51182	17.007	0.017
2456887.69272	17.006	0.016
2456889.6260599997	16.997	0.013000000000000001
2456891.5523	16.996	0.013999999999999999
2456896.5294	16.993	0.016
2456907.50038	17.016	0.016
2456908.54184	16.993	0.017
2456909.60161	16.987000000000002	0.023
2456912.53559	17.02	0.016
2456915.49954	17.006	0.016
2456921.6195900002	16.98	0.013999999999999999
2456924.57487	17.009	0.017
2456927.5723200003	17.005	0.018000000000000002
2456930.6085900003	16.965	0.02
2456936.52222	17.079	0.018000000000000002
2456937.51975	16.965999999999998	0.018000000000000002
2456938.51936	17.005	0.02
2456939.5443	16.997	0.021
2456940.5668	17.004	0.021
2456942.5376	16.980999999999998	0.018000000000000002
2456943.5437	16.976	0.021
2456947.50438	17.002	0.018000000000000002
2456950.5433	16.967	0.023
2456952.5071799997	16.993	0.02
2456955.49748	16.992	0.02
2456959.5324	16.983	0.027000000000000003
2457063.8672700003	17.023	0.02
2457065.86839	17.004	0.018000000000000002
2457069.8585099997	16.988	0.016
2457070.88166	16.995	0.013000000000000001
2457071.89418	17.012	0.016
2457075.83057	17.003	0.02
2457076.8322099997	17.002	0.013999999999999999
2457077.82999	17.009	0.017
2457078.83175	16.995	0.018000000000000002
2457078.89628	17.003	0.013999999999999999
2457080.8431700002	17.003	0.016
2457082.81958	17.004	0.013999999999999999
2457082.88733	17.012	0.013000000000000001
2457083.8678900003	17.009	0.013999999999999999
2457084.84774	17.009	0.016
2457085.80632	16.99	0.013999999999999999
2457086.81313	17.000999999999998	0.016
2457086.8887099996	16.987000000000002	0.013999999999999999
2457087.85618	17.005	0.016
2457088.8270099997	17.017	0.013999999999999999
2457089.80325	17.021	0.017
2457089.8814	16.997	0.016
2457090.8484	17.002	0.013999999999999999
2457091.79978	17.005	0.016
2457091.89105	17.0	0.013999999999999999
2457092.83801	16.998	0.013999999999999999
2457093.7961	17.01	0.017
2457097.81459	17.006	0.013000000000000001
2457097.90257	16.991	0.011000000000000001
2457098.86224	16.988	0.013000000000000001
2457099.80388	17.005	0.013000000000000001
2457099.91003	17.033	0.013999999999999999
2457100.84288	17.007	0.013000000000000001
2457101.79622	16.965	0.02
2457102.78145	16.971	0.016
2457102.89601	16.995	0.013999999999999999
2457108.85671	16.994	0.016
2457109.80622	16.996	0.013999999999999999
2457109.91075	16.997	0.013999999999999999
2457110.8166799997	16.999000000000002	0.013000000000000001
2457111.75538	17.002	0.013999999999999999
2457111.84871	16.996	0.013999999999999999
2457112.74963	17.005	0.018000000000000002
2457112.86394	17.015	0.013999999999999999
2457114.74756	17.03	0.02
2457116.73863	16.995	0.017
2457118.7445	17.01	0.016
2457120.74995	16.984	0.013999999999999999
2457125.89383	17.016	0.013999999999999999
2457129.84437	17.01	0.013000000000000001
2457131.73497	17.008	0.013000000000000001
2457133.85681	17.012999999999998	0.013999999999999999
2457135.71462	17.000999999999998	0.013000000000000001
2457136.85819	17.015	0.013000000000000001
2457138.68794	17.002	0.016
2457139.8470900003	16.999000000000002	0.016
2457141.67507	16.983	0.013999999999999999
2457142.78957	17.015	0.013999999999999999
2457143.91997	17.003	0.013999999999999999
2457145.86022	16.997	0.016
2457146.88382	17.009	0.016
2457147.90578	17.012	0.016
2457153.76169	17.014	0.011000000000000001
2457154.8777400004	17.005	0.013000000000000001
2457156.62446	17.007	0.013999999999999999
2457157.88905	17.009	0.013999999999999999
2457159.62615	17.004	0.013999999999999999
2457160.69261	16.999000000000002	0.013999999999999999
2457161.78527	16.996	0.011000000000000001
2457162.8331299997	17.0	0.013999999999999999
2457163.88526	16.993	0.013999999999999999
2457166.66214	17.002	0.016
2457169.6348200003	17.000999999999998	0.013000000000000001
2457170.66631	16.992	0.013999999999999999
2457172.71312	17.009	0.013999999999999999
2457173.7546900003	17.007	0.016
2457174.74381	17.007	0.013999999999999999
2457176.92078	16.989	0.018000000000000002
2457178.72952	16.989	0.017
2457179.71041	17.028	0.018000000000000002
2457180.70574	17.018	0.016
2457181.72816	17.027	0.016
2457182.75066	17.002	0.017
2457183.7549799997	17.002	0.016
2457184.79007	17.034000000000002	0.016
2457185.79701	17.000999999999998	0.013999999999999999
2457187.5695	17.002	0.016
2457188.58318	16.997	0.017
2457189.68181	16.997	0.013999999999999999
2457190.7461	16.985	0.013000000000000001
2457193.70549	17.011	0.011000000000000001
2457193.75192	17.0	0.013000000000000001
2457194.7785799997	16.993	0.013000000000000001
2457197.86691	16.99	0.018000000000000002
2457198.89727	16.986	0.02
2457199.8916700003	16.974	0.016
2457202.71328	17.006	0.02
2457206.7516799998	17.002	0.017
2457207.7688599997	17.0	0.02
2457211.50781	16.983	0.02
2457212.57698	16.994	0.011000000000000001
2457217.71587	17.0	0.016
2457220.5310400003	17.016	0.016
2457221.5619099997	16.996	0.016
2457222.63277	16.99	0.013000000000000001
2457223.76656	17.012	0.017
2457225.51572	17.012	0.017
2457226.76071	17.005	0.016
2457227.7724900004	16.99	0.016
2457229.5024	17.003	0.013999999999999999
2457235.7643	16.951	0.023
2457249.6527400003	16.986	0.013999999999999999
2457253.47859	17.01	0.016
2457256.49859	16.987000000000002	0.016
2457258.64782	16.998	0.017
2457263.593	16.997	0.013999999999999999
2457265.5477400003	16.98	0.013999999999999999
2457268.53874	16.984	0.013000000000000001
2457270.5278	17.02	0.013999999999999999
2457273.53774	16.998	0.018000000000000002
2457277.58317	16.972	0.016
2457283.58095	16.97	0.018000000000000002
2457291.5484700003	16.945999999999998	0.023
2457292.58091	16.919	0.021
2457293.53827	16.961	0.016
2457294.5520200003	16.962	0.02
2457295.53225	16.954	0.016
2457296.58872	16.942	0.021
2457299.56164	16.969	0.016
2457301.49824	16.945	0.018000000000000002
2457311.50759	16.956	0.013000000000000001
2457312.52863	16.924	0.018000000000000002
2457317.52855	16.939	0.018000000000000002
2457322.50658	16.925	0.023
2457325.49985	16.955	0.018000000000000002
2457329.5233400003	16.922	0.02
2457334.50614	16.912	0.027000000000000003
2457439.8405	14.805	0.004
2457442.82651	14.99	0.005
2457446.81478	15.300999999999998	0.005
2457448.82663	15.444	0.006
2457451.9073900003	15.63	0.006999999999999999
2457454.86483	15.784	0.006
2457456.8838	15.892000000000001	0.006999999999999999
2457458.90247	15.953	0.006999999999999999
2457462.7708	16.105	0.009000000000000001
2457464.84638	16.146	0.006999999999999999
2457467.8215400004	16.238	0.009000000000000001
2457470.90693	16.307000000000002	0.009000000000000001
2457472.8153	16.355	0.01
2457474.82856	16.396	0.01
2457475.87365	16.408	0.011000000000000001
2457476.78033	16.433	0.01
2457480.78229	16.505	0.013999999999999999
2457485.73533	16.570999999999998	0.013000000000000001
2457486.85268	16.586	0.011000000000000001
2457488.74816	16.601	0.01
2457491.76026	16.656	0.013000000000000001
2457492.7944099996	16.647000000000002	0.01
2457493.7819	16.65	0.01
2457494.7781	16.663	0.01
2457495.74884	16.672	0.011000000000000001
2457497.89486	16.691	0.011000000000000001
2457498.9123	16.713	0.013000000000000001
2457499.85596	16.719	0.013000000000000001
2457500.79647	16.73	0.013999999999999999
2457507.84613	16.766	0.011000000000000001
2457508.8962	16.762999999999998	0.011000000000000001
2457511.74259	16.789	0.01
2457523.89775	16.839000000000002	0.013999999999999999
2457526.91195	16.845	0.016
2457530.72724	16.878	0.016
2457530.78633	16.881	0.016
2457534.90477	16.87	0.017
2457536.9144599997	16.891	0.016
2457546.76638	16.908	0.013000000000000001
2457547.69649	16.906	0.013999999999999999
2457549.93502	16.918	0.018000000000000002
2457550.9174900004	16.915	0.017
2457555.66126	16.929000000000002	0.013000000000000001
2457557.60135	16.935	0.016
2457561.76164	16.901	0.013999999999999999
2457566.618	16.972	0.017
2457567.5515400004	16.932000000000002	0.016
2457567.8714799997	16.921	0.017
2457569.563	16.936	0.013000000000000001
2457570.72718	16.959	0.013000000000000001
2457575.71892	16.965999999999998	0.013000000000000001
2457576.7284	16.939	0.013000000000000001
2457581.71387	16.95	0.011000000000000001
2457584.64836	16.958	0.016
2457589.64986	16.972	0.016
2457590.66224	16.975	0.013999999999999999
2457593.6427700003	16.959	0.013000000000000001
2457599.47682	16.939	0.018000000000000002
2457600.68279	16.953	0.016
2457602.70709	16.957	0.016
2457603.7499599997	16.957	0.013999999999999999
2457604.75545	16.982	0.013999999999999999
2457606.66494	16.945999999999998	0.013999999999999999
2457608.47903	16.962	0.016
2457609.6202599998	16.963	0.013000000000000001
2457611.52889	16.97	0.016
2457612.71803	16.97	0.016
2457617.57903	16.968	0.018000000000000002
2457618.69998	16.974	0.018000000000000002
2457622.54623	16.984	0.013000000000000001
2457623.70576	16.989	0.017
2457625.65881	16.855999999999998	0.013999999999999999
2457630.6699599996	16.965	0.013999999999999999
2457633.55518	16.983	0.018000000000000002
2457636.5684700003	16.98	0.016
2457638.64981	16.97	0.013000000000000001
2457645.5008	16.999000000000002	0.021
2457649.5578799997	16.995	0.013000000000000001
2457652.5276099998	16.99	0.013000000000000001
2457658.49188	16.991	0.016
2457660.57336	16.969	0.018000000000000002
2457671.52262	17.014	0.027000000000000003
2457675.52541	17.012999999999998	0.018000000000000002
2457681.5199700003	17.002	0.016
2457796.8851900003	16.997	0.016
2457798.8919900004	17.003	0.023
2457800.88333	17.004	0.016
2457802.87538	16.983	0.021
2457807.89072	16.977999999999998	0.013999999999999999
2457809.85591	17.008	0.017
2457810.85186	17.008	0.013999999999999999
2457811.87107	16.973	0.013999999999999999
2457812.90197	17.02	0.016
2457814.8718	17.0	0.013000000000000001
2457815.89979	17.006	0.013999999999999999
2457816.88995	16.995	0.013999999999999999
2457817.88652	17.011	0.013000000000000001
2457818.8726	17.0	0.013000000000000001
2457819.85238	17.005	0.013999999999999999
2457820.86182	16.987000000000002	0.013999999999999999
2457821.8598	17.002	0.016
2457822.8554700003	17.015	0.017
2457823.84081	16.988	0.016
2457824.8368	16.98	0.017
2457825.82848	17.009	0.016
2457826.78691	17.002	0.018000000000000002
2457826.87665	17.008	0.018000000000000002
2457827.85187	17.004	0.017
2457828.8212099997	16.997	0.016
2457828.9105	17.014	0.013999999999999999
2457830.81507	17.003	0.02
2457830.89765	16.988	0.013999999999999999
2457834.82234	16.99	0.013999999999999999
2457836.85382	16.99	0.016
2457838.8432	16.995	0.013999999999999999
2457840.85158	16.994	0.013999999999999999
2457842.81617	16.986	0.016
2457844.76775	17.011	0.013999999999999999
2457845.90619	17.021	0.013999999999999999
2457847.85988	16.980999999999998	0.016
2457849.7848099996	17.009	0.013000000000000001
2457850.91778	17.009	0.016
2457853.8865	17.016	0.018000000000000002
2457855.76702	16.993	0.013999999999999999
2457856.90073	17.004	0.024
2457858.92562	17.017	0.016
2457863.86442	17.007	0.013999999999999999
2457864.83482	17.000999999999998	0.013000000000000001
2457866.68847	17.01	0.013999999999999999
2457867.81003	17.000999999999998	0.011000000000000001
2457869.74771	16.998	0.013000000000000001
2457870.89007	16.984	0.013000000000000001
2457872.77331	17.007	0.013000000000000001
2457873.90394	16.996	0.013999999999999999
2457875.81706	16.999000000000002	0.013000000000000001
2457876.89452	17.007	0.013999999999999999
2457878.7565200003	17.009	0.013999999999999999
2457879.86776	17.002	0.02
2457881.82359	17.004	0.017
2457883.80842	16.976	0.021
2457893.7081299997	17.006	0.017
2457894.71682	16.997	0.013000000000000001
2457897.65663	17.012999999999998	0.016
2457902.58633	17.017	0.017
2457903.75745	17.018	0.017
2457904.74228	17.012999999999998	0.013000000000000001
2457905.71035	17.002	0.013000000000000001
2457906.66632	17.005	0.013000000000000001
2457907.7008599997	17.0	0.013999999999999999
2457908.7813	17.005	0.016
2457909.70244	17.01	0.013999999999999999
2457910.59944	16.997	0.017
2457910.94353	17.022000000000002	0.017
2457916.55652	17.044	0.023
2457916.85585	16.991	0.024
2457917.8506099996	17.026	0.018000000000000002
2457922.60501	17.024	0.016
2457923.75698	16.993	0.017
2457924.71465	16.998	0.013999999999999999
2457925.74791	16.956	0.016
2457926.7985799997	17.011	0.017
2457932.78959	17.002	0.016
2457933.77943	17.005	0.017
2457934.7818299998	17.015	0.013999999999999999
2457935.79345	16.995	0.013000000000000001
2457936.8012	17.004	0.013999999999999999
2457937.77621	16.997	0.017
2457944.56777	17.003	0.017
2457945.4821200003	16.996	0.02
2457945.80313	17.022000000000002	0.017
2457946.76495	17.000999999999998	0.016
2457947.81715	17.03	0.021
2457948.8237400004	17.005	0.018000000000000002
2457952.76922	17.004	0.017
2457953.7858599997	17.018	0.016
2457955.74382	17.004	0.013000000000000001
2457956.7886099997	16.972	0.017
2457958.7209900003	17.000999999999998	0.017
2457959.75203	17.021	0.013999999999999999
2457962.54666	17.003	0.013999999999999999
2457965.63363	17.012	0.013999999999999999
2457966.69924	16.996	0.016
2457971.62239	17.007	0.017
2457972.63852	16.979	0.02
2457974.533	16.998	0.013999999999999999
2457979.52885	17.012999999999998	0.013000000000000001
2457981.4807700003	17.003	0.02
2457982.65501	17.007	0.016
2457984.6093099997	17.015	0.016
2457986.6502	17.02	0.013999999999999999
2457990.62842	17.003	0.017
2457992.603	17.007	0.016
2457994.57498	17.027	0.016
2458000.52713	16.988	0.02
2458002.54849	17.006	0.031
2458007.53355	17.015	0.016
2458012.52734	17.008	0.013999999999999999
2458015.53925	17.031	0.018000000000000002
2458019.50489	17.01	0.013999999999999999
2458026.54648	16.992	0.02
2458039.5193	16.994	0.018000000000000002
2458041.49405	17.007	0.02
2458048.51837	17.006	0.016
2458055.51523	17.017	0.018000000000000002
