2455377.68659	16.679000000000002	0.013000000000000001
2455378.5134	16.679000000000002	0.013000000000000001
2455378.81663	16.678	0.013000000000000001
2455379.7206	16.692999999999998	0.013000000000000001
2455380.8152099997	16.687	0.016
2455381.6902900003	16.672	0.013000000000000001
2455382.55394	16.672	0.016
2455382.7606900004	16.674	0.013999999999999999
2455385.51292	16.665	0.013000000000000001
2455386.48657	16.688	0.013000000000000001
2455386.56878	16.685	0.011000000000000001
2455386.65242	16.684	0.011000000000000001
2455386.78475	16.672	0.011000000000000001
2455387.7696	16.677	0.011000000000000001
2455388.68071	16.691	0.011000000000000001
2455389.54767	16.675	0.013000000000000001
2455390.55517	16.602999999999998	0.013000000000000001
2455390.81219	16.667	0.013000000000000001
2455391.79807	16.689	0.013000000000000001
2455392.6677	16.673	0.013000000000000001
2455393.70652	16.669	0.013999999999999999
2455396.60242	16.680999999999997	0.013000000000000001
2455397.66592	16.672	0.013999999999999999
2455402.67584	16.673	0.017
2455403.6381099997	16.691	0.013000000000000001
2455404.50962	16.672	0.013000000000000001
2455404.70679	16.685	0.013999999999999999
2455405.72245	16.679000000000002	0.013999999999999999
2455407.57576	16.692	0.016
2455407.76947	16.671	0.016
2455408.6989	16.671	0.013999999999999999
2455409.63184	16.675	0.011000000000000001
2455410.63539	16.680999999999997	0.013000000000000001
2455411.67205	16.665	0.011000000000000001
2455412.63271	16.667	0.013000000000000001
2455413.66345	16.672	0.011000000000000001
2455414.7107700002	16.68	0.011000000000000001
2455418.6009400003	16.689	0.011000000000000001
2455421.6281	16.680999999999997	0.013000000000000001
2455422.6737900004	16.679000000000002	0.011000000000000001
2455425.5378400004	16.679000000000002	0.013000000000000001
2455430.53278	16.677	0.016
2455431.53354	16.678	0.013000000000000001
2455434.4963599998	16.655	0.013999999999999999
2455434.70884	16.684	0.013999999999999999
2455435.7134	16.69	0.013000000000000001
2455438.5022	16.691	0.016
2455439.57178	16.682000000000002	0.013000000000000001
2455443.58581	16.683	0.013000000000000001
2455444.61118	16.688	0.013999999999999999
2455446.48763	16.68	0.013000000000000001
2455447.50586	16.672	0.011000000000000001
2455448.57859	16.698	0.013999999999999999
2455450.5219400004	16.679000000000002	0.013999999999999999
2455451.65088	16.682000000000002	0.013999999999999999
2455457.54569	16.687	0.011000000000000001
2455458.57684	16.702	0.013000000000000001
2455459.60811	16.691	0.013000000000000001
2455461.48362	16.695999999999998	0.025
2455462.5024599996	16.682000000000002	0.013000000000000001
2455463.63366	16.69	0.016
2455464.60143	16.702	0.017
2455465.51437	16.695999999999998	0.013999999999999999
2455468.5805099998	16.694000000000003	0.016
2455471.5516	16.672	0.013000000000000001
2455472.6014900003	16.692	0.013999999999999999
2455477.5241400003	16.685	0.016
2455480.52485	16.686	0.013999999999999999
2455485.52625	16.682000000000002	0.013999999999999999
2455487.5098599996	16.678	0.013999999999999999
2455489.50878	16.680999999999997	0.013999999999999999
2455492.5342	16.674	0.017
2455497.51739	16.672	0.013999999999999999
2455598.8683599997	16.679000000000002	0.013000000000000001
2455599.85849	16.667	0.011000000000000001
2455600.85494	16.676	0.013000000000000001
2455607.88362	16.678	0.011000000000000001
2455614.88036	16.667	0.013000000000000001
2455620.8604200003	16.658	0.011000000000000001
2455624.82114	16.687	0.013000000000000001
2455625.78321	16.692999999999998	0.013999999999999999
2455627.80798	16.671	0.013999999999999999
2455629.7873400003	16.688	0.013000000000000001
2455630.77991	16.675	0.013000000000000001
2455632.77661	16.66	0.016
2455634.76153	16.674	0.013000000000000001
2455635.83405	16.66	0.013999999999999999
2455638.75435	16.662	0.016
2455639.75577	16.687	0.013999999999999999
2455639.83189	16.679000000000002	0.013000000000000001
2455639.9076	16.68	0.013000000000000001
2455640.76198	16.699	0.016
2455640.8432400003	16.676	0.013999999999999999
2455641.76768	16.662	0.013000000000000001
2455641.89247	16.679000000000002	0.013000000000000001
2455642.83201	16.680999999999997	0.013000000000000001
2455643.7587900003	16.684	0.013999999999999999
2455643.85683	16.691	0.011000000000000001
2455644.76271	16.685	0.02
2455644.8777	16.678	0.013000000000000001
2455648.74852	16.676	0.013000000000000001
2455648.85506	16.682000000000002	0.011000000000000001
2455649.75433	16.682000000000002	0.011000000000000001
2455649.8609700003	16.659000000000002	0.011000000000000001
2455650.7464	16.673	0.011000000000000001
2455650.8478200003	16.68	0.011000000000000001
2455651.76706	16.69	0.011000000000000001
2455651.8804599997	16.669	0.011000000000000001
2455652.80865	16.659000000000002	0.01
2455653.7771	16.683	0.01
2455654.7798	16.674	0.011000000000000001
2455654.87021	16.692	0.011000000000000001
2455655.78139	16.682000000000002	0.011000000000000001
2455655.86419	16.688	0.011000000000000001
2455656.81544	16.67	0.011000000000000001
2455657.77782	16.675	0.01
2455657.86194	16.662	0.011000000000000001
2455658.7725299997	16.673	0.013000000000000001
2455658.8698	16.687	0.011000000000000001
2455659.72662	16.694000000000003	0.013000000000000001
2455659.80348	16.684	0.011000000000000001
2455659.89248	16.676	0.011000000000000001
2455660.7760799997	16.685	0.011000000000000001
2455660.8751	16.687	0.013000000000000001
2455662.76818	16.685	0.013000000000000001
2455662.8681799998	16.68	0.011000000000000001
2455663.7707700003	16.686	0.011000000000000001
2455664.81405	16.685	0.013000000000000001
2455664.91813	16.687	0.013000000000000001
2455665.80068	16.673	0.011000000000000001
2455665.91253	16.677	0.01
2455667.85595	16.676	0.01
2455668.87512	16.671	0.013999999999999999
2455669.85351	16.68	0.011000000000000001
2455670.8425	16.662	0.013999999999999999
2455675.72309	16.672	0.013000000000000001
2455675.9131400003	16.688	0.013000000000000001
2455676.80647	16.685	0.011000000000000001
2455677.7629	16.68	0.011000000000000001
2455679.6853099996	16.662	0.011000000000000001
2455679.87209	16.691	0.013000000000000001
2455680.75083	16.678	0.011000000000000001
2455681.66381	16.682000000000002	0.013000000000000001
2455681.8464200003	16.684	0.011000000000000001
2455682.7319799997	16.687	0.011000000000000001
2455682.86935	16.672	0.011000000000000001
2455683.68602	16.655	0.011000000000000001
2455683.90588	16.669	0.011000000000000001
2455684.82047	16.687	0.011000000000000001
2455685.79489	16.675	0.01
2455686.6955	16.687	0.011000000000000001
2455686.89091	16.678	0.013999999999999999
2455687.7815	16.678	0.011000000000000001
2455689.68953	16.683	0.011000000000000001
2455690.69391	16.676	0.013000000000000001
2455690.90755	16.623	0.011000000000000001
2455691.82703	16.67	0.011000000000000001
2455692.72192	16.692999999999998	0.011000000000000001
2455692.88626	16.685	0.011000000000000001
2455693.7549	16.675	0.01
2455693.90745	16.673	0.013000000000000001
2455694.75315	16.69	0.013000000000000001
2455694.91516	16.675	0.013000000000000001
2455695.79764	16.692999999999998	0.011000000000000001
2455696.6016599997	16.695	0.016
2455696.78381	16.680999999999997	0.011000000000000001
2455697.6170799998	16.676	0.013999999999999999
2455697.79323	16.677	0.013000000000000001
2455698.62214	16.677	0.019
2455698.7906400003	16.679000000000002	0.013999999999999999
2455703.71753	16.666	0.017
2455705.75537	16.694000000000003	0.013999999999999999
2455706.57793	16.682000000000002	0.017
2455707.5917700003	16.663	0.011000000000000001
2455707.76402	16.667	0.011000000000000001
2455707.9309900003	16.692	0.016
2455708.75556	16.682000000000002	0.013000000000000001
2455709.59908	16.667	0.011000000000000001
2455712.6368400003	16.655	0.013999999999999999
2455712.64937	16.7	0.013000000000000001
2455712.83198	16.673	0.011000000000000001
2455713.84685	16.686	0.011000000000000001
2455715.7935599997	16.668	0.011000000000000001
2455716.6666099997	16.684	0.013000000000000001
2455716.6793299997	16.678	0.013999999999999999
2455716.8554599998	16.674	0.013000000000000001
2455721.76723	16.667	0.011000000000000001
2455722.5600900003	16.68	0.011000000000000001
2455722.5734200003	16.683	0.011000000000000001
2455722.7927099997	16.680999999999997	0.011000000000000001
2455723.67018	16.686	0.013000000000000001
2455723.8297900003	16.674	0.011000000000000001
2455724.7028	16.663	0.013000000000000001
2455725.61982	16.664	0.011000000000000001
2455726.5348400003	16.652	0.02
2455726.71442	16.668	0.016
2455734.6915	16.680999999999997	0.013999999999999999
2455734.8755	16.685	0.017
2455735.82196	16.69	0.011000000000000001
2455736.5669299997	16.669	0.011000000000000001
2455736.77275	16.671	0.011000000000000001
2455737.56292	16.655	0.011000000000000001
2455737.75372	16.689	0.01
2455738.5923099997	16.667	0.013000000000000001
2455739.50587	16.67	0.013999999999999999
2455739.65876	16.675	0.011000000000000001
2455739.84852	16.671	0.013000000000000001
2455740.64989	16.692	0.013000000000000001
2455740.837	16.682000000000002	0.013000000000000001
2455741.6072400003	16.674	0.011000000000000001
2455741.78618	16.675	0.011000000000000001
2455742.53801	16.663	0.013000000000000001
2455742.71902	16.686	0.01
2455742.87405	16.683	0.011000000000000001
2455743.7688700003	16.684	0.013000000000000001
2455744.5266	16.665	0.013999999999999999
2455744.73142	16.677	0.011000000000000001
2455745.5153099997	16.695999999999998	0.013999999999999999
2455745.7019599997	16.66	0.011000000000000001
2455745.86912	16.666	0.016
2455746.68565	16.687	0.011000000000000001
2455746.7302900003	16.691	0.013999999999999999
2455746.78541	16.692	0.013000000000000001
2455747.61717	16.66	0.016
2455747.81733	16.685	0.017
2455749.56643	16.673	0.013000000000000001
2455749.73305	16.671	0.013000000000000001
2455752.6167599997	16.666	0.013999999999999999
2455753.5027799997	16.675	0.025
2455753.7713900004	16.687	0.017
2455759.83853	16.692	0.017
2455760.50611	16.643	0.017
2455760.70279	16.675	0.013000000000000001
2455761.5225400003	16.697	0.006999999999999999
2455762.56557	16.664	0.013999999999999999
2455762.72194	16.678	0.013000000000000001
2455763.61637	16.673	0.013000000000000001
2455763.78758	16.679000000000002	0.013999999999999999
2455764.60928	16.687	0.011000000000000001
2455765.48478	16.687	0.013000000000000001
2455765.67865	16.667	0.011000000000000001
2455766.5367799997	16.672	0.011000000000000001
2455766.72591	16.66	0.013000000000000001
2455767.60564	16.668	0.013000000000000001
2455768.47504	16.68	0.013000000000000001
2455768.66518	16.69	0.011000000000000001
2455769.50049	16.685	0.013000000000000001
2455769.71365	16.682000000000002	0.011000000000000001
2455775.55571	16.680999999999997	0.013999999999999999
2455776.63715	16.701	0.013000000000000001
2455777.55958	16.691	0.011000000000000001
2455778.49325	16.680999999999997	0.016
2455779.63118	16.68	0.01
2455785.65744	16.68	0.013999999999999999
2455786.60133	16.694000000000003	0.013000000000000001
2455787.63808	16.686	0.011000000000000001
2455788.55837	16.679000000000002	0.013000000000000001
2455788.72312	16.691	0.017
2455790.61742	16.675	0.013999999999999999
2455791.51445	16.683	0.013999999999999999
2455793.6257	16.658	0.011000000000000001
2455794.50932	16.669	0.013000000000000001
2455794.70647	16.651	0.011000000000000001
2455796.4800299997	16.666	0.013000000000000001
2455796.6797700003	16.675	0.013000000000000001
2455801.59938	16.676	0.013999999999999999
2455802.59311	16.664	0.016
2455804.5851	16.688	0.013000000000000001
2455805.54676	16.684	0.011000000000000001
2455806.54208	16.686	0.013999999999999999
2455807.6623	16.692	0.016
2455812.64787	16.674	0.017
2455813.62836	16.677	0.011000000000000001
2455815.60603	16.676	0.011000000000000001
2455816.57714	16.65	0.013000000000000001
2455817.57817	16.687	0.013999999999999999
2455818.5597599996	16.691	0.013999999999999999
2455819.5681	16.669	0.013000000000000001
2455820.54608	16.668	0.013000000000000001
2455822.5268	16.708	0.013999999999999999
2455822.61524	16.67	0.013000000000000001
2455823.54669	16.689	0.013999999999999999
2455823.6307099997	16.67	0.016
2455824.56825	16.674	0.011000000000000001
2455825.48907	16.683	0.013999999999999999
2455825.5849200003	16.684	0.013000000000000001
2455826.50811	16.691	0.013000000000000001
2455826.5962900002	16.698	0.013999999999999999
2455827.53416	16.682000000000002	0.016
2455827.61457	16.692	0.013999999999999999
2455828.54754	16.678	0.011000000000000001
2455828.61991	16.67	0.013000000000000001
2455829.55833	16.67	0.011000000000000001
2455830.48426	16.662	0.011000000000000001
2455830.57124	16.687	0.011000000000000001
2455831.54341	16.680999999999997	0.011000000000000001
2455831.6165299998	16.660999999999998	0.013000000000000001
2455832.56643	16.671	0.013000000000000001
2455833.5247	16.686	0.011000000000000001
2455833.6022099997	16.667	0.013000000000000001
2455834.5616599997	16.673	0.011000000000000001
2455835.5451	16.678	0.016
2455836.54075	16.680999999999997	0.016
2455839.48729	16.682000000000002	0.016
2455839.56616	16.662	0.016
2455840.51715	16.682000000000002	0.013999999999999999
2455840.61149	16.663	0.016
2455841.54006	16.669	0.016
2455842.4876200003	16.669	0.023
2455842.5887	16.668	0.016
2455843.54295	16.669	0.013999999999999999
2455844.4866400003	16.713	0.017
2455844.56756	16.669	0.016
2455845.52853	16.708	0.017
2455846.4890900003	16.691	0.02
2455846.56951	16.697	0.02
2455847.5449599996	16.682000000000002	0.02
2455850.5161099997	16.68	0.013000000000000001
2455851.5558	16.667	0.013000000000000001
2455852.50704	16.663	0.016
2455854.4964099997	16.703	0.017
2455854.56002	16.652	0.019
2455855.55496	16.67	0.016
2455857.49897	16.692999999999998	0.019
2455859.4980900004	16.667	0.017
2455860.51162	16.668	0.013999999999999999
2455861.53393	16.671	0.013999999999999999
2455969.89034	16.697	0.016
2455976.85524	16.655	0.011000000000000001
2455977.8472599997	16.667	0.013000000000000001
2455978.8654400003	16.676	0.011000000000000001
2455979.86989	16.679000000000002	0.011000000000000001
2455982.81717	16.665	0.011000000000000001
2455982.90308	16.664	0.016
2455983.89664	16.675	0.01
2455984.88979	16.657	0.01
2455985.8647	16.673	0.011000000000000001
2455986.84627	16.68	0.011000000000000001
2455987.81103	16.701	0.013000000000000001
2455988.81282	16.66	0.013000000000000001
2455988.89776	16.664	0.011000000000000001
2455989.87322	16.684	0.011000000000000001
2455990.83753	16.687	0.011000000000000001
2455991.8111400004	16.660999999999998	0.013000000000000001
2455991.90557	16.679000000000002	0.011000000000000001
2455992.87162	16.669	0.01
2455993.85236	16.744	0.013000000000000001
2455994.81984	16.672	0.013000000000000001
2455994.9099	16.679000000000002	0.013000000000000001
2455995.83718	16.682000000000002	0.011000000000000001
2455996.78638	16.662	0.013999999999999999
2455996.8737	16.667	0.01
2455997.82051	16.682000000000002	0.013000000000000001
2455997.90678	16.656	0.011000000000000001
2455998.8617	16.669	0.011000000000000001
2455999.79353	16.676	0.013000000000000001
2455999.8805	16.695999999999998	0.011000000000000001
2456003.86842	16.687	0.013000000000000001
2456004.80109	16.672	0.013000000000000001
2456004.89658	16.684	0.011000000000000001
2456005.8201	16.676	0.011000000000000001
2456006.76248	16.675	0.01
2456006.86517	16.660999999999998	0.01
2456007.76851	16.665	0.011000000000000001
2456007.86393	16.686	0.011000000000000001
2456008.7621	16.657	0.011000000000000001
2456008.85942	16.680999999999997	0.011000000000000001
2456009.75819	16.69	0.011000000000000001
2456009.8596799998	16.67	0.011000000000000001
2456010.75275	16.675	0.013000000000000001
2456010.8534	16.671	0.01
2456011.73738	16.667	0.011000000000000001
2456011.84961	16.679000000000002	0.013000000000000001
2456012.74792	16.668	0.011000000000000001
2456012.84817	16.664	0.01
2456013.7545	16.666	0.011000000000000001
2456013.83336	16.689	0.01
2456014.7305900003	16.676	0.013000000000000001
2456014.8075	16.669	0.01
2456014.9069	16.689	0.013000000000000001
2456015.78572	16.682000000000002	0.01
2456015.87403	16.67	0.01
2456016.7673299997	16.678	0.01
2456016.87042	16.678	0.01
2456017.75536	16.672	0.01
2456017.83277	16.683	0.01
2456018.72414	16.689	0.016
2456018.82114	16.687	0.011000000000000001
2456019.72182	16.677	0.013000000000000001
2456019.8182200002	16.685	0.011000000000000001
2456019.89528	16.665	0.01
2456020.75408	16.671	0.01
2456020.8483599997	16.68	0.01
2456020.92858	16.654	0.02
2456021.77728	16.68	0.01
2456021.85473	16.685	0.01
2456022.72584	16.694000000000003	0.013999999999999999
2456022.80228	16.668	0.011000000000000001
2456022.8998	16.67	0.01
2456023.759	16.671	0.011000000000000001
2456023.84059	16.668	0.011000000000000001
2456024.71655	16.668	0.013999999999999999
2456024.79588	16.671	0.011000000000000001
2456024.90815	16.67	0.013000000000000001
2456025.70013	16.668	0.016
2456025.7797	16.676	0.013000000000000001
2456025.88389	16.676	0.013000000000000001
2456029.8996200003	16.673	0.011000000000000001
2456031.75623	16.701	0.011000000000000001
2456032.68555	16.672	0.013999999999999999
2456032.86233	16.679000000000002	0.01
2456033.78601	16.673	0.011000000000000001
2456034.74009	16.675	0.01
2456035.87289	16.679000000000002	0.011000000000000001
2456036.8656200003	16.680999999999997	0.01
2456037.82321	16.665	0.011000000000000001
2456038.7787099998	16.660999999999998	0.011000000000000001
2456039.7763900002	16.672	0.013000000000000001
2456040.76416	16.677	0.011000000000000001
2456041.71214	16.669	0.011000000000000001
2456041.9031599998	16.685	0.011000000000000001
2456047.6819	16.666	0.011000000000000001
2456047.8733	16.674	0.011000000000000001
2456048.8013400002	16.664	0.011000000000000001
2456049.70858	16.669	0.01
2456049.9026599997	16.677	0.011000000000000001
2456050.80749	16.682000000000002	0.011000000000000001
2456051.7307700003	16.669	0.011000000000000001
2456052.79145	16.66	0.011000000000000001
2456053.6417799997	16.672	0.016
2456053.8363900003	16.680999999999997	0.011000000000000001
2456054.91198	16.708	0.016
2456058.67899	16.692	0.013000000000000001
2456058.8490400002	16.677	0.011000000000000001
2456059.73673	16.69	0.011000000000000001
2456059.91301	16.682000000000002	0.011000000000000001
2456061.81438	16.678	0.011000000000000001
2456062.68415	16.673	0.011000000000000001
2456062.86319	16.678	0.011000000000000001
2456063.83201	16.706	0.013999999999999999
2456064.75482	16.685	0.01
2456064.9398	16.66	0.013999999999999999
2456065.78813	16.683	0.011000000000000001
2456066.70262	16.677	0.011000000000000001
2456066.8879	16.671	0.01
2456067.68952	16.669	0.011000000000000001
2456067.86751	16.660999999999998	0.01
2456068.7001400003	16.665	0.01
2456068.91527	16.671	0.011000000000000001
2456069.66657	16.657	0.01
2456069.85484	16.678	0.01
2456070.65389	16.672	0.013000000000000001
2456070.83068	16.662	0.011000000000000001
2456071.6285200003	16.68	0.011000000000000001
2456071.80959	16.667	0.011000000000000001
2456075.61128	16.698	0.01
2456075.79325	16.663	0.01
2456076.64402	16.695	0.013000000000000001
2456076.82578	16.688	0.01
2456077.76265	16.668	0.01
2456077.94203	16.632	0.013000000000000001
2456078.76412	16.665	0.01
2456079.56245	16.656	0.013000000000000001
2456079.74016	16.694000000000003	0.011000000000000001
2456079.92067	16.672	0.011000000000000001
2456080.69482	16.674	0.011000000000000001
2456080.87329	16.678	0.011000000000000001
2456081.64489	16.672	0.013999999999999999
2456081.8272599997	16.682000000000002	0.013000000000000001
2456082.63631	16.683	0.017
2456082.84146	16.698	0.016
2456085.6506	16.679000000000002	0.013000000000000001
2456085.8128400003	16.637	0.013999999999999999
2456086.58629	16.685	0.013000000000000001
2456086.76999	16.685	0.011000000000000001
2456087.5482400004	16.671	0.011000000000000001
2456087.84802	16.653	0.013000000000000001
2456088.69008	16.664	0.01
2456089.80615	16.67	0.011000000000000001
2456092.65234	16.673	0.013000000000000001
2456093.56459	16.676	0.013000000000000001
2456093.76716	16.684	0.011000000000000001
2456094.61806	16.694000000000003	0.013000000000000001
2456094.79079	16.686	0.011000000000000001
2456096.6043599998	16.67	0.011000000000000001
2456096.8032299997	16.676	0.011000000000000001
2456097.73	16.69	0.013000000000000001
2456097.89415	16.692	0.013999999999999999
2456098.68765	16.679000000000002	0.013000000000000001
2456098.86801	16.676	0.013999999999999999
2456100.54239	16.692	0.013000000000000001
2456100.73697	16.666	0.011000000000000001
2456101.51395	16.679000000000002	0.013000000000000001
2456101.66735	16.677	0.011000000000000001
2456101.85457	16.68	0.013999999999999999
2456102.64952	16.677	0.011000000000000001
2456102.8078799997	16.678	0.01
2456103.55774	16.669	0.011000000000000001
2456103.73813	16.687	0.011000000000000001
2456104.55769	16.664	0.01
2456104.7228099997	16.660999999999998	0.01
2456104.8821799997	16.674	0.013000000000000001
2456105.66883	16.67	0.011000000000000001
2456106.65253	16.663	0.013000000000000001
2456108.64916	16.692999999999998	0.011000000000000001
2456108.82444	16.674	0.011000000000000001
2456109.61254	16.7	0.023
2456109.8118	16.679000000000002	0.013999999999999999
2456113.6168299997	16.657	0.013000000000000001
2456113.77541	16.668	0.011000000000000001
2456114.62347	16.673	0.013999999999999999
2456114.79795	16.663	0.011000000000000001
2456115.56121	16.668	0.013000000000000001
2456115.77702	16.677	0.013999999999999999
2456116.6126200003	16.679000000000002	0.01
2456116.78523	16.676	0.011000000000000001
2456117.57952	16.651	0.011000000000000001
2456117.76022	16.687	0.011000000000000001
2456118.53301	16.689	0.011000000000000001
2456118.7212099996	16.663	0.01
2456119.49559	16.704	0.016
2456119.67509	16.678	0.01
2456120.51113	16.699	0.013000000000000001
2456120.7059	16.692999999999998	0.013000000000000001
2456121.5029599997	16.688	0.01
2456121.68367	16.67	0.01
2456123.54153	16.675	0.013000000000000001
2456123.71682	16.675	0.011000000000000001
2456124.5142	16.688	0.013000000000000001
2456124.72448	16.686	0.011000000000000001
2456125.52683	16.665	0.011000000000000001
2456125.72905	16.673	0.01
2456126.55991	16.704	0.013000000000000001
2456126.77321	16.689	0.011000000000000001
2456127.73994	16.699	0.011000000000000001
2456128.66203	16.676	0.01
2456131.53526	16.672	0.013000000000000001
2456132.5422799997	16.688	0.011000000000000001
2456132.7992	16.68	0.013000000000000001
2456133.7248400003	16.679000000000002	0.011000000000000001
2456134.63247	16.684	0.013000000000000001
2456135.60897	16.673	0.013000000000000001
2456135.8116200003	16.694000000000003	0.013000000000000001
2456140.6102299998	16.697	0.017
2456140.7686099997	16.706	0.022000000000000002
2456141.63204	16.668	0.013000000000000001
2456141.7840400003	16.66	0.016
2456143.71947	16.680999999999997	0.016
2456147.69129	16.663	0.013999999999999999
2456148.62735	16.659000000000002	0.01
2456149.74199	16.656	0.013999999999999999
2456150.66679	16.687	0.013999999999999999
2456151.6480099997	16.673	0.013000000000000001
2456152.5257	16.675	0.011000000000000001
2456153.7226400003	16.671	0.013000000000000001
2456154.70684	16.677	0.013000000000000001
2456158.55361	16.67	0.011000000000000001
2456158.72222	16.686	0.011000000000000001
2456159.68694	16.676	0.016
2456160.64818	16.694000000000003	0.011000000000000001
2456161.54405	16.683	0.013999999999999999
2456164.5331099997	16.676	0.013999999999999999
2456167.52697	16.67	0.011000000000000001
2456168.52397	16.684	0.013000000000000001
2456169.53221	16.691	0.013000000000000001
2456169.7006900003	16.699	0.016
2456171.67419	16.647000000000002	0.013999999999999999
2456172.63563	16.677	0.011000000000000001
2456174.6013700003	16.66	0.013999999999999999
2456175.58515	16.683	0.013000000000000001
2456179.57277	16.665	0.013999999999999999
2456180.5627200003	16.682000000000002	0.013000000000000001
2456181.5233299998	16.680999999999997	0.011000000000000001
2456182.52481	16.689	0.011000000000000001
2456183.56995	16.669	0.01
2456184.62125	16.679000000000002	0.011000000000000001
2456185.50975	16.676	0.01
2456186.5394	16.686	0.011000000000000001
2456190.57567	16.667	0.01
2456191.61326	16.672	0.011000000000000001
2456195.54889	16.680999999999997	0.011000000000000001
2456195.62462	16.665	0.013000000000000001
2456196.54575	16.676	0.013000000000000001
2456196.6246700003	16.689	0.013999999999999999
2456197.5474400003	16.660999999999998	0.013999999999999999
2456198.5536	16.688	0.016
2456200.59047	16.689	0.017
2456201.53028	16.677	0.017
2456203.51925	16.674	0.013000000000000001
2456203.6107099997	16.663	0.017
2456204.56214	16.665	0.013000000000000001
2456205.50348	16.655	0.011000000000000001
2456205.58456	16.659000000000002	0.011000000000000001
2456208.5304400004	16.675	0.013000000000000001
2456209.5798	16.673	0.013999999999999999
2456210.55558	16.647000000000002	0.013000000000000001
2456211.50628	16.676	0.011000000000000001
2456211.58709	16.688	0.013000000000000001
2456212.50575	16.71	0.011000000000000001
2456212.58117	16.683	0.011000000000000001
2456213.5350200003	16.683	0.013000000000000001
2456214.5141	16.668	0.011000000000000001
2456214.575	16.689	0.013999999999999999
2456216.51486	16.676	0.013000000000000001
2456216.57656	16.659000000000002	0.013000000000000001
2456217.53795	16.673	0.01
2456218.5225400003	16.679000000000002	0.013000000000000001
2456219.5412	16.669	0.011000000000000001
2456221.52569	16.685	0.02
2456221.55288	16.68	0.019
2456223.57471	16.675	0.013999999999999999
2456226.51642	16.68	0.017
2456231.52142	16.677	0.016
2456233.54731	16.676	0.016
2456238.5242	16.692	0.016
2456334.88605	16.678	0.011000000000000001
2456335.86303	16.671	0.011000000000000001
2456337.87583	16.659000000000002	0.011000000000000001
2456338.8533900003	16.666	0.011000000000000001
2456339.84865	16.669	0.01
2456340.86838	16.680999999999997	0.011000000000000001
2456342.83564	16.672	0.013000000000000001
2456343.8805299997	16.676	0.013000000000000001
2456344.87418	16.664	0.01
2456345.8983400003	16.684	0.013999999999999999
2456347.89565	16.672	0.011000000000000001
2456348.8957599998	16.685	0.011000000000000001
2456350.82567	16.687	0.013000000000000001
2456351.82427	16.666	0.013999999999999999
2456352.82314	16.672	0.013000000000000001
2456353.79156	16.695	0.011000000000000001
2456353.89993	16.667	0.011000000000000001
2456358.8305900004	16.659000000000002	0.011000000000000001
2456360.82207	16.666	0.01
2456361.80711	16.675	0.01
2456361.8859099997	16.665	0.011000000000000001
2456362.86901	16.679000000000002	0.01
2456363.7973599997	16.660999999999998	0.011000000000000001
2456363.89705	16.686	0.01
2456367.8962	16.69	0.01
2456368.8473799997	16.685	0.011000000000000001
2456369.77649	16.687	0.011000000000000001
2456369.8676299998	16.701	0.01
2456370.8190599997	16.686	0.01
2456370.90167	16.677	0.011000000000000001
2456371.8327099998	16.669	0.01
2456371.9149700003	16.66	0.011000000000000001
2456372.82516	16.694000000000003	0.01
2456372.90923	16.679000000000002	0.011000000000000001
2456373.84215	16.674	0.011000000000000001
2456374.75965	16.683	0.013000000000000001
2456374.84906	16.69	0.011000000000000001
2456375.75868	16.683	0.01
2456375.8637099997	16.678	0.01
2456376.76796	16.701	0.011000000000000001
2456376.85965	16.671	0.01
2456377.78194	16.679000000000002	0.01
2456377.87185	16.692999999999998	0.008
2456378.7782799997	16.665	0.01
2456378.86859	16.67	0.01
2456379.77488	16.692999999999998	0.013000000000000001
2456379.86357	16.705	0.011000000000000001
2456380.76608	16.673	0.01
2456380.86882	16.686	0.011000000000000001
2456381.78712	16.682000000000002	0.01
2456381.87502	16.686	0.01
2456382.7809200003	16.648	0.013000000000000001
2456382.8603	16.673	0.011000000000000001
2456386.77396	16.669	0.011000000000000001
2456386.8771599997	16.67	0.011000000000000001
2456387.77263	16.672	0.01
2456387.85596	16.679000000000002	0.01
2456388.79659	16.688	0.01
2456388.91012	16.684	0.011000000000000001
2456389.77496	16.675	0.01
2456389.85463	16.680999999999997	0.01
2456390.73031	16.671	0.011000000000000001
2456390.81227	16.685	0.01
2456390.90374	16.683	0.011000000000000001
2456391.84821	16.684	0.011000000000000001
2456393.84668	16.699	0.011000000000000001
2456394.80978	16.694000000000003	0.013000000000000001
2456395.7619	16.671	0.01
2456396.71158	16.680999999999997	0.01
2456396.89206	16.685	0.01
2456397.83691	16.666	0.01
2456398.75452	16.698	0.011000000000000001
2456398.9253599998	16.677	0.011000000000000001
2456399.84703	16.685	0.013000000000000001
2456400.82885	16.701	0.01
2456401.77057	16.669	0.01
2456402.69509	16.69	0.011000000000000001
2456402.86778	16.664	0.011000000000000001
2456403.77399	16.680999999999997	0.01
2456404.71615	16.662	0.01
2456404.89494	16.694000000000003	0.011000000000000001
2456405.83916	16.695999999999998	0.011000000000000001
2456405.90454	16.684	0.008
2456406.9243400004	16.668	0.01
2456407.8404	16.679000000000002	0.011000000000000001
2456408.78449	16.676	0.013999999999999999
2456409.89814	16.655	0.013000000000000001
2456415.8478099997	16.651	0.013999999999999999
2456416.7540700003	16.692	0.011000000000000001
2456417.67901	16.672	0.013999999999999999
2456417.84242	16.686	0.013000000000000001
2456418.70131	16.689	0.011000000000000001
2456418.8655	16.678	0.01
2456419.75069	16.684	0.01
2456419.92641	16.660999999999998	0.01
2456420.7661099997	16.703	0.01
2456421.79397	16.675	0.011000000000000001
2456422.73839	16.679000000000002	0.01
2456423.69606	16.706	0.011000000000000001
2456423.89455	16.687	0.011000000000000001
2456424.7561	16.674	0.01
2456426.61532	16.676	0.011000000000000001
2456426.85543	16.68	0.01
2456427.8742400003	16.671	0.008
2456428.64657	16.672	0.013000000000000001
2456428.84204	16.677	0.011000000000000001
2456431.6406900003	16.684	0.013000000000000001
2456431.82941	16.676	0.01
2456432.66677	16.669	0.013000000000000001
2456432.85097	16.695999999999998	0.01
2456433.6556700002	16.69	0.013000000000000001
2456433.8517400003	16.698	0.01
2456434.74915	16.687	0.011000000000000001
2456434.9355599997	16.695	0.013000000000000001
2456435.5882	16.671	0.016
2456435.7913	16.674	0.011000000000000001
2456436.59195	16.672	0.013999999999999999
2456436.78243	16.678	0.011000000000000001
2456436.9481099998	16.680999999999997	0.017
2456437.87785	16.699	0.016
2456441.71603	16.672	0.013999999999999999
2456441.81825	16.69	0.013000000000000001
2456442.59911	16.685	0.011000000000000001
2456442.7831099997	16.69	0.01
2456442.94335	16.704	0.017
2456443.62464	16.702	0.011000000000000001
2456444.70406	16.695	0.013000000000000001
2456444.80221	16.687	0.011000000000000001
2456445.5997200003	16.688	0.013000000000000001
2456445.80643	16.688	0.011000000000000001
2456446.59043	16.699	0.01
2456446.78178	16.684	0.01
2456447.5676	16.689	0.011000000000000001
2456447.75061	16.67	0.01
2456447.9166900003	16.688	0.01
2456448.67954	16.686	0.011000000000000001
2456448.86496	16.668	0.011000000000000001
2456449.64091	16.655	0.011000000000000001
2456449.82502	16.675	0.011000000000000001
2456450.59081	16.68	0.011000000000000001
2456450.7749099997	16.676	0.01
2456450.93436	16.672	0.013000000000000001
2456451.71605	16.68	0.011000000000000001
2456451.89239	16.680999999999997	0.013000000000000001
2456452.6689299997	16.685	0.01
2456452.90668	16.675	0.011000000000000001
2456454.67853	16.675	0.01
2456454.8634200003	16.69	0.01
2456455.7059299997	16.692999999999998	0.008
2456456.64513	16.682000000000002	0.008
2456456.8313700003	16.69	0.01
2456457.80482	16.689	0.01
2456458.58817	16.677	0.011000000000000001
2456458.77319	16.678	0.01
2456459.5339599997	16.669	0.013000000000000001
2456459.73137	16.677	0.01
2456459.89601	16.673	0.013000000000000001
2456460.79442	16.669	0.01
2456461.65355	16.679000000000002	0.011000000000000001
2456461.8750400003	16.684	0.011000000000000001
2456462.8194	16.674	0.011000000000000001
2456463.59332	16.682000000000002	0.013000000000000001
2456463.78438	16.68	0.011000000000000001
2456464.60207	16.691	0.013000000000000001
2456464.79317	16.692	0.013000000000000001
2456468.58837	16.68	0.013000000000000001
2456468.8020200003	16.692999999999998	0.013000000000000001
2456469.66313	16.695999999999998	0.013000000000000001
2456471.5808599996	16.692	0.013000000000000001
2456472.64544	16.672	0.011000000000000001
2456472.83105	16.683	0.013999999999999999
2456473.60803	16.68	0.01
2456473.79268	16.675	0.011000000000000001
2456474.55498	16.674	0.011000000000000001
2456474.7363400003	16.652	0.011000000000000001
2456475.5170299998	16.652	0.013000000000000001
2456475.72147	16.677	0.011000000000000001
2456476.48746	16.682000000000002	0.013999999999999999
2456476.67529	16.695999999999998	0.011000000000000001
2456476.83938	16.691	0.013000000000000001
2456477.65597	16.669	0.011000000000000001
2456478.51673	16.699	0.013999999999999999
2456479.5817299997	16.67	0.011000000000000001
2456479.79793	16.69	0.013000000000000001
2456480.67996	16.679000000000002	0.01
2456481.48723	16.684	0.013000000000000001
2456481.73027	16.687	0.011000000000000001
2456483.59955	16.699	0.01
2456484.56435	16.663	0.011000000000000001
2456485.6909	16.695	0.01
2456486.6129	16.687	0.011000000000000001
2456486.81534	16.671	0.01
2456487.60348	16.69	0.01
2456487.80596	16.688	0.01
2456489.65505	16.692999999999998	0.011000000000000001
2456490.4973299997	16.708	0.011000000000000001
2456490.6844200003	16.699	0.01
2456491.52818	16.656	0.011000000000000001
2456491.74684	16.672	0.011000000000000001
2456492.56369	16.697	0.013000000000000001
2456492.75066	16.674	0.013000000000000001
2456496.58275	16.7	0.019
2456497.68837	16.679000000000002	0.013000000000000001
2456498.51497	16.665	0.01
2456498.69433	16.682000000000002	0.011000000000000001
2456499.52928	16.685	0.01
2456500.6827	16.677	0.013000000000000001
2456501.66733	16.675	0.01
2456504.68299	16.671	0.01
2456505.58135	16.689	0.011000000000000001
2456505.77887	16.682000000000002	0.016
2456506.72596	16.682000000000002	0.013000000000000001
2456508.48365	16.672	0.013000000000000001
2456508.67558	16.674	0.01
2456509.59912	16.667	0.008
2456509.7647	16.709	0.013000000000000001
2456510.65718	16.665	0.01
2456511.61724	16.672	0.011000000000000001
2456514.48002	16.701	0.013000000000000001
2456514.73177	16.672	0.01
2456515.71996	16.689	0.01
2456516.67422	16.703	0.013000000000000001
2456518.67957	16.683	0.01
2456519.63334	16.684	0.01
2456523.55614	16.647000000000002	0.01
2456523.71173	16.656	0.019
2456524.6677900003	16.672	0.011000000000000001
2456525.67535	16.673	0.013999999999999999
2456529.556	16.668	0.011000000000000001
2456531.50845	16.684	0.011000000000000001
2456532.5101900003	16.662	0.011000000000000001
2456533.5252900003	16.702	0.013000000000000001
2456534.59981	16.689	0.011000000000000001
2456536.57098	16.68	0.01
2456538.61251	16.692999999999998	0.011000000000000001
2456543.5347	16.680999999999997	0.011000000000000001
2456544.5726799998	16.66	0.01
2456545.62102	16.669	0.01
2456547.58923	16.689	0.016
2456555.5512099997	16.669	0.013999999999999999
2456558.52764	16.687	0.01
2456559.56728	16.674	0.011000000000000001
2456560.62744	16.674	0.013000000000000001
2456562.57796	16.678	0.01
2456563.5942599997	16.682000000000002	0.013000000000000001
2456564.5271900003	16.702	0.011000000000000001
2456565.49588	16.666	0.013000000000000001
2456565.59398	16.686	0.011000000000000001
2456567.56684	16.671	0.013000000000000001
2456568.56369	16.674	0.013000000000000001
2456569.52415	16.682000000000002	0.01
2456569.60625	16.692999999999998	0.013000000000000001
2456571.4893	16.684	0.013000000000000001
2456571.59919	16.684	0.013000000000000001
2456572.5661	16.677	0.013000000000000001
2456573.53022	16.698	0.011000000000000001
2456577.49587	16.654	0.019
2456577.58526	16.692999999999998	0.022000000000000002
2456578.57988	16.707	0.013000000000000001
2456579.5501599996	16.692999999999998	0.013999999999999999
2456581.49119	16.688	0.013999999999999999
2456582.5180599997	16.694000000000003	0.013000000000000001
2456583.5155	16.655	0.017
2456584.5109099997	16.671	0.013999999999999999
2456585.51137	16.682000000000002	0.013999999999999999
2456586.5323099997	16.680999999999997	0.013999999999999999
2456590.50218	16.684	0.013999999999999999
2456592.49755	16.683	0.016
2456595.49908	16.665	0.013000000000000001
2456696.8856200003	16.695	0.013999999999999999
2456697.88221	16.671	0.011000000000000001
2456698.88173	16.679000000000002	0.013999999999999999
2456700.88705	16.667	0.011000000000000001
2456702.86249	16.667	0.011000000000000001
2456703.85018	16.702	0.013999999999999999
2456705.84272	16.686	0.016
2456707.87916	16.663	0.013000000000000001
2456709.83105	16.691	0.011000000000000001
2456710.8524599997	16.672	0.01
2456711.87172	16.667	0.01
2456715.8517400003	16.67	0.01
2456716.8434099997	16.688	0.01
2456717.85596	16.679000000000002	0.013000000000000001
2456718.87051	16.692999999999998	0.013999999999999999
2456719.86335	16.702	0.011000000000000001
2456720.8388799997	16.680999999999997	0.01
2456721.8206700003	16.685	0.011000000000000001
2456722.8119200002	16.679000000000002	0.013000000000000001
2456722.90606	16.675	0.011000000000000001
2456723.8870200003	16.667	0.01
2456724.86678	16.671	0.011000000000000001
2456725.8417	16.701	0.01
2456726.8043400003	16.684	0.01
2456726.90106	16.684	0.01
2456727.8739400003	16.692	0.008
2456728.84431	16.704	0.01
2456729.79683	16.697	0.011000000000000001
2456729.8925400004	16.67	0.01
2456730.84673	16.678	0.013000000000000001
2456731.89249	16.695	0.013000000000000001
2456732.85507	16.668	0.016
2456733.7913900004	16.663	0.011000000000000001
2456733.8840400004	16.694000000000003	0.01
2456734.82467	16.685	0.011000000000000001
2456734.9144599997	16.663	0.011000000000000001
2456735.8638400002	16.686	0.011000000000000001
2456736.79531	16.673	0.013999999999999999
2456736.89702	16.694000000000003	0.01
2456737.85223	16.667	0.01
2456738.79429	16.652	0.016
2456741.84925	16.675	0.011000000000000001
2456741.88612	16.692999999999998	0.013999999999999999
2456742.84339	16.67	0.01
2456743.88995	16.666	0.01
2456744.85248	16.692999999999998	0.01
2456745.7423400003	16.691	0.011000000000000001
2456745.8473099996	16.69	0.01
2456746.74742	16.695999999999998	0.011000000000000001
2456746.84077	16.695	0.01
2456747.86497	16.683	0.01
2456748.86501	16.679000000000002	0.01
2456749.85956	16.676	0.01
2456750.88301	16.7	0.01
2456751.90619	16.688	0.008
2456752.90067	16.663	0.008
2456754.88284	16.687	0.011000000000000001
2456755.8971700002	16.683	0.01
2456756.85051	16.715999999999998	0.01
2456757.81477	16.678	0.01
2456758.83644	16.682000000000002	0.011000000000000001
2456759.77534	16.677	0.008
2456760.73155	16.684	0.01
2456760.91347	16.692999999999998	0.008
2456760.9275599997	16.686	0.011000000000000001
2456761.84805	16.680999999999997	0.01
2456762.80298	16.699	0.01
2456763.77215	16.685	0.011000000000000001
2456764.7036599996	16.674	0.013000000000000001
2456764.87811	16.683	0.01
2456765.7991299997	16.677	0.01
2456768.77434	16.688	0.013000000000000001
2456769.69052	16.675	0.01
2456769.85678	16.691	0.01
2456770.7577400003	16.687	0.01
2456771.6916	16.677	0.01
2456771.8865400003	16.687	0.01
2456772.79943	16.677	0.01
2456773.71708	16.648	0.013000000000000001
2456773.90467	16.694000000000003	0.01
2456774.8078099997	16.68	0.011000000000000001
2456775.78937	16.67	0.01
2456776.70133	16.69	0.01
2456776.9177599996	16.682000000000002	0.011000000000000001
2456777.9096	16.674	0.011000000000000001
2456784.79618	16.68	0.011000000000000001
2456785.7732599997	16.694000000000003	0.011000000000000001
2456786.78244	16.715999999999998	0.011000000000000001
2456788.84492	16.675	0.011000000000000001
2456789.7393400003	16.680999999999997	0.013000000000000001
2456789.92808	16.666	0.013000000000000001
2456790.77031	16.675	0.013000000000000001
2456791.61648	16.671	0.017
2456791.78548	16.677	0.013000000000000001
2456792.62017	16.685	0.017
2456792.78043	16.667	0.013000000000000001
2456792.92137	16.675	0.013999999999999999
2456796.72896	16.685	0.013000000000000001
2456796.90011	16.676	0.013000000000000001
2456797.76929	16.676	0.013000000000000001
2456797.9231	16.69	0.013999999999999999
2456799.8157099998	16.679000000000002	0.016
2456803.71167	16.662	0.011000000000000001
2456803.882	16.674	0.011000000000000001
2456804.65068	16.679000000000002	0.011000000000000001
2456804.83869	16.686	0.011000000000000001
2456805.6371	16.673	0.013000000000000001
2456805.82964	16.677	0.013000000000000001
2456806.89895	16.692999999999998	0.013999999999999999
2456807.78216	16.692999999999998	0.013999999999999999
2456808.56074	16.686	0.013999999999999999
2456808.76064	16.685	0.011000000000000001
2456808.92228	16.665	0.013999999999999999
2456809.72123	16.689	0.01
2456809.91602	16.676	0.013999999999999999
2456810.70922	16.701	0.011000000000000001
2456810.90581	16.684	0.013999999999999999
2456811.677	16.676	0.013000000000000001
2456811.87519	16.695	0.016
2456813.74115	16.68	0.011000000000000001
2456813.93072	16.655	0.013999999999999999
2456814.78438	16.674	0.011000000000000001
2456814.94067	16.679000000000002	0.017
2456815.77203	16.695	0.011000000000000001
2456816.58893	16.672	0.013999999999999999
2456816.81048	16.687	0.013000000000000001
2456817.6532900003	16.679000000000002	0.013000000000000001
2456817.8355400003	16.680999999999997	0.013000000000000001
2456818.59095	16.667	0.016
2456819.64414	16.698	0.013999999999999999
2456819.80156	16.686	0.013999999999999999
2456823.8174	16.694000000000003	0.013000000000000001
2456824.59673	16.685	0.016
2456824.7987	16.68	0.013000000000000001
2456825.57991	16.685	0.013000000000000001
2456825.7662400003	16.669	0.011000000000000001
2456826.53087	16.686	0.013999999999999999
2456826.70622	16.678	0.011000000000000001
2456826.89929	16.684	0.013999999999999999
2456827.70437	16.688	0.011000000000000001
2456827.88594	16.702	0.013999999999999999
2456828.6532799997	16.680999999999997	0.011000000000000001
2456828.8605299997	16.680999999999997	0.013000000000000001
2456829.6058799997	16.660999999999998	0.013999999999999999
2456829.7913	16.687	0.011000000000000001
2456830.58433	16.67	0.013000000000000001
2456830.7705200003	16.680999999999997	0.01
2456831.66223	16.684	0.01
2456831.85397	16.668	0.013999999999999999
2456832.67082	16.688	0.011000000000000001
2456832.83865	16.735	0.013000000000000001
2456833.69117	16.69	0.013000000000000001
2456833.85223	16.678	0.013000000000000001
2456834.63084	16.674	0.013999999999999999
2456834.81589	16.663	0.016
2456835.6394	16.676	0.013999999999999999
2456835.8229099996	16.69	0.013999999999999999
2456836.61778	16.689	0.016
2456836.79729	16.682000000000002	0.013999999999999999
2456837.58256	16.683	0.011000000000000001
2456837.76431	16.680999999999997	0.013000000000000001
2456838.5350099998	16.689	0.013999999999999999
2456838.72095	16.683	0.011000000000000001
2456839.50175	16.688	0.016
2456839.68302	16.684	0.013000000000000001
2456839.84753	16.687	0.016
2456840.6888	16.671	0.013999999999999999
2456841.55892	16.676	0.011000000000000001
2456841.74883	16.695999999999998	0.013000000000000001
2456842.5512200003	16.692	0.013999999999999999
2456842.73418	16.684	0.013000000000000001
2456844.5203	16.677	0.013000000000000001
2456844.70822	16.676	0.013000000000000001
2456844.85923	16.702	0.016
2456845.61142	16.686	0.011000000000000001
2456845.7924	16.683	0.011000000000000001
2456847.5603099996	16.7	0.013000000000000001
2456847.7043	16.69	0.011000000000000001
2456851.5991700003	16.702	0.013999999999999999
2456851.77305	16.666	0.013999999999999999
2456855.5651599998	16.702	0.013000000000000001
2456855.75054	16.685	0.013000000000000001
2456856.5468200003	16.694000000000003	0.013000000000000001
2456856.73053	16.692999999999998	0.011000000000000001
2456857.54519	16.679000000000002	0.013000000000000001
2456857.73568	16.664	0.011000000000000001
2456858.56053	16.671	0.01
2456858.7473299997	16.672	0.011000000000000001
2456859.70769	16.688	0.013999999999999999
2456862.65948	16.674	0.013000000000000001
2456863.50263	16.682000000000002	0.011000000000000001
2456863.6929	16.669	0.011000000000000001
2456864.53496	16.675	0.013999999999999999
2456864.72193	16.69	0.011000000000000001
2456866.73188	16.692	0.013000000000000001
2456870.67327	16.69	0.011000000000000001
2456871.7329599997	16.678	0.013999999999999999
2456872.73257	16.674	0.013000000000000001
2456874.6428900003	16.689	0.011000000000000001
2456879.61494	16.689	0.013999999999999999
2456880.58061	16.686	0.017
2456881.4849099996	16.692	0.016
2456881.736	16.697	0.017
2456882.64242	16.669	0.011000000000000001
2456883.55605	16.67	0.011000000000000001
2456885.5320099997	16.7	0.013000000000000001
2456885.71568	16.688	0.013000000000000001
2456886.6395799997	16.675	0.011000000000000001
2456887.56256	16.684	0.011000000000000001
2456888.47664	16.685	0.011000000000000001
2456888.67735	16.675	0.013000000000000001
2456889.62435	16.685	0.011000000000000001
2456890.56365	16.682000000000002	0.013000000000000001
2456891.47905	16.697	0.016
2456891.67487	16.672	0.013999999999999999
2456895.6324299998	16.679000000000002	0.011000000000000001
2456896.59766	16.678	0.011000000000000001
2456900.52754	16.69	0.01
2456907.61704	16.680999999999997	0.013000000000000001
2456908.55474	16.688	0.013000000000000001
2456908.60531	16.677	0.016
2456909.64303	16.677	0.02
2456912.50001	16.660999999999998	0.013000000000000001
2456915.49024	16.672	0.013999999999999999
2456918.49065	16.677	0.016
2456919.54701	16.687	0.013000000000000001
2456922.52734	16.692999999999998	0.013000000000000001
2456923.5504799997	16.708	0.016
2456924.58982	16.667	0.013999999999999999
2456926.48526	16.692999999999998	0.016
2456927.54124	16.682000000000002	0.013999999999999999
2456928.57601	16.694000000000003	0.016
2456930.5081700003	16.691	0.019
2456932.55547	16.677	0.019
2456936.48748	16.673	0.013000000000000001
2456937.48851	16.675	0.016
2456938.4882900002	16.688	0.017
2456938.57493	16.680999999999997	0.017
2456940.53719	16.689	0.016
2456942.50694	16.678	0.013000000000000001
2456943.50552	16.688	0.016
2456944.5431	16.695	0.013000000000000001
2456948.4927	16.682000000000002	0.016
2456951.5106200003	16.688	0.013999999999999999
2456953.54369	16.694000000000003	0.013999999999999999
2456955.54151	16.674	0.013000000000000001
2457064.87523	16.668	0.011000000000000001
2457066.88567	16.692	0.013999999999999999
2457070.84546	16.674	0.011000000000000001
2457071.85777	16.694000000000003	0.011000000000000001
2457072.86557	16.677	0.013000000000000001
2457074.8942	16.697	0.013999999999999999
2457075.8715	16.662	0.011000000000000001
2457076.8719900004	16.667	0.011000000000000001
2457077.86935	16.685	0.013000000000000001
2457078.86032	16.679000000000002	0.011000000000000001
2457079.9007200003	16.692	0.019
2457080.89514	16.691	0.011000000000000001
2457082.84952	16.680999999999997	0.011000000000000001
2457083.81236	16.673	0.013999999999999999
2457084.80707	16.674	0.013999999999999999
2457084.89429	16.677	0.011000000000000001
2457085.86749	16.689	0.011000000000000001
2457086.84611	16.677	0.013000000000000001
2457087.79512	16.7	0.013999999999999999
2457087.9020700003	16.672	0.013000000000000001
2457088.87329	16.676	0.011000000000000001
2457089.83934	16.660999999999998	0.013000000000000001
2457090.7903	16.683	0.013999999999999999
2457090.89439	16.687	0.011000000000000001
2457091.84822	16.685	0.013000000000000001
2457092.78361	16.683	0.013000000000000001
2457092.87866	16.677	0.011000000000000001
2457097.77041	16.691	0.013000000000000001
2457097.86045	16.679000000000002	0.01
2457098.8097	16.665	0.011000000000000001
2457098.90881	16.689	0.011000000000000001
2457099.85186	16.678	0.011000000000000001
2457100.7988400003	16.674	0.011000000000000001
2457100.89158	16.687	0.011000000000000001
2457101.8733200002	16.679000000000002	0.011000000000000001
2457102.85185	16.683	0.013000000000000001
2457108.82558	16.692	0.013000000000000001
2457109.7735599997	16.71	0.013000000000000001
2457109.87697	16.668	0.011000000000000001
2457110.7854299997	16.684	0.01
2457110.89673	16.7	0.01
2457111.80615	16.692999999999998	0.011000000000000001
2457111.91945	16.683	0.013999999999999999
2457112.82334	16.671	0.011000000000000001
2457113.73584	16.651	0.011000000000000001
2457113.91409	16.685	0.011000000000000001
2457114.91097	16.682000000000002	0.011000000000000001
2457115.8895	16.694000000000003	0.011000000000000001
2457116.83113	16.683	0.013000000000000001
2457117.81372	16.683	0.013000000000000001
2457118.86435	16.672	0.011000000000000001
2457119.86198	16.699	0.013999999999999999
2457120.8032	16.676	0.011000000000000001
2457125.73422	16.674	0.011000000000000001
2457125.92177	16.662	0.011000000000000001
2457126.89909	16.676	0.01
2457129.81911	16.663	0.01
2457130.7469599997	16.684	0.011000000000000001
2457130.93078	16.674	0.013999999999999999
2457131.85869	16.675	0.01
2457132.7707	16.683	0.011000000000000001
2457133.90128	16.685	0.013000000000000001
2457134.7851299997	16.672	0.011000000000000001
2457135.71331	16.689	0.011000000000000001
2457135.89924	16.699	0.011000000000000001
2457136.79212	16.663	0.011000000000000001
2457137.69938	16.662	0.01
2457137.88533	16.672	0.013000000000000001
2457138.75922	16.69	0.011000000000000001
2457139.66591	16.642	0.013999999999999999
2457139.87785	16.682000000000002	0.011000000000000001
2457140.7560799997	16.686	0.011000000000000001
2457141.6581	16.667	0.011000000000000001
2457141.8396900003	16.682000000000002	0.01
2457142.71375	16.688	0.01
2457142.89901	16.676	0.011000000000000001
2457143.76969	16.692	0.013000000000000001
2457144.66163	16.685	0.013999999999999999
2457144.85879	16.679000000000002	0.013999999999999999
2457145.8588799997	16.679000000000002	0.013000000000000001
2457146.70381	16.677	0.013000000000000001
2457146.84457	16.69	0.013999999999999999
2457147.68541	16.685	0.016
2457147.82513	16.678	0.013000000000000001
2457152.8213400003	16.686	0.013000000000000001
2457153.65745	16.682000000000002	0.011000000000000001
2457153.82085	16.698	0.011000000000000001
2457154.69588	16.691	0.01
2457154.89084	16.688	0.011000000000000001
2457155.72771	16.687	0.011000000000000001
2457155.9136799998	16.683	0.011000000000000001
2457156.75996	16.685	0.01
2457157.73977	16.654	0.01
2457158.65278	16.673	0.011000000000000001
2457158.83746	16.675	0.011000000000000001
2457159.65378	16.679000000000002	0.011000000000000001
2457159.83786	16.683	0.011000000000000001
2457160.67666	16.673	0.011000000000000001
2457160.86035	16.684	0.011000000000000001
2457161.70418	16.665	0.01
2457161.88722	16.686	0.01
2457162.70625	16.674	0.011000000000000001
2457162.89315	16.692	0.011000000000000001
2457163.7157799997	16.648	0.013999999999999999
2457163.89836	16.692999999999998	0.013000000000000001
2457164.81488	16.683	0.011000000000000001
2457166.66075	16.685	0.013000000000000001
2457166.84571	16.652	0.011000000000000001
2457169.5882900003	16.677	0.013000000000000001
2457169.774	16.656	0.01
2457169.94416	16.686	0.013999999999999999
2457170.7483	16.692	0.011000000000000001
2457172.5794599997	16.691	0.016
2457172.7631599996	16.662	0.013999999999999999
2457172.93077	16.703	0.013999999999999999
2457173.7283099997	16.686	0.011000000000000001
2457173.9134	16.674	0.011000000000000001
2457174.6822	16.707	0.013000000000000001
2457174.85376	16.676	0.013000000000000001
2457175.63397	16.706	0.013999999999999999
2457175.86322	16.701	0.013999999999999999
2457176.90775	16.712	0.013999999999999999
2457178.72353	16.660999999999998	0.013000000000000001
2457179.67962	16.669	0.013999999999999999
2457179.84993	16.675	0.013999999999999999
2457180.6315200003	16.671	0.013000000000000001
2457180.80298	16.664	0.011000000000000001
2457181.56943	16.699	0.011000000000000001
2457181.75919	16.686	0.011000000000000001
2457181.92497	16.676	0.013999999999999999
2457182.70736	16.683	0.011000000000000001
2457182.88508	16.684	0.011000000000000001
2457183.64189	16.699	0.013000000000000001
2457183.8258700003	16.682000000000002	0.013000000000000001
2457184.63388	16.674	0.013000000000000001
2457184.81745	16.672	0.011000000000000001
2457185.59847	16.664	0.013000000000000001
2457185.78126	16.663	0.011000000000000001
2457186.63222	16.682000000000002	0.016
2457186.90297	16.687	0.013999999999999999
2457187.70507	16.677	0.011000000000000001
2457187.8729	16.666	0.011000000000000001
2457188.65369	16.664	0.013000000000000001
2457188.85311	16.688	0.016
2457189.71357	16.680999999999997	0.013000000000000001
2457189.88067	16.664	0.013000000000000001
2457190.6817900003	16.673	0.011000000000000001
2457190.8703400004	16.685	0.013000000000000001
2457191.79336	16.691	0.013000000000000001
2457193.64362	16.677	0.01
2457193.73476	16.678	0.01
2457193.89886	16.668	0.011000000000000001
2457194.70089	16.662	0.01
2457195.82948	16.65	0.008
2457196.88234	16.686	0.013999999999999999
2457197.54345	16.683	0.013999999999999999
2457197.71935	16.689	0.011000000000000001
2457198.52587	16.692999999999998	0.013000000000000001
2457198.71093	16.691	0.013000000000000001
2457198.88122	16.675	0.013999999999999999
2457199.64695	16.685	0.01
2457199.8298299997	16.671	0.011000000000000001
2457200.5998299997	16.678	0.011000000000000001
2457200.7688	16.664	0.011000000000000001
2457202.74695	16.679000000000002	0.013999999999999999
2457206.5611	16.674	0.016
2457206.73589	16.691	0.013000000000000001
2457207.5446599997	16.682000000000002	0.013999999999999999
2457207.709	16.667	0.013999999999999999
2457208.53313	16.687	0.011000000000000001
2457209.8006700003	16.688	0.013000000000000001
2457211.57765	16.688	0.011000000000000001
2457211.76081	16.695	0.011000000000000001
2457214.5302	16.695	0.013999999999999999
2457214.73057	16.688	0.011000000000000001
2457217.7519	16.667	0.013000000000000001
2457219.59421	16.692999999999998	0.011000000000000001
2457220.50104	16.66	0.013000000000000001
2457220.6836200003	16.68	0.01
2457221.48748	16.663	0.013999999999999999
2457221.66988	16.699	0.011000000000000001
2457221.8253	16.678	0.013999999999999999
2457222.6307900003	16.689	0.011000000000000001
2457223.5033400003	16.688	0.017
2457223.68621	16.679000000000002	0.013000000000000001
2457224.52768	16.675	0.011000000000000001
2457224.7332099997	16.675	0.013999999999999999
2457225.5575599996	16.675	0.011000000000000001
2457226.57839	16.677	0.011000000000000001
2457226.75906	16.663	0.013000000000000001
2457227.5430400004	16.685	0.011000000000000001
2457227.7266	16.683	0.011000000000000001
2457228.5457	16.665	0.013000000000000001
2457228.74021	16.659000000000002	0.011000000000000001
2457229.57277	16.659000000000002	0.01
2457229.7376599996	16.66	0.011000000000000001
2457235.50063	16.707	0.017
2457235.76262	16.674	0.016
2457236.61357	16.664	0.013000000000000001
2457249.61304	16.68	0.013000000000000001
2457250.57493	16.673	0.01
2457252.6320599997	16.672	0.011000000000000001
2457253.57436	16.677	0.011000000000000001
2457255.53252	16.68	0.013000000000000001
2457256.5273700003	16.706	0.013000000000000001
2457257.5911	16.667	0.011000000000000001
2457258.6306	16.68	0.013000000000000001
2457261.57114	16.676	0.013999999999999999
2457263.5310299997	16.7	0.013000000000000001
2457263.69403	16.68	0.013999999999999999
2457264.64334	16.660999999999998	0.013000000000000001
2457265.60607	16.684	0.011000000000000001
2457267.55398	16.680999999999997	0.013999999999999999
2457268.56163	16.677	0.011000000000000001
2457269.54375	16.697	0.011000000000000001
2457270.49595	16.676	0.011000000000000001
2457270.6852	16.678	0.011000000000000001
2457272.4832099997	16.678	0.016
2457273.59661	16.699	0.013999999999999999
2457275.6104200003	16.680999999999997	0.016
2457277.59578	16.684	0.013000000000000001
2457278.58513	16.677	0.011000000000000001
2457281.5857700002	16.689	0.013000000000000001
2457291.51515	16.671	0.017
2457292.52178	16.694000000000003	0.019
2457293.50635	16.680999999999997	0.013999999999999999
2457294.48409	16.678	0.016
2457294.60832	16.678	0.016
2457295.59711	16.678	0.013000000000000001
2457299.5183200003	16.684	0.013000000000000001
2457300.50894	16.67	0.013999999999999999
2457307.56714	16.678	0.013000000000000001
2457312.49701	16.69	0.016
2457317.49765	16.654	0.016
2457319.50348	16.671	0.019
2457324.50065	16.683	0.019
2457328.51219	16.698	0.022000000000000002
2457332.50696	16.678	0.016
2457435.85379	16.646	0.011000000000000001
2457436.87755	16.654	0.013000000000000001
2457438.83019	16.675	0.013000000000000001
2457439.85495	16.659000000000002	0.013999999999999999
2457440.87883	16.667	0.013000000000000001
2457442.81704	16.635	0.016
2457444.89791	16.64	0.013999999999999999
2457446.80855	16.647000000000002	0.011000000000000001
2457447.81971	16.643	0.011000000000000001
2457448.82233	16.636	0.011000000000000001
2457449.86223	16.619	0.016
2457451.86462	16.631	0.011000000000000001
2457452.90719	16.625999999999998	0.011000000000000001
2457454.8605299997	16.625	0.011000000000000001
2457455.8631599997	16.609	0.011000000000000001
2457456.87952	16.627	0.011000000000000001
2457457.876	16.605	0.011000000000000001
2457458.86975	16.609	0.011000000000000001
2457460.87128	16.596	0.01
2457461.86912	16.598	0.01
2457462.8475599997	16.595	0.01
2457463.89062	16.597	0.01
2457465.81548	16.567999999999998	0.011000000000000001
2457466.87593	16.567999999999998	0.011000000000000001
2457467.879	16.542	0.011000000000000001
2457470.83523	16.534000000000002	0.011000000000000001
2457471.78754	16.508	0.013000000000000001
2457471.91785	16.512999999999998	0.013000000000000001
2457472.8580099996	16.489	0.011000000000000001
2457474.74897	16.47	0.013000000000000001
2457474.85126	16.456	0.01
2457475.78068	16.454	0.013000000000000001
2457475.8849299997	16.445999999999998	0.011000000000000001
2457476.77394	16.425	0.01
2457484.8610900003	16.235	0.008
2457486.7839200003	16.146	0.01
2457487.8925900003	16.114	0.008
2457489.92575	16.009	0.008
2457492.7522400003	15.833	0.006999999999999999
2457493.73979	15.775	0.006999999999999999
2457494.7321	15.716	0.006999999999999999
2457495.7064900002	15.630999999999998	0.006999999999999999
2457495.92708	15.616	0.006999999999999999
2457498.85843	15.466	0.006999999999999999
2457499.81319	15.427	0.006
2457500.75425	15.424000000000001	0.006999999999999999
2457507.776	15.744000000000002	0.006999999999999999
2457508.82472	15.811	0.006999999999999999
2457509.92419	15.884	0.006999999999999999
2457512.87656	16.053	0.008
2457522.92957	16.41	0.013999999999999999
2457526.85322	16.465999999999998	0.011000000000000001
2457530.70265	16.505	0.013999999999999999
2457534.84293	16.552	0.011000000000000001
2457536.83945	16.552	0.01
2457546.67282	16.63	0.011000000000000001
2457547.61681	16.622	0.011000000000000001
2457548.74786	16.636	0.008
2457549.8695400003	16.633	0.011000000000000001
2457550.8481099997	16.621	0.013000000000000001
2457552.8747900003	16.613	0.013000000000000001
2457555.58759	16.652	0.013000000000000001
2457555.91836	16.654	0.013000000000000001
2457557.8925900003	16.668	0.016
2457561.69336	16.637	0.011000000000000001
2457566.55029	16.648	0.013000000000000001
2457566.86994	16.639	0.016
2457567.81374	16.654	0.011000000000000001
2457568.83477	16.672	0.013999999999999999
2457569.8312	16.664	0.013999999999999999
2457570.78757	16.644000000000002	0.011000000000000001
2457573.69642	16.673	0.013999999999999999
2457575.62764	16.662	0.013000000000000001
2457575.7812099997	16.657	0.01
2457576.57631	16.648	0.011000000000000001
2457576.7400700003	16.655	0.01
2457577.56261	16.636	0.013000000000000001
2457579.741	16.673	0.011000000000000001
2457582.69735	16.658	0.011000000000000001
2457582.71034	16.671	0.011000000000000001
2457584.5680400003	16.671	0.013999999999999999
2457584.7102799998	16.669	0.013000000000000001
2457589.51665	16.675	0.017
2457589.67559	16.67	0.013999999999999999
2457590.47503	16.678	0.016
2457590.6165	16.686	0.013000000000000001
2457590.80885	16.647000000000002	0.016
2457593.54842	16.683	0.011000000000000001
2457593.7037400003	16.665	0.011000000000000001
2457595.70012	16.686	0.013999999999999999
2457599.51442	16.678	0.013999999999999999
2457599.74925	16.659000000000002	0.011000000000000001
2457600.61856	16.673	0.013000000000000001
2457600.64684	16.682000000000002	0.013000000000000001
2457601.78028	16.677	0.013999999999999999
2457602.6202700003	16.673	0.011000000000000001
2457602.77003	16.679000000000002	0.016
2457603.6081	16.680999999999997	0.011000000000000001
2457603.74829	16.659000000000002	0.011000000000000001
2457604.5749	16.662	0.011000000000000001
2457604.71548	16.668	0.01
2457605.56769	16.69	0.011000000000000001
2457605.71902	16.689	0.011000000000000001
2457606.7433	16.676	0.013999999999999999
2457607.6458400004	16.675	0.011000000000000001
2457608.52535	16.658	0.011000000000000001
2457608.72719	16.660999999999998	0.011000000000000001
2457609.60375	16.664	0.01
2457609.75417	16.648	0.011000000000000001
2457610.6364	16.666	0.011000000000000001
2457611.63663	16.651	0.013000000000000001
2457612.5651700003	16.664	0.013000000000000001
2457612.7036200003	16.669	0.013000000000000001
2457616.58032	16.677	0.013000000000000001
2457617.53026	16.688	0.013999999999999999
2457617.69404	16.656	0.013999999999999999
2457618.58362	16.673	0.013000000000000001
2457618.73446	16.686	0.019
2457621.59076	16.674	0.013999999999999999
2457622.52955	16.665	0.011000000000000001
2457622.71246	16.672	0.011000000000000001
2457623.6312	16.658	0.011000000000000001
2457624.5746299997	16.669	0.011000000000000001
2457625.53505	16.683	0.011000000000000001
2457626.51488	16.665	0.013000000000000001
2457630.5096299998	16.654	0.011000000000000001
2457631.48121	16.672	0.013000000000000001
2457631.65997	16.664	0.011000000000000001
2457632.64513	16.668	0.011000000000000001
2457634.52992	16.676	0.013999999999999999
2457636.48263	16.659000000000002	0.016
2457636.6533	16.671	0.013999999999999999
2457637.64334	16.66	0.013000000000000001
2457639.53774	16.67	0.013000000000000001
2457643.6228400003	16.664	0.016
2457645.49906	16.69	0.016
2457647.61736	16.694000000000003	0.016
2457649.51107	16.677	0.011000000000000001
2457650.56123	16.651	0.011000000000000001
2457651.5907900003	16.685	0.013000000000000001
2457653.48507	16.675	0.011000000000000001
2457655.48592	16.67	0.013999999999999999
2457656.5707099997	16.692	0.013000000000000001
2457659.5564	16.660999999999998	0.013000000000000001
2457661.4852	16.658	0.016
2457662.55749	16.653	0.013000000000000001
2457667.49378	16.69	0.013000000000000001
2457672.54385	16.672	0.013999999999999999
2457681.51521	16.663	0.013999999999999999
2457791.8845	16.669	0.013999999999999999
2457792.88729	16.680999999999997	0.017
2457793.87873	16.657	0.013000000000000001
2457794.88572	16.675	0.016
2457795.8897599997	16.67	0.016
2457798.86115	16.65	0.013000000000000001
2457800.8519900003	16.66	0.013999999999999999
2457801.8908599997	16.669	0.013999999999999999
2457803.8723	16.659000000000002	0.013000000000000001
2457807.84581	16.666	0.011000000000000001
2457808.89657	16.669	0.013999999999999999
2457809.90477	16.666	0.016
2457811.8273	16.669	0.013000000000000001
2457812.85886	16.663	0.011000000000000001
2457814.82775	16.671	0.011000000000000001
2457815.85463	16.660999999999998	0.011000000000000001
2457816.8464	16.664	0.013000000000000001
2457817.84301	16.669	0.011000000000000001
2457818.82922	16.673	0.01
2457819.80908	16.673	0.013000000000000001
2457819.9064700003	16.680999999999997	0.013000000000000001
2457821.8172	16.687	0.013000000000000001
2457822.81261	16.663	0.013000000000000001
2457822.90196	16.660999999999998	0.011000000000000001
2457823.88715	16.662	0.011000000000000001
2457824.88326	16.669	0.013000000000000001
2457825.87486	16.655	0.011000000000000001
2457826.83374	16.677	0.013999999999999999
2457827.82102	16.663	0.013000000000000001
2457827.91026	16.679000000000002	0.013000000000000001
2457828.8794299997	16.666	0.011000000000000001
2457830.78207	16.656	0.013999999999999999
2457830.86931	16.666	0.011000000000000001
2457835.7821400003	16.67	0.016
2457836.8934	16.675	0.013000000000000001
2457838.7802	16.671	0.013000000000000001
2457839.8464599997	16.666	0.01
2457840.90781	16.663	0.011000000000000001
2457842.7782099997	16.669	0.013000000000000001
2457843.8190900004	16.662	0.011000000000000001
2457844.86135	16.674	0.013000000000000001
2457845.9079400003	16.680999999999997	0.011000000000000001
2457847.75006	16.676	0.013000000000000001
2457848.77947	16.67	0.011000000000000001
2457849.80783	16.66	0.011000000000000001
2457850.83687	16.668	0.011000000000000001
2457851.88107	16.673	0.011000000000000001
2457853.9197400003	16.66	0.016
2457855.72914	16.665	0.013000000000000001
2457856.75315	16.68	0.016
2457858.83599	16.659000000000002	0.013000000000000001
2457862.8716700003	16.676	0.013000000000000001
2457865.68555	16.669	0.011000000000000001
2457866.6965400004	16.655	0.011000000000000001
2457867.7154	16.675	0.011000000000000001
2457868.78802	16.664	0.013000000000000001
2457869.8113700002	16.66	0.01
2457870.8500200002	16.669	0.011000000000000001
2457871.87232	16.678	0.011000000000000001
2457872.8986299997	16.662	0.01
2457873.8790599997	16.659000000000002	0.011000000000000001
2457874.852	16.658	0.013000000000000001
2457875.9299	16.657	0.011000000000000001
2457876.9023700003	16.671	0.011000000000000001
2457877.87447	16.660999999999998	0.011000000000000001
2457878.91381	16.667	0.011000000000000001
2457880.6748599997	16.679000000000002	0.013999999999999999
2457881.75085	16.668	0.016
2457882.7546	16.666	0.013000000000000001
2457889.93403	16.665	0.017
2457893.67003	16.663	0.013999999999999999
2457893.92371	16.663	0.011000000000000001
2457894.81263	16.669	0.011000000000000001
2457895.79522	16.694000000000003	0.011000000000000001
2457901.6796	16.674	0.011000000000000001
2457902.66872	16.668	0.013999999999999999
2457903.76123	16.67	0.013999999999999999
2457904.66225	16.671	0.011000000000000001
2457904.92802	16.675	0.013999999999999999
2457905.79268	16.683	0.011000000000000001
2457906.68312	16.667	0.011000000000000001
2457906.92947	16.653	0.013999999999999999
2457907.89514	16.632	0.011000000000000001
2457908.78918	16.677	0.011000000000000001
2457909.65414	16.652	0.011000000000000001
2457909.89591	16.665	0.011000000000000001
2457910.69446	16.666	0.011000000000000001
2457911.57978	16.65	0.016
2457916.54889	16.680999999999997	0.016
2457916.76063	16.676	0.011000000000000001
2457917.60123	16.66	0.013000000000000001
2457917.8428599997	16.646	0.016
2457918.8665	16.64	0.022000000000000002
2457922.56705	16.654	0.017
2457923.5210599997	16.669	0.016
2457923.86547	16.658	0.016
2457924.50448	16.66	0.013999999999999999
2457924.8945299997	16.67	0.013000000000000001
2457925.50563	16.662	0.016
2457925.57161	16.656	0.016
2457925.68063	16.674	0.008
2457925.78665	16.647000000000002	0.011000000000000001
2457925.82479	16.658	0.013000000000000001
2457925.86606	16.657	0.011000000000000001
2457925.89097	16.669	0.013999999999999999
2457926.75497	16.680999999999997	0.013000000000000001
2457926.87283	16.687	0.016
2457928.54385	16.673	0.016
2457928.56713	16.675	0.013999999999999999
2457928.60124	16.672	0.013000000000000001
2457928.63364	16.689	0.013999999999999999
2457928.6671	16.672	0.013000000000000001
2457928.88184	16.684	0.017
2457929.57004	16.697	0.013000000000000001
2457929.80013	16.686	0.013999999999999999
2457932.60063	16.672	0.013999999999999999
2457932.7193299998	16.68	0.013000000000000001
2457932.84267	16.657	0.013999999999999999
2457933.51194	16.673	0.016
2457933.7145	16.671	0.013000000000000001
2457934.64437	16.660999999999998	0.011000000000000001
2457934.85979	16.668	0.013999999999999999
2457935.7387200003	16.682000000000002	0.011000000000000001
2457936.61656	16.668	0.011000000000000001
2457936.86999	16.685	0.013999999999999999
2457937.71075	16.671	0.011000000000000001
2457938.63293	16.672	0.016
2457944.55111	16.683	0.013000000000000001
2457944.6534	16.658	0.013000000000000001
2457944.77438	16.679000000000002	0.013000000000000001
2457945.5740099996	16.666	0.013000000000000001
2457945.8112	16.656	0.011000000000000001
2457946.67782	16.67	0.011000000000000001
2457947.57969	16.667	0.013000000000000001
2457948.48581	16.688	0.013000000000000001
2457948.76932	16.680999999999997	0.013000000000000001
2457949.6983	16.668	0.013999999999999999
2457953.4720099997	16.666	0.013999999999999999
2457953.74469	16.667	0.011000000000000001
2457954.6639	16.67	0.01
2457956.48394	16.685	0.013000000000000001
2457956.7623799997	16.679000000000002	0.011000000000000001
2457958.61093	16.662	0.013999999999999999
2457959.49489	16.682000000000002	0.011000000000000001
2457959.74384	16.678	0.011000000000000001
2457960.64898	16.637999999999998	0.011000000000000001
2457961.63043	16.669	0.011000000000000001
2457962.63563	16.684	0.011000000000000001
2457964.65375	16.674	0.013000000000000001
2457966.4772	16.678	0.019
2457966.72193	16.691	0.013999999999999999
2457967.72883	16.67	0.016
2457971.65782	16.7	0.013000000000000001
2457972.5931700002	16.678	0.013999999999999999
2457972.70143	16.683	0.013999999999999999
2457973.70202	16.658	0.017
2457974.6740200003	16.67	0.013000000000000001
2457979.5709599997	16.68	0.011000000000000001
2457980.6367	16.678	0.013999999999999999
2457982.48603	16.688	0.013000000000000001
2457983.55923	16.669	0.013000000000000001
2457984.6168400003	16.69	0.013000000000000001
2457986.53062	16.680999999999997	0.011000000000000001
2457987.6075	16.679000000000002	0.011000000000000001
2457991.47388	16.683	0.016
2457992.53929	16.686	0.011000000000000001
2457993.60207	16.674	0.011000000000000001
2457998.4841400003	16.665	0.013000000000000001
2457998.57603	16.676	0.013000000000000001
2458000.5104900002	16.678	0.016
2458000.61191	16.691	0.017
2458002.49213	16.68	0.019
2458004.51603	16.692	0.013999999999999999
2458008.51408	16.664	0.013999999999999999
2458012.49453	16.686	0.011000000000000001
2458014.53307	16.666	0.011000000000000001
2458016.55525	16.654	0.013000000000000001
2458019.5391	16.668	0.011000000000000001
2458029.53659	16.674	0.016
2458037.54015	16.665	0.017
2458039.5268099997	16.66	0.016
2458048.50525	16.673	0.011000000000000001
2458054.51107	16.665	0.016
2458056.50618	16.651	0.019
