2455377.8160900003	17.41	0.022000000000000002
2455378.74021	17.414	0.017
2455379.54918	17.393	0.024
2455379.847	17.415	0.027000000000000003
2455380.54488	17.404	0.02
2455380.73928	17.425	0.02
2455381.59038	17.393	0.031
2455381.81346	17.414	0.03
2455382.68323	17.402	0.024
2455384.7906400003	17.401	0.031
2455386.61086	17.426	0.02
2455387.4804	17.392	0.02
2455387.55142	17.426	0.019
2455387.61623	17.425	0.017
2455387.62407	17.416	0.016
2455387.652	17.417	0.016
2455387.69048	17.442999999999998	0.019
2455388.50866	17.407	0.024
2455389.47059	17.403	0.038
2455389.79966	17.445	0.039
2455390.73682	17.413	0.022000000000000002
2455391.5838099997	17.396	0.02
2455392.52152	17.398	0.024
2455393.62896	17.382	0.027999999999999997
2455393.82801	17.369	0.027999999999999997
2455396.81108	17.434	0.03
2455403.55888	17.409000000000002	0.024
2455403.7554599997	17.419	0.027999999999999997
2455404.62879	17.409000000000002	0.024
2455405.6450799997	17.41	0.027000000000000003
2455407.49959	17.43	0.027999999999999997
2455407.69379	17.4	0.027000000000000003
2455408.62274	17.42	0.027999999999999997
2455409.48506	17.415	0.024
2455410.4892599997	17.428	0.025
2455411.5038799997	17.414	0.022000000000000002
2455412.55447	17.374000000000002	0.027000000000000003
2455413.4961	17.417	0.024
2455414.51427	17.375	0.017
2455416.6891799998	17.417	0.024
2455421.5231	17.381	0.022000000000000002
2455422.5062599997	17.38	0.025
2455423.63469	17.417	0.025
2455426.69719	17.415	0.03
2455430.65471	17.409000000000002	0.027999999999999997
2455431.65177	17.416	0.027999999999999997
2455433.54168	17.434	0.033
2455434.62451	17.423	0.022000000000000002
2455435.62151	17.375	0.022000000000000002
2455437.48983	17.401	0.019
2455438.68136	17.412	0.02
2455443.50171	17.397000000000002	0.025
2455444.5085400003	17.41	0.024
2455445.58113	17.409000000000002	0.022000000000000002
2455446.6179299997	17.414	0.019
2455448.4804599998	17.367	0.027000000000000003
2455449.5506700003	17.439	0.024
2455450.64853	17.397000000000002	0.025
2455457.47853	17.379	0.022000000000000002
2455458.52735	17.418	0.038
2455459.56765	17.39	0.024
2455460.5808599996	17.433	0.040999999999999995
2455461.60848	17.41	0.027000000000000003
2455463.53188	17.416	0.02
2455464.52376	17.442999999999998	0.027999999999999997
2455467.5075	17.432000000000002	0.022000000000000002
2455470.54655	17.384	0.027000000000000003
2455472.51995	17.379	0.027999999999999997
2455473.58654	17.396	0.024
2455479.5134099997	17.417	0.027000000000000003
2455481.50673	17.408	0.034
2455486.52578	17.442999999999998	0.03
2455488.51034	17.382	0.024
2455490.5219799997	17.419	0.036000000000000004
2455495.50079	17.419	0.022000000000000002
2455499.52881	17.34	0.03
2455621.87459	17.387999999999998	0.019
2455624.90799	17.433	0.039
2455625.84743	17.432000000000002	0.024
2455627.85469	17.397000000000002	0.02
2455628.89091	17.396	0.02
2455630.85597	17.4	0.022000000000000002
2455632.84605	17.395	0.024
2455634.82842	17.401	0.025
2455635.89396	17.41	0.024
2455638.80566	17.41	0.027000000000000003
2455639.85975	17.348	0.022000000000000002
2455641.80127	17.403	0.027000000000000003
2455643.81385	17.43	0.024
2455648.84424	17.389	0.019
2455650.7634099997	17.352	0.02
2455652.75121	17.383	0.02
2455654.85973	17.394000000000002	0.019
2455656.83424	17.39	0.016
2455658.81701	17.4	0.024
2455659.8814	17.396	0.017
2455662.7856400004	17.425	0.024
2455664.87854	17.418	0.031
2455667.84257	17.367	0.019
2455670.7258200003	17.413	0.027000000000000003
2455675.89883	17.39	0.022000000000000002
2455677.8424	17.377	0.022000000000000002
2455680.73922	17.428	0.024
2455681.9161400003	17.402	0.02
2455683.89401	17.398	0.019
2455685.8772400003	17.391	0.017
2455687.7828	17.404	0.02
2455690.79642	17.413	0.02
2455692.71068	17.393	0.022000000000000002
2455693.82032	17.38	0.019
2455694.90391	17.381	0.02
2455696.6979400003	17.377	0.022000000000000002
2455697.79487	17.387999999999998	0.02
2455698.8706	17.406	0.025
2455705.94022	17.4	0.031
2455707.83237	17.404	0.022000000000000002
2455709.58739	17.44	0.024
2455713.76186	17.417	0.017
2455715.80787	17.407	0.019
2455721.65367	17.382	0.022000000000000002
2455722.83568	17.377	0.02
2455724.6521400004	17.406	0.027000000000000003
2455726.58177	17.42	0.03
2455735.75996	17.394000000000002	0.02
2455736.85297	17.410999999999998	0.019
2455737.89628	17.405	0.022000000000000002
2455739.73104	17.373	0.019
2455740.81323	17.4	0.024
2455741.8514799997	17.387999999999998	0.02
2455742.86314	17.386	0.019
2455744.5794	17.405	0.027000000000000003
2455745.66752	17.372	0.019
2455746.84527	17.402	0.027999999999999997
2455749.59309	17.402	0.024
2455752.7521900004	17.387	0.022000000000000002
2455759.84486	17.430999999999997	0.034
2455761.5389	17.51	0.016
2455762.66175	17.391	0.024
2455763.80198	17.387999999999998	0.03
2455765.60574	17.401	0.017
2455766.7277900004	17.402	0.025
2455768.55533	17.41	0.02
2455769.6963	17.401	0.019
2455776.72661	17.401	0.027000000000000003
2455779.6167099997	17.396	0.019
2455785.70163	17.366	0.027000000000000003
2455787.6655200003	17.392	0.022000000000000002
2455790.57766	17.417	0.027999999999999997
2455793.6799	17.37	0.02
2455796.48203	17.445	0.024
2455801.6809	17.346	0.027000000000000003
2455805.54878	17.405	0.017
2455812.5816900004	17.375999999999998	0.033
2455815.62071	17.415	0.019
2455818.52365	17.383	0.024
2455820.59855	17.391	0.024
2455823.53584	17.377	0.027999999999999997
2455824.54518	17.387999999999998	0.02
2455825.54212	17.412	0.022000000000000002
2455826.5260099997	17.375999999999998	0.025
2455828.48861	17.055999999999997	0.017
2455829.61412	17.386	0.02
2455831.62155	17.4	0.025
2455834.51643	17.425	0.017
2455839.50678	17.408	0.042
2455841.5041099996	17.364	0.03
2455843.49137	17.375999999999998	0.031
2455845.50655	17.398	0.027999999999999997
2455850.5597200003	17.429000000000002	0.022000000000000002
2455854.5139599997	17.402	0.027999999999999997
2455859.51418	17.41	0.027000000000000003
2455978.88222	17.387	0.022000000000000002
2455983.8977200002	17.395	0.02
2455986.89477	17.391	0.02
2455989.87432	17.378	0.024
2455992.8130200002	17.422	0.025
2455994.88579	17.417	0.02
2455996.8887	17.386	0.016
2455998.9019400002	17.396	0.017
2456004.80215	17.37	0.024
2456006.79558	17.374000000000002	0.017
2456007.91722	17.386	0.024
2456009.86225	17.403	0.017
2456011.7696700003	17.432000000000002	0.024
2456012.9106400004	17.392	0.013999999999999999
2456014.8440400003	17.392	0.019
2456016.74243	17.332	0.017
2456017.83535	17.38	0.013999999999999999
2456019.75032	17.396	0.025
2456020.82533	17.384	0.017
2456021.88815	17.384	0.017
2456023.72148	17.424	0.024
2456024.7067299997	17.41	0.031
2456025.7713900004	17.413	0.024
2456032.69914	17.37	0.027999999999999997
2456033.91295	17.405	0.022000000000000002
2456036.88196	17.363	0.013999999999999999
2456038.9032900003	17.403	0.02
2456041.74386	17.377	0.024
2456047.90099	17.387999999999998	0.02
2456049.84923	17.392	0.02
2456051.7576599997	17.381	0.017
2456053.76266	17.403	0.019
2456058.7722099996	17.402	0.019
2456059.76343	17.442999999999998	0.024
2456061.91829	17.382	0.02
2456063.86927	17.4	0.022000000000000002
2456065.7373099998	17.381	0.017
2456066.92746	17.389	0.017
2456068.66877	17.401	0.02
2456069.8434099997	17.391	0.016
2456070.89774	17.366	0.017
2456075.59838	17.421	0.019
2456076.72675	17.415	0.016
2456077.9434599997	17.398	0.025
2456079.64091	17.375	0.019
2456080.69632	17.352999999999998	0.017
2456081.7313200003	17.408	0.02
2456082.62624	17.352999999999998	0.034
2456082.84295	17.36	0.027000000000000003
2456085.92031	17.391	0.027999999999999997
2456089.73154	17.442	0.02
2456093.6079599997	17.391	0.025
2456094.75422	17.392	0.019
2456096.87289	17.383	0.027000000000000003
2456098.67674	17.423	0.022000000000000002
2456100.627	17.42	0.02
2456101.6562900003	17.366	0.017
2456102.71811	17.379	0.019
2456103.73977	17.37	0.017
2456104.8028700002	17.375	0.017
2456108.50815	17.366	0.033
2456109.60059	17.338	0.038
2456109.81348	17.363	0.025
2456114.57667	17.373	0.027999999999999997
2456115.6006099996	17.415	0.02
2456116.7340599997	17.397000000000002	0.02
2456117.79941	17.406	0.02
2456118.8475900004	17.408	0.022000000000000002
2456119.63928	17.408	0.019
2456120.55237	17.377	0.024
2456121.64732	17.372	0.017
2456123.7568599996	17.373	0.027000000000000003
2456126.65157	17.393	0.019
2456128.64872	17.39	0.017
2456130.55373	17.404	0.024
2456132.78189	17.387999999999998	0.019
2456135.4934400003	17.375999999999998	0.025
2456140.51084	17.335	0.031
2456141.64654	17.449	0.027000000000000003
2456143.5378900003	17.352	0.027999999999999997
2456147.50795	17.363	0.022000000000000002
2456148.48561	17.371	0.016
2456150.61703	17.403	0.024
2456151.4888	17.408	0.03
2456152.64498	17.387	0.02
2456158.49108	17.419	0.02
2456160.49323	17.375	0.02
2456164.4959400003	17.373	0.022000000000000002
2456168.4992299997	17.398	0.024
2456171.4992400003	17.387	0.019
2456172.49735	17.4	0.013999999999999999
2456175.48605	17.402	0.019
2456180.55179	17.392	0.02
2456182.65778	17.358	0.022000000000000002
2456185.48637	17.428	0.019
2456186.48446	17.38	0.024
2456195.48576	17.373	0.025
2456196.6026	17.357	0.022000000000000002
2456200.59248	17.354	0.034
2456204.59081	17.373	0.022000000000000002
2456208.51948	17.442999999999998	0.027999999999999997
2456211.5773099996	17.367	0.019
2456212.4964900003	17.387999999999998	0.024
2456214.53144	17.367	0.022000000000000002
2456216.50545	17.409000000000002	0.025
2456219.53189	17.337	0.02
2456225.57274	17.39	0.031
2456231.50784	17.351	0.027000000000000003
2456347.89829	17.37	0.019
2456351.85677	17.442999999999998	0.022000000000000002
2456358.8346700002	17.413	0.02
2456360.8121599997	17.383	0.019
2456362.84541	17.385	0.017
2456368.8368599997	17.397000000000002	0.017
2456370.84673	17.4	0.019
2456373.8073299997	17.448	0.02
2456375.75978	17.378	0.019
2456376.88974	17.398	0.016
2456378.84155	17.363	0.016
2456380.78002	17.424	0.019
2456381.91655	17.397000000000002	0.017
2456386.8617700003	17.392	0.019
2456388.7382900002	17.384	0.02
2456389.8573	17.415	0.019
2456391.7222	17.381	0.027999999999999997
2456394.74957	17.421	0.022000000000000002
2456396.74706	17.437	0.017
2456398.69423	17.403	0.02
2456399.87993	17.414	0.019
2456401.90312	17.39	0.019
2456403.82345	17.416	0.017
2456405.931	17.384	0.022000000000000002
2456408.73097	17.415	0.044000000000000004
2456415.88341	17.436	0.022000000000000002
2456417.78098	17.385	0.017
2456418.9015599997	17.371	0.016
2456420.73149	17.382	0.013999999999999999
2456422.79421	17.418	0.024
2456424.72087	17.39	0.016
2456426.92507	17.358	0.019
2456431.69991	17.391	0.024
2456432.82568	17.397000000000002	0.019
2456434.64537	17.412	0.025
2456435.77878	17.391	0.016
2456436.85237	17.409000000000002	0.02
2456441.8341	17.383	0.03
2456442.89162	17.430999999999997	0.02
2456445.6617099997	17.398	0.017
2456446.592	17.375999999999998	0.016
2456447.64984	17.352999999999998	0.017
2456448.68113	17.374000000000002	0.02
2456449.7338	17.36	0.017
2456450.79016	17.382	0.016
2456451.85132	17.402	0.022000000000000002
2456454.57117	17.36	0.024
2456455.6252599997	17.340999999999998	0.019
2456456.9185900004	17.379	0.017
2456458.76118	17.44	0.019
2456459.81586	17.410999999999998	0.017
2456461.68895	17.371	0.02
2456463.56951	17.416	0.025
2456464.65777	17.414	0.025
2456468.75764	17.372	0.024
2456473.73979	17.413	0.019
2456474.81459	17.408	0.027000000000000003
2456476.50343	17.398	0.027000000000000003
2456477.57865	17.369	0.02
2456479.5970799997	17.413	0.02
2456480.77612	17.368	0.019
2456483.6147	17.336	0.013999999999999999
2456485.79523	17.415	0.019
2456487.5180599997	17.386	0.019
2456490.79951	17.39	0.017
2456492.58461	17.381	0.02
2456497.60109	17.351	0.027000000000000003
2456498.72554	17.389	0.019
2456501.62382	17.409000000000002	0.02
2456505.68185	17.387	0.022000000000000002
2456508.54459	17.379	0.02
2456509.74086	17.392	0.019
2456511.69233	17.374000000000002	0.017
2456515.67825	17.398	0.016
2456519.4994200002	17.399	0.017
2456523.70299	17.351	0.027999999999999997
2456526.68433	17.355999999999998	0.02
2456532.51275	17.387999999999998	0.019
2456535.54391	17.423	0.022000000000000002
2456541.49973	17.417	0.02
2456545.56025	17.387999999999998	0.017
2456555.57603	17.416	0.024
2456560.59251	17.404	0.025
2456564.4945099996	17.438	0.027999999999999997
2456567.58335	17.399	0.02
2456570.54481	17.377	0.02
2456573.50679	17.351	0.02
2456582.52342	17.389	0.02
2456585.53056	17.430999999999997	0.027999999999999997
2456593.55118	17.385	0.027000000000000003
2456599.53461	17.352999999999998	0.022000000000000002
2456702.86563	17.423	0.024
2456704.86948	17.346	0.024
2456705.86761	17.442999999999998	0.027999999999999997
2456709.8826200003	17.391	0.019
2456715.86742	17.363	0.017
2456718.8361400003	17.382	0.025
2456720.88704	17.409000000000002	0.017
2456723.80242	17.435	0.025
2456725.8134	17.521	0.025
2456727.81157	17.384	0.017
2456729.78712	17.391	0.02
2456730.91033	17.343	0.024
2456733.81297	17.352	0.02
2456734.9049	17.379	0.016
2456736.85454	17.425	0.025
2456738.80615	17.357	0.031
2456742.8894700003	17.398	0.013999999999999999
2456745.807	17.386	0.017
2456747.83462	17.423	0.019
2456749.81795	17.375	0.017
2456751.9078900004	17.375999999999998	0.013999999999999999
2456755.73954	17.358	0.025
2456757.74125	17.424	0.022000000000000002
2456759.76043	17.384	0.017
2456761.71158	17.399	0.025
2456763.69481	17.408	0.022000000000000002
2456764.86392	17.418	0.017
2456768.79855	17.402	0.019
2456769.93106	17.372	0.022000000000000002
2456771.84215	17.381	0.017
2456773.7185299997	17.371	0.025
2456774.85425	17.389	0.019
2456776.8162	17.434	0.019
2456784.7741900003	17.417	0.02
2456785.74929	17.386	0.017
2456786.76822	17.424	0.017
2456789.69702	17.362000000000002	0.022000000000000002
2456790.77163	17.373	0.019
2456791.83443	17.386	0.022000000000000002
2456792.85976	17.358	0.022000000000000002
2456796.93103	17.377	0.024
2456798.85226	17.423	0.031
2456803.88342	17.416	0.019
2456804.8993	17.381	0.024
2456805.9434700003	17.374000000000002	0.034
2456807.9391099997	17.375999999999998	0.03
2456809.57824	17.387999999999998	0.027999999999999997
2456810.6351799998	17.372	0.019
2456811.64592	17.42	0.024
2456813.76771	17.397000000000002	0.019
2456814.86136	17.415	0.022000000000000002
2456815.93485	17.392	0.022000000000000002
2456817.67108	17.437	0.031
2456819.55848	17.377	0.034
2456823.75843	17.384	0.02
2456824.80029	17.385	0.022000000000000002
2456825.81258	17.365	0.022000000000000002
2456826.8354700003	17.393	0.02
2456827.88753	17.393	0.022000000000000002
2456829.51874	17.384	0.031
2456830.5389099997	17.39	0.025
2456831.6639	17.385	0.016
2456832.72012	17.406	0.02
2456833.78265	17.421	0.02
2456834.78744	17.398	0.027000000000000003
2456835.83921	17.375999999999998	0.025
2456837.49713	17.39	0.027000000000000003
2456838.49268	17.409000000000002	0.031
2456839.50342	17.382	0.027999999999999997
2456840.54988	17.408	0.027999999999999997
2456841.67747	17.398	0.019
2456842.71942	17.396	0.022000000000000002
2456844.75412	17.413	0.02
2456845.7354900003	17.396	0.017
2456847.6935900003	17.398	0.02
2456851.68169	17.426	0.024
2456852.77079	17.381	0.036000000000000004
2456855.81098	17.374000000000002	0.02
2456857.49053	17.374000000000002	0.019
2456858.5477400003	17.424	0.02
2456859.74051	17.387	0.024
2456863.60489	17.398	0.017
2456864.67795	17.399	0.019
2456871.54066	17.4	0.02
2456880.5658299997	17.351	0.027000000000000003
2456882.51958	17.384	0.024
2456884.7104599997	17.377	0.02
2456886.61003	17.423	0.02
2456888.5191599997	17.385	0.017
2456889.70159	17.410999999999998	0.022000000000000002
2456891.63232	17.436	0.022000000000000002
2456896.61421	17.384	0.02
2456907.5758599997	17.389	0.022000000000000002
2456915.5809	17.408	0.025
2456922.51493	17.406	0.027000000000000003
2456925.52811	17.426	0.027999999999999997
2456928.51602	17.402	0.03
2456936.55419	17.424	0.027999999999999997
2456940.5259	17.374000000000002	0.024
2456947.50916	17.379	0.024
2456951.5534	17.375999999999998	0.025
2456955.5022299998	17.375	0.025
2457084.8968700003	17.153	0.016
2457087.84606	17.145	0.02
2457089.88422	17.1	0.017
2457091.90913	17.096	0.02
2457097.8321599998	17.063	0.013999999999999999
2457099.8231099998	17.027	0.016
2457101.84689	17.016	0.024
2457109.86602	16.902	0.013000000000000001
2457111.8087299997	16.893	0.013000000000000001
2457114.8263	16.828	0.013000000000000001
2457116.8174	16.784000000000002	0.013999999999999999
2457118.83477	16.726	0.013000000000000001
2457120.81663	16.708	0.013000000000000001
2457126.73107	16.549	0.011000000000000001
2457129.91971	16.496	0.011000000000000001
2457131.82053	16.434	0.008
2457133.9314	16.375999999999998	0.013000000000000001
2457135.78758	16.317	0.008
2457136.93335	16.272000000000002	0.013000000000000001
2457138.76038	16.195	0.008
2457139.92443	16.173	0.01
2457141.74876	16.117	0.006999999999999999
2457142.88521	16.084	0.008
2457144.688	15.987	0.01
2457145.93445	15.972000000000001	0.01
2457147.64902	15.9	0.011000000000000001
2457152.78863	15.804	0.006999999999999999
2457153.83795	15.790999999999999	0.006999999999999999
2457155.62212	15.762	0.008
2457156.69394	15.78	0.006999999999999999
2457158.65413	15.786	0.006999999999999999
2457159.6987900003	15.82	0.006999999999999999
2457160.77561	15.865	0.006999999999999999
2457161.85945	15.883	0.006999999999999999
2457162.909	15.914000000000001	0.008
2457164.68202	15.964	0.008
2457166.77147	16.02	0.006999999999999999
2457169.72381	16.11	0.008
2457170.78038	16.151	0.008
2457172.82293	16.214000000000002	0.01
2457173.8559	16.236	0.01
2457174.84087	16.298	0.01
2457175.90471	16.327	0.013000000000000001
2457178.82631	16.413	0.011000000000000001
2457179.80253	16.441	0.011000000000000001
2457180.8045099997	16.489	0.011000000000000001
2457181.8199299998	16.515	0.011000000000000001
2457182.83867	16.506	0.011000000000000001
2457183.84585	16.566	0.013000000000000001
2457184.8802	16.561	0.011000000000000001
2457185.89072	16.596	0.013999999999999999
2457187.66615	16.624000000000002	0.011000000000000001
2457188.6696599997	16.645	0.013000000000000001
2457189.77505	16.662	0.013000000000000001
2457190.8418400004	16.703	0.013000000000000001
2457193.8053200003	16.796	0.011000000000000001
2457197.5592799997	16.825	0.013999999999999999
2457198.58463	16.863	0.013999999999999999
2457199.59018	16.868	0.013000000000000001
2457200.58643	16.87	0.013000000000000001
2457202.80608	16.907	0.019
2457202.8228	16.933	0.022000000000000002
2457206.83972	16.941	0.022000000000000002
2457208.51927	16.965	0.02
2457211.5935400003	17.007	0.013000000000000001
2457214.56951	17.031	0.016
2457217.8354599997	17.065	0.016
2457220.63066	17.086	0.016
2457221.67167	17.115	0.016
2457222.76244	17.117	0.017
2457224.52949	17.099	0.017
2457225.6135400003	17.146	0.013000000000000001
2457227.47275	17.105999999999998	0.024
2457228.51855	17.180999999999997	0.02
2457229.58915	17.184	0.013999999999999999
2457236.54705	17.21	0.022000000000000002
2457249.73268	17.252	0.024
2457253.59123	17.24	0.016
2457256.6124	17.276	0.025
2457263.68166	17.26	0.019
2457265.64788	17.31	0.019
2457268.65535	17.276	0.016
2457270.62597	17.296	0.02
2457273.6387099996	17.348	0.022000000000000002
2457277.67191	17.317	0.024
2457284.55203	17.334	0.02
2457293.51139	17.35	0.022000000000000002
2457296.59249	17.292	0.027000000000000003
2457307.5583099998	17.364	0.024
2457319.50693	17.399	0.03
2457325.50457	17.339000000000002	0.025
2457331.521	17.352999999999998	0.03
2457429.8831700003	17.369	0.03
2457430.88318	17.441	0.027000000000000003
2457431.86564	17.335	0.022000000000000002
2457432.87436	17.379	0.024
2457433.8889200003	17.396	0.027000000000000003
2457436.86777	17.375999999999998	0.027000000000000003
2457437.86336	17.372	0.022000000000000002
2457438.87791	17.375	0.03
2457440.85129	17.398	0.022000000000000002
2457441.8548	17.383	0.024
2457442.87459	17.336	0.02
2457443.87942	17.374000000000002	0.025
2457444.85714	17.403	0.025
2457445.85145	17.371	0.02
2457446.86417	17.413	0.019
2457447.87225	17.383	0.019
2457448.88129	17.389	0.017
2457449.8367	17.352999999999998	0.03
2457452.8453599997	17.394000000000002	0.019
2457453.8423900004	17.402	0.017
2457455.81152	17.39	0.024
2457456.8151	17.364	0.025
2457457.8013299997	17.439	0.025
2457458.7966299998	17.387	0.03
2457460.79785	17.382	0.024
2457461.79933	17.385	0.019
2457462.7824	17.374000000000002	0.022000000000000002
2457463.8053900003	17.392	0.02
2457464.87566	17.39	0.016
2457465.88405	17.373	0.019
2457467.81811	17.409000000000002	0.024
2457470.77492	17.338	0.034
2457470.9034700003	17.391	0.017
2457471.84808	17.367	0.025
2457472.79677	17.346	0.025
2457473.75851	17.357	0.031
2457474.80001	17.408	0.022000000000000002
2457474.90256	17.355	0.02
2457475.8317	17.375999999999998	0.027000000000000003
2457476.80448	17.375	0.022000000000000002
2457480.86007	17.424	0.027999999999999997
2457485.77713	17.425	0.022000000000000002
2457486.9079	17.394000000000002	0.024
2457488.79203	17.386	0.017
2457491.80274	17.396	0.02
2457492.83195	17.374000000000002	0.016
2457493.8199299998	17.378	0.016
2457494.81625	17.389	0.016
2457495.7769299997	17.391	0.02
2457497.92313	17.415	0.025
2457499.68439	17.337	0.03
2457499.88533	17.41	0.02
2457500.82474	17.392	0.022000000000000002
2457507.89403	17.361	0.017
2457509.73176	17.38	0.02
2457511.79478	17.386	0.016
2457516.71306	17.385	0.019
2457523.93976	17.34	0.024
2457528.79361	17.313	0.024
2457530.68261	17.371	0.027999999999999997
2457530.8480599998	17.379	0.024
2457536.61558	17.393	0.027999999999999997
2457545.76626	17.386	0.02
2457546.80893	17.381	0.025
2457547.7603	17.418	0.019
2457549.62805	17.38	0.019
2457550.6221	17.427	0.025
2457552.88681	17.397000000000002	0.022000000000000002
2457555.7093700003	17.39	0.019
2457557.64385	17.395	0.02
2457561.80208	17.352	0.02
2457566.67078	17.392	0.02
2457567.5947	17.354	0.024
2457568.5883400002	17.387	0.025
2457569.60582	17.4	0.02
2457570.7895	17.389	0.02
2457573.63174	17.412	0.024
2457575.77035	17.367	0.019
2457576.77933	17.394000000000002	0.02
2457581.79614	17.379	0.02
2457584.69939	17.351	0.022000000000000002
2457589.70276	17.414	0.027999999999999997
2457590.71284	17.375999999999998	0.027000000000000003
2457593.69311	17.381	0.017
2457599.5568	17.359	0.025
2457601.6921200003	17.378	0.017
2457602.7595	17.44	0.024
2457604.48875	17.371	0.03
2457605.50492	17.355	0.022000000000000002
2457606.73275	17.339000000000002	0.025
2457608.5668900004	17.374000000000002	0.017
2457609.6823299997	17.384	0.02
2457611.6537	17.385	0.02
2457617.6376400003	17.363	0.024
2457619.52864	17.359	0.027999999999999997
2457622.61887	17.39	0.022000000000000002
2457624.51058	17.365	0.019
2457626.5173	17.383	0.017
2457631.54421	17.406	0.017
2457633.6163	17.344	0.022000000000000002
2457636.62861	17.427	0.022000000000000002
2457639.53977	17.364	0.022000000000000002
2457647.50765	17.412	0.034
2457649.6173799997	17.393	0.019
2457651.4976	17.394000000000002	0.019
2457652.5499299997	17.409000000000002	0.022000000000000002
2457653.58919	17.379	0.019
2457655.5913400003	17.363	0.027000000000000003
2457657.5786900003	17.395	0.02
2457660.53992	17.359	0.024
2457661.58439	17.364	0.022000000000000002
2457664.54207	17.371	0.027999999999999997
2457666.49024	17.354	0.03
2457671.54721	17.452	0.031
2457679.5151299997	17.357	0.031
2457800.85463	17.435	0.031
2457807.86256	17.391	0.024
2457810.88721	17.378	0.022000000000000002
2457814.87462	17.393	0.02
2457817.85927	17.392	0.019
2457819.8920299998	17.399	0.02
2457822.8583	17.419	0.024
2457824.8990599997	17.415	0.025
2457827.8088	17.365	0.025
2457829.81929	17.375	0.033
2457834.86919	17.397000000000002	0.027000000000000003
2457836.90055	17.343	0.024
2457838.89019	17.383	0.02
2457840.89893	17.375	0.016
2457842.86248	17.375	0.022000000000000002
2457844.8229799997	17.348	0.027999999999999997
2457846.77775	17.38	0.02
2457847.90876	17.396	0.017
2457849.8303400003	17.352999999999998	0.016
2457851.75269	17.375999999999998	0.025
2457853.91733	17.383	0.027999999999999997
2457855.81399	17.395	0.024
2457857.8580099996	17.398	0.033
2457862.72086	17.387	0.027000000000000003
2457863.9245599997	17.382	0.017
2457864.88619	17.399	0.017
2457866.73496	17.371	0.019
2457867.86932	17.391	0.019
2457869.79378	17.381	0.017
2457871.71091	17.394000000000002	0.019
2457872.8442599997	17.386	0.016
2457874.66646	17.393	0.027000000000000003
2457875.8798599998	17.371	0.02
2457877.65582	17.352999999999998	0.024
2457878.81458	17.374000000000002	0.017
2457880.68219	17.363	0.027999999999999997
2457881.8722200003	17.396	0.027000000000000003
2457889.92103	17.364	0.033
2457893.76395	17.38	0.024
2457894.77263	17.386	0.024
2457897.7026400003	17.375999999999998	0.024
2457902.62904	17.367	0.027000000000000003
2457903.79786	17.387999999999998	0.025
2457904.8014599998	17.374000000000002	0.017
2457905.76812	17.378	0.02
2457906.72127	17.375999999999998	0.016
2457907.74441	17.386	0.016
2457908.8281099997	17.408	0.017
2457909.75086	17.421	0.019
2457910.64548	17.36	0.024
2457910.94735	17.339000000000002	0.022000000000000002
2457917.56282	17.408	0.031
2457917.8969900003	17.325	0.027000000000000003
2457922.6512599997	17.393	0.022000000000000002
2457923.8051299998	17.386	0.022000000000000002
2457924.7615900002	17.394000000000002	0.019
2457925.7960599996	17.37	0.022000000000000002
2457926.8761400003	17.398	0.03
2457932.83523	17.366	0.022000000000000002
2457933.8155900002	17.414	0.027000000000000003
2457934.82767	17.37	0.022000000000000002
2457935.8624	17.366	0.017
2457936.84745	17.387999999999998	0.025
2457937.82305	17.404	0.027000000000000003
2457944.60684	17.363	0.024
2457945.51875	17.333	0.027999999999999997
2457945.84845	17.4	0.025
2457946.8139299997	17.371	0.022000000000000002
2457948.4937	17.403	0.027999999999999997
2457949.55821	17.335	0.027000000000000003
2457952.81553	17.359	0.024
2457954.47438	17.364	0.024
2457955.78973	17.406	0.022000000000000002
2457957.6466	17.367	0.02
2457958.77091	17.367	0.025
2457959.79504	17.374000000000002	0.025
2457961.56108	17.352	0.019
2457962.66427	17.408	0.017
2457965.66956	17.396	0.02
2457967.58692	17.304000000000002	0.024
2457972.6900400002	17.419	0.027000000000000003
2457974.58344	17.386	0.024
2457979.57944	17.392	0.02
2457981.56201	17.383	0.02
2457983.5184	17.358	0.025
2457984.65615	17.407	0.022000000000000002
2457987.49596	17.368	0.017
2457991.4819799997	17.408	0.024
2457992.6488	17.382	0.022000000000000002
2457994.6246	17.354	0.024
2458000.56904	17.355999999999998	0.027999999999999997
2458002.63754	17.372	0.031
2458007.5955	17.395	0.024
2458012.5751900002	17.397000000000002	0.019
2458016.48481	17.358	0.025
2458019.56313	17.355999999999998	0.019
2458029.51363	17.38	0.025
2458040.50215	17.378	0.027999999999999997
2458041.49896	17.377	0.024
2458053.53254	17.375999999999998	0.03
