2455377.65362	18.489	0.043
2455377.67467	18.449	0.047
2455378.49742	18.537	0.053
2455378.81514	18.41	0.046
2455379.70658	18.459	0.047
2455380.80408	18.484	0.057999999999999996
2455381.679	18.385	0.052000000000000005
2455382.54298	18.464000000000002	0.064
2455382.7496599997	18.449	0.057
2455385.50175	18.467	0.044000000000000004
2455386.48451	18.41	0.043
2455386.56672	18.447	0.044000000000000004
2455386.6501700003	18.428	0.043
2455386.77355	18.465	0.040999999999999995
2455387.75588	18.412	0.04
2455388.6447900003	18.467	0.043
2455389.5361900004	18.465	0.049
2455390.54401	18.479	0.064
2455390.80119	18.473	0.046
2455391.76325	18.445	0.053
2455392.6337599996	18.543	0.047
2455393.69539	18.434	0.049
2455396.58629	18.433	0.092
2455397.65485	18.522000000000002	0.069
2455403.62684	18.448	0.05
2455404.49844	18.451	0.05
2455404.69576	18.415	0.055
2455405.71145	18.514	0.057
2455407.56445	18.43	0.053
2455407.75831	18.445	0.057999999999999996
2455408.68786	18.441	0.06
2455409.59821	18.406	0.038
2455410.60131	18.438	0.040999999999999995
2455411.63748	18.444000000000003	0.040999999999999995
2455412.62158	18.463	0.053
2455413.62935	18.502	0.043
2455414.6740099997	18.471	0.04
2455418.58532	18.456	0.038
2455421.61505	18.444000000000003	0.044000000000000004
2455422.63386	18.444000000000003	0.040999999999999995
2455425.5263400003	18.477	0.049
2455430.5312799998	18.365	0.061
2455431.53204	18.444000000000003	0.049
2455434.49071	18.424	0.06
2455434.70734	18.422	0.055
2455435.71192	18.418	0.052000000000000005
2455438.5007	18.462	0.067
2455439.5703	18.430999999999997	0.055
2455443.58431	18.371	0.049
2455444.6096799998	18.405	0.05
2455446.48612	18.454	0.057999999999999996
2455447.50437	18.532	0.043
2455448.5771	18.509	0.057999999999999996
2455450.52044	18.439	0.063
2455451.64935	18.395	0.06
2455457.5441900003	18.409000000000002	0.040999999999999995
2455458.5753200003	18.387	0.053
2455459.6066	18.467	0.047
2455461.4821	18.427	0.10800000000000001
2455462.50096	18.521	0.06
2455463.63215	18.4	0.063
2455464.59991	18.46	0.067
2455465.5128599997	18.471	0.067
2455468.579	18.447	0.066
2455471.55003	18.418	0.052000000000000005
2455472.59997	18.471	0.067
2455477.5226	18.383	0.067
2455480.5233299998	18.4	0.057999999999999996
2455485.5137400003	18.386	0.078
2455487.50835	18.448	0.049
2455489.50726	18.475	0.07
2455492.5326900003	18.389	0.08199999999999999
2455497.5158599997	18.413	0.063
2455598.87138	18.382	0.047
2455599.8615	18.430999999999997	0.05
2455600.8579599997	18.438	0.049
2455606.89385	18.377	0.09
2455614.87887	18.436	0.052000000000000005
2455620.85892	18.538	0.05
2455624.81963	18.410999999999998	0.046
2455625.7817	18.351	0.067
2455627.8064599996	18.575	0.064
2455629.78583	18.535	0.063
2455630.7784	18.451	0.055
2455632.77463	18.273	0.064
2455634.76001	18.395	0.055
2455635.83256	18.444000000000003	0.066
2455638.75237	18.419	0.078
2455639.75372	18.480999999999998	0.07
2455639.83037	18.398	0.053
2455639.90609	18.415	0.046
2455640.76046	18.523	0.075
2455640.84174	18.424	0.06
2455641.75819	18.447	0.057
2455641.87831	18.372	0.046
2455642.80005	18.365	0.049
2455643.74921	18.436	0.064
2455643.8239	18.518	0.052000000000000005
2455644.75148	18.627	0.10800000000000001
2455644.86055	18.492	0.069
2455648.7360799997	18.474	0.057
2455648.84165	18.46	0.040999999999999995
2455649.73898	18.48	0.066
2455649.84753	18.45	0.04
2455650.73142	18.461	0.05
2455650.8361	18.444000000000003	0.040999999999999995
2455651.75574	18.456	0.044000000000000004
2455651.86803	18.441	0.047
2455652.7962700003	18.482	0.04
2455653.76211	18.511	0.04
2455654.76555	18.473	0.044000000000000004
2455654.85715	18.44	0.043
2455655.77005	18.424	0.053
2455655.84626	18.528	0.04
2455656.80331	18.484	0.043
2455657.7666599997	18.482	0.038
2455657.84636	18.491	0.04
2455658.75795	18.445	0.07200000000000001
2455658.85848	18.445	0.04
2455659.71515	18.546	0.057
2455659.79132	18.378	0.040999999999999995
2455659.8777	18.475	0.044000000000000004
2455660.76496	18.508	0.047
2455660.8618400004	18.479	0.053
2455662.75628	18.459	0.057999999999999996
2455662.8566400004	18.448	0.047
2455663.75453	18.417	0.046
2455664.80298	18.453	0.046
2455664.9067599997	18.46	0.044000000000000004
2455665.7894200003	18.451	0.046
2455665.90144	18.410999999999998	0.038
2455667.84145	18.451	0.040999999999999995
2455668.8477	18.426	0.052000000000000005
2455669.83974	18.475	0.049
2455670.82842	18.439	0.064
2455675.7104599997	18.413	0.047
2455675.89768	18.459	0.05
2455676.79222	18.442	0.043
2455677.74982	18.493	0.044000000000000004
2455679.67223	18.505	0.057
2455679.85781	18.47	0.038
2455680.73756	18.47	0.049
2455680.92416	18.455	0.046
2455681.83013	18.455	0.046
2455682.71835	18.433	0.047
2455683.6614599996	18.472	0.049
2455683.8927599997	18.471	0.043
2455684.79552	18.454	0.04
2455685.7822	18.506	0.038
2455686.67206	18.462	0.05
2455686.87819	18.479	0.046
2455687.7678099996	18.441	0.044000000000000004
2455689.67697	18.454	0.038
2455690.66916	18.462	0.047
2455690.88895	18.402	0.055
2455691.80556	18.416	0.040999999999999995
2455692.70943	18.480999999999998	0.049
2455692.87367	18.428	0.044000000000000004
2455693.73118	18.483	0.043
2455693.89488	18.497	0.053
2455694.738	18.436	0.047
2455694.90264	18.555999999999997	0.052000000000000005
2455695.78419	18.555	0.046
2455695.94261	18.483	0.092
2455696.771	18.52	0.052000000000000005
2455697.60029	18.455	0.064
2455697.77812	18.539	0.057
2455698.60964	18.507	0.079
2455698.77603	18.444000000000003	0.057999999999999996
2455698.94085	18.576	0.127
2455705.7401799997	18.497	0.061
2455705.9384	18.483	0.078
2455707.5688	18.442	0.064
2455707.75049	18.454	0.044000000000000004
2455707.91528	18.477	0.067
2455708.74252	18.358	0.057999999999999996
2455709.58599	18.483	0.053
2455712.61367	18.473	0.047
2455712.8195	18.487000000000002	0.049
2455713.8339400003	18.368	0.040999999999999995
2455715.57661	18.505	0.052000000000000005
2455715.59347	18.48	0.049
2455715.77941	18.51	0.040999999999999995
2455716.65404	18.451	0.049
2455716.84141	18.462	0.057
2455721.7292400002	18.456	0.046
2455721.74356	18.399	0.046
2455722.7799299997	18.531	0.044000000000000004
2455723.6574	18.461	0.05
2455723.8165	18.468	0.038
2455724.6762	18.464000000000002	0.053
2455724.69027	18.44	0.055
2455725.57938	18.486	0.044000000000000004
2455725.59285	18.425	0.04
2455725.6063099997	18.48	0.040999999999999995
2455725.79307	18.484	0.046
2455726.7004	18.418	0.046
2455734.67797	18.506	0.06
2455734.86272	18.434	0.076
2455735.80723	18.516	0.049
2455736.5542900003	18.527	0.05
2455736.7486799997	18.531	0.044000000000000004
2455737.55025	18.46	0.043
2455737.73948	18.495	0.037000000000000005
2455738.5797200003	18.432000000000002	0.040999999999999995
2455738.76577	18.45	0.040999999999999995
2455739.64587	18.410999999999998	0.038
2455739.8284299998	18.401	0.049
2455740.63717	18.464000000000002	0.053
2455740.82432	18.419	0.055
2455741.5946	18.452	0.043
2455741.77323	18.503	0.044000000000000004
2455742.52424	18.468	0.061
2455742.70639	18.53	0.040999999999999995
2455742.86149	18.432000000000002	0.044000000000000004
2455743.75635	18.373	0.046
2455744.5139200003	18.372	0.057999999999999996
2455744.7039099997	18.473	0.043
2455745.50284	18.276	0.049
2455745.68904	18.448	0.046
2455746.71773	18.455	0.047
2455747.60297	18.459	0.07
2455747.7802	18.461	0.057999999999999996
2455749.5536	18.471	0.06
2455749.7203	18.399	0.05
2455752.6041200003	18.531	0.111
2455753.48745	18.461	0.149
2455753.74089	18.327	0.078
2455759.83703	18.51	0.075
2455760.4936599997	18.423	0.075
2455760.68903	18.387999999999998	0.047
2455761.50813	18.508	0.035
2455762.55299	18.395	0.047
2455762.70896	18.384	0.049
2455763.59064	18.43	0.038
2455763.7749400004	18.445	0.064
2455764.59325	18.458	0.040999999999999995
2455765.47181	18.439	0.05
2455765.66376	18.462	0.040999999999999995
2455766.52314	18.485	0.046
2455766.70931	18.465	0.04
2455767.59045	18.472	0.05
2455767.79646	18.486	0.066
2455768.65118	18.48	0.040999999999999995
2455769.48699	18.445999999999998	0.052000000000000005
2455769.6944	18.508	0.040999999999999995
2455770.76824	18.508	0.05
2455776.62431	18.468	0.057
2455777.54581	18.469	0.04
2455778.47913	18.4	0.067
2455779.61475	18.445999999999998	0.040999999999999995
2455783.5974	18.454	0.078
2455785.6427599997	18.323	0.057999999999999996
2455786.58677	18.512	0.06
2455787.62279	18.451	0.046
2455788.5307299998	18.383	0.05
2455788.7094900003	18.407	0.079
2455790.6036	18.46	0.057
2455791.49148	18.441	0.055
2455793.6131	18.398	0.046
2455794.49533	18.438	0.053
2455794.69154	18.383	0.049
2455795.73672	18.457	0.057999999999999996
2455796.66689	18.552	0.055
2455801.5866099996	18.436	0.053
2455802.5805	18.504	0.057999999999999996
2455804.57005	18.477999999999998	0.046
2455805.5338	18.517	0.043
2455806.52755	18.361	0.052000000000000005
2455807.64978	18.522000000000002	0.066
2455812.63517	18.55	0.076
2455813.61571	18.408	0.046
2455815.59339	18.49	0.049
2455816.56453	18.456	0.044000000000000004
2455817.56553	18.44	0.055
2455818.54701	18.54	0.06
2455819.55565	18.497	0.052000000000000005
2455820.52423	18.439	0.055
2455822.51379	18.407	0.063
2455822.60234	18.503	0.052000000000000005
2455823.53381	18.532	0.07
2455823.6209	18.51	0.073
2455824.55723	18.529	0.047
2455824.63487	18.453	0.055
2455825.5737799997	18.500999999999998	0.057
2455826.49693	18.498	0.06
2455826.58431	18.506	0.063
2455827.52299	18.436	0.069
2455827.6033900003	18.428	0.063
2455828.5365	18.452	0.044000000000000004
2455828.61175	18.504	0.052000000000000005
2455829.54717	18.435	0.043
2455829.62328	18.465	0.052000000000000005
2455830.56018	18.442999999999998	0.05
2455831.53237	18.477	0.046
2455831.60564	18.445999999999998	0.055
2455832.5553099997	18.452	0.064
2455833.51342	18.465	0.047
2455833.59114	18.469	0.057
2455834.55057	18.449	0.040999999999999995
2455835.5340400003	18.565	0.084
2455836.53112	18.537	0.08199999999999999
2455836.5945900003	18.484	0.069
2455839.55509	18.512999999999998	0.095
2455840.48374	18.55	0.102
2455840.50091	18.394000000000002	0.066
2455840.51414	18.364	0.057999999999999996
2455840.52018	18.433	0.06
2455840.53425	18.421	0.052000000000000005
2455840.5419799997	18.373	0.05
2455840.5531900004	18.421	0.053
2455840.5608099997	18.410999999999998	0.052000000000000005
2455840.56974	18.429000000000002	0.052000000000000005
2455840.57755	18.44	0.057
2455840.5852	18.452	0.057
2455840.59421	18.392	0.057
2455840.60181	18.361	0.057
2455840.60997	18.412	0.061
2455840.6181	18.546	0.07
2455841.4878	18.461	0.079
2455841.52853	18.43	0.07200000000000001
2455841.56415	18.412	0.064
2455841.60784	18.484	0.073
2455842.50513	18.434	0.08199999999999999
2455842.57077	18.365	0.067
2455842.6094	18.414	0.081
2455843.51022	18.447	0.081
2455843.5509900004	18.522000000000002	0.076
2455843.60535	18.47	0.07200000000000001
2455844.49507	18.396	0.066
2455844.5553599996	18.417	0.069
2455845.51584	18.387999999999998	0.069
2455845.59656	18.288	0.069
2455846.49929	18.421	0.075
2455846.55826	18.544	0.08199999999999999
2455846.58713	18.463	0.11699999999999999
2455847.5383099997	18.42	0.08199999999999999
2455847.5668	18.296	0.099
2455851.4936900004	18.52	0.057
2455851.54493	18.525	0.057
2455852.49512	18.642	0.098
2455852.53439	18.590999999999998	0.09
2455852.56731	18.316	0.07
2455854.5059599997	18.349	0.07200000000000001
2455855.51055	18.489	0.081
2455856.49607	18.42	0.07
2455856.55604	18.482	0.095
2455857.4974700003	18.475	0.087
2455857.51999	18.433	0.09
2455858.4983900003	18.354	0.078
2455859.49657	18.397000000000002	0.085
2455860.5101	18.499000000000002	0.064
2455861.49846	18.49	0.076
2455866.51215	18.403	0.08199999999999999
2455867.5156799997	18.479	0.063
2455868.51669	18.506	0.078
2455869.50759	18.531	0.113
2455870.51225	18.623	0.066
2455969.88883	18.487000000000002	0.078
2455972.89519	18.585	0.085
2455977.83325	18.437	0.057
2455978.8476400003	18.39	0.05
2455979.85853	18.445999999999998	0.052000000000000005
2455981.88742	18.346	0.047
2455982.89208	18.498	0.047
2455983.89512	18.43	0.037000000000000005
2455984.88827	18.44	0.040999999999999995
2455985.8632	18.344	0.044000000000000004
2455986.84475	18.398	0.040999999999999995
2455987.80952	18.454	0.063
2455988.81129	18.368	0.053
2455988.89625	18.484	0.047
2455989.8717	18.534000000000002	0.053
2455990.8360099997	18.454	0.044000000000000004
2455991.80964	18.503	0.061
2455991.9040599996	18.359	0.043
2455992.86969	18.402	0.04
2455993.8508200003	18.366	0.052000000000000005
2455994.81834	18.39	0.047
2455994.90838	18.488	0.052000000000000005
2455995.83567	18.452	0.043
2455996.7878799997	18.497	0.06
2455996.87219	18.476	0.040999999999999995
2455997.819	18.469	0.05
2455997.90527	18.477999999999998	0.046
2455998.86018	18.507	0.044000000000000004
2455999.79203	18.563	0.06
2455999.87892	18.457	0.040999999999999995
2456003.86691	18.516	0.06
2456004.7995700003	18.45	0.047
2456004.89507	18.375999999999998	0.038
2456005.81857	18.437	0.046
2456005.92152	18.378	0.07200000000000001
2456006.8435400003	18.417	0.035
2456007.75451	18.496	0.049
2456007.85296	18.469	0.044000000000000004
2456008.7497400003	18.42	0.047
2456008.8376599997	18.442999999999998	0.049
2456009.74893	18.507	0.052000000000000005
2456009.84838	18.545	0.043
2456010.7401799997	18.5	0.061
2456010.83153	18.491	0.046
2456010.91915	18.475	0.06
2456011.82912	18.500999999999998	0.06
2456012.74158	18.463	0.049
2456012.8357599997	18.488	0.04
2456012.9229099997	18.578	0.06
2456013.8202400003	18.417	0.037000000000000005
2456013.92447	18.394000000000002	0.098
2456014.79636	18.461	0.04
2456014.89549	18.393	0.052000000000000005
2456015.7743599997	18.46	0.035
2456015.84147	18.441	0.032
2456016.7560900003	18.462	0.038
2456016.836	18.445	0.038
2456017.74415	18.531	0.038
2456017.82061	18.425	0.034
2456017.92056	18.561	0.057999999999999996
2456018.80951	18.498	0.057
2456018.91521	18.418	0.037000000000000005
2456019.7886200002	18.472	0.046
2456019.8837599996	18.483	0.037000000000000005
2456020.7431400004	18.619	0.057
2456020.83702	18.461	0.034
2456020.9168700003	18.487000000000002	0.049
2456021.77577	18.442	0.044000000000000004
2456021.85321	18.449	0.034
2456022.72434	18.426	0.053
2456022.8007799997	18.494	0.044000000000000004
2456022.8983	18.448	0.038
2456023.75749	18.519000000000002	0.046
2456023.8390900004	18.392	0.04
2456024.71505	18.494	0.064
2456024.74926	18.479	0.052000000000000005
2456024.79438	18.51	0.05
2456024.85076	18.477	0.044000000000000004
2456024.90666	18.355	0.044000000000000004
2456024.9281	18.41	0.084
2456025.70164	18.467	0.073
2456025.7351900004	18.442999999999998	0.061
2456025.76263	18.338	0.049
2456025.7883900004	18.444000000000003	0.06
2456025.8156	18.382	0.057999999999999996
2456025.85617	18.361	0.055
2456025.89318	18.521	0.053
2456026.69598	18.509	0.098
2456026.70869	18.522000000000002	0.08900000000000001
2456026.73655	18.45	0.175
2456029.70157	18.816	0.252
2456029.70468	18.495	0.175
2456029.7061900003	18.464000000000002	0.185
2456029.7077	18.991	0.273
2456029.71181	18.671	0.20600000000000002
2456029.71328	18.748	0.23
2456029.71784	18.410999999999998	0.175
2456029.71985	18.224	0.149
2456029.72438	18.305	0.156
2456029.7258900004	18.910999999999998	0.271
2456029.732	18.538	0.23800000000000002
2456029.73347	18.39	0.16
2456029.7379799997	18.382	0.18600000000000003
2456029.73965	18.516	0.191
2456029.74422	18.408	0.157
2456029.74573	18.296	0.146
2456029.75146	18.304000000000002	0.162
2456029.7529599997	18.464000000000002	0.166
2456029.75749	18.727999999999998	0.239
2456029.75914	18.72	0.256
2456029.76368	18.308	0.139
2456029.76519	18.562	0.198
2456029.7702	18.515	0.188
2456029.7717	18.464000000000002	0.168
2456029.77625	18.364	0.14300000000000002
2456029.77786	18.542	0.174
2456029.78236	18.604	0.18
2456029.78387	18.532	0.165
2456029.78753	18.31	0.153
2456029.79209	18.528	0.14800000000000002
2456029.79355	18.476	0.149
2456029.79864	18.471	0.122
2456029.8001	18.574	0.139
2456029.8046	18.403	0.124
2456029.8072	18.500999999999998	0.139
2456029.8117299997	18.665	0.145
2456029.81323	18.434	0.13
2456029.86388	18.452	0.055
2456029.8816	18.366	0.11
2456029.9296	18.154	0.113
2456031.7532200003	18.434	0.053
2456031.79311	18.458	0.044000000000000004
2456031.83262	18.494	0.047
2456031.87429	18.444000000000003	0.055
2456031.91393	18.340999999999998	0.05
2456032.8406700003	18.401	0.035
2456032.86847	18.43	0.04
2456032.89654	18.463	0.037000000000000005
2456033.71876	18.421	0.052000000000000005
2456033.7729700003	18.452	0.044000000000000004
2456033.8349099997	18.455	0.043
2456033.88915	18.449	0.043
2456034.72291	18.567	0.04
2456034.76152	18.489	0.038
2456034.81696	18.476	0.034
2456034.8689099997	18.479	0.040999999999999995
2456034.90645	18.406	0.038
2456035.8546700003	18.473	0.044000000000000004
2456035.9147099997	18.487000000000002	0.047
2456036.7198799998	18.493	0.04
2456036.84933	18.407	0.031
2456036.92726	18.406	0.04
2456037.79916	18.428	0.040999999999999995
2456038.76536	18.512	0.055
2456039.75948	18.41	0.052000000000000005
2456040.75115	18.345	0.040999999999999995
2456040.93561	18.674	0.128
2456041.8906400003	18.445	0.038
2456046.88579	18.498	0.044000000000000004
2456046.89981	18.497	0.038
2456046.93381	18.468	0.055
2456047.68676	18.425	0.05
2456047.84691	18.477999999999998	0.043
2456048.77841	18.477	0.038
2456049.69612	18.468	0.040999999999999995
2456049.88975	18.471	0.040999999999999995
2456050.79384	18.464000000000002	0.044000000000000004
2456051.66709	18.383	0.049
2456052.7784599997	18.500999999999998	0.05
2456052.9358599996	18.534000000000002	0.069
2456053.80986	18.455	0.044000000000000004
2456054.90048	18.499000000000002	0.055
2456055.93557	18.296	0.06
2456058.8355400003	18.452	0.049
2456059.72387	18.456	0.046
2456059.90019	18.529	0.043
2456061.8007799997	18.408	0.04
2456062.6675299997	18.48	0.052000000000000005
2456062.85019	18.465	0.046
2456063.8193599996	18.485	0.052000000000000005
2456064.74196	18.468	0.035
2456064.9263400002	18.514	0.049
2456065.7742	18.512	0.04
2456066.68995	18.424	0.037000000000000005
2456066.87505	18.519000000000002	0.04
2456067.67696	18.507	0.046
2456067.85501	18.511	0.04
2456068.68302	18.465999999999998	0.043
2456068.90105	18.484	0.04
2456069.63525	18.345	0.044000000000000004
2456069.84208	18.505	0.035
2456070.64107	18.469	0.055
2456070.81794	18.393	0.037000000000000005
2456071.6157299997	18.4	0.037000000000000005
2456071.79675	18.511	0.047
2456075.59699	18.494	0.040999999999999995
2456075.7804099997	18.452	0.035
2456076.62798	18.465	0.05
2456076.81289	18.472	0.043
2456077.74549	18.395	0.04
2456077.92947	18.61	0.05
2456078.7379099997	18.445999999999998	0.034
2456078.9122200003	18.336	0.040999999999999995
2456079.7181599997	18.427	0.037000000000000005
2456079.90809	18.539	0.049
2456080.67838	18.477	0.047
2456080.8604099997	18.473	0.047
2456081.6307599996	18.459	0.052000000000000005
2456081.81122	18.438	0.040999999999999995
2456082.6247799997	18.31	0.067
2456082.83029	18.58	0.087
2456085.6379400003	18.336	0.064
2456085.7998599997	18.515	0.06
2456086.57143	18.361	0.044000000000000004
2456086.7570599997	18.49	0.040999999999999995
2456086.92862	18.558	0.087
2456087.8352900003	18.56	0.057
2456088.67716	18.493	0.035
2456089.7935099998	18.518	0.046
2456092.6374	18.569000000000003	0.075
2456093.5521	18.447	0.049
2456093.73019	18.416	0.038
2456094.60566	18.406	0.067
2456094.77765	18.430999999999997	0.047
2456096.5909700003	18.53	0.055
2456096.78911	18.453	0.057
2456097.71281	18.523	0.055
2456097.88167	18.517	0.066
2456098.6751099997	18.427	0.049
2456098.8554599998	18.549	0.057
2456100.5298599997	18.474	0.055
2456100.72389	18.397000000000002	0.04
2456100.89084	18.462	0.06
2456101.65469	18.430999999999997	0.038
2456101.83738	18.504	0.057999999999999996
2456102.637	18.506	0.046
2456102.79457	18.428	0.04
2456103.54532	18.451	0.046
2456103.7234400003	18.487000000000002	0.044000000000000004
2456104.54519	18.489	0.038
2456104.70841	18.49	0.035
2456104.87238	18.457	0.049
2456105.65414	18.447	0.04
2456106.63987	18.445999999999998	0.07200000000000001
2456108.63644	18.410999999999998	0.044000000000000004
2456108.8119200002	18.484	0.053
2456109.5989200003	18.882	0.188
2456109.80054	18.418	0.055
2456113.60442	18.407	0.053
2456113.76251	18.493	0.053
2456114.6111	18.584	0.064
2456114.78491	18.508	0.052000000000000005
2456115.5488400003	18.482	0.049
2456115.76449	18.289	0.05
2456116.5907900003	18.454	0.034
2456116.77137	18.477999999999998	0.043
2456117.5671200003	18.494	0.043
2456117.74713	18.47	0.049
2456118.51994	18.51	0.043
2456118.7085	18.491	0.038
2456119.4830400003	18.557000000000002	0.064
2456119.66198	18.401	0.038
2456119.80572	18.335	0.047
2456120.69316	18.371	0.043
2456121.49057	18.541	0.044000000000000004
2456121.67113	18.479	0.032
2456123.52809	18.349	0.05
2456123.70439	18.375999999999998	0.043
2456124.5011	18.458	0.052000000000000005
2456124.71149	18.469	0.043
2456125.7156599998	18.512999999999998	0.044000000000000004
2456126.54522	18.493	0.044000000000000004
2456126.7527900003	18.427	0.04
2456127.72298	18.412	0.044000000000000004
2456128.6468700003	18.498	0.038
2456131.5202200003	18.476	0.049
2456132.5008099996	18.442	0.052000000000000005
2456132.78005	18.403	0.043
2456133.70787	18.412	0.047
2456134.61033	18.434	0.06
2456135.59388	18.449	0.05
2456135.79834	18.457	0.057
2456140.5847	18.396	0.06
2456140.75754	18.432000000000002	0.13
2456141.61003	18.429000000000002	0.061
2456141.77455	18.430999999999997	0.066
2456143.63762	18.373	0.07
2456147.67868	18.34	0.049
2456148.6131700003	18.427	0.037000000000000005
2456149.61934	18.423	0.055
2456150.65282	18.576	0.043
2456151.63555	18.493	0.053
2456152.5128	18.352999999999998	0.044000000000000004
2456153.69607	18.477	0.052000000000000005
2456154.6940900004	18.508	0.05
2456158.54002	18.503	0.044000000000000004
2456158.71079	18.405	0.043
2456159.664	18.372	0.052000000000000005
2456160.6337900003	18.396	0.040999999999999995
2456161.53097	18.549	0.064
2456164.50812	18.435	0.055
2456166.5392	18.498	0.067
2456167.51605	18.498	0.069
2456168.49702	18.385	0.064
2456169.50941	18.505	0.052000000000000005
2456169.68844	18.441	0.069
2456171.65681	18.469	0.05
2456172.62308	18.512	0.04
2456174.59137	18.489	0.07
2456175.5723	18.503	0.06
2456179.5099299997	18.39	0.052000000000000005
2456179.56018	18.407	0.057999999999999996
2456180.54972	18.396	0.047
2456181.49473	18.382	0.052000000000000005
2456183.5049400004	18.551	0.057
2456184.60861	18.447	0.040999999999999995
2456185.49695	18.424	0.038
2456186.50812	18.57	0.06
2456190.56206	18.53	0.044000000000000004
2456191.6005700002	18.384	0.047
2456195.54738	18.511	0.05
2456195.6231	18.41	0.05
2456196.54422	18.486	0.061
2456196.62316	18.59	0.07200000000000001
2456197.54592	18.486	0.061
2456198.5520599997	18.448	0.07200000000000001
2456200.58897	18.327	0.069
2456201.5287599997	18.494	0.087
2456203.50752	18.397000000000002	0.055
2456203.59741	18.593	0.09
2456204.55072	18.555999999999997	0.06
2456205.49198	18.534000000000002	0.053
2456205.57317	18.480999999999998	0.046
2456208.5175	18.441	0.052000000000000005
2456210.54439	18.430999999999997	0.047
2456211.4944599997	18.435	0.046
2456211.5753	18.469	0.047
2456212.4945099996	18.494	0.053
2456212.57142	18.456	0.047
2456213.5238200002	18.404	0.047
2456214.49775	18.449	0.047
2456214.57088	18.324	0.053
2456216.50349	18.55	0.057
2456216.57309	18.430999999999997	0.061
2456217.5364200003	18.458	0.040999999999999995
2456218.51136	18.482	0.055
2456219.5299400003	18.418	0.043
2456221.52417	18.58	0.105
2456221.55137	18.472	0.10400000000000001
2456223.57165	18.347	0.061
2456226.50525	18.433	0.07
2456231.50594	18.421	0.067
2456233.53755	18.368	0.067
2456238.5142900003	18.329	0.066
2456334.88454	18.464000000000002	0.046
2456335.86149	18.512	0.05
2456337.87432	18.46	0.057
2456338.85188	18.467	0.052000000000000005
2456338.89468	18.498	0.067
2456340.85721	18.524	0.044000000000000004
2456341.89599	18.41	0.067
2456343.86182	18.468	0.055
2456344.87265	18.497	0.037000000000000005
2456345.89682	18.604	0.066
2456347.89414	18.476	0.043
2456348.89422	18.484	0.046
2456350.82416	18.512999999999998	0.053
2456351.82275	18.472	0.053
2456352.82162	18.426	0.055
2456353.79005	18.368	0.049
2456353.8984	18.455	0.047
2456360.8110599997	18.405	0.035
2456360.89745	18.486	0.04
2456361.87165	18.434	0.04
2456362.79438	18.518	0.053
2456362.90957	18.532	0.067
2456363.88406	18.405	0.037000000000000005
2456367.88491	18.452	0.034
2456368.83572	18.419	0.038
2456369.77387	18.444000000000003	0.05
2456369.86606	18.487000000000002	0.035
2456370.8175	18.405	0.037000000000000005
2456370.90011	18.454	0.040999999999999995
2456371.83113	18.438	0.037000000000000005
2456371.9134299997	18.484	0.046
2456372.82362	18.552	0.040999999999999995
2456372.9076900003	18.594	0.049
2456373.8406	18.397000000000002	0.040999999999999995
2456374.7581	18.423	0.06
2456374.8475	18.421	0.040999999999999995
2456375.75715	18.45	0.043
2456375.86217	18.429000000000002	0.035
2456376.76642	18.419	0.047
2456376.8581	18.551	0.044000000000000004
2456377.7804	18.491	0.040999999999999995
2456377.87029	18.441	0.032
2456378.77675	18.557000000000002	0.049
2456378.86703	18.471	0.035
2456379.76354	18.473	0.047
2456379.85168	18.494	0.046
2456380.76452	18.449	0.04
2456380.8672599997	18.514	0.043
2456381.78558	18.498	0.040999999999999995
2456381.87311	18.449	0.035
2456382.77936	18.299	0.049
2456382.85875	18.495	0.047
2456386.7724	18.449	0.046
2456386.87352	18.476	0.047
2456387.76138	18.437	0.035
2456387.8443299998	18.492	0.038
2456388.7853099997	18.49	0.038
2456388.89327	18.471	0.047
2456389.77341	18.521	0.040999999999999995
2456389.85307	18.447	0.040999999999999995
2456390.7189599997	18.43	0.047
2456390.80088	18.469	0.044000000000000004
2456390.89047	18.454	0.040999999999999995
2456391.8232	18.346	0.049
2456393.83396	18.436	0.044000000000000004
2456394.78796	18.468	0.043
2456395.73957	18.416	0.038
2456395.92188	18.486	0.038
2456396.69892	18.451	0.040999999999999995
2456396.87776	18.45	0.034
2456397.82436	18.5	0.035
2456398.73204	18.445999999999998	0.038
2456398.91287	18.410999999999998	0.04
2456399.8344	18.424	0.04
2456400.81461	18.383	0.038
2456401.75802	18.462	0.035
2456401.9272	18.519000000000002	0.05
2456402.85472	18.386	0.046
2456403.76131	18.468	0.037000000000000005
2456404.69545	18.595	0.069
2456404.87228	18.439	0.040999999999999995
2456405.84311	18.545	0.044000000000000004
2456405.8916700003	18.363	0.027999999999999997
2456406.91159	18.541	0.038
2456407.81753	18.5	0.052000000000000005
2456408.77071	18.58	0.095
2456409.88535	18.412	0.063
2456415.8306299997	18.452	0.046
2456416.74139	18.442	0.04
2456417.6664	18.483	0.053
2456417.82904	18.489	0.046
2456418.6888200003	18.469	0.047
2456418.85294	18.518	0.037000000000000005
2456419.7379900003	18.452	0.038
2456419.91376	18.414	0.040999999999999995
2456420.75348	18.505	0.034
2456420.9396599997	18.604	0.084
2456422.72565	18.474	0.040999999999999995
2456423.68309	18.374000000000002	0.043
2456423.8816299997	18.447	0.044000000000000004
2456424.73309	18.432000000000002	0.034
2456424.93392	18.457	0.044000000000000004
2456426.84182	18.468	0.035
2456427.9123400003	18.424	0.038
2456428.63249	18.489	0.057999999999999996
2456428.82787	18.543	0.052000000000000005
2456431.5962799997	18.452	0.064
2456431.8159	18.512999999999998	0.044000000000000004
2456432.65289	18.562	0.057
2456432.83759	18.448	0.040999999999999995
2456433.6422	18.449	0.049
2456433.836	18.433	0.034
2456434.7354200003	18.427	0.040999999999999995
2456434.9424	18.436	0.063
2456435.77691	18.434	0.038
2456435.94582	18.407	0.069
2456436.75582	18.429000000000002	0.040999999999999995
2456436.93465	18.442	0.06
2456441.7144400002	18.566	0.07200000000000001
2456441.79409	18.480999999999998	0.053
2456442.58571	18.437	0.044000000000000004
2456442.7695	18.54	0.038
2456442.9298900003	18.452	0.047
2456443.62706	18.44	0.046
2456444.70568	18.452	0.047
2456444.77915	18.479	0.043
2456445.58084	18.425	0.057
2456445.79281	18.503	0.047
2456446.57416	18.44	0.038
2456446.7683200003	18.467	0.038
2456447.5484599997	18.424	0.046
2456447.73558	18.495	0.038
2456447.9029200003	18.495	0.038
2456448.66544	18.51	0.043
2456448.85147	18.487000000000002	0.044000000000000004
2456449.62507	18.485	0.046
2456449.8113	18.48	0.043
2456450.57724	18.445999999999998	0.044000000000000004
2456450.7611599998	18.535999999999998	0.035
2456450.93255	18.509	0.053
2456451.69323	18.423	0.035
2456451.87689	18.340999999999998	0.038
2456452.6554099997	18.406	0.032
2456452.8911200003	18.477999999999998	0.044000000000000004
2456454.66488	18.506	0.044000000000000004
2456454.8497200003	18.467	0.049
2456455.6882599997	18.447	0.037000000000000005
2456456.6316299997	18.447	0.031
2456456.81746	18.48	0.040999999999999995
2456457.7911900003	18.457	0.035
2456458.57455	18.382	0.052000000000000005
2456458.75952	18.484	0.038
2456459.5194200003	18.289	0.057
2456459.71666	18.452	0.027999999999999997
2456459.88423	18.502	0.044000000000000004
2456460.77732	18.465999999999998	0.04
2456461.63941	18.512999999999998	0.047
2456461.85964	18.49	0.040999999999999995
2456462.80574	18.428	0.047
2456463.57966	18.500999999999998	0.052000000000000005
2456463.77103	18.465999999999998	0.043
2456464.58787	18.500999999999998	0.066
2456464.77944	18.526	0.06
2456468.57513	18.365	0.044000000000000004
2456468.7790099997	18.453	0.05
2456469.63753	18.429000000000002	0.04
2456469.8624400003	18.383	0.111
2456472.8174	18.463	0.05
2456473.59471	18.463	0.040999999999999995
2456473.7790599996	18.429000000000002	0.044000000000000004
2456474.54158	18.377	0.053
2456474.72267	18.457	0.07200000000000001
2456475.50207	18.461	0.073
2456475.70356	18.497	0.044000000000000004
2456476.64781	18.458	0.044000000000000004
2456476.82582	18.363	0.046
2456477.63125	18.515	0.047
2456477.81967	18.338	0.061
2456479.5679099998	18.378	0.038
2456479.7629299997	18.458	0.052000000000000005
2456480.65513	18.435	0.04
2456481.47357	18.512	0.063
2456481.71683	18.447	0.05
2456483.5860200003	18.444000000000003	0.043
2456484.5509599997	18.362000000000002	0.04
2456485.6665	18.488	0.038
2456486.59022	18.415	0.038
2456486.80032	18.487000000000002	0.043
2456487.58949	18.410999999999998	0.032
2456487.7922799997	18.509	0.034
2456489.63948	18.449	0.04
2456490.48367	18.464000000000002	0.049
2456490.6705400003	18.45	0.04
2456491.5145	18.480999999999998	0.052000000000000005
2456491.73336	18.438	0.040999999999999995
2456492.54998	18.570999999999998	0.053
2456492.73709	18.423	0.05
2456496.56919	18.508	0.07
2456497.67398	18.483	0.063
2456498.5002900003	18.407	0.035
2456498.67993	18.410999999999998	0.037000000000000005
2456499.51443	18.52	0.046
2456500.6680799997	18.407	0.053
2456501.65327	18.437	0.038
2456504.66955	18.392	0.037000000000000005
2456505.56549	18.489	0.044000000000000004
2456505.76442	18.504	0.06
2456506.7114	18.452	0.057999999999999996
2456507.76141	18.535999999999998	0.07
2456508.6614	18.494	0.038
2456509.58511	18.453	0.032
2456509.75247	18.337	0.044000000000000004
2456510.64315	18.45	0.034
2456511.6016700002	18.531	0.046
2456512.7519	18.379	0.061
2456514.71529	18.393	0.038
2456515.67615	18.464000000000002	0.035
2456516.65601	18.465999999999998	0.040999999999999995
2456519.61816	18.452	0.04
2456523.54377	18.454	0.046
2456524.6515	18.585	0.057
2456525.6598400003	18.386	0.07
2456529.53468	18.512	0.053
2456531.49432	18.399	0.05
2456532.4947200003	18.549	0.057
2456533.5073	18.314	0.044000000000000004
2456534.58535	18.410999999999998	0.038
2456536.51132	18.471	0.046
2456538.59902	18.54	0.057
2456539.66473	18.454	0.040999999999999995
2456543.52086	18.464000000000002	0.053
2456544.55926	18.522000000000002	0.043
2456545.6066799997	18.47	0.037000000000000005
2456547.56997	18.282	0.063
2456553.59834	18.317999999999998	0.087
2456558.51389	18.477	0.04
2456559.55383	18.362000000000002	0.04
2456560.61221	18.363	0.05
2456562.56462	18.403	0.038
2456563.5926200002	18.453	0.047
2456564.52557	18.491	0.044000000000000004
2456565.49422	18.438	0.052000000000000005
2456565.59234	18.408	0.044000000000000004
2456567.56519	18.373	0.052000000000000005
2456568.56206	18.408	0.052000000000000005
2456569.5225299997	18.403	0.035
2456569.60461	18.447	0.053
2456571.48767	18.55	0.07
2456571.5975599997	18.566	0.06
2456572.56446	18.48	0.049
2456573.51826	18.504	0.052000000000000005
2456577.49422	18.422	0.09300000000000001
2456577.58365	18.539	0.105
2456578.57825	18.492	0.05
2456579.5485	18.594	0.07
2456581.48953	18.414	0.069
2456582.5027400004	18.545	0.064
2456583.49127	18.527	0.081
2456584.49572	18.509	0.069
2456585.49606	18.48	0.061
2456586.49842	18.333	0.067
2456586.5074400003	18.371	0.064
2456590.50366	18.486	0.057
2456592.49906	18.235	0.057
2456594.5096400003	18.293	0.07200000000000001
2456595.5005900003	18.405	0.057
2456694.8582099997	18.507	0.055
2456695.86615	18.401	0.043
2456696.85919	18.409000000000002	0.038
2456697.85697	18.407	0.044000000000000004
2456698.87997	18.531	0.067
2456700.88528	18.362000000000002	0.043
2456702.86072	18.334	0.049
2456703.84843	18.373	0.07
2456705.84444	18.221	0.057
2456707.8774099997	18.487000000000002	0.055
2456709.8327900004	18.299	0.05
2456710.85072	18.445	0.04
2456711.87347	18.444000000000003	0.038
2456715.84999	18.477999999999998	0.037000000000000005
2456716.84166	18.436	0.040999999999999995
2456717.8542	18.358	0.053
2456718.86875	18.461	0.057
2456719.86161	18.449	0.04
2456720.8371200003	18.427	0.040999999999999995
2456721.8189	18.39	0.044000000000000004
2456721.9076	18.439	0.063
2456722.89346	18.47	0.038
2456723.8742299997	18.480999999999998	0.038
2456724.8522200002	18.449	0.044000000000000004
2456725.82674	18.479	0.043
2456726.79129	18.441	0.043
2456726.8884	18.554000000000002	0.044000000000000004
2456727.8594	18.500999999999998	0.037000000000000005
2456728.82714	18.51	0.037000000000000005
2456729.78401	18.503	0.047
2456729.8799099997	18.486	0.035
2456730.83231	18.46	0.05
2456731.8794400003	18.464000000000002	0.055
2456732.84057	18.434	0.053
2456733.77691	18.323	0.049
2456733.87128	18.482	0.043
2456734.80771	18.554000000000002	0.044000000000000004
2456734.9018	18.427	0.038
2456735.8511099997	18.447	0.044000000000000004
2456736.7807400003	18.362000000000002	0.061
2456736.88403	18.483	0.055
2456737.8376	18.417	0.034
2456737.91521	18.55	0.061
2456741.83989	18.433	0.038
2456741.8826099997	18.544	0.05
2456742.84162	18.395	0.031
2456743.88751	18.438	0.037000000000000005
2456744.85073	18.52	0.043
2456745.74057	18.461	0.043
2456745.84556	18.43	0.035
2456746.7456799997	18.472	0.05
2456746.8390200003	18.438	0.035
2456747.8500099997	18.511	0.038
2456748.84887	18.465999999999998	0.04
2456749.8451799997	18.503	0.04
2456751.88863	18.469	0.028999999999999998
2456752.86025	18.414	0.037000000000000005
2456754.86137	18.429000000000002	0.047
2456755.88198	18.473	0.038
2456756.8361	18.459	0.034
2456757.78897	18.398	0.037000000000000005
2456758.7887	18.553	0.057999999999999996
2456759.7590900003	18.503	0.037000000000000005
2456760.71332	18.444000000000003	0.040999999999999995
2456761.8338900004	18.503	0.038
2456762.7882	18.437	0.037000000000000005
2456763.75611	18.451	0.043
2456764.68748	18.461	0.055
2456764.8624	18.514	0.046
2456765.79742	18.442999999999998	0.037000000000000005
2456768.75946	18.45	0.037000000000000005
2456769.67623	18.402	0.044000000000000004
2456769.84194	18.384	0.035
2456770.74333	18.408	0.040999999999999995
2456770.90609	18.57	0.044000000000000004
2456771.8713599998	18.408	0.038
2456772.78499	18.417	0.034
2456773.69973	18.491	0.063
2456773.89026	18.472	0.037000000000000005
2456774.7933799997	18.355	0.055
2456775.77482	18.437	0.032
2456776.68122	18.369	0.038
2456776.8894	18.484	0.043
2456777.88602	18.436	0.043
2456784.77289	18.412	0.043
2456785.74807	18.445	0.035
2456786.76698	18.428	0.037000000000000005
2456787.7475900003	18.432000000000002	0.035
2456789.72504	18.407	0.044000000000000004
2456789.91018	18.398	0.044000000000000004
2456790.7554	18.434	0.049
2456790.93656	18.503	0.061
2456791.76862	18.456	0.047
2456791.9395	18.378	0.061
2456792.76775	18.463	0.05
2456792.9115400002	18.458	0.061
2456796.71445	18.412	0.057999999999999996
2456796.8853700003	18.426	0.046
2456797.75287	18.424	0.043
2456797.91055	18.396	0.07200000000000001
2456799.78643	18.348	0.06
2456803.69361	18.444000000000003	0.040999999999999995
2456803.86824	18.477999999999998	0.040999999999999995
2456804.63467	18.418	0.04
2456804.8242900004	18.418	0.040999999999999995
2456805.6222099997	18.428	0.052000000000000005
2456805.81511	18.451	0.047
2456806.83976	18.392	0.047
2456806.8576	18.442999999999998	0.053
2456806.8758799997	18.485	0.055
2456806.88487	18.535	0.064
2456806.88985	18.433	0.057999999999999996
2456807.76713	18.500999999999998	0.07200000000000001
2456807.9325200003	18.36	0.069
2456808.7335900003	18.476	0.038
2456808.90997	18.435	0.05
2456809.7066	18.497	0.032
2456809.90361	18.463	0.052000000000000005
2456810.69428	18.444000000000003	0.043
2456810.8909299998	18.377	0.047
2456811.6606400004	18.445999999999998	0.049
2456811.86037	18.487000000000002	0.06
2456813.72377	18.514	0.046
2456813.91814	18.405	0.053
2456814.76928	18.451	0.040999999999999995
2456814.931	18.334	0.052000000000000005
2456815.74695	18.461	0.043
2456815.9334	18.528	0.063
2456816.79545	18.463	0.044000000000000004
2456817.63708	18.511	0.05
2456817.8108099997	18.485	0.061
2456818.5759900003	18.426	0.053
2456819.6317	18.47	0.057
2456819.7875200002	18.432000000000002	0.073
2456823.7993099997	18.421	0.049
2456824.58036	18.295	0.066
2456824.7839200003	18.430999999999997	0.047
2456825.56539	18.476	0.046
2456825.7513099997	18.451	0.046
2456826.51436	18.472	0.057999999999999996
2456826.68925	18.469	0.04
2456826.88657	18.465	0.053
2456827.66595	18.469	0.038
2456827.87323	18.359	0.049
2456828.63865	18.461	0.037000000000000005
2456828.8475900004	18.502	0.052000000000000005
2456829.5915	18.42	0.052000000000000005
2456829.77614	18.488	0.05
2456830.56818	18.426	0.049
2456830.75586	18.449	0.037000000000000005
2456831.6463900004	18.444000000000003	0.034
2456831.8393900003	18.429000000000002	0.052000000000000005
2456832.64623	18.442999999999998	0.040999999999999995
2456832.82403	18.406	0.05
2456833.66363	18.465999999999998	0.044000000000000004
2456833.8399099996	18.402	0.052000000000000005
2456834.61648	18.453	0.052000000000000005
2456834.8007799997	18.453	0.07200000000000001
2456835.62456	18.454	0.049
2456835.80792	18.519000000000002	0.057999999999999996
2456836.60319	18.458	0.061
2456836.7826799997	18.428	0.055
2456837.56818	18.4	0.037000000000000005
2456837.74946	18.426	0.046
2456838.52023	18.432000000000002	0.057
2456838.70626	18.521	0.055
2456839.48713	18.581	0.073
2456839.65443	18.529	0.046
2456839.83509	18.363	0.057999999999999996
2456840.67382	18.397000000000002	0.05
2456841.54061	18.402	0.040999999999999995
2456841.73403	18.579	0.06
2456842.5353200003	18.407	0.061
2456842.7176900003	18.482	0.046
2456844.50566	18.416	0.047
2456844.69348	18.51	0.044000000000000004
2456844.85014	18.399	0.064
2456845.59711	18.489	0.043
2456845.77764	18.476	0.040999999999999995
2456847.54786	18.502	0.053
2456847.69183	18.452	0.084
2456847.82872	18.387999999999998	0.057
2456851.58478	18.454	0.055
2456851.75669	18.5	0.06
2456852.58079	18.525	0.085
2456855.5504400004	18.454	0.06
2456855.7357900003	18.430999999999997	0.046
2456856.53235	18.429000000000002	0.046
2456856.7159599997	18.476	0.040999999999999995
2456857.53024	18.500999999999998	0.044000000000000004
2456857.71715	18.474	0.037000000000000005
2456858.54595	18.424	0.038
2456858.73055	18.452	0.040999999999999995
2456859.68896	18.401	0.047
2456862.6449700003	18.482	0.053
2456863.4879	18.413	0.040999999999999995
2456863.67803	18.445	0.040999999999999995
2456864.51931	18.532	0.053
2456864.7074	18.514	0.044000000000000004
2456870.63653	18.499000000000002	0.047
2456871.6315	18.539	0.053
2456872.7179	18.473	0.052000000000000005
2456874.62705	18.439	0.040999999999999995
2456879.59804	18.393	0.057999999999999996
2456880.5632599997	18.514	0.075
2456880.74989	18.436	0.096
2456881.72274	18.39	0.064
2456882.6272299998	18.491	0.046
2456883.5400900003	18.414	0.044000000000000004
2456885.50615	18.448	0.052000000000000005
2456885.70085	18.412	0.047
2456886.6233200002	18.462	0.043
2456887.54504	18.489	0.044000000000000004
2456887.71717	18.442	0.05
2456888.6565799997	18.499000000000002	0.047
2456889.6071900004	18.417	0.046
2456890.54556	18.416	0.047
2456890.7095	18.54	0.055
2456891.66011	18.409000000000002	0.053
2456895.61455	18.485	0.04
2456896.58285	18.485	0.053
2456900.52915	18.477	0.038
2456907.60269	18.43	0.053
2456908.5531200003	18.375	0.049
2456908.5871099997	18.475	0.05
2456909.6287	18.34	0.064
2456912.6275	18.401	0.057
2456915.48293	18.48	0.057999999999999996
2456916.53903	18.401	0.044000000000000004
2456919.53243	18.479	0.061
2456922.5129299997	18.442	0.055
2456923.5342599996	18.465999999999998	0.067
2456924.57313	18.448	0.05
2456925.6153	18.435	0.057999999999999996
2456927.52673	18.424	0.069
2456928.5616599997	18.386	0.055
2456930.49035	18.425	0.09300000000000001
2456931.5830599996	18.495	0.066
2456931.58679	18.512999999999998	0.064
2456932.56041	18.532	0.121
2456936.56696	18.549	0.076
2456937.56422	18.369	0.057999999999999996
2456938.56337	18.509	0.075
2456940.5238799998	18.457	0.063
2456942.49081	18.538	0.061
2456943.49051	18.375999999999998	0.078
2456944.53077	18.433	0.05
2456948.4911700003	18.41	0.07200000000000001
2456951.5087	18.480999999999998	0.057999999999999996
2456953.54218	18.389	0.061
2456955.54	18.43	0.052000000000000005
2457064.86338	18.373	0.053
2457066.8746	18.34	0.057999999999999996
2457070.84393	18.248	0.037000000000000005
2457071.85624	18.255	0.038
2457072.86405	18.252	0.046
2457074.89268	18.305999999999997	0.053
2457075.86998	18.317	0.05
2457076.87048	18.264	0.034
2457077.8678200003	18.262	0.046
2457078.8588	18.299	0.040999999999999995
2457079.89729	18.28	0.064
2457080.89362	18.244	0.037000000000000005
2457082.84799	18.224	0.04
2457083.8138599996	18.222	0.047
2457084.8086	18.264	0.053
2457084.8927700003	18.235	0.032
2457085.8656200003	18.166	0.035
2457086.84424	18.178	0.037000000000000005
2457087.7982900003	18.236	0.047
2457087.90057	18.108	0.037000000000000005
2457088.8717900002	18.171	0.037000000000000005
2457089.83782	18.162	0.038
2457090.7918	18.12	0.043
2457090.89279	18.191	0.032
2457091.84665	18.183	0.038
2457092.78512	18.118	0.037000000000000005
2457092.87715	18.162	0.034
2457097.7719099997	18.039	0.034
2457097.85891	18.045	0.026000000000000002
2457098.8082	17.995	0.027999999999999997
2457098.90729	18.000999999999998	0.027999999999999997
2457099.85035	18.000999999999998	0.027999999999999997
2457100.79733	17.959	0.031
2457100.89007	17.93	0.027999999999999997
2457101.87181	17.852	0.032
2457102.83438	17.963	0.034
2457108.81033	17.718	0.034
2457109.74382	17.644000000000002	0.025
2457109.86345	17.623	0.025
2457110.7718700003	17.602999999999998	0.02
2457110.88246	17.625999999999998	0.019
2457111.7927900003	17.535	0.02
2457111.90499	17.6	0.02
2457112.80052	17.475	0.022000000000000002
2457112.91236	17.491	0.019
2457113.89802	17.45	0.019
2457114.89503	17.433	0.017
2457115.85121	17.313	0.016
2457116.8163099997	17.287	0.022000000000000002
2457117.79921	17.214000000000002	0.016
2457118.84919	17.119	0.016
2457119.8468299997	17.087	0.02
2457120.79079	16.996	0.013999999999999999
2457125.71966	16.761	0.013000000000000001
2457125.9070599996	16.758	0.011000000000000001
2457126.87501	16.744	0.011000000000000001
2457129.80442	16.799	0.013000000000000001
2457130.73206	16.85	0.013000000000000001
2457130.9149	16.873	0.013999999999999999
2457131.834	16.924	0.013000000000000001
2457132.7562	16.964000000000002	0.013999999999999999
2457133.8869	17.082	0.017
2457134.77048	17.137	0.017
2457135.69832	17.167	0.016
2457135.88461	17.192	0.013999999999999999
2457136.77764	17.25	0.017
2457137.68473	17.311	0.017
2457137.8704	17.33	0.019
2457138.74449	17.383	0.019
2457138.9302	17.381	0.02
2457139.86285	17.445999999999998	0.02
2457140.74174	17.511	0.022000000000000002
2457140.92337	17.523	0.022000000000000002
2457141.81604	17.514	0.017
2457142.6986	17.595	0.019
2457142.884	17.601	0.022000000000000002
2457143.75501	17.643	0.025
2457144.6434	17.698	0.038
2457144.84308	17.675	0.028999999999999998
2457145.8443299998	17.715	0.027999999999999997
2457146.69147	17.774	0.031
2457146.83116	17.734	0.027999999999999997
2457147.67276	17.852	0.043
2457147.81211	17.835	0.031
2457152.80423	17.957	0.031
2457153.64241	17.975	0.034
2457153.8039700002	17.967	0.025
2457154.68138	18.008	0.027999999999999997
2457154.87638	17.958	0.028999999999999998
2457155.71292	18.042	0.027999999999999997
2457155.89925	18.055	0.032
2457156.72354	18.046	0.023
2457157.7107599997	18.090999999999998	0.028999999999999998
2457158.6381	18.022000000000002	0.035
2457158.82245	18.108	0.034
2457159.63945	18.128	0.035
2457159.8232400003	18.064	0.028999999999999998
2457160.66117	18.093	0.034
2457160.84592	18.168	0.031
2457161.6894799997	18.158	0.028999999999999998
2457161.87264	18.114	0.026000000000000002
2457162.69185	18.164	0.034
2457162.87494	18.151	0.032
2457163.7012	18.114	0.044000000000000004
2457163.88386	18.19	0.04
2457164.79091	18.159000000000002	0.032
2457166.64642	18.169	0.037000000000000005
2457166.83103	18.189	0.038
2457168.80895	18.207	0.038
2457169.74675	18.235	0.035
2457169.93186	18.262999999999998	0.043
2457170.7240299997	18.242	0.037000000000000005
2457170.91245	18.313	0.043
2457172.73593	18.269000000000002	0.043
2457172.9166200003	18.267	0.044000000000000004
2457173.7126599997	18.344	0.043
2457173.89892	18.35	0.052000000000000005
2457174.66765	18.323	0.046
2457174.83947	18.266	0.043
2457175.61966	18.283	0.05
2457175.84893	18.234	0.046
2457176.9163	18.171	0.057999999999999996
2457178.72505	18.32	0.049
2457179.66525	18.277	0.05
2457179.83523	18.319000000000003	0.052000000000000005
2457180.61725	18.308	0.05
2457180.7884400003	18.403	0.046
2457181.55517	18.344	0.047
2457181.74339	18.279	0.040999999999999995
2457181.91051	18.357	0.049
2457182.68317	18.373	0.032
2457182.86949	18.41	0.040999999999999995
2457183.62738	18.378	0.046
2457183.81145	18.352	0.040999999999999995
2457184.6196	18.285999999999998	0.049
2457184.8031	18.325	0.047
2457185.58415	18.320999999999998	0.040999999999999995
2457185.7668	18.36	0.047
2457186.61773	18.429000000000002	0.053
2457186.88881	18.406	0.064
2457187.68909	18.358	0.035
2457187.85866	18.35	0.04
2457188.63935	18.361	0.053
2457188.82961	18.395	0.055
2457189.69581	18.364	0.037000000000000005
2457189.8661599997	18.348	0.044000000000000004
2457190.65804	18.317	0.038
2457190.85505	18.301	0.047
2457191.68439	18.416	0.038
2457193.6321400004	18.329	0.032
2457193.72005	18.364	0.035
2457193.88712	18.379	0.040999999999999995
2457194.6712700003	18.344	0.032
2457196.88087	18.438	0.057
2457197.52921	18.419	0.061
2457197.70419	18.425	0.040999999999999995
2457197.88123	18.293	0.069
2457198.68411	18.41	0.043
2457198.86732	18.343	0.05
2457199.63217	18.346	0.038
2457199.81429	18.381	0.035
2457200.58481	18.418	0.038
2457200.75238	18.292	0.037000000000000005
2457202.7266599997	18.378	0.057
2457206.54763	18.489	0.08199999999999999
2457206.72163	18.496	0.061
2457207.5304900003	18.422	0.057
2457207.69435	18.383	0.049
2457208.51737	18.336	0.05
2457209.78635	18.355999999999998	0.057999999999999996
2457211.56347	18.430999999999997	0.040999999999999995
2457211.74638	18.464000000000002	0.043
2457214.5155700003	18.385	0.052000000000000005
2457214.70532	18.425	0.047
2457217.71429	18.465999999999998	0.052000000000000005
2457219.57887	18.407	0.049
2457220.4868799997	18.42	0.053
2457220.66926	18.384	0.035
2457221.4727	18.433	0.066
2457221.65543	18.396	0.04
2457221.81407	18.383	0.043
2457222.60768	18.358	0.037000000000000005
2457222.82187	18.437	0.061
2457223.67188	18.410999999999998	0.044000000000000004
2457224.51299	18.537	0.053
2457224.7178700003	18.394000000000002	0.049
2457225.5430799997	18.399	0.046
2457226.56055	18.438	0.044000000000000004
2457226.74469	18.458	0.047
2457227.5285799997	18.409000000000002	0.04
2457227.7121900003	18.406	0.04
2457228.5312900003	18.407	0.044000000000000004
2457228.72347	18.375999999999998	0.040999999999999995
2457229.55842	18.474	0.038
2457229.72316	18.405	0.043
2457235.4805	18.452	0.076
2457235.74958	18.45	0.061
2457249.60007	18.428	0.047
2457250.5598	18.625999999999998	0.05
2457252.60594	18.442999999999998	0.043
2457253.55747	18.433	0.044000000000000004
2457255.5078	18.465999999999998	0.052000000000000005
2457256.51205	18.430999999999997	0.05
2457257.5764200003	18.483	0.066
2457258.60147	18.337	0.076
2457261.5598299997	18.387999999999998	0.063
2457263.51577	18.488	0.046
2457263.67969	18.476	0.052000000000000005
2457264.62707	18.46	0.049
2457265.5916	18.401	0.043
2457267.53818	18.46	0.053
2457268.537	18.416	0.034
2457269.51928	18.415	0.044000000000000004
2457270.4799	18.422	0.047
2457270.67374	18.436	0.040999999999999995
2457271.63553	18.454	0.049
2457273.58178	18.408	0.053
2457275.5946299997	18.344	0.069
2457277.5814400003	18.437	0.049
2457278.56138	18.523	0.055
2457281.5713299997	18.429000000000002	0.055
2457284.6107099997	18.469	0.05
2457292.5087599996	18.428	0.073
2457293.4914700002	18.425	0.07
2457293.60696	18.462	0.044000000000000004
2457294.60012	18.56	0.084
2457295.5956	18.555999999999997	0.061
2457299.51658	18.462	0.06
2457300.48968	18.369	0.066
2457307.55631	18.396	0.052000000000000005
2457311.55245	18.457	0.057
2457313.5221599997	18.315	0.079
2457318.52767	18.432000000000002	0.057
2457324.4991200003	18.477999999999998	0.099
2457325.53007	18.459	0.06
2457332.50545	18.362000000000002	0.064
2457435.85553	18.425	0.057
2457436.87603	18.37	0.05
2457438.8316900004	18.447	0.06
2457439.85343	18.383	0.057999999999999996
2457440.87732	18.413	0.043
2457442.81856	18.517	0.075
2457444.89484	18.422	0.044000000000000004
2457446.81006	18.479	0.046
2457447.8081900002	18.373	0.046
2457448.80799	18.385	0.078
2457449.85875	18.532	0.09300000000000001
2457451.86611	18.505	0.057999999999999996
2457452.89413	18.454	0.034
2457453.89805	18.434	0.04
2457455.8501	18.364	0.049
2457456.8560200003	18.408	0.049
2457457.85236	18.438	0.046
2457458.84623	18.444000000000003	0.046
2457460.8576700003	18.474	0.044000000000000004
2457461.84605	18.463	0.038
2457462.83294	18.473	0.046
2457463.87681	18.485	0.040999999999999995
2457465.80204	18.469	0.047
2457466.85923	18.454	0.044000000000000004
2457467.86557	18.503	0.044000000000000004
2457470.8213400003	18.449	0.06
2457471.78604	18.445999999999998	0.053
2457471.91633	18.483	0.055
2457472.85651	18.417	0.046
2457474.74744	18.475	0.079
2457474.84974	18.537	0.05
2457475.77914	18.430999999999997	0.069
2457475.88342	18.401	0.046
2457476.7760099997	18.539	0.063
2457484.84847	18.434	0.046
2457486.78242	18.445	0.05
2457487.89109	18.417	0.044000000000000004
2457489.92419	18.4	0.049
2457492.75074	18.469	0.040999999999999995
2457493.7382799997	18.461	0.043
2457494.72102	18.480999999999998	0.043
2457495.70499	18.48	0.052000000000000005
2457495.92556	18.377	0.043
2457498.85692	18.41	0.05
2457499.8117	18.48	0.049
2457500.7527400004	18.423	0.057999999999999996
2457507.7745	18.5	0.044000000000000004
2457508.8232299997	18.449	0.034
2457509.92268	18.442	0.05
2457512.87507	18.372	0.031
2457522.92802	18.419	0.067
2457526.8407	18.448	0.047
2457529.8978	18.268	0.076
2457534.82767	18.385	0.040999999999999995
2457536.82668	18.38	0.046
2457546.66018	18.430999999999997	0.047
2457547.60399	18.365	0.049
2457548.7225200003	18.51	0.037000000000000005
2457549.86805	18.359	0.044000000000000004
2457550.84663	18.35	0.05
2457555.58586	18.406	0.046
2457555.91688	18.55	0.061
2457557.89092	18.474	0.063
2457561.6795	18.278	0.057999999999999996
2457566.53655	18.410999999999998	0.05
2457566.85737	18.34	0.079
2457567.8013299997	18.339000000000002	0.046
2457568.80007	18.5	0.057999999999999996
2457569.8188400003	18.354	0.049
2457570.76943	18.438	0.043
2457573.68405	18.498	0.044000000000000004
2457575.61497	18.49	0.052000000000000005
2457575.7686099997	18.432000000000002	0.038
2457576.5471900003	18.547	0.052000000000000005
2457576.7268	18.427	0.044000000000000004
2457577.5479599996	18.415	0.057999999999999996
2457579.7274700003	18.424	0.049
2457582.67488	18.43	0.049
2457584.55505	18.382	0.053
2457584.69758	18.43	0.05
2457589.5019	18.372	0.064
2457589.6633599997	18.469	0.064
2457589.81047	18.39	0.067
2457590.60241	18.522000000000002	0.057
2457590.76717	18.468	0.064
2457593.5359099996	18.47	0.043
2457593.69128	18.442	0.037000000000000005
2457595.61084	18.367	0.057
2457599.48757	18.492	0.06
2457599.73661	18.497	0.049
2457600.58917	18.416	0.057
2457601.76937	18.332	0.046
2457602.5987	18.473	0.046
2457602.7576099997	18.47	0.06
2457603.5953599997	18.480999999999998	0.04
2457603.73548	18.418	0.043
2457604.56149	18.445999999999998	0.04
2457604.70286	18.438	0.038
2457605.54532	18.335	0.038
2457605.70679	18.504	0.05
2457606.73085	18.454	0.064
2457607.6312599997	18.41	0.049
2457608.50633	18.473	0.047
2457608.7122400003	18.45	0.040999999999999995
2457609.5887599997	18.465	0.044000000000000004
2457609.7445799997	18.422	0.046
2457610.62186	18.384	0.044000000000000004
2457611.62168	18.372	0.049
2457612.5501099997	18.435	0.053
2457612.69112	18.448	0.046
2457616.56519	18.473	0.057999999999999996
2457617.51442	18.485	0.067
2457617.67957	18.326	0.053
2457618.56908	18.5	0.05
2457618.72333	18.5	0.07200000000000001
2457621.57053	18.354	0.046
2457622.5134400004	18.463	0.047
2457622.6981	18.430999999999997	0.044000000000000004
2457623.61662	18.491	0.040999999999999995
2457624.55053	18.426	0.04
2457625.5126900002	18.497	0.047
2457626.49848	18.504	0.043
2457630.48408	18.402	0.046
2457630.66823	18.477	0.047
2457631.64536	18.488	0.04
2457632.63074	18.413	0.043
2457634.51511	18.406	0.06
2457635.5976400003	18.395	0.061
2457636.639	18.404	0.049
2457637.63106	18.427	0.049
2457639.51927	18.418	0.057
2457643.60765	18.325	0.07200000000000001
2457645.4844400003	18.365	0.075
2457647.59542	18.394000000000002	0.057999999999999996
2457649.48636	18.413	0.037000000000000005
2457650.51794	18.442	0.04
2457650.5712	18.477	0.047
2457651.4795	18.398	0.055
2457651.57167	18.484	0.047
2457652.47968	18.509	0.05
2457652.55995	18.456	0.043
2457653.48039	18.463	0.047
2457653.5696400004	18.445	0.038
2457654.48528	18.415	0.061
2457655.53538	18.452	0.047
2457655.58629	18.483	0.053
2457656.5515400004	18.375	0.05
2457656.595	18.416	0.061
2457657.58802	18.498	0.046
2457659.55332	18.428	0.052000000000000005
2457660.52179	18.489	0.055
2457660.56544	18.423	0.053
2457661.52814	18.47	0.057
2457661.58083	18.457	0.053
2457662.53853	18.554000000000002	0.061
2457664.4828	18.435	0.081
2457664.55156	18.615	0.08900000000000001
2457666.48336	18.462	0.076
2457666.56395	18.492	0.055
2457667.5627200003	18.414	0.049
2457671.54219	18.441	0.069
2457673.53153	18.514	0.078
2457675.54629	18.509	0.066
2457681.49626	18.36	0.063
2457683.51193	18.462	0.057
2457791.88602	18.434	0.07
2457792.8888	18.379	0.085
2457793.8802400003	18.39	0.046
2457794.88721	18.468	0.073
2457795.89125	18.555	0.079
2457797.89084	18.433	0.066
2457799.88529	18.503	0.064
2457801.8774200003	18.503	0.064
2457803.85794	18.381	0.057999999999999996
2457807.84428	18.422	0.046
2457808.8950400003	18.485	0.055
2457809.90325	18.458	0.064
2457811.82578	18.413	0.053
2457812.85736	18.393	0.044000000000000004
2457814.8262099996	18.408	0.049
2457815.85312	18.366	0.047
2457816.8449	18.386	0.046
2457817.84148	18.355	0.043
2457818.82769	18.426	0.04
2457819.8075599996	18.463	0.05
2457819.90497	18.441	0.049
2457821.81569	18.497	0.063
2457822.81109	18.427	0.064
2457822.90044	18.45	0.043
2457823.88564	18.465	0.044000000000000004
2457824.88174	18.448	0.057
2457825.87333	18.398	0.05
2457826.8322099997	18.434	0.057999999999999996
2457827.80775	18.387999999999998	0.049
2457827.89688	18.422	0.046
2457828.86587	18.471	0.047
2457829.84787	18.401	0.057999999999999996
2457830.85628	18.426	0.047
2457834.8520400003	18.527	0.055
2457835.79451	18.391	0.066
2457836.76435	18.349	0.064
2457836.8838400003	18.433	0.055
2457837.81747	18.475	0.044000000000000004
2457838.7560099997	18.379	0.053
2457838.87371	18.459	0.040999999999999995
2457839.82173	18.459	0.035
2457840.74603	18.392	0.05
2457840.86551	18.43	0.046
2457841.80533	18.294	0.053
2457841.9155900003	18.415	0.064
2457842.83021	18.38	0.044000000000000004
2457843.7546900003	18.496	0.049
2457843.87224	18.44	0.040999999999999995
2457844.78152	18.515	0.04
2457844.9004900004	18.437	0.049
2457845.8150400002	18.426	0.043
2457846.74618	18.405	0.052000000000000005
2457846.8530200003	18.422	0.04
2457847.75613	18.484	0.052000000000000005
2457847.8741599997	18.473	0.047
2457848.7700400003	18.445	0.047
2457848.88914	18.452	0.035
2457849.78353	18.444000000000003	0.035
2457849.90191	18.438	0.034
2457850.7958	18.427	0.047
2457850.91647	18.401	0.047
2457851.81351	18.453	0.049
2457852.74771	18.412	0.069
2457853.87319	18.416	0.06
2457853.88521	18.344	0.053
2457854.73605	18.342	0.047
2457854.782	18.494	0.047
2457854.85519	18.39	0.043
2457855.76573	18.418	0.046
2457855.8887400003	18.423	0.040999999999999995
2457856.77438	18.395	0.057999999999999996
2457856.89945	18.393	0.069
2457858.82471	18.439	0.047
2457862.7355299997	18.439	0.055
2457862.84639	18.397000000000002	0.047
2457863.79321	18.500999999999998	0.057
2457864.7499599997	18.451	0.037000000000000005
2457864.9023	18.503	0.040999999999999995
2457865.7526	18.436	0.044000000000000004
2457865.89143	18.472	0.040999999999999995
2457866.74935	18.433	0.038
2457866.88202	18.421	0.035
2457867.75283	18.494	0.034
2457867.88416	18.442999999999998	0.04
2457868.8186	18.412	0.057
2457869.69868	18.412	0.043
2457869.81758	18.429000000000002	0.037000000000000005
2457870.70469	18.471	0.04
2457870.8399799997	18.423	0.038
2457871.72576	18.502	0.040999999999999995
2457871.8596200002	18.43	0.037000000000000005
2457872.7256099996	18.471	0.038
2457872.87135	18.430999999999997	0.037000000000000005
2457873.70529	18.436	0.040999999999999995
2457873.81403	18.418	0.034
2457874.6652599997	18.465999999999998	0.057
2457874.79225	18.452	0.052000000000000005
2457874.90563	18.519000000000002	0.055
2457875.87817	18.438	0.044000000000000004
2457876.67652	18.401	0.053
2457876.79936	18.498	0.04
2457876.93427	18.432000000000002	0.052000000000000005
2457877.75729	18.473	0.035
2457877.88568	18.445999999999998	0.044000000000000004
2457878.7972	18.484	0.037000000000000005
2457878.91998	18.427	0.038
2457879.74437	18.414	0.061
2457880.66566	18.458	0.069
2457880.7733299998	18.434	0.055
2457880.91566	18.442	0.066
2457881.85401	18.445999999999998	0.053
2457882.73028	18.38	0.049
2457882.86144	18.42	0.055
2457889.8929	18.303	0.073
2457890.7555	18.383	0.057999999999999996
2457890.91274	18.316	0.084
2457893.7225	18.467	0.052000000000000005
2457893.85243	18.418	0.043
2457894.60372	18.454	0.066
2457894.7154200003	18.442	0.04
2457894.8346599997	18.46	0.044000000000000004
2457894.94259	18.398	0.08199999999999999
2457897.63924	18.322	0.055
2457897.7540700003	18.546	0.052000000000000005
2457900.9339099997	18.465	0.07200000000000001
2457901.68616	18.438	0.047
2457901.8399	18.482	0.053
2457902.6748099998	18.422	0.04
2457902.80622	18.45	0.05
2457903.6937599997	18.322	0.057999999999999996
2457903.85236	18.503	0.05
2457904.59326	18.492	0.067
2457904.70922	18.447	0.037000000000000005
2457904.8322	18.463	0.043
2457904.9428	18.367	0.079
2457905.66917	18.489	0.038
2457905.79889	18.459	0.044000000000000004
2457905.9256599997	18.382	0.05
2457906.61697	18.414	0.043
2457906.7458200003	18.475	0.037000000000000005
2457906.85844	18.48	0.046
2457907.60807	18.432000000000002	0.052000000000000005
2457907.73256	18.459	0.043
2457908.57838	18.471	0.07
2457908.6811	18.492	0.044000000000000004
2457908.81142	18.412	0.046
2457908.92036	18.394000000000002	0.064
2457909.6112599997	18.422	0.053
2457909.7327099997	18.407	0.043
2457909.84139	18.394000000000002	0.038
2457909.93407	18.457	0.06
2457910.6285599996	18.438	0.05
2457910.76079	18.479	0.049
2457910.87812	18.421	0.046
2457911.59603	18.419	0.07
2457911.7039400004	18.393	0.057999999999999996
2457916.55502	18.367	0.07
2457916.65314	18.36	0.064
2457916.7516	18.475	0.052000000000000005
2457917.57692	18.437	0.061
2457917.6899	18.5	0.052000000000000005
2457917.80339	18.322	0.044000000000000004
2457917.91073	18.445	0.073
2457918.6984	18.522000000000002	0.075
2457922.67435	18.445	0.044000000000000004
2457923.55841	18.453	0.06
2457923.6814900003	18.465999999999998	0.053
2457923.80351	18.442	0.057999999999999996
2457924.58709	18.423	0.044000000000000004
2457924.71314	18.444000000000003	0.040999999999999995
2457924.82124	18.474	0.044000000000000004
2457925.61083	18.500999999999998	0.063
2457925.7463700003	18.413	0.057
2457925.86216	18.429000000000002	0.05
2457926.6340900003	18.480999999999998	0.047
2457926.7780299997	18.377	0.053
2457928.62457	18.447	0.053
2457932.66487	18.374000000000002	0.06
2457932.78804	18.415	0.049
2457933.6457	18.391	0.047
2457933.77789	18.441	0.055
2457934.5801	18.424	0.044000000000000004
2457934.81069	18.47	0.052000000000000005
2457935.55032	18.512	0.047
2457935.68164	18.426	0.047
2457935.79188	18.426	0.035
2457935.87996	18.472	0.046
2457936.54287	18.425	0.046
2457936.66875	18.491	0.047
2457936.79963	18.489	0.044000000000000004
2457937.48463	18.458	0.067
2457937.59548	18.437	0.052000000000000005
2457937.71692	18.435	0.052000000000000005
2457937.8369400003	18.447	0.053
2457938.6208900004	18.483	0.07200000000000001
2457944.4953799997	18.498	0.066
2457944.53606	18.465999999999998	0.057999999999999996
2457944.58754	18.426	0.052000000000000005
2457944.62803	18.47	0.057999999999999996
2457944.6981599997	18.434	0.052000000000000005
2457944.74673	18.437	0.055
2457944.79862	18.395	0.06
2457944.8316099998	18.38	0.076
2457945.5169	18.412	0.066
2457945.6266900003	18.449	0.040999999999999995
2457945.7389700003	18.444000000000003	0.043
2457945.8467	18.416	0.069
2457946.57054	18.447	0.05
2457946.69986	18.477999999999998	0.05
2457946.81218	18.495	0.052000000000000005
2457947.55351	18.414	0.05
2457947.81555	18.56	0.076
2457948.5652	18.423	0.044000000000000004
2457948.68979	18.421	0.049
2457948.82211	18.355	0.057
2457949.6121799997	18.480999999999998	0.064
2457949.7394	18.38	0.064
2457952.7675799998	18.394000000000002	0.052000000000000005
2457953.52429	18.396	0.043
2457953.66671	18.387	0.044000000000000004
2457953.7834400004	18.387	0.046
2457954.54147	18.445999999999998	0.040999999999999995
2457954.68742	18.424	0.037000000000000005
2457955.74205	18.449	0.04
2457956.5301900003	18.468	0.046
2457956.67148	18.41	0.038
2457956.7862299997	18.427	0.047
2457957.71121	18.363	0.05
2457958.61852	18.389	0.05
2457958.7193299998	18.421	0.05
2457959.48074	18.414	0.044000000000000004
2457959.58139	18.414	0.04
2457959.69931	18.500999999999998	0.040999999999999995
2457959.8031	18.378	0.05
2457960.56759	18.412	0.04
2457960.70535	18.430999999999997	0.040999999999999995
2457960.80288	18.525	0.057
2457961.63773	18.399	0.040999999999999995
2457961.77997	18.283	0.06
2457962.57797	18.471	0.037000000000000005
2457964.5397200002	18.439	0.047
2457964.64439	18.392	0.046
2457965.63194	18.402	0.046
2457965.70844	18.317999999999998	0.04
2457966.58285	18.395	0.052000000000000005
2457966.69755	18.379	0.052000000000000005
2457967.6299400004	18.406	0.05
2457967.7052599997	18.403	0.069
2457971.48625	18.424	0.073
2457971.52899	18.337	0.067
2457971.58198	18.467	0.057999999999999996
2457971.61749	18.445	0.061
2457971.6658400004	18.430999999999997	0.07
2457972.50087	18.371	0.08900000000000001
2457972.59013	18.408	0.064
2457972.63365	18.424	0.06
2457972.69685	18.421	0.063
2457972.7373599997	18.344	0.069
2457973.6025900003	18.355	0.064
2457973.7412099997	18.34	0.076
2457974.58146	18.500999999999998	0.053
2457974.69727	18.28	0.05
2457975.64397	18.378	0.067
2457979.57744	18.454	0.046
2457980.49386	18.37	0.06
2457980.62729	18.372	0.057
2457981.56003	18.372	0.046
2457981.6797	18.467	0.053
2457982.58935	18.449	0.047
2457983.51634	18.48	0.06
2457983.62703	18.396	0.04
2457984.54148	18.352999999999998	0.069
2457984.65416	18.452	0.052000000000000005
2457985.5902299997	18.396	0.057999999999999996
2457986.56476	18.502	0.038
2457987.47841	18.436	0.047
2457987.61707	18.465999999999998	0.04
2457990.53676	18.416	0.047
2457990.6568400003	18.365	0.066
2457991.58912	18.41	0.052000000000000005
2457992.51353	18.414	0.040999999999999995
2457992.63167	18.429000000000002	0.046
2457993.56121	18.423	0.043
2457994.49335	18.377	0.052000000000000005
2457994.60641	18.4	0.052000000000000005
2457998.49646	18.441	0.052000000000000005
2457998.5476	18.416	0.053
2458000.51991	18.349	0.067
2458000.5637	18.410999999999998	0.055
2458000.61999	18.430999999999997	0.061
2458001.52951	18.410999999999998	0.043
2458002.49938	18.354	0.084
2458003.48639	18.37	0.075
2458004.52214	18.487000000000002	0.057999999999999996
2458005.5506	18.434	0.078
2458007.6086	18.438	0.061
2458010.5227099997	18.407	0.053
2458011.58769	18.512999999999998	0.061
2458012.58824	18.486	0.046
2458014.48314	18.416	0.049
2458015.48079	18.495	0.061
2458016.49827	18.409000000000002	0.052000000000000005
2458017.52367	18.386	0.049
2458018.54944	18.4	0.044000000000000004
2458020.49207	18.307000000000002	0.05
2458021.52353	18.425	0.057
2458026.49981	18.374000000000002	0.064
2458026.54155	18.439	0.063
2458029.5428299997	18.462	0.067
2458032.54954	18.48	0.07
2458035.5336	18.369	0.06
2458039.4970299997	18.525	0.064
2458040.54855	18.502	0.067
2458046.52533	18.516	0.092
2458053.5291	18.381	0.085
2458057.5103599997	18.415	0.076
