2455377.74818	15.745	0.006999999999999999
2455378.62547	15.731	0.006999999999999999
2455378.8692099997	15.742	0.006999999999999999
2455379.78354	15.73	0.006999999999999999
2455380.64405	15.738	0.006999999999999999
2455381.52721	15.744000000000002	0.01
2455381.741	15.724	0.009000000000000001
2455382.61603	15.742	0.009000000000000001
2455382.82411	15.738	0.009000000000000001
2455385.82603	15.738	0.006
2455386.5339599997	15.737	0.006999999999999999
2455386.61627	15.731	0.006999999999999999
2455386.70068	15.727	0.006
2455386.8406	15.75	0.006999999999999999
2455387.82577	15.745	0.006999999999999999
2455388.7802	15.735	0.006999999999999999
2455389.69093	15.735	0.006999999999999999
2455390.6535	15.720999999999998	0.009000000000000001
2455391.51987	15.732000000000001	0.006999999999999999
2455391.84822	15.734000000000002	0.006999999999999999
2455392.78826	15.735999999999999	0.006999999999999999
2455393.7645099997	15.728	0.009000000000000001
2455396.67822	15.727	0.006999999999999999
2455396.7128	15.735	0.006999999999999999
2455397.76232	15.734000000000002	0.009000000000000001
2455403.49662	15.738	0.006999999999999999
2455403.6891900003	15.738	0.006999999999999999
2455404.5600400004	15.741	0.006999999999999999
2455404.759	15.741	0.006999999999999999
2455405.77264	15.734000000000002	0.006999999999999999
2455407.62904	15.755999999999998	0.009000000000000001
2455408.5474099996	15.724	0.009000000000000001
2455408.74945	15.724	0.009000000000000001
2455409.75157	15.73	0.006999999999999999
2455410.75595	15.729000000000001	0.006999999999999999
2455411.76889	15.73	0.006999999999999999
2455412.6887	15.738	0.009000000000000001
2455413.7607299997	15.742	0.006999999999999999
2455416.60561	15.739	0.009000000000000001
2455418.6693599997	15.739	0.006
2455421.68512	15.737	0.006999999999999999
2455423.50281	15.732000000000001	0.006999999999999999
2455426.5197799997	15.735	0.009000000000000001
2455430.59001	15.738	0.006999999999999999
2455431.58502	15.738	0.006999999999999999
2455432.53093	15.745	0.01
2455434.5559900003	15.732000000000001	0.006999999999999999
2455435.5233299998	15.735999999999999	0.006999999999999999
2455436.5479599996	15.741	0.006999999999999999
2455438.5806299997	15.73	0.006999999999999999
2455439.6222599996	15.735	0.009000000000000001
2455443.63639	15.741	0.006999999999999999
2455444.6621	15.739	0.006999999999999999
2455446.5510400003	15.743	0.006999999999999999
2455447.56131	15.735	0.006999999999999999
2455449.49426	15.739	0.009000000000000001
2455450.5726400004	15.741	0.006999999999999999
2455453.53385	15.727	0.009000000000000001
2455457.60571	15.743	0.006999999999999999
2455459.4953900003	15.732000000000001	0.006999999999999999
2455460.5159400003	15.75	0.009000000000000001
2455461.5428	15.717	0.011000000000000001
2455462.5972599997	15.743	0.006999999999999999
2455465.54076	15.734000000000002	0.009000000000000001
2455469.54074	15.735	0.006999999999999999
2455471.57634	15.737	0.006999999999999999
2455473.50429	15.734000000000002	0.009000000000000001
2455478.49669	15.74	0.006999999999999999
2455480.5486	15.739	0.009000000000000001
2455485.54075	15.749	0.009000000000000001
2455487.53386	15.739	0.006999999999999999
2455489.53439	15.728	0.009000000000000001
2455493.521	15.75	0.01
2455497.5318	15.739	0.006999999999999999
2455598.8798700003	15.729000000000001	0.009000000000000001
2455599.88737	15.729000000000001	0.009000000000000001
2455600.87595	15.734000000000002	0.006
2455616.90213	15.722999999999999	0.009000000000000001
2455622.9014	15.739	0.006999999999999999
2455625.83511	15.732000000000001	0.006999999999999999
2455627.8284299998	15.725	0.006999999999999999
2455628.9111599997	15.734000000000002	0.009000000000000001
2455629.83887	15.725999999999999	0.006999999999999999
2455631.86721	15.73	0.006999999999999999
2455633.82227	15.735	0.006
2455634.81605	15.73	0.006999999999999999
2455637.85287	15.735	0.006999999999999999
2455639.81099	15.731	0.006999999999999999
2455640.8031099997	15.734000000000002	0.006999999999999999
2455640.89007	15.735	0.006999999999999999
2455641.79849	15.731	0.006999999999999999
2455642.76424	15.737	0.006999999999999999
2455642.86018	15.735	0.006999999999999999
2455642.88007	15.734000000000002	0.006999999999999999
2455643.7856400004	15.729000000000001	0.006999999999999999
2455643.88391	15.73	0.006
2455644.79314	15.73	0.006999999999999999
2455644.90894	15.73	0.006999999999999999
2455648.77605	15.728	0.006999999999999999
2455648.88397	15.738	0.006
2455649.78142	15.727	0.006
2455649.8878900004	15.732999999999999	0.006
2455650.77354	15.735999999999999	0.006
2455650.88019	15.72	0.006
2455651.7958	15.744000000000002	0.006
2455651.91432	15.735999999999999	0.006
2455652.8385	15.731	0.006
2455653.89434	15.731	0.006
2455654.81707	15.72	0.006999999999999999
2455654.90004	15.735999999999999	0.006
2455655.8078	15.735999999999999	0.006
2455655.89305	15.735999999999999	0.006
2455656.84392	15.729000000000001	0.006
2455657.8053200003	15.725999999999999	0.006
2455657.89225	15.729000000000001	0.006
2455658.80142	15.727	0.006999999999999999
2455658.89873	15.74	0.006999999999999999
2455659.75286	15.727	0.006
2455659.8310599998	15.731	0.006999999999999999
2455659.92159	15.725999999999999	0.006
2455660.80516	15.729000000000001	0.006
2455660.92008	15.731	0.006999999999999999
2455662.79633	15.728	0.006
2455662.89812	15.729000000000001	0.006
2455664.76068	15.729000000000001	0.009000000000000001
2455664.86255	15.729000000000001	0.006999999999999999
2455665.7433599997	15.724	0.009000000000000001
2455665.8535	15.731	0.006
2455667.74846	15.728	0.006999999999999999
2455668.72329	15.727	0.006999999999999999
2455669.7423799997	15.734000000000002	0.006999999999999999
2455670.72448	15.735999999999999	0.006999999999999999
2455670.9104299997	15.738	0.006999999999999999
2455675.78659	15.743	0.006999999999999999
2455676.7132900003	15.727	0.006999999999999999
2455676.9026599997	15.724	0.006
2455677.8410400003	15.732999999999999	0.006
2455679.75416	15.732000000000001	0.006
2455680.65964	15.722000000000001	0.006999999999999999
2455680.83977	15.73	0.006
2455681.72769	15.73	0.006
2455681.91429	15.741	0.006
2455682.81754	15.739	0.006
2455683.79219	15.735	0.006
2455684.69508	15.735999999999999	0.006
2455684.90648	15.739	0.006
2455685.8758099996	15.742	0.006
2455686.78746	15.731	0.006
2455687.67224	15.737	0.006999999999999999
2455688.83172	15.729000000000001	0.006
2455689.78986	15.743	0.006
2455690.78236	15.725	0.006999999999999999
2455691.71061	15.722000000000001	0.006999999999999999
2455691.91107	15.732999999999999	0.006999999999999999
2455692.7945	15.729000000000001	0.006
2455693.62517	15.725	0.006999999999999999
2455693.81866	15.725999999999999	0.006
2455694.63788	15.738	0.006999999999999999
2455694.8276299997	15.735999999999999	0.006
2455695.64802	15.729000000000001	0.006999999999999999
2455695.8670200002	15.745999999999999	0.006
2455696.6841599997	15.735999999999999	0.006999999999999999
2455696.8555400004	15.729000000000001	0.006999999999999999
2455697.69944	15.737	0.006999999999999999
2455697.85753	15.735999999999999	0.006
2455698.69755	15.722999999999999	0.009000000000000001
2455698.85635	15.73	0.006999999999999999
2455703.8190599997	15.732999999999999	0.009000000000000001
2455705.8344	15.722999999999999	0.006999999999999999
2455706.772	15.745999999999999	0.009000000000000001
2455706.7752799997	15.731	0.009000000000000001
2455707.6642299998	15.742	0.006999999999999999
2455707.8309	15.725999999999999	0.006
2455708.6444	15.738	0.006999999999999999
2455708.8341099997	15.737	0.006
2455709.79465	15.737	0.006999999999999999
2455712.737	15.73	0.006
2455713.74455	15.715	0.006999999999999999
2455714.63035	15.722000000000001	0.006
2455714.64381	15.727	0.006999999999999999
2455715.68695	15.734000000000002	0.006
2455715.8629900003	15.725999999999999	0.006999999999999999
2455716.75898	15.735	0.006999999999999999
2455721.56266	15.727	0.006999999999999999
2455721.57661	15.732999999999999	0.006
2455721.8331	15.728	0.006999999999999999
2455722.66008	15.737	0.006
2455722.67366	15.732000000000001	0.006
2455723.5619200002	15.729000000000001	0.006999999999999999
2455723.7390099997	15.720999999999998	0.006
2455724.5599599998	15.735	0.009000000000000001
2455724.78771	15.738	0.006999999999999999
2455725.71361	15.732000000000001	0.006
2455726.61473	15.732999999999999	0.006999999999999999
2455726.78717	15.731	0.006999999999999999
2455734.76917	15.735	0.006999999999999999
2455735.69642	15.74	0.006999999999999999
2455736.63662	15.732999999999999	0.006
2455736.85139	15.732999999999999	0.006
2455737.64513	15.732000000000001	0.006
2455737.82687	15.74	0.006
2455738.6718900003	15.735999999999999	0.006
2455739.55663	15.739	0.006999999999999999
2455739.7421	15.722000000000001	0.006
2455740.5336700003	15.734000000000002	0.006999999999999999
2455740.74055	15.735	0.006
2455741.51122	15.742	0.006999999999999999
2455741.6831799997	15.743	0.006
2455741.84987	15.742	0.006999999999999999
2455742.60572	15.738	0.006999999999999999
2455742.78328	15.732000000000001	0.006
2455743.65542	15.753	0.006999999999999999
2455743.8321	15.754000000000001	0.006999999999999999
2455744.5904	15.741	0.006999999999999999
2455744.8088700003	15.739	0.006999999999999999
2455745.58893	15.728	0.006999999999999999
2455745.76559	15.73	0.006999999999999999
2455746.61111	15.742	0.006999999999999999
2455746.7979200003	15.74	0.009000000000000001
2455747.69288	15.737	0.009000000000000001
2455748.67201	15.732000000000001	0.006
2455749.6315099997	15.725	0.006999999999999999
2455749.79813	15.74	0.006999999999999999
2455753.59107	15.731	0.009000000000000001
2455759.8338900004	15.732000000000001	0.006999999999999999
2455760.58798	15.724	0.006999999999999999
2455760.77712	15.742	0.006999999999999999
2455761.6173	15.731	0.006999999999999999
2455762.63309	15.741	0.009000000000000001
2455763.50661	15.738	0.006
2455763.68953	15.735	0.006999999999999999
2455764.5129299997	15.745	0.006999999999999999
2455764.69061	15.735	0.006
2455765.5548400003	15.74	0.006999999999999999
2455765.754	15.735999999999999	0.006999999999999999
2455766.62751	15.735999999999999	0.006
2455767.50147	15.744000000000002	0.006999999999999999
2455767.71425	15.743	0.006999999999999999
2455768.55362	15.735	0.006999999999999999
2455768.74163	15.739	0.006
2455769.58214	15.735999999999999	0.006999999999999999
2455769.78713	15.731	0.006999999999999999
2455775.6837299997	15.743	0.006999999999999999
2455776.73969	15.731	0.006999999999999999
2455777.67268	15.741	0.006
2455778.57773	15.725999999999999	0.006999999999999999
2455779.7137700003	15.737	0.006999999999999999
2455785.54132	15.725999999999999	0.009000000000000001
2455785.72571	15.747	0.009000000000000001
2455786.67367	15.738	0.006999999999999999
2455787.52177	15.732999999999999	0.006999999999999999
2455787.70668	15.73	0.006999999999999999
2455788.6233599996	15.737	0.006999999999999999
2455790.51114	15.735999999999999	0.009000000000000001
2455790.6838	15.732999999999999	0.006999999999999999
2455793.51799	15.732000000000001	0.006
2455793.6908400003	15.73	0.006999999999999999
2455794.60511	15.737	0.006999999999999999
2455795.613	15.747	0.009000000000000001
2455796.58675	15.731	0.006999999999999999
2455801.48313	15.745	0.006999999999999999
2455801.66624	15.737	0.006999999999999999
2455803.59275	15.742	0.009000000000000001
2455804.6485200003	15.731	0.006999999999999999
2455805.6134099998	15.734000000000002	0.006
2455807.56801	15.717	0.006999999999999999
2455812.55338	15.72	0.009000000000000001
2455813.53786	15.742	0.006999999999999999
2455815.50797	15.719000000000001	0.006
2455815.6678400002	15.735999999999999	0.006
2455816.6436400004	15.72	0.009000000000000001
2455817.64507	15.759	0.006999999999999999
2455818.62567	15.759	0.009000000000000001
2455819.6326900003	15.739	0.006999999999999999
2455820.60938	15.742	0.006999999999999999
2455822.55925	15.735	0.006999999999999999
2455823.48645	15.757	0.009000000000000001
2455823.57735	15.734000000000002	0.006999999999999999
2455824.50275	15.735	0.006999999999999999
2455824.59661	15.739	0.006999999999999999
2455825.51613	15.741	0.006999999999999999
2455825.62095	15.732999999999999	0.006999999999999999
2455826.54589	15.734000000000002	0.006999999999999999
2455827.48555	15.749	0.009000000000000001
2455827.56443	15.743	0.006999999999999999
2455828.48526	15.720999999999998	0.006999999999999999
2455828.57448	15.743	0.006999999999999999
2455829.50042	15.734000000000002	0.006999999999999999
2455829.58537	15.732999999999999	0.006
2455830.52244	15.732999999999999	0.006
2455830.59855	15.729000000000001	0.006999999999999999
2455831.57015	15.739	0.006
2455832.51599	15.742	0.006
2455832.5952	15.742	0.006999999999999999
2455833.55352	15.734000000000002	0.006
2455834.51314	15.739	0.006
2455834.59018	15.729000000000001	0.006
2455836.48784	15.735	0.009000000000000001
2455836.56179	15.727	0.006999999999999999
2455839.51793	15.738	0.006999999999999999
2455839.5915200002	15.729000000000001	0.009000000000000001
2455840.55496	15.73	0.006999999999999999
2455841.48955	15.732000000000001	0.009000000000000001
2455841.572	15.74	0.006999999999999999
2455842.53574	15.758	0.009000000000000001
2455843.48805	15.742	0.006999999999999999
2455843.57221	15.728	0.006999999999999999
2455844.51661	15.74	0.006999999999999999
2455844.59512	15.732999999999999	0.01
2455845.5565	15.725	0.009000000000000001
2455846.5197	15.749	0.009000000000000001
2455850.54345	15.732999999999999	0.006999999999999999
2455851.50676	15.745	0.006999999999999999
2455852.53613	15.741	0.009000000000000001
2455854.52723	15.755999999999998	0.006999999999999999
2455855.51577	15.735999999999999	0.006999999999999999
2455856.51443	15.753	0.009000000000000001
2455857.5323900003	15.710999999999999	0.01
2455859.5342099997	15.731	0.006999999999999999
2455861.50019	15.741	0.009000000000000001
2455862.51834	15.749	0.006999999999999999
2455971.8785900003	15.745	0.006
2455976.88412	15.737	0.006
2455977.8816400003	15.747	0.006
2455978.89194	15.74	0.006
2455979.89649	15.749	0.009000000000000001
2455982.83442	15.732000000000001	0.006
2455983.84737	15.734000000000002	0.006
2455984.8407400004	15.738	0.006
2455985.82635	15.722999999999999	0.006
2455986.81695	15.738	0.006999999999999999
2455986.8919599997	15.724	0.006
2455987.85882	15.73	0.006
2455988.8487299997	15.737	0.006
2455989.82973	15.734000000000002	0.006
2455990.80611	15.720999999999998	0.006999999999999999
2455990.87721	15.732999999999999	0.006
2455991.8522900003	15.728	0.006
2455992.82787	15.731	0.006
2455993.81138	15.745	0.006999999999999999
2455993.90326	15.724	0.006999999999999999
2455994.86863	15.727	0.006999999999999999
2455995.80522	15.725	0.006
2455995.88255	15.742	0.006
2455996.82502	15.725999999999999	0.006
2455996.9094	15.725	0.006
2455997.86717	15.73	0.006
2455998.80737	15.728	0.006999999999999999
2455998.89762	15.738	0.006
2455999.84081	15.732999999999999	0.006
2455999.91676	15.729000000000001	0.006999999999999999
2456004.7625599997	15.727	0.006999999999999999
2456004.8572	15.731	0.006
2456005.7749900003	15.73	0.006
2456005.87381	15.73	0.006
2456006.79428	15.743	0.006
2456006.89225	15.72	0.006
2456007.79556	15.734000000000002	0.006
2456007.89073	15.731	0.006
2456008.78914	15.722999999999999	0.006
2456008.88564	15.732999999999999	0.006
2456009.79062	15.728	0.006
2456009.88594	15.735	0.006
2456010.78229	15.73	0.006
2456010.88048	15.731	0.006
2456011.76838	15.737	0.006
2456011.88631	15.728	0.006999999999999999
2456012.78665	15.727	0.006
2456012.88402	15.734000000000002	0.006
2456013.78075	15.729000000000001	0.006
2456013.88296	15.722000000000001	0.006
2456014.75772	15.745999999999999	0.006999999999999999
2456014.85629	15.722000000000001	0.006
2456015.7348599997	15.717	0.006
2456015.813	15.735	0.006
2456015.90366	15.728	0.006
2456016.79565	15.739	0.006
2456016.8991799997	15.734000000000002	0.006
2456017.7820200003	15.738	0.006
2456017.87875	15.738	0.006
2456018.77038	15.739	0.006
2456018.8491599998	15.725999999999999	0.006
2456019.74901	15.713	0.006999999999999999
2456019.8456099997	15.732999999999999	0.006
2456019.9240099997	15.742	0.006999999999999999
2456020.78078	15.731	0.006
2456020.87575	15.734000000000002	0.006
2456021.7365200003	15.735	0.006999999999999999
2456021.8139	15.725	0.006
2456021.91156	15.734000000000002	0.006
2456022.76225	15.722000000000001	0.006
2456022.85794	15.722999999999999	0.006
2456023.7171400003	15.735	0.006999999999999999
2456023.79777	15.73	0.006
2456023.9016299997	15.722999999999999	0.006
2456024.75507	15.725	0.006999999999999999
2456024.8566	15.732999999999999	0.006
2456025.72812	15.732000000000001	0.006999999999999999
2456025.8086	15.727	0.009000000000000001
2456026.70211	15.74	0.009000000000000001
2456031.82118	15.735999999999999	0.006
2456032.75073	15.725999999999999	0.006
2456032.93126	15.724	0.009000000000000001
2456033.88276	15.722999999999999	0.006
2456034.82588	15.738	0.006
2456036.72876	15.722000000000001	0.006
2456037.71465	15.735999999999999	0.006
2456037.9105700003	15.745999999999999	0.006
2456038.87549	15.722999999999999	0.006
2456039.8679299997	15.729000000000001	0.006
2456040.84406	15.734000000000002	0.006
2456041.78795	15.735999999999999	0.006
2456045.9227	15.727	0.006
2456047.74707	15.74	0.006
2456048.68693	15.742	0.006
2456048.87242	15.715	0.006
2456049.8078799997	15.737	0.006
2456050.68475	15.724	0.006
2456050.8730200003	15.719000000000001	0.006
2456052.68215	15.732000000000001	0.006999999999999999
2456052.85832	15.719000000000001	0.006
2456053.7137700003	15.741	0.006
2456053.90558	15.728	0.006999999999999999
2456058.7455	15.732000000000001	0.006999999999999999
2456058.9160700003	15.725	0.006
2456060.81231	15.73	0.006
2456061.70042	15.739	0.006
2456061.87811	15.735	0.006
2456062.74926	15.731	0.006999999999999999
2456062.9263400002	15.737	0.006999999999999999
2456063.9150400003	15.732000000000001	0.006
2456064.84526	15.741	0.006
2456065.67483	15.734000000000002	0.006
2456066.6121900002	15.724	0.006
2456066.7933799997	15.734000000000002	0.006
2456067.59689	15.724	0.006
2456067.76418	15.735999999999999	0.006
2456067.93063	15.732000000000001	0.006
2456068.8032400003	15.737	0.006
2456069.73339	15.735999999999999	0.006
2456069.92078	15.735999999999999	0.006999999999999999
2456070.71918	15.732999999999999	0.006
2456070.89625	15.725999999999999	0.006
2456071.69444	15.734000000000002	0.006
2456071.87447	15.738	0.006
2456075.6746900002	15.728	0.006
2456075.85788	15.748	0.006
2456075.86186	15.749	0.006
2456076.72525	15.734000000000002	0.006
2456076.90145	15.749	0.006
2456077.8470900003	15.727	0.006
2456078.6491799997	15.72	0.006
2456078.82988	15.732000000000001	0.006
2456079.62673	15.722999999999999	0.006
2456079.8174900003	15.727	0.006
2456080.59717	15.725999999999999	0.006999999999999999
2456080.76405	15.745	0.006
2456080.94307	15.734000000000002	0.006999999999999999
2456081.7171099996	15.727	0.006
2456081.8930200003	15.501	0.006999999999999999
2456082.7146	15.735	0.009000000000000001
2456082.91193	15.716	0.009000000000000001
2456085.71809	15.735	0.011000000000000001
2456085.87847	15.725999999999999	0.01
2456086.6549400003	15.732999999999999	0.006
2456086.84587	15.729000000000001	0.006
2456087.72787	15.74	0.006999999999999999
2456088.60095	15.698	0.006
2456089.6819700003	15.725	0.006
2456089.92966	15.732000000000001	0.006999999999999999
2456092.80716	15.725	0.006999999999999999
2456093.63172	15.737	0.006
2456093.83212	15.73	0.006
2456094.68063	15.744000000000002	0.006999999999999999
2456094.85592	15.74	0.006999999999999999
2456096.6765400004	15.738	0.006
2456096.87131	15.745999999999999	0.006999999999999999
2456097.8037	15.725999999999999	0.006999999999999999
2456098.5991599998	15.722999999999999	0.006999999999999999
2456098.77633	15.735999999999999	0.006
2456099.71526	15.74	0.006999999999999999
2456100.62542	15.725999999999999	0.006
2456100.81073	15.732000000000001	0.006999999999999999
2456101.5770799997	15.728	0.006999999999999999
2456101.75478	15.732999999999999	0.006
2456102.7165200002	15.725999999999999	0.006
2456102.87562	15.737	0.006999999999999999
2456103.6356599997	15.729000000000001	0.006
2456103.8327599997	15.734000000000002	0.006
2456104.6189099997	15.728	0.006
2456104.78876	15.735	0.006
2456105.54432	15.735999999999999	0.006999999999999999
2456105.73594	15.732000000000001	0.006
2456108.54392	15.725999999999999	0.006999999999999999
2456108.72928	15.73	0.006
2456108.87839	15.738	0.006
2456109.7198799998	15.735999999999999	0.009000000000000001
2456109.8755799998	15.741	0.006999999999999999
2456113.68512	15.735999999999999	0.006999999999999999
2456113.84106	15.722000000000001	0.006999999999999999
2456114.70877	15.731	0.006
2456114.86154	15.748	0.01
2456115.64701	15.73	0.006
2456116.51491	15.738	0.006
2456116.68685	15.737	0.006
2456117.49206	15.734000000000002	0.006999999999999999
2456117.6688200003	15.73	0.006
2456117.82639	15.735999999999999	0.006999999999999999
2456118.59964	15.73	0.006
2456118.78499	15.728	0.006
2456119.56251	15.74	0.006999999999999999
2456119.72797	15.732999999999999	0.006
2456120.5926599996	15.745999999999999	0.006
2456120.77361	15.747	0.006999999999999999
2456121.56589	15.728	0.006
2456121.73528	15.729000000000001	0.006
2456123.61395	15.731	0.006999999999999999
2456123.7833	15.735	0.006
2456124.6019099997	15.745	0.006
2456124.7925400003	15.74	0.006
2456125.61829	15.744000000000002	0.006999999999999999
2456125.8017599997	15.737	0.006
2456126.64988	15.735999999999999	0.006
2456127.5362	15.744000000000002	0.006999999999999999
2456128.5572099998	15.72	0.006
2456130.55204	15.734000000000002	0.006999999999999999
2456131.63428	15.734000000000002	0.006999999999999999
2456132.65723	15.735999999999999	0.006
2456133.60381	15.729000000000001	0.006999999999999999
2456134.52441	15.74	0.006999999999999999
2456135.49174	15.725999999999999	0.006999999999999999
2456135.71023	15.734000000000002	0.006
2456140.49487	15.729000000000001	0.009000000000000001
2456140.67478	15.72	0.01
2456141.5217	15.73	0.006999999999999999
2456141.69643	15.728	0.006999999999999999
2456142.5649200003	15.732999999999999	0.006999999999999999
2456147.5805099998	15.735999999999999	0.006
2456148.5109200003	15.738	0.006
2456148.69826	15.74	0.006
2456150.55127	15.729000000000001	0.006
2456151.55612	15.739	0.006999999999999999
2456151.71663	15.743	0.006
2456152.6060599997	15.743	0.006
2456154.5417400002	15.741	0.006999999999999999
2456157.6924799997	15.732000000000001	0.006999999999999999
2456158.6321099997	15.741	0.006
2456159.55207	15.734000000000002	0.006
2456160.5207700003	15.743	0.006
2456160.7269099997	15.74	0.006999999999999999
2456161.6315099997	15.734000000000002	0.006
2456164.6056	15.741	0.009000000000000001
2456167.60789	15.735	0.01
2456168.61937	15.745	0.006999999999999999
2456169.6099900003	15.739	0.006
2456171.5633799997	15.731	0.006999999999999999
2456172.5224099997	15.727	0.006
2456175.4840700002	15.732999999999999	0.006
2456175.65547	15.732999999999999	0.006999999999999999
2456179.6430099998	15.732999999999999	0.006999999999999999
2456180.62902	15.722000000000001	0.006999999999999999
2456181.5906700003	15.74	0.006
2456182.5984099996	15.731	0.006
2456184.48723	15.744000000000002	0.006
2456185.59535	15.745	0.006
2456186.61111	15.722999999999999	0.006
2456191.50231	15.745999999999999	0.006999999999999999
2456195.4954	15.742	0.006
2456195.58581	15.735999999999999	0.006
2456196.49615	15.741	0.006999999999999999
2456196.58346	15.732000000000001	0.006
2456197.498	15.728	0.006999999999999999
2456197.58623	15.73	0.006999999999999999
2456199.51799	15.757	0.009000000000000001
2456200.61694	15.728	0.009000000000000001
2456202.5665	15.748	0.006999999999999999
2456203.55893	15.732000000000001	0.009000000000000001
2456204.5057	15.74	0.006
2456204.5890599997	15.747	0.006999999999999999
2456205.53527	15.739	0.006
2456205.60954	15.74	0.006
2456209.5542	15.745999999999999	0.006999999999999999
2456210.50619	15.732000000000001	0.006
2456210.58342	15.74	0.006999999999999999
2456211.5334799998	15.743	0.006
2456212.53279	15.739	0.006
2456212.5934	15.73	0.006
2456213.5617400003	15.745	0.006999999999999999
2456214.54231	15.73	0.006999999999999999
2456216.5419099997	15.754000000000001	0.006999999999999999
2456217.4986	15.743	0.006
2456217.5746400002	15.741	0.006
2456218.54998	15.743	0.006999999999999999
2456221.53699	15.718	0.01
2456223.5389400003	15.715	0.006999999999999999
2456224.51775	15.76	0.009000000000000001
2456227.52167	15.744000000000002	0.006999999999999999
2456232.5071900003	15.745	0.006999999999999999
2456234.53026	15.735999999999999	0.009000000000000001
2456239.5164799998	15.735999999999999	0.006999999999999999
2456334.85933	15.738	0.006
2456334.8934299997	15.739	0.006999999999999999
2456335.87084	15.744000000000002	0.006
2456337.88318	15.735999999999999	0.006
2456338.86077	15.732000000000001	0.006
2456339.87717	15.732999999999999	0.006
2456340.8873	15.745999999999999	0.006
2456344.8333900003	15.744000000000002	0.006
2456345.84905	15.754000000000001	0.006
2456347.85556	15.732000000000001	0.006
2456348.84958	15.745	0.006
2456350.87043	15.745999999999999	0.006
2456351.87087	15.731	0.006
2456352.86673	15.749	0.006
2456353.84209	15.735	0.006
2456354.8571900004	15.744000000000002	0.006
2456358.86282	15.74	0.006
2456360.84827	15.734000000000002	0.006
2456361.8338099997	15.735	0.006
2456362.8316599997	15.741	0.006
2456362.8577	15.744000000000002	0.006
2456363.8275	15.731	0.006
2456367.84638	15.741	0.006
2456368.78248	15.744000000000002	0.006
2456368.8747900003	15.734000000000002	0.006
2456369.81397	15.73	0.006
2456370.7662299997	15.739	0.006
2456370.86061	15.732000000000001	0.006
2456371.78193	15.742	0.006
2456371.86969	15.734000000000002	0.006999999999999999
2456372.77468	15.728	0.006
2456372.86323	15.735	0.006
2456373.79126	15.738	0.006
2456373.8802099996	15.738	0.006
2456374.79776	15.743	0.006999999999999999
2456374.88689	15.732999999999999	0.006
2456375.79426	15.73	0.006
2456375.9031	15.741	0.006
2456376.8182200002	15.729000000000001	0.006
2456376.89992	15.744000000000002	0.006
2456377.83018	15.742	0.006
2456377.91241	15.738	0.006
2456378.8256200003	15.753	0.006
2456378.90625	15.742	0.006
2456379.8117400003	15.751	0.006
2456379.8977900003	15.714	0.006
2456380.8027	15.739	0.006
2456380.8263	15.731	0.006
2456380.91303	15.731	0.006
2456381.83392	15.729000000000001	0.006
2456381.91365	15.741	0.006
2456382.81841	15.729000000000001	0.006999999999999999
2456382.89964	15.735999999999999	0.006999999999999999
2456387.71753	15.737	0.006999999999999999
2456387.80314	15.732999999999999	0.006
2456387.88196	15.731	0.006
2456388.72248	15.72	0.006
2456388.82418	15.729000000000001	0.006
2456389.7135400004	15.727	0.006999999999999999
2456389.8144	15.731	0.006
2456389.8945	15.732999999999999	0.006
2456390.7587599996	15.732999999999999	0.006
2456390.8451	15.732999999999999	0.006
2456391.73204	15.744000000000002	0.006999999999999999
2456393.72828	15.743	0.006
2456394.87451	15.732999999999999	0.006
2456395.83703	15.74	0.006
2456396.78369	15.743	0.006
2456397.72441	15.737	0.006
2456397.90086	15.739	0.006
2456398.8316599997	15.739	0.006
2456399.73753	15.735	0.006
2456400.70371	15.747	0.006
2456400.91487	15.735	0.006
2456401.84728	15.737	0.006
2456402.76741	15.732999999999999	0.006
2456403.68597	15.725999999999999	0.006
2456403.8479299997	15.725999999999999	0.006
2456404.77479	15.738	0.006
2456404.7935200003	15.73	0.006
2456405.8311400004	15.720999999999998	0.006
2456406.80584	15.737	0.006
2456407.73969	15.735999999999999	0.006999999999999999
2456407.91545	15.742	0.006
2456409.7855599998	15.741	0.009000000000000001
2456415.75096	15.749	0.006999999999999999
2456415.93075	15.725	0.006999999999999999
2456416.8284400003	15.743	0.006
2456417.74194	15.728	0.006
2456417.91685	15.725	0.006
2456418.76364	15.739	0.006
2456418.9385599997	15.742	0.006999999999999999
2456419.82712	15.747	0.006
2456420.67964	15.735	0.006
2456420.85161	15.76	0.006
2456421.88057	15.748	0.006
2456422.83773	15.74	0.006999999999999999
2456423.80227	15.732999999999999	0.006
2456424.64256	15.735	0.006
2456424.8363799998	15.745999999999999	0.006
2456426.68317	15.748	0.006999999999999999
2456426.92353	15.741	0.006
2456428.72304	15.728	0.006
2456428.91121	15.744000000000002	0.006999999999999999
2456431.7211599997	15.724	0.006
2456431.89674	15.749	0.006
2456432.7464	15.739	0.006999999999999999
2456432.9185	15.744000000000002	0.006
2456433.73254	15.725	0.006
2456434.6438	15.74	0.006999999999999999
2456434.8284400003	15.737	0.006
2456435.67441	15.739	0.006
2456435.8623	15.738	0.006
2456436.66129	15.729000000000001	0.006
2456436.8508	15.739	0.006
2456437.94742	15.747	0.011000000000000001
2456441.70756	15.743	0.006999999999999999
2456441.88967	15.749	0.006999999999999999
2456442.66593	15.722999999999999	0.006
2456442.85015	15.741	0.006
2456443.64682	15.720999999999998	0.006999999999999999
2456443.7798099997	15.720999999999998	0.006
2456444.71931	15.725999999999999	0.006
2456444.86999	15.737	0.006
2456445.6872400003	15.73	0.006
2456445.88185	15.76	0.006999999999999999
2456446.66107	15.749	0.006
2456446.8511799998	15.751	0.006
2456447.63499	15.732000000000001	0.006
2456447.82221	15.747	0.006
2456448.58479	15.735	0.006
2456448.7684299997	15.757	0.006
2456448.93431	15.74	0.006999999999999999
2456449.70865	15.745	0.006
2456449.89261	15.741	0.009000000000000001
2456450.66135	15.739	0.006
2456450.8435	15.737	0.006
2456451.61025	15.732999999999999	0.006
2456451.79538	15.739	0.006
2456452.57192	15.737	0.006
2456452.80749	15.747	0.006
2456454.58341	15.727	0.006
2456454.7680599997	15.743	0.006
2456455.54024	15.734000000000002	0.006
2456456.55117	15.741	0.006
2456456.73528	15.741	0.006999999999999999
2456457.68719	15.735	0.006
2456457.87319	15.743	0.006
2456458.6571299997	15.737	0.006
2456458.84157	15.739	0.006
2456459.61089	15.738	0.006
2456459.8007400003	15.745999999999999	0.006
2456460.62628	15.73	0.006
2456461.55633	15.739	0.006
2456461.75457	15.732999999999999	0.006
2456462.62676	15.722999999999999	0.006
2456462.88722	15.732000000000001	0.006999999999999999
2456463.66205	15.728	0.006
2456463.85287	15.732000000000001	0.006
2456464.6697299997	15.729000000000001	0.006999999999999999
2456464.86193	15.744000000000002	0.006999999999999999
2456468.68735	15.724	0.006999999999999999
2456469.55719	15.728	0.006999999999999999
2456469.74456	15.729000000000001	0.006999999999999999
2456471.74959	15.739	0.006999999999999999
2456472.73618	15.74	0.006
2456473.6874599997	15.725999999999999	0.006
2456474.62712	15.727	0.006
2456474.81286	15.737	0.006999999999999999
2456475.59064	15.732000000000001	0.006
2456475.7889799997	15.735999999999999	0.006
2456476.55593	15.731	0.006999999999999999
2456476.7445900002	15.725999999999999	0.006
2456477.54936	15.741	0.006
2456477.7379099997	15.73	0.006
2456478.58681	15.734000000000002	0.006
2456479.65167	15.732000000000001	0.006
2456480.56336	15.728	0.006
2456480.74723	15.727	0.006999999999999999
2456481.55779	15.725	0.006
2456481.80171	15.744000000000002	0.006999999999999999
2456484.4692599997	15.727	0.006999999999999999
2456485.5318	15.727	0.006
2456485.7644	15.735999999999999	0.006
2456486.50261	15.725	0.006
2456486.71143	15.724	0.006
2456487.50083	15.741	0.006
2456487.7033	15.732999999999999	0.006
2456489.53912	15.731	0.006
2456489.7354900003	15.72	0.006
2456490.56536	15.727	0.006
2456490.75206	15.742	0.006
2456491.61985	15.741	0.006
2456492.66531	15.741	0.006999999999999999
2456496.4888299997	15.732999999999999	0.006999999999999999
2456497.5720599997	15.742	0.006999999999999999
2456497.75693	15.739	0.006
2456498.58835	15.732000000000001	0.006
2456498.76574	15.734000000000002	0.006
2456500.52709	15.732000000000001	0.006999999999999999
2456501.53821	15.73	0.006
2456504.7533299997	15.717	0.006
2456505.68001	15.748	0.006
2456506.5704099997	15.725	0.009000000000000001
2456507.64159	15.732000000000001	0.006
2456508.57131	15.744000000000002	0.006
2456508.7631	15.722999999999999	0.006
2456509.66871	15.734000000000002	0.006
2456510.55387	15.731	0.006
2456510.7571799997	15.739	0.006999999999999999
2456511.70628	15.734000000000002	0.006
2456514.59497	15.725999999999999	0.006
2456515.54677	15.735999999999999	0.006
2456516.522	15.732000000000001	0.006999999999999999
2456518.56413	15.725999999999999	0.006
2456519.49755	15.728	0.006
2456519.7173099997	15.74	0.006
2456524.5553900003	15.728	0.006
2456525.55762	15.731	0.006999999999999999
2456526.68246	15.74	0.006999999999999999
2456529.6277900003	15.734000000000002	0.006999999999999999
2456531.61607	15.725	0.006
2456532.59637	15.719000000000001	0.006
2456533.63699	15.73	0.006
2456535.5181299997	15.74	0.006999999999999999
2456537.6587400003	15.737	0.006999999999999999
2456539.54707	15.720999999999998	0.006999999999999999
2456541.55854	15.732999999999999	0.006
2456543.61706	15.732999999999999	0.006
2456545.51642	15.732000000000001	0.006
2456546.54379	15.74	0.006999999999999999
2456551.56445	15.745	0.006999999999999999
2456555.63914	15.729000000000001	0.006999999999999999
2456558.59888	15.735999999999999	0.006
2456560.5057200002	15.737	0.006999999999999999
2456561.55914	15.745999999999999	0.006
2456563.54691	15.732000000000001	0.006999999999999999
2456564.5673700003	15.732000000000001	0.006
2456565.53858	15.73	0.006999999999999999
2456567.5153	15.77	0.006999999999999999
2456568.52062	15.755	0.006999999999999999
2456569.56372	15.738	0.006
2456570.54127	15.73	0.006
2456571.54862	15.74	0.006999999999999999
2456572.50455	15.725999999999999	0.006999999999999999
2456572.6025900003	15.748	0.006999999999999999
2456573.5632700003	15.727	0.006
2456577.54087	15.745	0.009000000000000001
2456578.52522	15.745999999999999	0.006999999999999999
2456579.4895	15.725999999999999	0.006999999999999999
2456580.50983	15.744000000000002	0.006999999999999999
2456581.53597	15.739	0.006999999999999999
2456582.56201	15.729000000000001	0.006
2456583.54678	15.73	0.006999999999999999
2456584.54674	15.737	0.006999999999999999
2456585.5460200002	15.751	0.006999999999999999
2456590.52704	15.724	0.006999999999999999
2456590.55919	15.732999999999999	0.006999999999999999
2456593.50284	15.732000000000001	0.006999999999999999
2456595.52485	15.74	0.006999999999999999
2456697.8863	15.743	0.006
2456699.87785	15.739	0.006
2456701.8886	15.737	0.006
2456704.8644	15.744000000000002	0.006
2456706.8451400003	15.725999999999999	0.006
2456708.84999	15.735999999999999	0.006
2456709.87758	15.725	0.006
2456710.89367	15.752	0.006
2456714.8815099997	15.728	0.006999999999999999
2456715.89295	15.735	0.006
2456716.89594	15.737	0.006
2456717.89928	15.734000000000002	0.006999999999999999
2456719.81237	15.725999999999999	0.006
2456719.90712	15.734000000000002	0.006999999999999999
2456720.8837599996	15.737	0.006
2456721.8626	15.73	0.006
2456722.84606	15.728	0.006
2456723.8171200003	15.732000000000001	0.006
2456724.80112	15.732000000000001	0.006
2456724.89702	15.757	0.006999999999999999
2456725.87629	15.735999999999999	0.006
2456726.8388900002	15.738	0.006
2456727.81005	15.752	0.006
2456727.9043400004	15.720999999999998	0.006
2456728.8767	15.725	0.006
2456729.8327099998	15.725	0.006
2456730.78263	15.73	0.006999999999999999
2456730.87872	15.717	0.006999999999999999
2456732.79087	15.754000000000001	0.009000000000000001
2456732.88555	15.745	0.006
2456733.8259099997	15.735	0.006
2456733.9145	15.735999999999999	0.006
2456734.85725	15.727	0.006
2456735.78479	15.722000000000001	0.006999999999999999
2456735.8942400003	15.739	0.006
2456736.82942	15.717	0.006
2456737.7903400003	15.735999999999999	0.006
2456737.86997	15.732000000000001	0.006
2456738.81168	15.739	0.009000000000000001
2456742.79463	15.735999999999999	0.006
2456742.88443	15.735	0.006
2456744.8034599996	15.74	0.006
2456744.8941099998	15.725	0.006
2456746.7938200003	15.729000000000001	0.006
2456746.88191	15.729000000000001	0.006999999999999999
2456747.8973	15.719000000000001	0.006
2456749.74296	15.73	0.006
2456751.82849	15.735	0.006999999999999999
2456754.8359	15.74	0.006999999999999999
2456756.89074	15.742	0.006
2456758.9314900003	15.716	0.009000000000000001
2456760.8701299997	15.734000000000002	0.006999999999999999
2456762.86549	15.739	0.006999999999999999
2456764.7896	15.727	0.006
2456768.73123	15.745	0.006
2456769.8583400003	15.731	0.006
2456771.7388	15.74	0.006
2456772.90368	15.728	0.006
2456774.78046	15.739	0.006999999999999999
2456776.72388	15.732000000000001	0.006999999999999999
2456784.69573	15.728	0.006999999999999999
2456785.67093	15.739	0.006
2456786.67924	15.735	0.006
2456788.85346	15.722999999999999	0.006
2456790.6985	15.725999999999999	0.006999999999999999
2456791.7549799997	15.729000000000001	0.006999999999999999
2456792.7949099997	15.734000000000002	0.006999999999999999
2456796.85704	15.74	0.006
2456797.9388900003	15.722999999999999	0.009000000000000001
2456803.80911	15.732999999999999	0.006
2456804.8257	15.737	0.006999999999999999
2456805.87453	15.734000000000002	0.006999999999999999
2456807.85892	15.725	0.006999999999999999
2456808.88221	15.738	0.006999999999999999
2456809.9298400003	15.737	0.006999999999999999
2456811.5667	15.742	0.009000000000000001
2456813.67586	15.720999999999998	0.006999999999999999
2456814.78585	15.724	0.006
2456815.8597	15.741	0.006999999999999999
2456817.5917700003	15.73	0.006999999999999999
2456818.57745	15.734000000000002	0.006999999999999999
2456819.8377099996	15.731	0.009000000000000001
2456824.70221	15.738	0.006999999999999999
2456825.7377	15.734000000000002	0.006999999999999999
2456826.74852	15.735999999999999	0.006
2456827.81731	15.741	0.006999999999999999
2456828.86208	15.739	0.006999999999999999
2456829.83623	15.745	0.006999999999999999
2456830.8697	15.752	0.006
2456832.6213599998	15.732000000000001	0.006999999999999999
2456833.70938	15.737	0.006999999999999999
2456834.7133	15.735999999999999	0.006999999999999999
2456835.76563	15.739	0.006999999999999999
2456837.80999	15.737	0.006999999999999999
2456838.81038	15.749	0.006999999999999999
2456839.82444	15.710999999999999	0.006999999999999999
2456841.61388	15.728	0.006
2456842.63406	15.729000000000001	0.006999999999999999
2456844.6683900002	15.732000000000001	0.006
2456845.65171	15.727	0.006
2456847.62726	15.719000000000001	0.006999999999999999
2456851.60079	15.727	0.006999999999999999
2456855.7374	15.742	0.006999999999999999
2456856.76368	15.743	0.006999999999999999
2456858.47331	15.745999999999999	0.006999999999999999
2456859.66073	15.744000000000002	0.006999999999999999
2456863.50428	15.735	0.006
2456864.5929799997	15.744000000000002	0.006999999999999999
2456870.6938	15.739	0.006999999999999999
2456873.54028	15.732000000000001	0.006999999999999999
2456879.72963	15.742	0.009000000000000001
2456881.69759	15.732999999999999	0.006999999999999999
2456883.57208	15.748	0.006
2456886.51182	15.737	0.006999999999999999
2456887.69272	15.737	0.006999999999999999
2456889.6260599997	15.745	0.006
2456891.5523	15.735	0.006
2456896.5294	15.732999999999999	0.006999999999999999
2456907.50038	15.748	0.006999999999999999
2456908.54184	15.734000000000002	0.006999999999999999
2456912.53559	15.732999999999999	0.006999999999999999
2456915.49954	15.729000000000001	0.006999999999999999
2456921.6195900002	15.745999999999999	0.006999999999999999
2456924.57487	15.751	0.006999999999999999
2456927.5723200003	15.76	0.006999999999999999
2456930.6085900003	15.74	0.009000000000000001
2456936.52222	15.745	0.006999999999999999
2456937.51975	15.751	0.006999999999999999
2456938.51936	15.739	0.009000000000000001
2456939.5443	15.758	0.009000000000000001
2456940.5668	15.759	0.009000000000000001
2456942.5376	15.743	0.006999999999999999
2456943.5437	15.759	0.009000000000000001
2456947.50438	15.75	0.006999999999999999
2456950.5433	15.735999999999999	0.009000000000000001
2456952.5071799997	15.72	0.006999999999999999
2456955.49748	15.745	0.009000000000000001
2456959.5324	15.739	0.01
2457063.8672700003	15.747	0.009000000000000001
2457065.86839	15.732000000000001	0.006999999999999999
2457069.8585099997	15.738	0.006999999999999999
2457070.88166	15.732999999999999	0.006
2457071.89418	15.731	0.006999999999999999
2457074.8547099996	15.747	0.009000000000000001
2457075.83057	15.755	0.009000000000000001
2457076.8322099997	15.725999999999999	0.006999999999999999
2457077.82999	15.729000000000001	0.006999999999999999
2457078.83175	15.749	0.006999999999999999
2457078.89628	15.729000000000001	0.006
2457080.8431700002	15.728	0.006999999999999999
2457082.81958	15.735999999999999	0.006999999999999999
2457082.88733	15.728	0.006
2457083.8678900003	15.735	0.006999999999999999
2457084.84774	15.732000000000001	0.006999999999999999
2457085.80632	15.722999999999999	0.006999999999999999
2457086.81313	15.725999999999999	0.006999999999999999
2457086.8887099996	15.73	0.006
2457087.85618	15.745999999999999	0.006999999999999999
2457088.8270099997	15.731	0.006
2457089.80325	15.732999999999999	0.006999999999999999
2457089.8814	15.727	0.006999999999999999
2457090.8484	15.729000000000001	0.006999999999999999
2457091.79978	15.734000000000002	0.006999999999999999
2457091.89105	15.719000000000001	0.006
2457092.83801	15.74	0.006
2457093.7961	15.74	0.006999999999999999
2457097.81459	15.741	0.006
2457097.90257	15.722999999999999	0.006
2457098.86224	15.732999999999999	0.006
2457099.80388	15.735999999999999	0.006
2457099.91003	15.735	0.006
2457100.84288	15.728	0.006
2457101.79622	15.737	0.009000000000000001
2457102.78145	15.735	0.006999999999999999
2457102.89601	15.727	0.006999999999999999
2457108.85671	15.748	0.006999999999999999
2457109.80622	15.725	0.006999999999999999
2457109.91075	15.732999999999999	0.006
2457110.8166799997	15.732999999999999	0.006
2457111.75538	15.727	0.006999999999999999
2457111.84871	15.732000000000001	0.006
2457112.74963	15.743	0.006999999999999999
2457112.86394	15.728	0.006999999999999999
2457114.74756	15.744000000000002	0.009000000000000001
2457116.73863	15.725	0.006999999999999999
2457118.7445	15.739	0.006999999999999999
2457120.74995	15.74	0.006
2457125.89383	15.728	0.006
2457129.84437	15.727	0.006
2457131.73497	15.728	0.006
2457133.85681	15.719000000000001	0.006
2457135.71462	15.732000000000001	0.006
2457136.85819	15.722999999999999	0.006
2457138.68794	15.737	0.006999999999999999
2457139.8470900003	15.725999999999999	0.006999999999999999
2457141.67507	15.722000000000001	0.006
2457142.78957	15.735	0.006
2457143.91997	15.743	0.006
2457145.86022	15.722999999999999	0.006999999999999999
2457146.88382	15.738	0.006999999999999999
2457147.90578	15.731	0.006999999999999999
2457153.76169	15.722000000000001	0.006
2457154.8777400004	15.727	0.006
2457156.62446	15.725	0.006
2457157.88905	15.724	0.006
2457159.62615	15.731	0.006
2457160.69261	15.748	0.006999999999999999
2457161.78527	15.72	0.006
2457162.8331299997	15.712	0.006
2457163.88526	15.718	0.006
2457166.66214	15.724	0.006999999999999999
2457169.6348200003	15.731	0.006
2457170.66631	15.729000000000001	0.006
2457172.71312	15.724	0.006
2457173.7546900003	15.72	0.006999999999999999
2457174.74381	15.720999999999998	0.006
2457176.92078	15.719000000000001	0.006999999999999999
2457178.72952	15.732000000000001	0.006999999999999999
2457179.71041	15.725	0.009000000000000001
2457180.70574	15.732000000000001	0.006999999999999999
2457181.72816	15.722000000000001	0.006999999999999999
2457182.75066	15.751	0.006999999999999999
2457183.7549799997	15.722000000000001	0.006999999999999999
2457184.79007	15.729000000000001	0.006999999999999999
2457185.79701	15.717	0.006
2457187.5695	15.74	0.006999999999999999
2457188.58318	15.728	0.006999999999999999
2457189.68181	15.716	0.006
2457190.7461	15.734000000000002	0.006
2457193.70549	15.724	0.006
2457193.75192	15.732000000000001	0.006
2457194.7785799997	15.724	0.006
2457197.86691	15.732999999999999	0.006999999999999999
2457198.89727	15.731	0.009000000000000001
2457199.8916700003	15.74	0.006999999999999999
2457202.71328	15.739	0.009000000000000001
2457206.7516799998	15.722000000000001	0.006999999999999999
2457207.7688599997	15.722999999999999	0.006999999999999999
2457211.50781	15.75	0.009000000000000001
2457212.57698	15.74	0.006999999999999999
2457217.71587	15.725999999999999	0.006999999999999999
2457220.5310400003	15.732999999999999	0.006999999999999999
2457221.5619099997	15.741	0.006999999999999999
2457222.63277	15.74	0.006
2457223.76656	15.75	0.006999999999999999
2457225.51572	15.735999999999999	0.006999999999999999
2457226.76071	15.732000000000001	0.006999999999999999
2457227.7724900004	15.731	0.006999999999999999
2457229.5024	15.735	0.006999999999999999
2457235.7643	15.735999999999999	0.009000000000000001
2457249.6527400003	15.753	0.006999999999999999
2457253.47859	15.747	0.006999999999999999
2457256.49859	15.747	0.006999999999999999
2457258.64782	15.744000000000002	0.006999999999999999
2457263.593	15.73	0.006999999999999999
2457265.5477400003	15.751	0.006
2457268.53874	15.731	0.006
2457270.5278	15.745	0.006
2457273.53774	15.761	0.006999999999999999
2457277.58317	15.745999999999999	0.006999999999999999
2457283.58095	15.758	0.006999999999999999
2457291.5484700003	15.738	0.009000000000000001
2457292.58091	15.725	0.009000000000000001
2457293.53827	15.741	0.006999999999999999
2457294.5520200003	15.729000000000001	0.006999999999999999
2457295.53225	15.738	0.006999999999999999
2457296.58872	15.745999999999999	0.009000000000000001
2457299.56164	15.741	0.006999999999999999
2457301.49824	15.734000000000002	0.006999999999999999
2457311.50759	15.74	0.006
2457312.52863	15.73	0.006999999999999999
2457317.52855	15.743	0.006999999999999999
2457322.50658	15.735	0.009000000000000001
2457325.49985	15.734000000000002	0.006999999999999999
2457329.5233400003	15.751	0.009000000000000001
2457334.50614	15.755	0.01
2457439.8405	15.752	0.009000000000000001
2457442.82651	15.738	0.006999999999999999
2457446.81478	15.749	0.006
2457448.82663	15.737	0.006
2457451.9073900003	15.738	0.006999999999999999
2457454.86483	15.747	0.006
2457456.8838	15.74	0.006999999999999999
2457458.90247	15.742	0.006
2457462.7708	15.745999999999999	0.006999999999999999
2457464.84638	15.738	0.006
2457467.8215400004	15.731	0.006999999999999999
2457470.90693	15.731	0.006
2457472.8153	15.732999999999999	0.006999999999999999
2457474.82856	15.743	0.006999999999999999
2457475.87365	15.737	0.006999999999999999
2457476.78033	15.745999999999999	0.006
2457480.78229	15.745	0.009000000000000001
2457485.73533	15.744000000000002	0.006999999999999999
2457486.85268	15.731	0.006999999999999999
2457488.74816	15.725	0.006
2457491.76026	15.731	0.006999999999999999
2457492.7944099996	15.735	0.006
2457493.7819	15.729000000000001	0.006
2457494.7781	15.732999999999999	0.006
2457495.74884	15.728	0.006
2457497.89486	15.744000000000002	0.006999999999999999
2457498.9123	15.719000000000001	0.006999999999999999
2457499.85596	15.725999999999999	0.006999999999999999
2457500.79647	15.718	0.006999999999999999
2457507.84613	15.738	0.006
2457508.8962	15.738	0.006
2457511.74259	15.722999999999999	0.006
2457523.89775	15.744000000000002	0.006999999999999999
2457526.91195	15.735	0.006999999999999999
2457530.72724	15.732999999999999	0.006999999999999999
2457530.78633	15.727	0.006999999999999999
2457534.90477	15.735	0.006999999999999999
2457536.9144599997	15.743	0.006
2457546.76638	15.732999999999999	0.006
2457547.69649	15.732999999999999	0.006999999999999999
2457549.93502	15.727	0.006999999999999999
2457550.9174900004	15.729000000000001	0.006999999999999999
2457555.66126	15.720999999999998	0.006
2457557.60135	15.74	0.006999999999999999
2457561.76164	15.738	0.006
2457566.618	15.741	0.006999999999999999
2457567.5515400004	15.727	0.006999999999999999
2457567.8714799997	15.717	0.006999999999999999
2457569.563	15.725999999999999	0.006
2457570.72718	15.732999999999999	0.006
2457575.71892	15.727	0.006
2457576.7284	15.731	0.006
2457581.71387	15.73	0.006
2457584.64836	15.735	0.006999999999999999
2457589.64986	15.735	0.006999999999999999
2457590.66224	15.727	0.006
2457593.6427700003	15.735999999999999	0.006
2457599.47682	15.725	0.009000000000000001
2457600.68279	15.739	0.006999999999999999
2457602.70709	15.725	0.006999999999999999
2457603.7499599997	15.725999999999999	0.006
2457604.75545	15.737	0.006
2457606.66494	15.718	0.006999999999999999
2457608.47903	15.708	0.006999999999999999
2457609.6202599998	15.72	0.006
2457611.52889	15.722999999999999	0.006
2457612.71803	15.722000000000001	0.006
2457617.57903	15.719000000000001	0.006999999999999999
2457618.69998	15.719000000000001	0.006999999999999999
2457622.54623	15.710999999999999	0.006
2457623.70576	15.725	0.006999999999999999
2457625.65881	15.707	0.006999999999999999
2457630.6699599996	15.712	0.006999999999999999
2457633.55518	15.703	0.006999999999999999
2457636.5684700003	15.684000000000001	0.006999999999999999
2457638.64981	15.681	0.006999999999999999
2457645.5008	15.640999999999998	0.006999999999999999
2457649.5578799997	15.630999999999998	0.006
2457652.5276099998	15.605	0.006
2457658.49188	15.538	0.006
2457660.57336	15.517999999999999	0.006999999999999999
2457671.52262	15.219000000000001	0.006
2457675.52541	15.025	0.005
2457681.5199700003	14.546	0.004
2457796.8851900003	15.739	0.006999999999999999
2457798.8919900004	15.737	0.009000000000000001
2457800.88333	15.727	0.006999999999999999
2457802.87538	15.738	0.009000000000000001
2457807.89072	15.722999999999999	0.006999999999999999
2457809.85591	15.737	0.006999999999999999
2457810.85186	15.722000000000001	0.006999999999999999
2457812.90197	15.73	0.006999999999999999
2457814.8718	15.738	0.006
2457815.89979	15.732000000000001	0.006
2457816.88995	15.719000000000001	0.006999999999999999
2457817.88652	15.720999999999998	0.006
2457818.8726	15.727	0.006
2457819.85238	15.725	0.006
2457820.86182	15.734000000000002	0.006
2457821.8598	15.748	0.006999999999999999
2457822.8554700003	15.729000000000001	0.006999999999999999
2457823.84081	15.732999999999999	0.006999999999999999
2457824.8368	15.728	0.006999999999999999
2457825.82848	15.732999999999999	0.006999999999999999
2457826.78691	15.729000000000001	0.006999999999999999
2457826.87665	15.728	0.006999999999999999
2457827.85187	15.725999999999999	0.006999999999999999
2457828.8212099997	15.741	0.006999999999999999
2457828.9105	15.722999999999999	0.006999999999999999
2457830.81507	15.734000000000002	0.009000000000000001
2457830.89765	15.734000000000002	0.006999999999999999
2457834.82234	15.722999999999999	0.006999999999999999
2457836.85382	15.738	0.006999999999999999
2457838.8432	15.735	0.006999999999999999
2457840.85158	15.729000000000001	0.006999999999999999
2457842.81617	15.739	0.006999999999999999
2457844.76775	15.732999999999999	0.006999999999999999
2457845.90619	15.729000000000001	0.006999999999999999
2457847.85988	15.744000000000002	0.006999999999999999
2457849.7848099996	15.728	0.006
2457850.91778	15.743	0.006999999999999999
2457853.8865	15.720999999999998	0.009000000000000001
2457855.76702	15.725999999999999	0.006999999999999999
2457856.90073	15.724	0.01
2457858.92562	15.732000000000001	0.006999999999999999
2457863.86442	15.728	0.006
2457864.83482	15.74	0.006
2457866.68847	15.738	0.006999999999999999
2457867.81003	15.731	0.006
2457869.74771	15.742	0.006999999999999999
2457870.89007	15.729000000000001	0.006
2457872.77331	15.74	0.006
2457873.90394	15.738	0.006
2457875.81706	15.725999999999999	0.006
2457876.89452	15.742	0.006999999999999999
2457878.7565200003	15.747	0.006
2457879.86776	15.738	0.009000000000000001
2457881.82359	15.735999999999999	0.006999999999999999
2457883.80842	15.743	0.009000000000000001
2457893.7081299997	15.737	0.006999999999999999
2457894.71682	15.744000000000002	0.006999999999999999
2457897.65663	15.743	0.006999999999999999
2457902.58633	15.735999999999999	0.006999999999999999
2457903.75745	15.737	0.009000000000000001
2457904.74228	15.738	0.006
2457905.71035	15.742	0.006
2457906.66632	15.742	0.006999999999999999
2457907.7008599997	15.735999999999999	0.006
2457908.7813	15.735	0.006999999999999999
2457909.70244	15.739	0.006999999999999999
2457910.59944	15.743	0.006999999999999999
2457910.94353	15.725999999999999	0.006999999999999999
2457916.55652	15.749	0.009000000000000001
2457916.85585	15.741	0.009000000000000001
2457917.8506099996	15.724	0.006999999999999999
2457922.60501	15.741	0.006999999999999999
2457924.71465	15.743	0.006999999999999999
2457925.74791	15.745999999999999	0.006999999999999999
2457926.7985799997	15.747	0.006999999999999999
2457932.78959	15.739	0.006999999999999999
2457933.77943	15.74	0.006999999999999999
2457934.7818299998	15.735999999999999	0.006999999999999999
2457935.79345	15.747	0.006
2457936.8012	15.739	0.006999999999999999
2457937.77621	15.729000000000001	0.006999999999999999
2457944.56777	15.737	0.006999999999999999
2457945.4821200003	15.755	0.009000000000000001
2457945.80313	15.745999999999999	0.006999999999999999
2457946.76495	15.735999999999999	0.006999999999999999
2457947.81715	15.745	0.009000000000000001
2457948.8237400004	15.81	0.009000000000000001
2457952.76922	15.748	0.006999999999999999
2457953.7858599997	15.737	0.006999999999999999
2457955.74382	15.747	0.006
2457956.7886099997	15.745999999999999	0.006999999999999999
2457959.75203	15.742	0.006999999999999999
2457962.54666	15.739	0.006
2457965.63363	15.732000000000001	0.006999999999999999
2457966.69924	15.74	0.006999999999999999
2457971.62239	15.728	0.006999999999999999
2457974.533	15.745	0.006999999999999999
2457979.52885	15.75	0.006
2457981.4807700003	15.757	0.009000000000000001
2458000.52713	15.749	0.009000000000000001
2458002.54849	15.755999999999998	0.01
2458007.53355	15.737	0.006999999999999999
2458012.52734	15.74	0.006
2458015.53925	15.749	0.006999999999999999
2458019.50489	15.744000000000002	0.006
2458026.54648	15.731	0.006999999999999999
2458039.5193	15.752	0.009000000000000001
2458041.49405	15.744000000000002	0.009000000000000001
2458048.51837	15.752	0.006999999999999999
2458055.51523	15.755999999999998	0.006999999999999999
