2455377.6880900003	16.217	0.01
2455378.52739	16.217	0.01
2455381.69176	16.205	0.011000000000000001
2455382.5554299997	16.227999999999998	0.013000000000000001
2455382.76218	16.214000000000002	0.013000000000000001
2455385.51443	16.22	0.01
2455386.48864	16.223	0.01
2455386.57084	16.229	0.01
2455389.54916	16.236	0.011000000000000001
2455390.55666	16.227999999999998	0.011000000000000001
2455390.81366	16.225	0.01
2455392.66927	16.212	0.01
2455393.70799	16.223	0.011000000000000001
2455396.60403	16.226	0.011000000000000001
2455397.66743	16.229	0.011000000000000001
2455402.67733	16.213	0.013000000000000001
2455403.63965	16.214000000000002	0.01
2455404.51111	16.221	0.011000000000000001
2455404.7082700003	16.222	0.011000000000000001
2455405.72393	16.211	0.01
2455407.57725	16.213	0.011000000000000001
2455407.77094	16.24	0.011000000000000001
2455408.7004	16.227999999999998	0.011000000000000001
2455409.63337	16.234	0.01
2455410.63687	16.222	0.01
2455411.6735400003	16.205	0.008
2455412.63422	16.224	0.011000000000000001
2455413.66493	16.215	0.008
2455414.71227	16.218	0.01
2455418.6024700003	16.222	0.008
2455421.6296200003	16.233	0.01
2455422.67529	16.219	0.01
2455425.53933	16.233	0.01
2455430.55008	16.230999999999998	0.011000000000000001
2455431.54532	16.211	0.01
2455434.5097	16.21	0.011000000000000001
2455435.4813	16.218	0.011000000000000001
2455436.47925	16.227999999999998	0.013000000000000001
2455438.5145400004	16.206	0.011000000000000001
2455439.5827200003	16.208	0.011000000000000001
2455443.5969599998	16.225	0.011000000000000001
2455444.6222599996	16.215	0.011000000000000001
2455446.50397	16.227	0.01
2455447.52046	16.225	0.01
2455448.61882	16.229	0.011000000000000001
2455450.53287	16.217	0.011000000000000001
2455451.6627	16.203	0.01
2455457.55828	16.213	0.008
2455458.58841	16.224	0.01
2455459.61955	16.226	0.01
2455461.50166	16.232	0.011000000000000001
2455462.51651	16.227	0.011000000000000001
2455465.52569	16.23	0.011000000000000001
2455469.52038	16.22	0.008
2455471.5635900004	16.229	0.01
2455473.49133	16.237000000000002	0.013000000000000001
2455477.54231	16.224	0.011000000000000001
2455480.53583	16.215999999999998	0.011000000000000001
2455485.52778	16.219	0.011000000000000001
2455487.52113	16.227	0.01
2455489.51993	16.218	0.011000000000000001
2455492.54053	16.242	0.016
2455497.52539	16.25	0.011000000000000001
2455597.8594299997	16.221	0.011000000000000001
2455598.85162	16.230999999999998	0.01
2455599.8554700003	16.218	0.01
2455600.85194	16.227999999999998	0.01
2455607.88516	16.227	0.01
2455614.8818599996	16.217	0.01
2455620.86194	16.221	0.01
2455624.82266	16.206	0.01
2455625.78472	16.242	0.011000000000000001
2455627.8095	16.213	0.01
2455629.7888700003	16.235	0.01
2455630.78142	16.221	0.01
2455632.7786	16.217	0.013000000000000001
2455634.76305	16.224	0.01
2455635.8366900003	16.227999999999998	0.013000000000000001
2455638.75678	16.230999999999998	0.013000000000000001
2455639.79867	16.22	0.01
2455640.89494	16.224	0.01
2455643.75073	16.227999999999998	0.01
2455644.89511	16.222	0.011000000000000001
2455648.75306	16.225	0.01
2455649.89117	16.212	0.008
2455651.8275	16.223	0.01
2455654.78577	16.213	0.01
2455655.89652	16.217	0.01
2455657.9259599997	16.204	0.011000000000000001
2455659.80803	16.206	0.01
2455660.92335	16.224	0.013000000000000001
2455664.7924	16.212	0.011000000000000001
2455665.9171	16.215	0.008
2455669.7788400003	16.215	0.01
2455675.73724	16.22	0.01
2455676.93059	16.237000000000002	0.01
2455679.8866	16.22	0.01
2455681.75569	16.225	0.01
2455683.7009799997	16.215	0.008
2455684.9348400002	16.214000000000002	0.011000000000000001
2455686.9196900004	16.212	0.01
2455690.61978	16.25	0.01
2455691.84297	16.225	0.008
2455693.65082	16.23	0.01
2455694.7700099996	16.214000000000002	0.01
2455695.90614	16.238	0.01
2455697.6434400002	16.218	0.01
2455698.73921	16.204	0.011000000000000001
2455705.77069	16.223	0.01
2455707.70068	16.208	0.01
2455708.77325	16.204	0.01
2455712.78139	16.215	0.008
2455715.65877	16.224	0.008
2455716.82977	16.219	0.01
2455722.66162	16.221	0.008
2455722.6751900003	16.213	0.008
2455723.8179900004	16.222	0.008
2455725.71532	16.207	0.008
2455734.84732	16.239	0.011000000000000001
2455736.66543	16.222	0.008
2455737.75522	16.218	0.008
2455739.57089	16.218	0.01
2455740.65145	16.237000000000002	0.01
2455741.7206099997	16.208	0.008
2455742.7338099997	16.217	0.008
2455743.84606	16.237000000000002	0.011000000000000001
2455745.5167900003	16.214000000000002	0.011000000000000001
2455746.7066200003	16.209	0.01
2455748.6601	16.208	0.008
2455752.58692	16.211	0.011000000000000001
2455760.75313	16.227999999999998	0.01
2455762.52896	16.227999999999998	0.01
2455763.66577	16.224	0.01
2455764.75206	16.230999999999998	0.01
2455766.5891299997	16.218	0.01
2455767.74291	16.226	0.01
2455769.51464	16.213	0.01
2455776.53088	16.248	0.013000000000000001
2455778.50779	16.219	0.013000000000000001
2455785.54278	16.239	0.013000000000000001
2455787.49413	16.223	0.01
2455788.71098	16.237000000000002	0.013999999999999999
2455793.54438	16.215	0.01
2455795.5446099997	16.221	0.01
2455801.54915	16.226	0.01
2455804.61193	16.219	0.01
2455807.626	16.227999999999998	0.011000000000000001
2455813.66516	16.208	0.008
2455817.56704	16.226	0.011000000000000001
2455819.64723	16.239	0.011000000000000001
2455822.59065	16.21	0.01
2455827.58159	16.208	0.011000000000000001
2455829.5502	16.218	0.008
2455831.56046	16.227	0.01
2455833.5688400003	16.213	0.01
2455836.5631	16.235	0.011000000000000001
2455840.58982	16.211	0.01
2455842.5512099997	16.189	0.011000000000000001
2455844.55842	16.230999999999998	0.013000000000000001
2455847.54953	16.215	0.016
2455852.55219	16.232	0.011000000000000001
2455857.53528	16.207	0.013000000000000001
2455977.88497	16.212	0.008
2455983.82385	16.237000000000002	0.01
2455986.80896	16.215999999999998	0.01
2455989.80198	16.236	0.01
2455991.85564	16.223	0.008
2455994.79377	16.204	0.01
2455996.81738	16.201	0.008
2455998.8257	16.217	0.008
2456003.8917	16.211	0.01
2456005.8771599997	16.2	0.008
2456007.85447	16.227	0.01
2456009.7799400003	16.230999999999998	0.008
2456010.8950400003	16.205	0.006999999999999999
2456012.83726	16.219	0.008
2456014.75949	16.243	0.008
2456015.8429799997	16.222	0.008
2456017.7710599997	16.218	0.008
2456018.8645200003	16.224	0.01
2456020.74464	16.215999999999998	0.01
2456021.80407	16.222	0.008
2456022.87565	16.222	0.008
2456025.7061799997	16.232	0.011000000000000001
2456031.79762	16.212	0.008
2456033.74591	16.22	0.008
2456036.70286	16.215999999999998	0.008
2456038.7400599997	16.215999999999998	0.01
2456040.80762	16.199	0.008
2456047.73506	16.221	0.008
2456049.68395	16.22	0.008
2456050.8618900003	16.215	0.01
2456052.92444	16.224	0.008
2456061.7877700003	16.22	0.008
2456062.91528	16.227999999999998	0.01
2456064.92781	16.217	0.008
2456066.7949900003	16.226	0.01
2456067.85649	16.217	0.008
2456069.68057	16.215999999999998	0.008
2456070.7461099997	16.215999999999998	0.008
2456071.82388	16.225	0.008
2456076.57853	16.233	0.008
2456077.80118	16.214000000000002	0.006999999999999999
2456078.8755900003	16.227999999999998	0.01
2456079.94832	16.212	0.013999999999999999
2456081.59446	16.233	0.01
2456082.66537	16.208	0.013000000000000001
2456085.78865	16.204	0.01
2456086.7968200003	16.213	0.01
2456088.6535	16.207	0.008
2456092.83343	16.215	0.008
2456094.6071200003	16.238	0.011000000000000001
2456096.72603	16.204	0.01
2456096.73882	16.212	0.01
2456097.90693	16.224	0.011000000000000001
2456099.7547	16.223	0.011000000000000001
2456101.5281	16.214000000000002	0.01
2456102.56783	16.217	0.01
2456103.58641	16.224	0.008
2456104.66976	16.222	0.008
2456105.72304	16.223	0.008
2456108.7965	16.225	0.008
2456109.68492	16.22	0.01
2456113.7516400004	16.202	0.01
2456114.85349	16.199	0.011000000000000001
2456116.57934	16.226	0.008
2456117.6702400004	16.211	0.008
2456118.72271	16.221	0.008
2456119.72938	16.232	0.008
2456121.49204	16.218	0.008
2456123.61548	16.204	0.01
2456124.7393799997	16.214000000000002	0.008
2456125.8309299997	16.217	0.011000000000000001
2456127.75645	16.208	0.01
2456132.5565	16.198	0.01
2456134.55368	16.205	0.011000000000000001
2456136.55487	16.192999999999998	0.013000000000000001
2456141.49805	16.215	0.01
2456149.62085	16.224	0.008
2456152.50162	16.22	0.01
2456157.67917	16.226	0.01
2456159.5534099997	16.209	0.01
2456161.57229	16.23	0.01
2456174.64945	16.250999999999998	0.011000000000000001
2456179.59098	16.197	0.011000000000000001
2456191.5035900003	16.207	0.011000000000000001
2456196.53581	16.234	0.011000000000000001
2456199.53352	16.227999999999998	0.013000000000000001
2456211.50933	16.212	0.008
2456213.56306	16.203	0.011000000000000001
2456218.5387	16.199	0.01
2456219.5701900003	16.205	0.011000000000000001
2456233.54067	16.229	0.013000000000000001
2456238.52573	16.203	0.011000000000000001
2456340.8906400003	16.21	0.008
2456347.83311	16.191	0.008
2456350.87531	16.195	0.008
2456354.78683	16.217	0.01
2456362.83343	16.211	0.008
2456367.88648	16.189	0.006999999999999999
2456370.77121	16.221	0.008
2456371.9034	16.212	0.008
2456372.89612	16.211	0.008
2456374.86394	16.2	0.008
2456376.82161	16.211	0.008
2456378.76714	16.213	0.008
2456379.88632	16.217	0.008
2456386.7754900004	16.213	0.008
2456387.8708	16.198	0.008
2456389.79537	16.224	0.008
2456390.86145	16.2	0.008
2456393.8355099997	16.221	0.008
2456397.81126	16.209	0.006999999999999999
2456399.72677	16.215999999999998	0.008
2456403.68768	16.204	0.008
2456404.87379	16.198	0.008
2456415.72683	16.215	0.01
2456416.92177	16.234	0.008
2456419.91527	16.215999999999998	0.008
2456421.89483	16.217	0.01
2456423.8960599997	16.218	0.008
2456426.7662	16.186	0.006999999999999999
2456428.89956	16.21	0.008
2456432.66836	16.195999999999998	0.01
2456433.77201	16.211	0.008
2456435.62075	16.229	0.01
2456436.69172	16.22	0.008
2456437.90861	16.215	0.011000000000000001
2456442.75675	16.217	0.008
2456444.88497	16.222	0.01
2456446.92022	16.219	0.008
2456447.94515	16.202	0.01
2456449.58573	16.211	0.008
2456450.63555	16.218	0.008
2456451.69488	16.192	0.008
2456452.82407	16.21	0.006999999999999999
2456454.86502	16.218	0.008
2456456.7508799997	16.199	0.006999999999999999
2456458.60379	16.206	0.008
2456459.65408	16.208	0.008
2456461.54395	16.223	0.01
2456462.82101	16.201	0.01
2456463.8681	16.22	0.01
2456468.5899799997	16.2	0.01
2456469.75975	16.215	0.01
2456473.58091	16.209	0.008
2456474.65587	16.218	0.008
2456475.75005	16.221	0.008
2456476.80021	16.205	0.008
2456478.5616200003	16.195999999999998	0.01
2456480.6192099997	16.206	0.01
2456481.77422	16.225	0.01
2456485.62846	16.226	0.008
2456486.7587900003	16.221	0.008
2456489.51218	16.223	0.008
2456490.64108	16.215999999999998	0.008
2456491.7908900003	16.21	0.01
2456496.54404	16.204	0.01
2456498.57575	16.187	0.006999999999999999
2456500.6699	16.218	0.01
2456505.49225	16.217	0.01
2456507.64304	16.227999999999998	0.01
2456509.60079	16.215999999999998	0.006999999999999999
2456511.48056	16.213	0.008
2456514.75479	16.215	0.01
2456518.6024599997	16.224	0.008
2456523.5696900003	16.195	0.008
2456525.59058	16.215	0.01
2456531.5682	16.223	0.008
2456534.52599	16.204	0.008
2456539.50373	16.236	0.008
2456544.5473599997	16.224	0.008
2456559.56891	16.203	0.008
2456563.56347	16.223	0.01
2456565.6181799998	16.217	0.01
2456569.58069	16.229	0.008
2456572.5677400003	16.230999999999998	0.01
2456576.5144599997	16.215999999999998	0.013000000000000001
2456576.5817299997	16.218	0.016
2456581.52729	16.195	0.01
2456584.52862	16.214000000000002	0.011000000000000001
2456701.86382	16.204	0.008
2456708.87168	16.205	0.008
2456714.83215	16.227999999999998	0.01
2456717.83501	16.234	0.011000000000000001
2456720.80842	16.204	0.008
2456722.83367	16.207	0.01
2456724.85574	16.208	0.008
2456726.85745	16.195999999999998	0.008
2456728.8496	16.205	0.006999999999999999
2456730.81976	16.218	0.01
2456734.82996	16.21	0.008
2456736.76811	16.223	0.01
2456737.7798599997	16.224	0.008
2456741.86776	16.215999999999998	0.01
2456742.81644	16.215999999999998	0.006999999999999999
2456746.82808	16.232	0.008
2456748.86678	16.195	0.006999999999999999
2456751.7692299997	16.206	0.006999999999999999
2456754.79232	16.22	0.01
2456756.83785	16.215	0.006999999999999999
2456758.8775299997	16.214000000000002	0.008
2456760.82383	16.218	0.006999999999999999
2456762.76975	16.201	0.008
2456764.73759	16.221	0.008
2456765.90999	16.22	0.008
2456769.81434	16.221	0.008
2456771.69335	16.218	0.008
2456774.7332	16.199	0.01
2456776.66459	16.184	0.008
2456777.92573	16.211	0.008
2456790.6549299997	16.213	0.011000000000000001
2456791.7097099996	16.217	0.011000000000000001
2456792.73172	16.198	0.01
2456792.75668	16.207	0.01
2456796.81227	16.21	0.01
2456797.89949	16.208	0.01
2456803.76243	16.214000000000002	0.008
2456804.77171	16.219	0.008
2456805.8311	16.219	0.01
2456807.8141900003	16.209	0.011000000000000001
2456808.83753	16.215	0.01
2456809.89047	16.222	0.01
2456810.92005	16.206	0.01
2456811.93299	16.186	0.013000000000000001
2456814.73917	16.192999999999998	0.008
2456815.80301	16.217	0.01
2456816.87678	16.218	0.011000000000000001
2456817.93271	16.217	0.013000000000000001
2456819.78897	16.222	0.013000000000000001
2456827.77227	16.21	0.008
2456828.81905	16.222	0.01
2456829.79278	16.208	0.01
2456830.81995	16.225	0.008
2456832.57667	16.213	0.01
2456833.63967	16.203	0.01
2456834.64683	16.215	0.01
2456835.7211700003	16.22	0.01
2456836.7546599996	16.222	0.01
2456837.76579	16.215	0.01
2456838.76601	16.219	0.01
2456839.782	16.213	0.01
2456841.52696	16.201	0.008
2456842.58152	16.204	0.01
2456844.61028	16.208	0.008
2456845.59857	16.209	0.01
2456847.58798	16.221	0.01
2456851.55417	16.214000000000002	0.01
2456855.69268	16.219	0.01
2456856.7174299997	16.215	0.01
2456857.77019	16.233	0.01
2456859.5912900004	16.201	0.013000000000000001
2456862.77661	16.232	0.011000000000000001
2456864.53645	16.217	0.011000000000000001
2456870.6099	16.212	0.01
2456873.47901	16.213	0.011000000000000001
2456879.6675400003	16.227	0.011000000000000001
2456881.6296900003	16.227	0.01
2456883.5269400002	16.207	0.008
2456885.7300400003	16.219	0.011000000000000001
2456887.64262	16.217	0.008
2456889.57648	16.217	0.008
2456891.4805099997	16.208	0.011000000000000001
2456895.69415	16.224	0.01
2456909.54486	16.206	0.013000000000000001
2456919.57774	16.219	0.01
2456924.53105	16.204	0.013000000000000001
2456927.5282400004	16.215	0.011000000000000001
2456930.55716	16.23	0.013000000000000001
2456931.48291	16.208	0.013000000000000001
2456932.54641	16.221	0.013999999999999999
2456938.56643	16.209	0.011000000000000001
2456943.54652	16.207	0.011000000000000001
2456949.53746	16.202	0.01
2456952.54218	16.195999999999998	0.011000000000000001
2456955.52991	16.185	0.01
2457066.8761299998	16.21	0.01
2457071.84652	16.207	0.008
2457074.8706400003	16.215999999999998	0.01
2457075.84677	16.218	0.01
2457077.83337	16.207	0.01
2457078.88705	16.207	0.008
2457081.8851	16.211	0.01
2457083.81085	16.211	0.01
2457084.80557	16.22	0.01
2457086.89206	16.201	0.008
2457089.79152	16.204	0.01
2457091.83447	16.195	0.01
2457093.85509	16.204	0.01
2457098.89678	16.204	0.008
2457100.8930900004	16.187	0.008
2457108.83015	16.241	0.011000000000000001
2457109.77813	16.207	0.01
2457110.91538	16.197	0.008
2457112.86723	16.189	0.01
2457113.88362	16.21	0.008
2457115.90737	16.215999999999998	0.008
2457119.92558	16.202	0.011000000000000001
2457125.8321700003	16.212	0.008
2457129.7822	16.199	0.008
2457131.69149	16.215	0.008
2457133.81047	16.237000000000002	0.011000000000000001
2457134.92803	16.203	0.01
2457136.79361	16.204	0.008
2457137.9306	16.202	0.011000000000000001
2457139.78362	16.201	0.008
2457140.91005	16.203	0.01
2457142.74497	16.206	0.008
2457143.85651	16.198	0.008
2457145.8146	16.211	0.01
2457146.84606	16.195999999999998	0.01
2457147.86651	16.2	0.011000000000000001
2457153.7178	16.205	0.008
2457155.90073	16.217	0.01
2457157.83487	16.199	0.008
2457158.92635	16.22	0.01
2457160.64783	16.209	0.01
2457161.72024	16.224	0.008
2457162.78879	16.227	0.01
2457163.84141	16.223	0.01
2457166.60459	16.219	0.011000000000000001
2457168.8104	16.219	0.01
2457170.60757	16.199	0.01
2457172.65419	16.214000000000002	0.011000000000000001
2457173.67513	16.197	0.01
2457174.68367	16.218	0.01
2457175.69763	16.202	0.01
2457176.92534	16.213	0.008
2457178.79559	16.207	0.01
2457179.65204	16.219	0.011000000000000001
2457180.6474900004	16.202	0.01
2457181.64305	16.205	0.008
2457182.66076	16.206	0.01
2457183.67262	16.215999999999998	0.01
2457184.71839	16.223	0.011000000000000001
2457185.73893	16.214000000000002	0.01
2457186.89027	16.219	0.011000000000000001
2457187.90314	16.2	0.01
2457189.60235	16.206	0.01
2457190.65952	16.218	0.01
2457191.84037	16.223	0.011000000000000001
2457194.71759	16.206	0.008
2457197.8040299998	16.201	0.01
2457198.8319599996	16.208	0.013000000000000001
2457199.8313	16.205	0.01
2457200.81509	16.206	0.008
2457206.69617	16.212	0.011000000000000001
2457207.7105	16.205	0.01
2457211.8352099997	16.207	0.011000000000000001
2457217.5858	16.215999999999998	0.01
2457221.50348	16.198	0.01
2457222.5658299997	16.207	0.01
2457223.70219	16.207	0.01
2457224.80376	16.222	0.011000000000000001
2457226.70309	16.209	0.01
2457227.7137	16.206	0.008
2457228.76973	16.222	0.008
2457229.8053	16.22	0.01
2457235.7017	16.205	0.01
2457249.60164	16.198	0.01
2457252.67472	16.215	0.01
2457255.62374	16.212	0.01
2457258.5331	16.2	0.013000000000000001
2457263.53265	16.202	0.01
2457264.7079	16.223	0.011000000000000001
2457267.7013	16.203	0.01
2457269.69858	16.229	0.01
2457272.54798	16.211	0.01
2457277.5018599997	16.236	0.011000000000000001
2457281.5276900004	16.219	0.011000000000000001
2457292.56864	16.221	0.013000000000000001
2457295.56945	16.217	0.01
2457300.4912099997	16.236	0.011000000000000001
2457317.5169900004	16.204	0.011000000000000001
2457324.5021900004	16.242	0.013000000000000001
2457329.5121400002	16.221	0.013000000000000001
2457333.5106599997	16.219	0.013000000000000001
2457436.83513	16.212	0.011000000000000001
2457438.8815599997	16.215	0.01
2457441.86945	16.192999999999998	0.01
2457445.8799400004	16.226	0.008
2457447.9013900002	16.21	0.011000000000000001
2457451.8999	16.204	0.008
2457453.8848900003	16.199	0.008
2457456.84282	16.203	0.008
2457458.84937	16.208	0.008
2457461.84935	16.205	0.008
2457463.89553	16.208	0.008
2457470.85435	16.2	0.011000000000000001
2457472.784	16.202	0.01
2457474.80244	16.212	0.01
2457476.78663	16.201	0.008
2457479.81941	16.219	0.011000000000000001
2457484.89967	16.189	0.008
2457488.71974	16.2	0.008
2457491.73232	16.206	0.01
2457493.76657	16.182000000000002	0.008
2457494.7497099997	16.199	0.008
2457495.7334	16.202	0.008
2457497.8790599997	16.192	0.008
2457507.81697	16.191	0.008
2457511.71472	16.194000000000003	0.008
2457512.91959	16.194000000000003	0.006999999999999999
2457523.8694700003	16.207	0.008
2457526.88389	16.211	0.01
2457530.7486900003	16.213	0.01
2457534.87297	16.198	0.008
2457536.8690299997	16.192	0.008
2457548.8082	16.215999999999998	0.008
2457549.91011	16.215999999999998	0.01
2457550.88887	16.209	0.011000000000000001
2457555.6308	16.209	0.01
2457557.56903	16.209	0.011000000000000001
2457561.73225	16.195	0.008
2457566.58014	16.207	0.01
2457567.52342	16.213	0.011000000000000001
2457567.84326	16.223	0.011000000000000001
2457568.8667599997	16.227999999999998	0.013000000000000001
2457570.6693	16.195999999999998	0.008
2457575.66517	16.222	0.01
2457576.67723	16.215	0.008
2457579.7153	16.219	0.008
2457584.5949	16.191	0.01
2457589.58776	16.19	0.01
2457590.60388	16.191	0.008
2457593.58403	16.213	0.008
2457596.54329	16.195999999999998	0.008
2457600.5658400003	16.225	0.01
2457602.6565799997	16.223	0.01
2457603.69721	16.203	0.008
2457604.70432	16.212	0.008
2457605.74554	16.227999999999998	0.01
2457607.71993	16.203	0.01
2457609.53871	16.195999999999998	0.01
2457610.69672	16.209	0.008
2457612.6675299997	16.213	0.013000000000000001
2457617.51603	16.207	0.011000000000000001
2457618.6434400002	16.206	0.011000000000000001
2457622.47762	16.187	0.01
2457623.64757	16.213	0.008
2457625.59977	16.215999999999998	0.01
2457630.61069	16.213	0.008
2457632.61775	16.201	0.008
2457636.5016900003	16.192999999999998	0.011000000000000001
2457638.54127	16.21	0.01
2457644.57068	16.203	0.013000000000000001
2457649.48789	16.206	0.008
2457651.59391	16.207	0.01
2457657.57978	16.203	0.01
2457660.54262	16.202	0.011000000000000001
2457672.5214400003	16.21	0.01
2457679.53465	16.221	0.013000000000000001
2457684.51855	16.219	0.011000000000000001
2457797.86847	15.863	0.008
2457799.87764	15.832	0.008
2457801.86821	15.796	0.008
2457803.86584	15.751	0.008
2457809.85005	15.581	0.006999999999999999
2457811.8954	15.539000000000001	0.006999999999999999
2457815.84705	15.45	0.006
2457820.8251400003	15.380999999999998	0.006
2457822.83481	15.377	0.006999999999999999
2457824.86066	15.413	0.006999999999999999
2457826.85591	15.434000000000001	0.006999999999999999
2457828.8435	15.484000000000002	0.006999999999999999
2457830.8632	15.540999999999999	0.006999999999999999
2457835.89903	15.677	0.006999999999999999
2457837.8972	15.728	0.006999999999999999
2457839.90663	15.783	0.006999999999999999
2457841.90209	15.84	0.01
2457843.85783	15.86	0.008
2457845.8012200003	15.885	0.006999999999999999
2457847.74262	15.927999999999999	0.008
2457848.89085	15.937999999999999	0.006999999999999999
2457850.79733	15.959000000000001	0.008
2457852.7492400003	16.000999999999998	0.011000000000000001
2457854.85675	16.006	0.008
2457856.77586	16.039	0.01
2457862.90859	16.092	0.008
2457866.93084	16.107	0.01
2457868.8834	16.13	0.01
2457870.75945	16.124000000000002	0.008
2457871.91485	16.132	0.008
2457873.76855	16.128	0.008
2457874.86013	16.152	0.01
2457876.75783	16.145	0.008
2457877.8511099997	16.164	0.008
2457879.71521	16.157	0.01
2457880.87278	16.152	0.01
2457882.83155	16.152	0.01
2457890.8890299997	16.182000000000002	0.013000000000000001
2457894.6052	16.152	0.01
2457895.59778	16.185	0.01
2457901.70828	16.188	0.01
2457902.82296	16.189	0.011000000000000001
2457904.6268700003	16.185	0.01
2457905.5921099996	16.180999999999997	0.01
2457905.93835	16.19	0.011000000000000001
2457906.90663	16.187	0.01
2457908.65161	16.197	0.01
2457909.58219	16.185	0.011000000000000001
2457909.91457	16.187	0.011000000000000001
2457910.85312	16.174	0.01
2457911.70547	16.177	0.011000000000000001
2457916.75307	16.185	0.01
2457917.7421	16.192	0.01
2457923.61985	16.2	0.01
2457924.5885799997	16.172	0.01
2457925.6123	16.21	0.011000000000000001
2457926.6533	16.19	0.01
2457932.66652	16.219	0.013000000000000001
2457933.6471700002	16.208	0.011000000000000001
2457934.68732	16.188	0.008
2457935.68333	16.189	0.01
2457936.6702099997	16.204	0.01
2457937.64426	16.186	0.01
2457944.47478	16.207	0.011000000000000001
2457944.77739	16.205	0.01
2457945.69275	16.201	0.008
2457946.63669	16.188	0.01
2457948.6912700003	16.203	0.01
2457949.741	16.203	0.011000000000000001
2457953.6682	16.197	0.01
2457954.68891	16.189	0.006999999999999999
2457956.67298	16.21	0.008
2457958.62	16.199	0.011000000000000001
2457959.63503	16.192999999999998	0.008
2457960.67285	16.206	0.01
2457961.7286099996	16.225	0.01
2457964.64587	16.213	0.01
2457966.58433	16.222	0.01
2457971.53372	16.212	0.013000000000000001
2457973.66813	16.215999999999998	0.011000000000000001
2457975.47819	16.218	0.013000000000000001
2457980.58236	16.194000000000003	0.011000000000000001
2457982.5440700003	16.213	0.01
2457984.49186	16.205	0.011000000000000001
2457986.51232	16.206	0.008
2457990.4964900003	16.215999999999998	0.01
2457992.48141	16.211	0.01
2457993.64092	16.21	0.01
2458001.5777	16.211	0.01
2458004.58047	16.207	0.011000000000000001
2458010.5874099997	16.223	0.013000000000000001
2458014.54074	16.203	0.01
2458017.57118	16.201	0.011000000000000001
2458032.53585	16.224	0.013000000000000001
2458035.55054	16.202	0.011000000000000001
2458048.5197099997	16.194000000000003	0.01
2458054.5139900004	16.208	0.013000000000000001
2458057.51343	16.215	0.013999999999999999
