2455377.74968	17.479	0.021
2455378.6398	17.492	0.018000000000000002
2455378.88022	17.482	0.023
2455379.78504	17.502	0.021
2455380.65857	17.507	0.018000000000000002
2455381.52868	17.48	0.028999999999999998
2455381.74249	17.505	0.026000000000000002
2455382.61751	17.488	0.027000000000000003
2455382.8256	17.493	0.024
2455385.8275200003	17.511	0.017
2455386.53603	17.512	0.02
2455386.61834	17.500999999999998	0.017
2455386.70274	17.488	0.017
2455386.84209	17.503	0.02
2455387.8272599997	17.492	0.02
2455388.78167	17.480999999999998	0.018000000000000002
2455389.69247	17.498	0.017
2455390.66257	17.479	0.02
2455391.52134	17.509	0.023
2455391.8497099997	17.48	0.021
2455392.78976	17.499000000000002	0.018000000000000002
2455393.76602	17.507	0.026000000000000002
2455396.67972	17.505	0.018000000000000002
2455396.7143	17.502	0.02
2455402.5216	17.49	0.057999999999999996
2455403.49812	17.500999999999998	0.02
2455403.69066	17.486	0.021
2455404.56154	17.484	0.021
2455404.7605	17.498	0.023
2455405.7741400003	17.51	0.021
2455407.6305400003	17.525	0.026000000000000002
2455408.54891	17.48	0.026000000000000002
2455408.75096	17.476	0.026000000000000002
2455409.7530400003	17.503	0.02
2455410.7574400003	17.484	0.02
2455411.77038	17.48	0.023
2455412.69019	17.527	0.023
2455413.76222	17.525	0.021
2455416.6071200003	17.502	0.024
2455418.6708400003	17.507	0.018000000000000002
2455421.6866099997	17.523	0.021
2455423.50429	17.503	0.017
2455426.5312200002	17.482	0.027000000000000003
2455430.6011900003	17.476	0.024
2455431.5959799998	17.479	0.02
2455432.5601	17.495	0.028999999999999998
2455434.5671200003	17.506	0.021
2455435.53728	17.505	0.021
2455436.59998	17.487000000000002	0.021
2455438.5927	17.493	0.021
2455439.63343	17.480999999999998	0.023
2455443.65222	17.523	0.02
2455444.67342	17.512999999999998	0.023
2455446.56342	17.519000000000002	0.02
2455447.57242	17.465	0.018000000000000002
2455449.50532	17.487000000000002	0.024
2455450.58907	17.495	0.021
2455453.5449	17.547	0.032
2455457.61682	17.456	0.018000000000000002
2455459.50858	17.471	0.021
2455460.5281700003	17.477	0.024
2455461.5547	17.588	0.044000000000000004
2455462.61107	17.503	0.024
2455465.54225	17.494	0.024
2455469.54226	17.492	0.02
2455471.57787	17.483	0.02
2455473.50581	17.512999999999998	0.024
2455478.49822	17.523	0.023
2455480.5501099997	17.474	0.024
2455485.5520099998	17.465999999999998	0.026000000000000002
2455487.53538	17.489	0.023
2455489.5359099996	17.479	0.027000000000000003
2455493.5225400003	17.544	0.036000000000000004
2455497.53332	17.514	0.024
2455598.87422	17.504	0.026000000000000002
2455599.86435	17.526	0.024
2455600.86082	17.499000000000002	0.02
2455620.86993	17.529	0.02
2455622.9029200003	17.52	0.027000000000000003
2455625.83666	17.480999999999998	0.02
2455627.82995	17.516	0.02
2455629.84039	17.51	0.018000000000000002
2455631.86871	17.492	0.018000000000000002
2455633.8237900003	17.488	0.018000000000000002
2455634.81755	17.491	0.021
2455637.85461	17.474	0.02
2455639.82202	17.472	0.023
2455641.7610299997	17.468	0.027000000000000003
2455643.77591	17.512999999999998	0.021
2455648.77914	17.504	0.018000000000000002
2455649.91675	17.463	0.021
2455651.88495	17.499000000000002	0.02
2455654.82027	17.517	0.018000000000000002
2455656.79091	17.507	0.018000000000000002
2455658.7783	17.496	0.02
2455659.8341200002	17.496	0.02
2455662.74545	17.471	0.021
2455664.81842	17.480999999999998	0.018000000000000002
2455667.75001	17.500999999999998	0.021
2455669.84106	17.475	0.018000000000000002
2455675.78808	17.473	0.02
2455677.75117	17.511	0.018000000000000002
2455680.66158	17.500999999999998	0.024
2455681.83206	17.499000000000002	0.018000000000000002
2455683.79369	17.492	0.018000000000000002
2455685.78355	17.482	0.015
2455687.68943	17.442	0.021
2455690.69526	17.517	0.02
2455691.91255	17.532	0.02
2455693.73255	17.494	0.017
2455694.82912	17.477999999999998	0.018000000000000002
2455696.60457	17.498	0.027000000000000003
2455697.71342	17.472	0.021
2455698.79203	17.519000000000002	0.024
2455705.836	17.488	0.02
2455707.75205	17.482	0.02
2455708.8355900003	17.516	0.023
2455712.83342	17.500999999999998	0.018000000000000002
2455715.71694	17.483	0.017
2455716.8832400003	17.486	0.02
2455722.73173	17.532	0.018000000000000002
2455722.74522	17.508	0.018000000000000002
2455723.87071	17.525	0.023
2455725.76774	17.484	0.018000000000000002
2455735.6527299997	17.497	0.02
2455736.75017	17.485	0.017
2455737.80868	17.518	0.017
2455739.6243	17.484	0.02
2455740.7286400003	17.483	0.018000000000000002
2455741.77477	17.506	0.017
2455742.7847599997	17.49	0.015
2455744.50272	17.438	0.03
2455745.57706	17.459	0.024
2455746.7570700003	17.508	0.02
2455749.51757	17.532	0.027000000000000003
2455752.65597	17.522000000000002	0.021
2455760.80373	17.502	0.02
2455762.57995	17.523	0.021
2455763.72605	17.537	0.021
2455765.49973	17.534000000000002	0.02
2455766.64219	17.512999999999998	0.015
2455767.79811	17.535999999999998	0.026000000000000002
2455769.58363	17.516	0.024
2455776.6107099997	17.51	0.024
2455778.5792099996	17.516	0.024
2455785.61471	17.503	0.024
2455787.58176	17.474	0.018000000000000002
2455790.47789	17.51	0.023
2455793.5993	17.512999999999998	0.021
2455795.63303	17.515	0.023
2455801.6011200002	17.505	0.024
2455804.66384	17.514	0.03
2455812.50189	17.525	0.033
2455815.53486	17.523	0.018000000000000002
2455817.6189900003	17.509	0.024
2455820.51345	17.5	0.026000000000000002
2455822.62012	17.494	0.02
2455823.48795	17.485	0.03
2455824.48855	17.487000000000002	0.026000000000000002
2455825.49235	17.482	0.024
2455826.48595	17.512999999999998	0.024
2455827.60676	17.489	0.024
2455829.57567	17.488	0.017
2455831.58564	17.479	0.017
2455833.59449	17.497	0.02
2455836.58685	17.491	0.023
2455840.61476	17.445	0.026000000000000002
2455842.58047	17.464000000000002	0.03
2455844.58634	17.464000000000002	0.032
2455850.52092	17.480999999999998	0.021
2455852.56905	17.538	0.032
2455858.51755	17.457	0.033
2455978.83946	17.451	0.02
2455983.85047	17.519000000000002	0.017
2455986.84755	17.511	0.018000000000000002
2455989.8328	17.515	0.02
2455991.8943	17.505	0.017
2455994.83523	17.476	0.02
2455996.8422	17.506	0.02
2455998.86454	17.495	0.018000000000000002
2456004.76105	17.523	0.024
2456005.91202	17.488	0.017
2456007.87988	17.518	0.017
2456009.81405	17.5	0.015
2456010.92041	17.477	0.028999999999999998
2456012.87299	17.493	0.013999999999999999
2456014.78493	17.509	0.017
2456015.89126	17.503	0.015
2456017.79624	17.495	0.013999999999999999
2456018.91649	17.461	0.015
2456020.76948	17.504	0.017
2456021.82988	17.488	0.017
2456022.90375	17.511	0.015
2456025.73119	17.474	0.023
2456031.85109	17.51	0.017
2456033.8172	17.512999999999998	0.02
2456036.75985	17.488	0.017
2456038.80357	17.493	0.017
2456040.88572	17.505	0.018000000000000002
2456047.78766	17.516	0.017
2456049.75023	17.473	0.015
2456050.9133200003	17.489	0.02
2456053.67525	17.498	0.024
2456058.69434	17.502	0.02
2456059.68677	17.507	0.02
2456061.84171	17.467	0.017
2456063.7797	17.472	0.021
2456065.65092	17.468	0.02
2456066.8490400002	17.500999999999998	0.017
2456067.90692	17.469	0.015
2456069.7349	17.495	0.015
2456070.81933	17.517	0.017
2456071.87597	17.498	0.018000000000000002
2456076.6293900004	17.512	0.021
2456077.8634599997	17.498	0.017
2456079.5638900003	17.514	0.023
2456080.6114	17.507	0.024
2456081.64635	17.488	0.021
2456082.72767	17.464000000000002	0.028999999999999998
2456085.84015	17.504	0.026000000000000002
2456086.85997	17.505	0.02
2456089.63198	17.488	0.017
2456092.89858	17.486	0.023
2456094.65718	17.514	0.021
2456096.79058	17.512	0.021
2456098.60065	17.489	0.02
2456100.53137	17.475	0.023
2456101.57858	17.495	0.02
2456102.63851	17.479	0.017
2456103.64986	17.499000000000002	0.017
2456104.72435	17.492	0.013999999999999999
2456105.77709	17.454	0.02
2456108.85099	17.508	0.018000000000000002
2456109.73248	17.463	0.018000000000000002
2456113.80183	17.495	0.02
2456115.51301	17.497	0.02
2456116.65001	17.505	0.015
2456117.72262	17.512999999999998	0.018000000000000002
2456118.77397	17.521	0.015
2456119.78161	17.514	0.02
2456121.54227	17.486	0.015
2456123.68055	17.477	0.017
2456124.79403	17.515	0.021
2456126.54685	17.505	0.018000000000000002
2456128.55871	17.487000000000002	0.015
2456132.65873	17.511	0.02
2456134.61198	17.53	0.024
2456136.65808	17.53	0.023
2456141.5484599997	17.498	0.023
2456150.52632	17.480999999999998	0.021
2456152.5531	17.505	0.021
2456159.61876	17.467	0.018000000000000002
2456161.65287	17.511	0.02
2456161.66714	17.517	0.021
2456179.6445	17.486	0.024
2456182.57112	17.475	0.017
2456191.57284	17.518	0.018000000000000002
2456196.56167	17.48	0.021
2456204.5525	17.474	0.02
2456211.535	17.479	0.017
2456213.58076	17.500999999999998	0.023
2456218.56439	17.527	0.027000000000000003
2456221.51762	17.482	0.039
2456234.51302	17.512999999999998	0.023
2456239.51957	17.498	0.027000000000000003
2456341.88447	17.489	0.023
2456347.8601599997	17.484	0.018000000000000002
2456350.90268	17.482	0.028999999999999998
2456354.86183	17.469	0.017
2456362.80823	17.542	0.02
2456368.7840299997	17.438	0.018000000000000002
2456370.79785	17.496	0.017
2456373.76317	17.535999999999998	0.023
2456374.8901	17.542	0.017
2456376.8478599996	17.502	0.017
2456378.7930799997	17.5	0.017
2456379.91238	17.45	0.017
2456381.87633	17.496	0.013999999999999999
2456386.8143599997	17.53	0.017
2456387.90077	17.507	0.018000000000000002
2456389.8191	17.515	0.017
2456390.89445	17.503	0.015
2456393.8881900003	17.504	0.021
2456395.8928400003	17.48	0.015
2456397.86355	17.525	0.015
2456399.78795	17.471	0.017
2456401.82288	17.506	0.015
2456403.7376099997	17.499000000000002	0.015
2456407.8687400003	17.549	0.02
2456415.79318	17.48	0.023
2456417.70536	17.5	0.023
2456418.80318	17.48	0.015
2456420.65617	17.491	0.015
2456422.71451	17.477	0.017
2456424.6307200002	17.476	0.018000000000000002
2456426.84333	17.487000000000002	0.013999999999999999
2456431.6165299998	17.509	0.024
2456432.73437	17.509	0.018000000000000002
2456433.83785	17.541	0.013999999999999999
2456435.67601	17.519000000000002	0.02
2456436.75732	17.509	0.017
2456441.72932	17.477	0.021
2456442.81182	17.5	0.015
2456444.9487799997	17.500999999999998	0.040999999999999995
2456447.56918	17.506	0.02
2456448.59981	17.524	0.018000000000000002
2456449.64247	17.474	0.018000000000000002
2456450.69876	17.474	0.013999999999999999
2456451.77005	17.47	0.017
2456452.87879	17.502	0.015
2456454.91916	17.539	0.018000000000000002
2456456.80552	17.497	0.015
2456458.65872	17.500999999999998	0.018000000000000002
2456459.73339	17.514	0.013999999999999999
2456461.60029	17.508	0.018000000000000002
2456462.87545	17.465999999999998	0.021
2456464.57608	17.484	0.026000000000000002
2456469.84597	17.475	0.03
2456473.63669	17.482	0.013999999999999999
2456474.72433	17.531	0.026000000000000002
2456475.80567	17.508	0.018000000000000002
2456477.4947200003	17.517	0.021
2456478.61538	17.506	0.017
2456480.69501	17.498	0.017
2456481.83078	17.475	0.026000000000000002
2456485.70623	17.498	0.015
2456486.81706	17.495	0.017
2456489.56959	17.514	0.02
2456490.69966	17.482	0.015
2456492.4893	17.461	0.027000000000000003
2456498.6389900004	17.489	0.015
2456500.73581	17.484	0.023
2456505.56727	17.504	0.018000000000000002
2456507.72671	17.47	0.026000000000000002
2456509.6565900003	17.509	0.013999999999999999
2456511.57424	17.514	0.018000000000000002
2456515.54857	17.484	0.015
2456518.66565	17.484	0.015
2456523.62076	17.489	0.021
2456525.66173	17.448	0.026000000000000002
2456531.63356	17.494	0.018000000000000002
2456534.6016599997	17.534000000000002	0.017
2456539.56825	17.51	0.017
2456544.60586	17.512	0.017
2456551.57943	17.495	0.028999999999999998
2456560.49051	17.477999999999998	0.021
2456563.59613	17.509	0.02
2456567.54097	17.464000000000002	0.021
2456569.60813	17.489	0.018000000000000002
2456572.5987400003	17.524	0.02
2456577.51865	17.521	0.03
2456581.56842	17.472	0.026000000000000002
2456584.56079	17.507	0.03
2456701.89395	17.459	0.023
2456709.83611	17.541	0.023
2456711.86197	17.456	0.018000000000000002
2456715.81515	17.486	0.017
2456717.87362	17.507	0.021
2456720.8404200003	17.495	0.017
2456722.866	17.506	0.018000000000000002
2456724.88623	17.545	0.021
2456726.88991	17.515	0.017
2456728.88027	17.484	0.015
2456730.8518	17.5	0.021
2456732.91613	17.497	0.027000000000000003
2456734.86082	17.53	0.018000000000000002
2456736.79857	17.461	0.024
2456737.88808	17.51	0.015
2456742.84675	17.52	0.015
2456745.74386	17.498	0.018000000000000002
2456746.85665	17.496	0.018000000000000002
2456749.75536	17.5	0.023
2456751.8445599996	17.497	0.013999999999999999
2456754.8629	17.489	0.017
2456756.9066	17.493	0.015
2456759.6994	17.511	0.021
2456760.88685	17.472	0.013999999999999999
2456762.88034	17.498	0.012
2456764.8065299997	17.49	0.017
2456768.74572	17.498	0.02
2456769.87321	17.531	0.017
2456771.75479	17.695	0.018000000000000002
2456772.91822	17.511	0.017
2456774.79493	17.498	0.024
2456776.7442	17.477	0.015
2456784.7106	17.504	0.02
2456785.68734	17.464000000000002	0.017
2456786.6954900003	17.486	0.017
2456789.63864	17.486	0.023
2456790.7130400003	17.475	0.021
2456791.77	17.511	0.02
2456792.80786	17.469	0.02
2456796.87188	17.496	0.02
2456798.7763900002	17.445	0.032
2456803.8226	17.497	0.013999999999999999
2456804.84008	17.512	0.02
2456805.88905	17.472	0.024
2456807.87346	17.506	0.023
2456808.89693	17.491	0.018000000000000002
2456810.5731900004	17.515	0.024
2456811.58691	17.469	0.024
2456813.6909	17.499000000000002	0.018000000000000002
2456814.80077	17.493	0.018000000000000002
2456815.8776700003	17.517	0.02
2456817.60645	17.543	0.023
2456818.66651	17.49	0.032
2456819.8502700003	17.52	0.026000000000000002
2456824.73052	17.479	0.02
2456825.7527799997	17.515	0.02
2456826.7632400002	17.511	0.018000000000000002
2456827.8320400002	17.519000000000002	0.02
2456828.87481	17.491	0.021
2456829.85152	17.49	0.021
2456830.8824	17.479	0.02
2456831.79644	17.496	0.017
2456832.64774	17.508	0.018000000000000002
2456833.72402	17.504	0.021
2456834.72815	17.499000000000002	0.018000000000000002
2456835.78039	17.502	0.018000000000000002
2456836.8136	17.474	0.021
2456837.82474	17.486	0.02
2456838.82545	17.505	0.023
2456839.83663	17.528	0.024
2456841.5967	17.457	0.017
2456842.65033	17.477	0.02
2456844.69502	17.495	0.017
2456845.6672799997	17.505	0.018000000000000002
2456847.6397	17.493	0.018000000000000002
2456851.61635	17.538	0.023
2456852.69695	17.552	0.042
2456855.75215	17.519000000000002	0.02
2456856.77881	17.475	0.02
2456858.48803	17.507	0.017
2456859.67562	17.492	0.021
2456863.51917	17.503	0.017
2456864.61826	17.499000000000002	0.02
2456870.71154	17.502	0.018000000000000002
2456873.58927	17.495	0.026000000000000002
2456879.7461200003	17.489	0.032
2456881.72449	17.474	0.026000000000000002
2456883.58647	17.5	0.017
2456886.53852	17.53	0.02
2456887.70605	17.497	0.02
2456889.6408700002	17.494	0.018000000000000002
2456891.56726	17.486	0.018000000000000002
2456896.55496	17.507	0.02
2456907.51737	17.517	0.018000000000000002
2456909.6159099997	17.493	0.03
2456915.52323	17.496	0.02
2456921.63199	17.511	0.018000000000000002
2456924.59158	17.504	0.023
2456927.58701	17.485	0.023
2456931.50448	17.434	0.018000000000000002
2456936.50756	17.5	0.021
2456939.54582	17.459	0.027000000000000003
2456944.5147700002	17.477999999999998	0.02
2456951.49707	17.517	0.021
2456953.54699	17.533	0.024
2456956.5310400003	17.55	0.027000000000000003
2457069.84732	17.526	0.024
2457071.87181	17.504	0.017
2457074.8955099997	17.507	0.028999999999999998
2457075.8728	17.499000000000002	0.021
2457077.85824	17.483	0.024
2457079.8259400004	17.519000000000002	0.023
2457082.81807	17.497	0.02
2457083.85616	17.472	0.021
2457084.85269	17.506	0.024
2457087.80851	17.538	0.026000000000000002
2457089.84064	17.495	0.02
2457091.86433	17.500999999999998	0.02
2457097.78198	17.544	0.02
2457099.77635	17.529	0.02
2457101.78991	17.469	0.03
2457108.85992	17.512	0.021
2457109.80944	17.488	0.018000000000000002
2457111.7513200003	17.52	0.021
2457112.89904	17.475	0.015
2457114.76508	17.474	0.021
2457116.75485	17.454	0.032
2457118.7593400003	17.52	0.024
2457120.7647700002	17.535	0.02
2457125.90832	17.502	0.018000000000000002
2457129.85989	17.488	0.017
2457131.74947	17.518	0.017
2457133.87316	17.467	0.018000000000000002
2457135.72903	17.468	0.015
2457136.87393	17.499000000000002	0.018000000000000002
2457138.7005	17.480999999999998	0.018000000000000002
2457139.86412	17.497	0.02
2457141.68976	17.485	0.017
2457142.80424	17.491	0.017
2457143.93593	17.471	0.03
2457145.8746700003	17.487000000000002	0.018000000000000002
2457146.89633	17.488	0.02
2457147.91824	17.494	0.023
2457153.77643	17.465999999999998	0.015
2457154.89217	17.507	0.017
2457156.63858	17.5	0.017
2457157.90381	17.502	0.018000000000000002
2457159.64079	17.482	0.018000000000000002
2457160.70707	17.479	0.018000000000000002
2457161.8005	17.500999999999998	0.015
2457162.8476400003	17.528	0.021
2457163.8997400003	17.462	0.021
2457166.6766	17.498	0.023
2457169.64949	17.499000000000002	0.017
2457170.68103	17.493	0.017
2457172.73734	17.482	0.02
2457173.77988	17.52	0.021
2457174.767	17.488	0.021
2457175.83545	17.497	0.026000000000000002
2457176.92227	17.386	0.026000000000000002
2457178.7310099998	17.484	0.024
2457179.72709	17.511	0.023
2457180.7205	17.488	0.02
2457181.74481	17.500999999999998	0.02
2457182.76588	17.494	0.017
2457183.76957	17.506	0.023
2457184.80455	17.502	0.021
2457185.81122	17.49	0.02
2457187.58396	17.487000000000002	0.018000000000000002
2457188.59809	17.492	0.018000000000000002
2457189.69735	17.508	0.018000000000000002
2457190.7606900004	17.506	0.018000000000000002
2457193.7215299997	17.497	0.017
2457194.79367	17.46	0.017
2457197.8827400003	17.477999999999998	0.028999999999999998
2457199.51808	17.489	0.021
2457200.49952	17.531	0.024
2457202.72815	17.467	0.023
2457206.76625	17.496	0.024
2457207.7831900003	17.489	0.027000000000000003
2457211.5222	17.489	0.023
2457212.8072200003	17.505	0.023
2457217.7535200003	17.499000000000002	0.018000000000000002
2457220.54515	17.483	0.018000000000000002
2457221.57633	17.507	0.02
2457222.64909	17.483	0.02
2457222.6694099996	17.502	0.02
2457223.78094	17.477	0.024
2457225.53022	17.526	0.02
2457226.7748	17.517	0.023
2457227.78702	17.522000000000002	0.023
2457229.51675	17.493	0.02
2457235.7870099996	17.468	0.028999999999999998
2457249.66565	17.511	0.021
2457253.4933700003	17.486	0.02
2457256.51395	17.497	0.021
2457258.65962	17.49	0.026000000000000002
2457263.6076	17.47	0.018000000000000002
2457265.5627	17.509	0.018000000000000002
2457268.5633799997	17.504	0.017
2457270.5424900004	17.502	0.017
2457273.5536599997	17.523	0.024
2457277.5975200003	17.467	0.02
2457283.59533	17.529	0.027000000000000003
2457292.5984400003	17.51	0.035
2457295.59933	17.500999999999998	0.023
2457300.56439	17.476	0.024
2457318.5002599997	17.531	0.026000000000000002
2457324.51845	17.518	0.027000000000000003
2457329.52513	17.499000000000002	0.028999999999999998
2457439.83898	17.428	0.033
2457442.825	17.445999999999998	0.026000000000000002
2457446.82754	17.508	0.021
2457448.8399799997	17.526	0.018000000000000002
2457452.8037799997	17.480999999999998	0.017
2457454.87793	17.499000000000002	0.02
2457456.89712	17.485	0.018000000000000002
2457458.90398	17.475	0.018000000000000002
2457462.77233	17.451	0.021
2457464.8481	17.465999999999998	0.015
2457467.82305	17.458	0.021
2457470.90843	17.507	0.018000000000000002
2457472.82842	17.544	0.021
2457474.83951	17.452	0.018000000000000002
2457475.87514	17.453	0.023
2457476.78185	17.457	0.018000000000000002
2457480.81012	17.480999999999998	0.024
2457485.7477	17.457	0.018000000000000002
2457486.8542	17.476	0.021
2457488.74964	17.467	0.017
2457491.76177	17.442999999999998	0.02
2457492.8056900003	17.465999999999998	0.017
2457493.80303	17.48	0.015
2457494.7796099996	17.454	0.017
2457495.7598200003	17.425	0.018000000000000002
2457497.90605	17.461	0.02
2457498.91381	17.479	0.021
2457499.86792	17.464000000000002	0.023
2457500.80768	17.480999999999998	0.024
2457507.84762	17.430999999999997	0.015
2457508.8977	17.453	0.017
2457511.74412	17.451	0.015
2457523.91027	17.444000000000003	0.02
2457526.9247	17.459	0.023
2457530.8051400003	17.468	0.023
2457534.91791	17.455	0.02
2457545.64847	17.429000000000002	0.017
2457546.77888	17.456	0.018000000000000002
2457547.7124400004	17.426	0.017
2457548.93325	17.463	0.017
2457549.93651	17.452	0.027000000000000003
2457550.91898	17.407	0.026000000000000002
2457555.6629	17.416	0.017
2457557.60321	17.423	0.021
2457561.77434	17.421	0.02
2457566.6407	17.410999999999998	0.018000000000000002
2457567.56484	17.412	0.021
2457567.88415	17.432000000000002	0.023
2457569.57537	17.415	0.018000000000000002
2457573.71556	17.377	0.017
2457576.7173099997	17.426	0.018000000000000002
2457583.77534	17.358	0.021
2457589.6913400004	17.375	0.018000000000000002
2457593.50395	17.387999999999998	0.018000000000000002
2457599.5863	17.334	0.018000000000000002
2457602.56243	17.365	0.02
2457604.4900599997	17.36	0.023
2457605.73474	17.343	0.017
2457608.68542	17.339000000000002	0.013999999999999999
2457611.53706	17.308	0.018000000000000002
2457616.6826400002	17.312	0.021
2457619.56306	17.28	0.023
2457623.63443	17.265	0.015
2457626.63859	17.28	0.015
2457633.55667	17.204	0.02
2457637.6193	17.206	0.017
2457647.5249099997	17.105	0.02
2457652.52911	17.048	0.013999999999999999
2457660.5863099997	16.982	0.017
2457671.53572	16.796	0.015
2457675.52695	16.679000000000002	0.013999999999999999
2457682.5207	16.529	0.011000000000000001
