2455377.74818	18.172	0.039
2455378.62547	18.191	0.032
2455378.8692099997	18.127	0.04
2455379.78354	18.17	0.037000000000000005
2455380.64405	18.152	0.03
2455381.52721	18.17	0.059000000000000004
2455381.741	18.123	0.05
2455382.61603	18.11	0.052000000000000005
2455382.82411	18.131	0.052000000000000005
2455385.82603	18.195	0.03
2455386.5339599997	18.146	0.033
2455386.61627	18.156	0.032
2455386.70068	18.155	0.028999999999999998
2455386.8406	18.172	0.034
2455387.82577	18.143	0.034
2455388.7802	18.149	0.033
2455389.69093	18.171	0.032
2455390.6535	18.168	0.046
2455391.51987	18.177	0.042
2455391.84822	18.109	0.042
2455392.78826	18.155	0.032
2455393.7645099997	18.114	0.044000000000000004
2455396.67822	18.195	0.033
2455396.7128	18.162	0.033
2455397.76232	18.203	0.059000000000000004
2455403.49662	18.172	0.037000000000000005
2455403.6891900003	18.121	0.04
2455404.5600400004	18.173	0.039
2455404.759	18.14	0.039
2455405.77264	18.141	0.039
2455407.62904	18.123	0.049
2455408.5474099996	18.105	0.046
2455408.74945	18.168	0.05
2455409.75157	18.144000000000002	0.037000000000000005
2455410.75595	18.125	0.037000000000000005
2455411.76889	18.179000000000002	0.047
2455412.6887	18.159000000000002	0.044000000000000004
2455413.7607299997	18.160999999999998	0.039
2455416.60561	18.17	0.043
2455418.6693599997	18.185	0.033
2455421.68512	18.163	0.04
2455423.50281	18.160999999999998	0.03
2455426.5197799997	18.148	0.052000000000000005
2455430.59001	18.11	0.042
2455431.58502	18.152	0.039
2455432.53093	18.212	0.067
2455434.5559900003	18.173	0.04
2455435.5233299998	18.176	0.039
2455436.5479599996	18.174	0.04
2455438.5806299997	18.149	0.037000000000000005
2455439.6222599996	18.067999999999998	0.043
2455443.63639	18.151	0.033
2455444.6621	18.168	0.039
2455446.5510400003	18.096	0.036000000000000004
2455447.56131	18.163	0.033
2455449.49426	18.209	0.047
2455450.5726400004	18.123	0.037000000000000005
2455453.53385	18.162	0.052000000000000005
2455457.60571	18.139	0.036000000000000004
2455459.4953900003	18.107	0.039
2455460.5159400003	18.152	0.043
2455461.5428	18.127	0.1
2455462.5972599997	18.137999999999998	0.039
2455465.54076	18.105	0.047
2455469.54074	18.183	0.034
2455471.57634	18.142	0.034
2455473.50429	18.124000000000002	0.046
2455478.49669	18.134	0.039
2455480.5486	18.156	0.044000000000000004
2455485.54075	18.132	0.046
2455487.53386	18.137999999999998	0.042
2455489.53439	18.117	0.046
2455493.521	18.067999999999998	0.062
2455497.5318	18.113	0.042
2455598.8798700003	18.136	0.052000000000000005
2455599.88737	18.157	0.064
2455600.87595	18.202	0.037000000000000005
2455616.90213	18.192999999999998	0.069
2455622.9014	18.175	0.042
2455625.83511	18.101	0.034
2455627.8284299998	18.175	0.034
2455628.9111599997	18.131	0.063
2455629.83887	18.224	0.037000000000000005
2455631.86721	18.156	0.034
2455633.82227	18.141	0.032
2455634.81605	18.157	0.037000000000000005
2455637.85287	18.139	0.037000000000000005
2455639.81099	18.186	0.043
2455640.8031099997	18.12	0.043
2455640.89007	18.121	0.039
2455641.79849	18.194000000000003	0.042
2455642.76424	18.16	0.044000000000000004
2455642.86018	18.164	0.039
2455642.88007	18.172	0.04
2455643.7856400004	18.137	0.04
2455643.88391	18.15	0.033
2455644.79314	18.184	0.057
2455644.90894	18.132	0.043
2455648.77605	18.176	0.039
2455648.88397	18.167	0.032
2455649.78142	18.136	0.032
2455649.8878900004	18.13	0.028999999999999998
2455650.77354	18.146	0.027000000000000003
2455650.88019	18.156	0.033
2455651.7958	18.165	0.032
2455651.91432	18.165	0.03
2455652.8385	18.179000000000002	0.026000000000000002
2455653.89434	18.168	0.028999999999999998
2455654.81707	18.14	0.033
2455654.90004	18.133	0.032
2455655.8078	18.186	0.033
2455655.89305	18.191	0.03
2455656.84392	18.136	0.028999999999999998
2455657.8053200003	18.160999999999998	0.028999999999999998
2455657.89225	18.11	0.024
2455658.80142	18.158	0.034
2455658.89873	18.137999999999998	0.034
2455659.75286	18.144000000000002	0.033
2455659.8310599998	18.157	0.034
2455659.92159	18.171	0.034
2455660.80516	18.182000000000002	0.033
2455660.92008	18.163	0.047
2455662.79633	18.186	0.032
2455662.89812	18.12	0.032
2455664.76068	18.108	0.046
2455664.86255	18.164	0.037000000000000005
2455665.7433599997	18.081	0.05
2455665.8535	18.17	0.032
2455667.74846	18.208	0.039
2455668.72329	18.131	0.042
2455669.7423799997	18.144000000000002	0.04
2455670.72448	18.151	0.043
2455670.9104299997	18.097	0.039
2455675.78659	18.195	0.039
2455676.7132900003	18.129	0.026000000000000002
2455676.9026599997	18.160999999999998	0.027000000000000003
2455677.8410400003	18.174	0.03
2455679.75416	18.186	0.03
2455680.65964	18.195999999999998	0.05
2455680.83977	18.18	0.032
2455681.72769	18.163	0.03
2455681.91429	18.156	0.032
2455682.81754	18.163	0.032
2455683.79219	18.147000000000002	0.032
2455684.69508	18.137999999999998	0.03
2455684.90648	18.129	0.032
2455685.8758099996	18.177	0.027000000000000003
2455686.78746	18.15	0.027000000000000003
2455687.67224	18.122	0.042
2455688.83172	18.17	0.034
2455689.78986	18.127	0.027000000000000003
2455690.78236	18.14	0.036000000000000004
2455691.71061	18.129	0.036000000000000004
2455691.91107	18.187	0.037000000000000005
2455692.7945	18.133	0.032
2455693.62517	18.125	0.043
2455693.81866	18.175	0.032
2455694.63788	18.160999999999998	0.04
2455694.8276299997	18.174	0.034
2455695.64802	18.102999999999998	0.043
2455695.8670200002	18.148	0.028999999999999998
2455696.6841599997	18.21	0.04
2455696.8555400004	18.187	0.039
2455697.69944	18.163	0.039
2455697.85753	18.166	0.033
2455698.69755	18.229	0.059000000000000004
2455698.85635	18.158	0.04
2455703.8190599997	18.115	0.052000000000000005
2455705.8344	18.164	0.036000000000000004
2455706.772	18.125	0.047
2455706.7752799997	18.186	0.047
2455707.6642299998	18.125999999999998	0.034
2455707.8309	18.209	0.034
2455708.6444	18.132	0.034
2455708.8341099997	18.148	0.036000000000000004
2455709.79465	18.217	0.032
2455712.737	18.14	0.03
2455713.74455	18.118	0.028999999999999998
2455714.63035	18.095	0.034
2455714.64381	18.173	0.036000000000000004
2455715.68695	18.166	0.028999999999999998
2455715.8629900003	18.122	0.034
2455716.75898	18.152	0.032
2455721.56266	18.16	0.04
2455721.57661	18.144000000000002	0.039
2455721.8331	18.108	0.037000000000000005
2455722.66008	18.145	0.032
2455722.67366	18.137999999999998	0.033
2455723.5619200002	18.21	0.04
2455723.7390099997	18.175	0.033
2455724.5599599998	18.143	0.054000000000000006
2455724.78771	18.128	0.039
2455725.71361	18.164	0.03
2455726.61473	18.195999999999998	0.047
2455726.78717	18.09	0.043
2455734.76917	18.241	0.049
2455735.69642	18.2	0.039
2455736.63662	18.151	0.027000000000000003
2455736.85139	18.179000000000002	0.032
2455737.64513	18.151	0.026000000000000002
2455737.82687	18.202	0.03
2455738.6718900003	18.159000000000002	0.027000000000000003
2455739.55663	18.168	0.036000000000000004
2455739.7421	18.149	0.028999999999999998
2455740.5336700003	18.163	0.039
2455740.74055	18.142	0.03
2455741.51122	18.163	0.042
2455741.6831799997	18.164	0.028999999999999998
2455741.84987	18.195999999999998	0.034
2455742.60572	18.192999999999998	0.036000000000000004
2455742.78328	18.154	0.027000000000000003
2455743.65542	18.197	0.039
2455743.8321	18.135	0.037000000000000005
2455744.5904	18.248	0.043
2455744.8088700003	18.105999999999998	0.034
2455745.58893	18.165	0.04
2455745.76559	18.119	0.037000000000000005
2455746.61111	18.178	0.037000000000000005
2455746.7979200003	18.135	0.049
2455747.69288	18.17	0.049
2455748.67201	18.147000000000002	0.032
2455749.6315099997	18.164	0.034
2455749.79813	18.149	0.046
2455752.71142	18.096	0.037000000000000005
2455753.59107	18.227	0.07400000000000001
2455759.8338900004	18.209	0.054000000000000006
2455760.58798	18.147000000000002	0.042
2455760.77712	18.132	0.037000000000000005
2455761.6173	18.167	0.034
2455762.63309	18.22	0.047
2455763.50661	18.128	0.033
2455763.68953	18.175	0.036000000000000004
2455764.5129299997	18.15	0.034
2455764.69061	18.156	0.028999999999999998
2455765.5548400003	18.179000000000002	0.036000000000000004
2455765.754	18.087	0.042
2455766.62751	18.177	0.032
2455767.50147	18.154	0.042
2455767.71425	18.17	0.036000000000000004
2455768.55362	18.182000000000002	0.034
2455768.74163	18.12	0.032
2455769.58214	18.131	0.037000000000000005
2455769.78713	18.107	0.036000000000000004
2455775.6837299997	18.160999999999998	0.034
2455776.73969	18.225	0.047
2455777.67268	18.189	0.028999999999999998
2455778.57773	18.137999999999998	0.042
2455779.7137700003	18.147000000000002	0.034
2455785.54132	18.115	0.055999999999999994
2455785.72571	18.249000000000002	0.06
2455786.67367	18.153	0.047
2455787.52177	18.205	0.042
2455787.70668	18.117	0.039
2455788.6233599996	18.175	0.04
2455790.51114	18.092	0.05
2455790.6838	18.156	0.042
2455793.51799	18.125999999999998	0.032
2455793.6908400003	18.201	0.037000000000000005
2455794.60511	18.125999999999998	0.033
2455795.613	18.153	0.05
2455796.58675	18.121	0.04
2455801.48313	18.192	0.04
2455801.66624	18.165	0.04
2455803.59275	18.107	0.047
2455804.6485200003	18.148	0.04
2455805.6134099998	18.183	0.034
2455807.56801	18.124000000000002	0.037000000000000005
2455812.55338	18.16	0.059000000000000004
2455813.53786	18.069000000000003	0.036000000000000004
2455815.50797	18.160999999999998	0.034
2455815.6678400002	18.201	0.037000000000000005
2455816.6436400004	18.217	0.06
2455817.64507	18.203	0.049
2455818.62567	18.099	0.054000000000000006
2455819.6326900003	18.127	0.037000000000000005
2455820.60938	18.12	0.039
2455822.55925	18.175	0.04
2455823.48645	18.119	0.054000000000000006
2455823.57735	18.114	0.039
2455824.50275	18.104	0.037000000000000005
2455824.59661	18.137	0.034
2455825.51613	18.093	0.04
2455825.62095	18.221	0.043
2455826.54589	18.137999999999998	0.037000000000000005
2455827.48555	18.131	0.059000000000000004
2455827.56443	18.192999999999998	0.046
2455828.48526	18.177	0.04
2455828.57448	18.144000000000002	0.04
2455829.50042	18.174	0.043
2455829.58537	18.125999999999998	0.032
2455830.52244	18.158	0.03
2455830.59855	18.175	0.039
2455831.57015	18.188	0.034
2455832.51599	18.187	0.034
2455832.5952	18.178	0.044000000000000004
2455833.55352	18.19	0.033
2455834.51314	18.186	0.032
2455834.59018	18.186	0.034
2455836.48784	18.102	0.052000000000000005
2455836.56179	18.125	0.044000000000000004
2455839.51793	18.075	0.047
2455839.5915200002	18.06	0.062
2455840.55496	18.072	0.039
2455841.48955	18.111	0.05
2455841.572	18.129	0.047
2455842.53574	18.166	0.059000000000000004
2455843.48805	18.189	0.052000000000000005
2455843.57221	18.136	0.042
2455844.51661	18.168	0.047
2455844.59512	18.152	0.064
2455845.5565	18.147000000000002	0.055999999999999994
2455846.5197	18.152	0.057
2455850.54345	18.155	0.036000000000000004
2455851.50676	18.171	0.037000000000000005
2455852.53613	18.128	0.055999999999999994
2455854.52723	18.164	0.047
2455855.51577	18.112000000000002	0.044000000000000004
2455856.51443	18.032	0.05
2455857.5323900003	18.128	0.07
2455859.5342099997	18.202	0.044000000000000004
2455862.51834	18.115	0.042
2455971.8785900003	18.172	0.033
2455976.88412	18.142	0.032
2455977.8816400003	18.081	0.033
2455978.89194	18.160999999999998	0.034
2455979.89649	18.27	0.079
2455982.83442	18.151	0.034
2455983.84737	18.107	0.03
2455984.8407400004	18.116	0.03
2455985.82635	18.137999999999998	0.039
2455986.81695	18.233	0.042
2455986.8919599997	18.21	0.033
2455987.85882	18.189	0.032
2455988.8487299997	18.121	0.033
2455989.82973	18.144000000000002	0.037000000000000005
2455990.80611	18.186	0.043
2455990.87721	18.167	0.032
2455991.8522900003	18.163	0.03
2455992.82787	18.16	0.037000000000000005
2455993.81138	18.125	0.049
2455993.90326	18.158	0.04
2455994.86863	18.090999999999998	0.039
2455995.80522	18.151	0.037000000000000005
2455995.88255	18.166	0.033
2455996.82502	18.166	0.037000000000000005
2455996.9094	18.069000000000003	0.033
2455997.86717	18.162	0.036000000000000004
2455998.80737	18.141	0.04
2455998.89762	18.146	0.034
2455999.84081	18.148	0.034
2455999.91676	18.13	0.052000000000000005
2456004.7625599997	18.153	0.042
2456004.8572	18.165	0.034
2456005.7749900003	18.169	0.033
2456005.87381	18.186	0.028999999999999998
2456006.79428	18.215	0.03
2456006.89225	18.198	0.028999999999999998
2456007.79556	18.17	0.034
2456007.89073	18.128	0.028999999999999998
2456008.78914	18.174	0.034
2456008.88564	18.177	0.032
2456009.79062	18.123	0.03
2456009.88594	18.16	0.028999999999999998
2456010.78229	18.163	0.028999999999999998
2456010.88048	18.153	0.026000000000000002
2456011.76838	18.129	0.033
2456011.88631	18.172	0.042
2456012.78665	18.16	0.03
2456012.88402	18.192	0.024
2456013.78075	18.198	0.028999999999999998
2456013.88296	18.149	0.03
2456014.75772	18.175	0.046
2456014.85629	18.117	0.03
2456015.7348599997	18.096	0.032
2456015.813	18.137999999999998	0.024
2456015.90366	18.155	0.026000000000000002
2456016.79565	18.134	0.028999999999999998
2456016.8991799997	18.148	0.027000000000000003
2456017.7820200003	18.169	0.027000000000000003
2456017.87875	18.154	0.024
2456018.77038	18.11	0.033
2456018.8491599998	18.151	0.027000000000000003
2456019.74901	18.086	0.04
2456019.8456099997	18.107	0.027000000000000003
2456019.9240099997	18.168	0.039
2456020.78078	18.124000000000002	0.027000000000000003
2456020.87575	18.191	0.026000000000000002
2456021.7365200003	18.112000000000002	0.042
2456021.8139	18.19	0.033
2456021.91156	18.147000000000002	0.032
2456022.76225	18.185	0.034
2456022.85794	18.112000000000002	0.032
2456023.7171400003	18.183	0.042
2456023.79777	18.160999999999998	0.032
2456023.9016299997	18.205	0.033
2456024.75507	18.111	0.037000000000000005
2456024.8566	18.189	0.033
2456025.72812	18.112000000000002	0.046
2456025.8086	18.208	0.062
2456026.70211	18.087	0.06
2456031.82118	18.137	0.032
2456032.75073	18.156	0.032
2456032.93126	18.129	0.055999999999999994
2456033.88276	18.212	0.034
2456034.82588	18.131	0.027000000000000003
2456036.72876	18.2	0.027000000000000003
2456037.71465	18.094	0.034
2456037.9105700003	18.194000000000003	0.037000000000000005
2456038.87549	18.163	0.028999999999999998
2456039.8679299997	18.16	0.033
2456040.84406	18.144000000000002	0.032
2456041.78795	18.113	0.032
2456045.9227	18.201	0.034
2456047.74707	18.146	0.026000000000000002
2456048.68693	18.215999999999998	0.03
2456048.87242	18.128	0.028999999999999998
2456049.8078799997	18.112000000000002	0.023
2456050.68475	18.146	0.036000000000000004
2456050.8730200003	18.146	0.032
2456052.68215	18.145	0.042
2456052.85832	18.165	0.037000000000000005
2456053.7137700003	18.151	0.039
2456053.90558	18.089000000000002	0.04
2456058.7455	18.206	0.042
2456058.9160700003	18.218	0.039
2456060.81231	18.147000000000002	0.03
2456061.70042	18.11	0.034
2456061.87811	18.13	0.036000000000000004
2456062.74926	18.2	0.04
2456062.9263400002	18.107	0.04
2456063.9150400003	18.235	0.037000000000000005
2456064.84526	18.205	0.03
2456065.67483	18.175	0.033
2456066.6121900002	18.192999999999998	0.037000000000000005
2456066.7933799997	18.072	0.033
2456067.59689	18.129	0.036000000000000004
2456067.76418	18.179000000000002	0.027000000000000003
2456067.93063	18.137999999999998	0.03
2456068.8032400003	18.182000000000002	0.028999999999999998
2456069.73339	18.162	0.027000000000000003
2456069.92078	18.164	0.026000000000000002
2456070.71918	18.205	0.033
2456070.89625	18.137999999999998	0.03
2456071.69444	18.185	0.032
2456071.87447	18.168	0.033
2456075.6746900002	18.15	0.026000000000000002
2456075.85788	18.166	0.027000000000000003
2456075.86186	18.185	0.027000000000000003
2456076.72525	18.173	0.026000000000000002
2456076.90145	18.194000000000003	0.04
2456077.8470900003	18.195	0.028999999999999998
2456078.6491799997	18.123	0.033
2456078.82988	18.241	0.033
2456079.62673	18.101	0.03
2456079.8174900003	18.202	0.032
2456080.59717	18.125	0.042
2456080.76405	18.084	0.032
2456080.94307	18.044	0.037000000000000005
2456081.7171099996	18.124000000000002	0.036000000000000004
2456081.8930200003	18.178	0.053
2456082.7146	18.124000000000002	0.054000000000000006
2456082.91193	18.294	0.077
2456085.71809	18.168	0.087
2456085.87847	18.105	0.076
2456086.6549400003	18.175	0.036000000000000004
2456086.84587	18.189	0.037000000000000005
2456087.72787	18.156	0.042
2456088.60095	18.125999999999998	0.03
2456089.6819700003	18.153	0.03
2456089.92966	18.165	0.046
2456092.80716	18.163	0.027000000000000003
2456093.63172	18.141	0.032
2456093.83212	18.169	0.036000000000000004
2456094.68063	18.121	0.036000000000000004
2456094.85592	18.176	0.04
2456096.6765400004	18.197	0.034
2456096.87131	18.09	0.044000000000000004
2456097.8037	18.142	0.036000000000000004
2456098.5991599998	18.102999999999998	0.042
2456098.77633	18.156	0.034
2456099.71526	18.133	0.044000000000000004
2456100.62542	18.136	0.032
2456100.81073	18.087	0.047
2456101.5770799997	18.153	0.036000000000000004
2456101.75478	18.156	0.03
2456102.7165200002	18.134	0.03
2456102.87562	18.186	0.042
2456103.6356599997	18.142	0.03
2456103.8327599997	18.109	0.032
2456104.6189099997	18.149	0.027000000000000003
2456104.78876	18.165	0.026000000000000002
2456105.54432	18.18	0.052000000000000005
2456105.73594	18.113	0.033
2456108.54392	18.097	0.039
2456108.72928	18.167	0.034
2456108.87839	18.158	0.037000000000000005
2456109.7198799998	18.291	0.069
2456109.8755799998	18.083	0.044000000000000004
2456113.68512	18.134	0.043
2456113.84106	18.145	0.043
2456114.70877	18.175	0.037000000000000005
2456114.86154	18.24	0.077
2456115.64701	18.15	0.034
2456116.51491	18.165	0.032
2456116.68685	18.149	0.028999999999999998
2456117.49206	18.131	0.04
2456117.6688200003	18.128	0.03
2456117.82639	18.141	0.037000000000000005
2456118.59964	18.097	0.027000000000000003
2456118.78499	18.16	0.03
2456119.56251	18.194000000000003	0.036000000000000004
2456119.72797	18.105	0.028999999999999998
2456120.5926599996	18.155	0.03
2456120.77361	18.134	0.037000000000000005
2456121.56589	18.227999999999998	0.027000000000000003
2456121.73528	18.133	0.023
2456123.61395	18.204	0.037000000000000005
2456123.7833	18.143	0.027000000000000003
2456124.6019099997	18.122	0.03
2456124.7925400003	18.169	0.034
2456125.61829	18.137999999999998	0.034
2456125.8017599997	18.113	0.032
2456126.64988	18.175	0.033
2456127.5362	18.137	0.036000000000000004
2456128.5572099998	18.117	0.027000000000000003
2456130.55204	18.136	0.037000000000000005
2456131.63428	18.214000000000002	0.027000000000000003
2456132.65723	18.154	0.034
2456133.60381	18.141	0.034
2456134.52441	18.147000000000002	0.042
2456135.49174	18.132	0.043
2456135.71023	18.165	0.033
2456140.49487	18.139	0.057
2456140.67478	18.097	0.069
2456141.5217	18.123	0.039
2456141.69643	18.137	0.039
2456142.5649200003	18.081	0.046
2456147.5805099998	18.14	0.033
2456148.5109200003	18.151	0.026000000000000002
2456148.69826	18.173	0.027000000000000003
2456150.55127	18.208	0.034
2456151.55612	18.115	0.042
2456151.71663	18.107	0.033
2456152.6060599997	18.143	0.032
2456154.5417400002	18.183	0.036000000000000004
2456157.6924799997	18.12	0.04
2456158.6321099997	18.213	0.036000000000000004
2456159.55207	18.151	0.036000000000000004
2456160.5207700003	18.180999999999997	0.033
2456160.7269099997	18.136	0.036000000000000004
2456161.6315099997	18.174	0.032
2456164.6056	18.06	0.06
2456167.60789	18.186	0.073
2456168.61937	18.002	0.046
2456169.6099900003	18.197	0.037000000000000005
2456171.5633799997	18.144000000000002	0.037000000000000005
2456172.5224099997	18.171	0.03
2456175.4840700002	18.085	0.033
2456175.65547	18.108	0.044000000000000004
2456179.6430099998	18.163	0.044000000000000004
2456180.62902	18.198	0.05
2456181.5906700003	18.155	0.028999999999999998
2456182.5984099996	18.141	0.032
2456184.48723	18.125	0.034
2456185.59535	18.155	0.027000000000000003
2456186.61111	18.104	0.032
2456191.50231	18.118	0.043
2456195.4954	18.19	0.036000000000000004
2456195.58581	18.143	0.037000000000000005
2456196.49615	18.155	0.04
2456196.58346	18.128	0.033
2456197.498	18.141	0.043
2456197.58623	18.039	0.04
2456199.51799	18.204	0.057
2456200.61694	18.135	0.053
2456202.5665	18.137	0.049
2456203.55893	18.233	0.057
2456204.5057	18.088	0.034
2456204.5890599997	18.073	0.037000000000000005
2456205.53527	18.113	0.028999999999999998
2456205.60954	18.102	0.03
2456209.5542	18.108	0.049
2456210.50619	18.18	0.039
2456210.58342	18.162	0.039
2456211.5334799998	18.114	0.032
2456212.53279	18.129	0.033
2456212.5934	18.117	0.034
2456213.5617400003	18.145	0.042
2456214.54231	18.172	0.044000000000000004
2456216.5419099997	18.102	0.034
2456217.4986	18.168	0.032
2456217.5746400002	18.141	0.033
2456218.54998	18.19	0.04
2456221.53699	18.301	0.09699999999999999
2456223.5389400003	18.087	0.046
2456224.51775	18.135	0.057
2456227.52167	18.125999999999998	0.044000000000000004
2456232.5071900003	18.047	0.044000000000000004
2456234.53026	18.174	0.055999999999999994
2456239.5164799998	18.107	0.047
2456334.85933	18.131	0.036000000000000004
2456334.8934299997	18.135	0.055999999999999994
2456335.87084	18.163	0.032
2456337.88318	18.215	0.036000000000000004
2456338.86077	18.189	0.037000000000000005
2456339.87717	18.184	0.027000000000000003
2456340.8873	18.154	0.032
2456344.8333900003	18.22	0.03
2456345.84905	18.182000000000002	0.032
2456347.85556	18.183	0.034
2456348.84958	18.14	0.033
2456350.87043	18.156	0.034
2456351.87087	18.151	0.037000000000000005
2456352.86673	18.214000000000002	0.034
2456353.84209	18.15	0.033
2456354.8571900004	18.188	0.034
2456358.86282	18.102	0.033
2456360.84827	18.115	0.027000000000000003
2456361.8338099997	18.19	0.03
2456362.8316599997	18.148	0.03
2456362.8577	18.128	0.032
2456363.8275	18.173	0.037000000000000005
2456367.84638	18.168	0.027000000000000003
2456368.78248	18.211	0.033
2456368.8747900003	18.16	0.028999999999999998
2456369.81397	18.125	0.027000000000000003
2456370.7662299997	18.207	0.033
2456370.86061	18.186	0.03
2456371.78193	18.172	0.027000000000000003
2456371.86969	18.136	0.023
2456372.77468	18.136	0.032
2456372.86323	18.174	0.028999999999999998
2456373.79126	18.235	0.04
2456373.8802099996	18.169	0.033
2456374.79776	18.160999999999998	0.039
2456374.88689	18.133	0.028999999999999998
2456375.79426	18.155	0.03
2456375.9031	18.115	0.023
2456376.8182200002	18.183	0.033
2456376.89992	18.149	0.026000000000000002
2456377.83018	18.177	0.026000000000000002
2456377.91241	18.137999999999998	0.027000000000000003
2456378.8256200003	18.149	0.026000000000000002
2456378.90625	18.141	0.026000000000000002
2456379.8117400003	18.1	0.03
2456379.8977900003	18.175	0.034
2456380.8027	18.127	0.028999999999999998
2456380.8263	18.127	0.03
2456380.91303	18.175	0.03
2456381.83392	18.21	0.028999999999999998
2456381.91365	18.131	0.028999999999999998
2456382.81841	18.189	0.04
2456382.89964	18.195999999999998	0.042
2456387.71753	18.12	0.039
2456387.80314	18.144000000000002	0.028999999999999998
2456387.88196	18.19	0.034
2456388.72248	18.222	0.039
2456388.82418	18.185	0.03
2456389.7135400004	18.17	0.046
2456389.8144	18.143	0.028999999999999998
2456389.8945	18.15	0.032
2456390.7587599996	18.148	0.028999999999999998
2456390.8451	18.160999999999998	0.03
2456391.73204	18.158	0.04
2456393.72828	18.13	0.036000000000000004
2456394.87451	18.114	0.034
2456395.83703	18.112000000000002	0.024
2456396.78369	18.2	0.024
2456397.72441	18.218	0.028999999999999998
2456397.90086	18.185	0.027000000000000003
2456398.8316599997	18.162	0.027000000000000003
2456399.73753	18.131	0.036000000000000004
2456400.70371	18.176	0.028999999999999998
2456400.91487	18.142	0.032
2456401.84728	18.088	0.024
2456402.76741	18.122	0.033
2456403.68597	18.098	0.03
2456403.8479299997	18.107	0.027000000000000003
2456404.77479	18.183	0.03
2456404.7935200003	18.035999999999998	0.032
2456405.8311400004	18.15	0.034
2456406.80584	18.18	0.042
2456407.73969	18.16	0.039
2456407.91545	18.077	0.037000000000000005
2456409.7855599998	18.136	0.054000000000000006
2456415.75096	18.21	0.046
2456415.93075	18.19	0.043
2456416.8284400003	18.123	0.026000000000000002
2456417.74194	18.12	0.032
2456417.91685	18.119	0.032
2456418.76364	18.223	0.032
2456418.9385599997	18.052	0.044000000000000004
2456419.82712	18.152	0.03
2456420.67964	18.157	0.027000000000000003
2456420.85161	18.131	0.024
2456421.88057	18.095	0.032
2456422.83773	18.183	0.052000000000000005
2456423.80227	18.172	0.032
2456424.64256	18.171	0.034
2456424.8363799998	18.136	0.027000000000000003
2456426.68317	18.229	0.027000000000000003
2456426.92353	18.139	0.028999999999999998
2456428.72304	18.137	0.033
2456428.91121	18.18	0.04
2456431.7211599997	18.136	0.033
2456431.89674	18.23	0.037000000000000005
2456432.7464	18.173	0.039
2456432.9185	18.151	0.032
2456433.73254	18.259	0.037000000000000005
2456434.6438	18.180999999999997	0.042
2456434.8284400003	18.236	0.034
2456435.67441	18.168	0.036000000000000004
2456435.8623	18.074	0.03
2456436.66129	18.133	0.036000000000000004
2456436.8508	18.189	0.036000000000000004
2456437.94742	18.204	0.102
2456441.70756	18.133	0.043
2456441.88967	18.177	0.053
2456442.66593	18.168	0.034
2456442.85015	18.169	0.028999999999999998
2456443.64682	18.17	0.026000000000000002
2456443.7798099997	18.104	0.036000000000000004
2456444.71931	18.109	0.032
2456444.86999	18.164	0.036000000000000004
2456445.6872400003	18.166	0.028999999999999998
2456445.88185	18.178	0.042
2456446.66107	18.145	0.026000000000000002
2456446.8511799998	18.163	0.027000000000000003
2456447.63499	18.16	0.028999999999999998
2456447.82221	18.142	0.027000000000000003
2456448.58479	18.165	0.036000000000000004
2456448.7684299997	18.202	0.026000000000000002
2456448.93431	18.174	0.043
2456449.70865	18.165	0.027000000000000003
2456449.89261	18.111	0.053
2456450.66135	18.187	0.027000000000000003
2456450.8435	18.137999999999998	0.03
2456451.61025	18.133	0.033
2456451.79538	18.158	0.028999999999999998
2456452.57192	18.105999999999998	0.028999999999999998
2456452.80749	18.159000000000002	0.024
2456454.58341	18.133	0.03
2456454.7680599997	18.123	0.027000000000000003
2456455.54024	18.192	0.034
2456456.55117	18.179000000000002	0.026000000000000002
2456456.73528	18.143	0.023
2456457.68719	18.186	0.026000000000000002
2456457.87319	18.224	0.03
2456458.6571299997	18.133	0.034
2456458.84157	18.137999999999998	0.03
2456459.61089	18.17	0.03
2456459.8007400003	18.153	0.027000000000000003
2456460.62628	18.177	0.037000000000000005
2456461.55633	18.217	0.039
2456461.75457	18.149	0.033
2456462.62676	18.147000000000002	0.032
2456462.88722	18.084	0.039
2456463.66205	18.176	0.034
2456463.85287	18.128	0.032
2456464.6697299997	18.143	0.04
2456464.86193	18.16	0.04
2456468.68735	18.117	0.04
2456469.55719	18.195999999999998	0.046
2456469.74456	18.129	0.039
2456471.74959	18.139	0.047
2456472.73618	18.137	0.03
2456473.6874599997	18.191	0.028999999999999998
2456473.86018	18.104	0.037000000000000005
2456474.62712	18.143	0.036000000000000004
2456474.81286	18.055999999999997	0.044000000000000004
2456475.59064	18.134	0.034
2456475.7889799997	18.191	0.032
2456476.55593	18.122	0.036000000000000004
2456476.7445900002	18.098	0.03
2456477.54936	18.183	0.033
2456477.7379099997	18.147000000000002	0.034
2456478.58681	18.146	0.032
2456479.65167	18.094	0.028999999999999998
2456480.56336	18.189	0.036000000000000004
2456480.74723	18.182000000000002	0.037000000000000005
2456481.55779	18.12	0.033
2456481.80171	18.104	0.037000000000000005
2456484.4692599997	18.145	0.042
2456485.5318	18.182000000000002	0.034
2456485.7644	18.156	0.027000000000000003
2456486.50261	18.164	0.033
2456486.71143	18.201	0.033
2456487.50083	18.124000000000002	0.03
2456487.7033	18.171	0.024
2456489.53912	18.147000000000002	0.037000000000000005
2456489.7354900003	18.076	0.036000000000000004
2456490.56536	18.172	0.033
2456490.75206	18.186	0.028999999999999998
2456491.61985	18.135	0.034
2456491.81965	18.087	0.037000000000000005
2456492.66531	18.143	0.046
2456496.4888299997	18.094	0.053
2456497.5720599997	18.154	0.04
2456497.75693	18.177	0.04
2456498.58835	18.141	0.026000000000000002
2456498.76574	18.133	0.033
2456500.52709	18.197	0.05
2456501.53821	18.179000000000002	0.039
2456501.7384099998	18.12	0.036000000000000004
2456504.7533299997	18.097	0.033
2456505.68001	18.093	0.033
2456506.5704099997	18.094	0.047
2456507.64159	18.174	0.037000000000000005
2456508.57131	18.166	0.032
2456508.7631	18.125999999999998	0.027000000000000003
2456509.66871	18.137	0.024
2456510.55387	18.112000000000002	0.026000000000000002
2456510.7571799997	18.211	0.04
2456511.70628	18.123	0.028999999999999998
2456514.59497	18.114	0.026000000000000002
2456515.54677	18.185	0.027000000000000003
2456516.522	18.14	0.043
2456518.56413	18.136	0.026000000000000002
2456519.49755	18.180999999999997	0.028999999999999998
2456519.7173099997	18.12	0.032
2456523.61915	18.113	0.034
2456524.5553900003	18.146	0.033
2456525.55762	18.12	0.044000000000000004
2456526.68246	18.083	0.037000000000000005
2456529.6277900003	18.206	0.049
2456531.61607	18.125999999999998	0.03
2456532.59637	18.134	0.03
2456533.63699	18.153	0.03
2456535.5181299997	18.153	0.04
2456537.6587400003	18.111	0.04
2456539.54707	18.149	0.026000000000000002
2456541.55854	18.13	0.028999999999999998
2456543.61706	18.182000000000002	0.034
2456545.51642	18.178	0.028999999999999998
2456546.54379	18.132	0.046
2456551.56445	18.099	0.046
2456555.63914	18.168	0.047
2456558.59888	18.122	0.03
2456560.5057200002	18.175	0.046
2456561.55914	18.124000000000002	0.036000000000000004
2456563.54691	18.127	0.042
2456563.6304	18.096	0.039
2456564.5673700003	18.212	0.034
2456565.53858	18.139	0.04
2456567.5153	18.053	0.046
2456568.52062	18.252	0.052000000000000005
2456568.6096	18.070999999999998	0.042
2456569.56372	18.152	0.028999999999999998
2456570.54127	18.129	0.033
2456571.54862	18.109	0.037000000000000005
2456572.50455	18.082	0.037000000000000005
2456572.6025900003	18.209	0.043
2456573.5632700003	18.125999999999998	0.036000000000000004
2456577.54087	17.986	0.05
2456578.52522	18.124000000000002	0.044000000000000004
2456579.4895	18.132	0.053
2456580.50983	18.093	0.047
2456581.53597	18.055	0.039
2456582.56201	18.101	0.034
2456583.54678	18.084	0.05
2456584.54674	18.148	0.055999999999999994
2456585.5460200002	17.984	0.043
2456590.52704	18.189	0.05
2456590.55919	18.128	0.042
2456593.50284	18.137	0.046
2456595.52485	18.105999999999998	0.046
2456697.8863	18.102	0.034
2456699.87785	18.157	0.028999999999999998
2456701.8886	18.118	0.033
2456704.8644	18.152	0.037000000000000005
2456706.8451400003	18.006	0.033
2456708.84999	18.117	0.033
2456709.87758	18.114	0.032
2456710.89367	18.172	0.033
2456714.8815099997	18.097	0.039
2456715.89295	18.133	0.028999999999999998
2456716.89594	18.183	0.028999999999999998
2456717.89928	18.023	0.037000000000000005
2456719.81237	18.208	0.04
2456719.90712	18.145	0.042
2456720.8837599996	18.132	0.03
2456721.8626	18.146	0.03
2456722.84606	18.23	0.037000000000000005
2456723.8171200003	18.192	0.036000000000000004
2456724.80112	18.124000000000002	0.04
2456724.89702	18.178	0.043
2456725.87629	18.112000000000002	0.034
2456726.8388900002	18.119	0.032
2456727.81005	18.159000000000002	0.027000000000000003
2456727.9043400004	18.115	0.026000000000000002
2456728.8767	18.2	0.028999999999999998
2456729.8327099998	18.131	0.027000000000000003
2456730.78263	18.115	0.047
2456730.87872	18.132	0.046
2456732.79087	18.266	0.063
2456732.88555	18.195	0.04
2456733.8259099997	18.157	0.034
2456733.9145	18.25	0.042
2456734.85725	18.155	0.032
2456735.78479	18.158	0.049
2456735.8942400003	18.095	0.032
2456736.82942	18.232	0.044000000000000004
2456737.7903400003	18.194000000000003	0.034
2456737.86997	18.097	0.026000000000000002
2456738.81168	18.208	0.066
2456742.79463	18.123	0.03
2456742.88443	18.179000000000002	0.027000000000000003
2456744.8034599996	18.137999999999998	0.032
2456744.8941099998	18.102	0.027000000000000003
2456746.7938200003	18.157	0.03
2456746.88191	18.148	0.03
2456747.8973	18.137	0.028999999999999998
2456749.74296	18.188	0.034
2456751.82849	18.155	0.024
2456754.8359	18.104	0.039
2456756.89074	18.153	0.03
2456758.9314900003	18.119	0.062
2456760.8701299997	18.134	0.024
2456762.86549	18.183	0.024
2456764.7896	18.192999999999998	0.028999999999999998
2456768.73123	18.099	0.039
2456769.8583400003	18.16	0.027000000000000003
2456771.7388	18.198	0.027000000000000003
2456772.90368	18.141	0.026000000000000002
2456774.78046	18.127	0.04
2456776.72388	18.096	0.028999999999999998
2456784.69573	18.159000000000002	0.039
2456785.67093	18.131	0.027000000000000003
2456786.67924	18.148	0.028999999999999998
2456788.85346	18.223	0.036000000000000004
2456790.6985	18.093	0.036000000000000004
2456791.7549799997	18.079	0.036000000000000004
2456792.7949099997	18.15	0.037000000000000005
2456796.85704	18.137	0.032
2456797.9388900003	18.394000000000002	0.07400000000000001
2456803.80911	18.19	0.028999999999999998
2456804.8257	18.142	0.034
2456805.87453	18.183	0.039
2456807.85892	18.107	0.036000000000000004
2456808.88221	18.085	0.036000000000000004
2456809.9298400003	18.137999999999998	0.043
2456811.5667	18.191	0.057
2456813.67586	18.142	0.034
2456814.78585	18.153	0.03
2456815.8597	18.18	0.036000000000000004
2456817.5917700003	18.186	0.043
2456818.57745	18.127	0.039
2456819.8377099996	18.21	0.059000000000000004
2456824.70221	18.116	0.037000000000000005
2456825.7377	18.094	0.033
2456826.74852	18.16	0.033
2456827.81731	18.093	0.034
2456828.86208	18.162	0.034
2456829.83623	18.141	0.034
2456830.8697	18.08	0.03
2456832.6213599998	18.13	0.034
2456833.70938	18.116	0.039
2456834.7133	18.125	0.033
2456835.76563	18.097	0.04
2456836.79886	18.075	0.039
2456837.80999	18.122	0.033
2456838.81038	18.125	0.04
2456839.82444	18.1	0.043
2456841.61388	18.149	0.032
2456842.63406	18.114	0.034
2456844.6683900002	18.105	0.03
2456845.65171	18.093	0.03
2456847.62726	18.055	0.032
2456851.60079	18.034000000000002	0.042
2456855.7374	18.094	0.033
2456856.76368	18.090999999999998	0.032
2456858.47331	18.055999999999997	0.03
2456859.66073	18.033	0.032
2456863.50428	18.041	0.028999999999999998
2456864.5929799997	18.023	0.03
2456870.6938	17.938	0.033
2456873.54028	18.000999999999998	0.033
2456879.72963	17.782	0.042
2456881.69759	17.812	0.034
2456883.57208	17.840999999999998	0.023
2456886.51182	17.774	0.032
2456887.69272	17.754	0.024
2456889.6260599997	17.694000000000003	0.02
2456891.5523	17.67	0.022000000000000002
2456896.5294	17.567999999999998	0.024
2456907.50038	17.555	0.022000000000000002
2456908.54184	17.549	0.026000000000000002
2456909.60161	17.516	0.034
2456912.53559	17.587	0.023
2456915.49954	17.64	0.026000000000000002
2456921.6195900002	17.792	0.024
2456924.57487	17.81	0.028999999999999998
2456927.5723200003	17.866	0.033
2456930.6085900003	17.91	0.04
2456936.52222	18.029	0.037000000000000005
2456937.51975	17.999000000000002	0.04
2456938.51936	17.995	0.043
2456939.5443	18.006	0.046
2456940.5668	18.028	0.044000000000000004
2456942.5376	17.986	0.039
2456943.5437	18.014	0.043
2456947.50438	18.014	0.039
2456950.5433	18.067999999999998	0.052000000000000005
2456952.5071799997	18.090999999999998	0.044000000000000004
2456955.49748	17.974	0.043
2456959.5324	18.035	0.064
2457063.8672700003	18.012999999999998	0.046
2457065.86839	18.179000000000002	0.044000000000000004
2457069.8585099997	18.147000000000002	0.039
2457070.88166	18.127	0.03
2457071.89418	18.145	0.04
2457074.8547099996	18.151	0.05
2457075.83057	18.18	0.055999999999999994
2457076.8322099997	18.129	0.036000000000000004
2457077.82999	18.178	0.043
2457078.83175	18.19	0.049
2457078.89628	18.195	0.032
2457080.8431700002	18.187	0.04
2457082.81958	18.219	0.039
2457082.88733	18.19	0.032
2457083.8678900003	18.153	0.033
2457084.84774	18.156	0.039
2457085.80632	18.154	0.039
2457086.81313	18.19	0.042
2457086.8887099996	18.14	0.033
2457087.85618	18.153	0.04
2457088.8270099997	18.154	0.034
2457089.80325	18.199	0.043
2457089.8814	18.142	0.037000000000000005
2457090.8484	18.182000000000002	0.036000000000000004
2457091.79978	18.121	0.039
2457091.89105	18.148	0.033
2457092.83801	18.134	0.032
2457093.7961	18.223	0.046
2457097.81459	18.163	0.03
2457097.90257	18.139	0.026000000000000002
2457098.86224	18.169	0.028999999999999998
2457099.80388	18.155	0.03
2457099.91003	18.208	0.034
2457100.84288	18.167	0.032
2457101.79622	18.165	0.053
2457102.78145	18.195999999999998	0.043
2457102.89601	18.17	0.034
2457108.85671	18.132	0.037000000000000005
2457109.80622	18.188	0.036000000000000004
2457109.91075	18.152	0.033
2457110.8166799997	18.168	0.026000000000000002
2457111.75538	18.125999999999998	0.034
2457111.84871	18.186	0.032
2457112.74963	18.165	0.047
2457112.86394	18.144000000000002	0.034
2457114.74756	18.152	0.052000000000000005
2457116.73863	18.246	0.049
2457118.7445	18.114	0.037000000000000005
2457120.74995	18.15	0.033
2457125.89383	18.164	0.032
2457129.84437	18.151	0.027000000000000003
2457131.73497	18.177	0.032
2457133.85681	18.164	0.033
2457135.71462	18.155	0.028999999999999998
2457136.85819	18.215	0.033
2457138.68794	18.225	0.043
2457139.8470900003	18.195999999999998	0.037000000000000005
2457141.67507	18.18	0.034
2457142.78957	18.164	0.032
2457143.91997	18.173	0.033
2457145.86022	18.127	0.037000000000000005
2457146.88382	18.197	0.04
2457147.90578	18.12	0.039
2457153.76169	18.117	0.026000000000000002
2457154.8777400004	18.124000000000002	0.03
2457156.62446	18.165	0.033
2457157.88905	18.141	0.033
2457159.62615	18.174	0.033
2457160.69261	18.119	0.033
2457161.78527	18.137999999999998	0.024
2457162.8331299997	18.182000000000002	0.033
2457163.88526	18.147000000000002	0.033
2457166.66214	18.127	0.034
2457169.6348200003	18.18	0.032
2457170.66631	18.152	0.032
2457172.71312	18.128	0.032
2457173.7546900003	18.165	0.039
2457174.74381	18.128	0.033
2457176.92078	18.104	0.046
2457178.72952	18.135	0.043
2457179.71041	18.19	0.049
2457180.70574	18.156	0.034
2457181.72816	18.159000000000002	0.039
2457182.75066	18.173	0.043
2457183.7549799997	18.195	0.037000000000000005
2457184.79007	18.137	0.036000000000000004
2457185.79701	18.18	0.033
2457187.5695	18.151	0.039
2457188.58318	18.089000000000002	0.039
2457189.68181	18.156	0.033
2457190.7461	18.182000000000002	0.032
2457193.70549	18.187	0.026000000000000002
2457193.75192	18.135	0.027000000000000003
2457194.7785799997	18.183	0.033
2457197.86691	18.121	0.043
2457198.89727	18.230999999999998	0.054000000000000006
2457199.8916700003	18.136	0.04
2457202.71328	18.121	0.049
2457206.7516799998	18.079	0.04
2457207.7688599997	18.131	0.049
2457211.50781	18.176	0.054000000000000006
2457212.57698	18.123	0.028999999999999998
2457217.71587	18.19	0.037000000000000005
2457220.5310400003	18.152	0.04
2457221.5619099997	18.12	0.037000000000000005
2457222.63277	18.135	0.032
2457223.76656	18.13	0.042
2457225.51572	18.159000000000002	0.042
2457226.76071	18.145	0.039
2457227.7724900004	18.182000000000002	0.037000000000000005
2457229.5024	18.159000000000002	0.037000000000000005
2457235.7643	18.102999999999998	0.059000000000000004
2457249.6527400003	18.174	0.034
2457253.47859	18.151	0.039
2457256.49859	18.197	0.042
2457258.64782	18.14	0.042
2457263.593	18.212	0.039
2457265.5477400003	18.139	0.032
2457268.53874	18.15	0.027000000000000003
2457270.5278	18.175	0.033
2457273.53774	18.049	0.043
2457277.58317	18.195999999999998	0.039
2457283.58095	18.090999999999998	0.043
2457291.5484700003	17.98	0.054000000000000006
2457292.58091	18.207	0.062
2457293.53827	18.134	0.039
2457294.5520200003	18.096	0.049
2457295.53225	18.09	0.037000000000000005
2457296.58872	18.087	0.053
2457299.56164	18.127	0.039
2457301.49824	18.146	0.047
2457311.50759	18.146	0.032
2457312.52863	18.090999999999998	0.046
2457317.52855	18.05	0.046
2457322.50658	18.031	0.054000000000000006
2457325.49985	18.051	0.046
2457329.5233400003	18.032	0.05
2457334.50614	18.11	0.07
2457439.8405	18.094	0.052000000000000005
2457442.82651	18.158	0.046
2457446.81478	18.213	0.034
2457448.82663	18.15	0.033
2457451.9073900003	18.121	0.046
2457454.86483	18.187	0.033
2457456.8838	18.204	0.039
2457458.90247	18.160999999999998	0.032
2457462.7708	18.133	0.036000000000000004
2457464.84638	18.202	0.03
2457467.8215400004	18.139	0.037000000000000005
2457470.90693	18.151	0.034
2457472.8153	18.195999999999998	0.039
2457474.82856	18.199	0.037000000000000005
2457475.87365	18.215	0.043
2457476.78033	18.144000000000002	0.036000000000000004
2457480.78229	18.153	0.052000000000000005
2457485.73533	18.125	0.043
2457486.85268	18.121	0.036000000000000004
2457488.74816	18.189	0.032
2457491.76026	18.156	0.04
2457492.7944099996	18.155	0.028999999999999998
2457493.7819	18.192	0.028999999999999998
2457494.7781	18.171	0.03
2457495.74884	18.143	0.034
2457497.89486	18.189	0.036000000000000004
2457498.9123	18.174	0.042
2457499.85596	18.17	0.039
2457500.79647	18.147000000000002	0.046
2457507.84613	18.151	0.03
2457508.8962	18.168	0.03
2457511.74259	18.151	0.027000000000000003
2457523.89775	18.164	0.037000000000000005
2457526.91195	18.145	0.044000000000000004
2457530.72724	18.202	0.044000000000000004
2457530.78633	18.147000000000002	0.042
2457534.90477	18.206	0.047
2457536.9144599997	18.124000000000002	0.039
2457546.76638	18.133	0.033
2457547.69649	18.149	0.037000000000000005
2457549.93502	18.213	0.052000000000000005
2457550.9174900004	18.212	0.05
2457555.66126	18.158	0.033
2457557.60135	18.142	0.044000000000000004
2457561.76164	18.171	0.036000000000000004
2457566.618	18.134	0.044000000000000004
2457567.5515400004	18.219	0.047
2457567.8714799997	18.183	0.044000000000000004
2457569.563	18.149	0.034
2457570.72718	18.119	0.028999999999999998
2457575.71892	18.221	0.033
2457576.7284	18.149	0.032
2457581.71387	18.147000000000002	0.03
2457584.64836	18.185	0.04
2457589.64986	18.125	0.039
2457590.66224	18.155	0.034
2457593.6427700003	18.15	0.032
2457599.47682	18.118	0.053
2457600.68279	18.096	0.039
2457602.70709	18.197	0.037000000000000005
2457603.7499599997	18.213	0.034
2457604.75545	18.15	0.032
2457606.66494	18.149	0.037000000000000005
2457608.47903	18.171	0.04
2457609.6202599998	18.152	0.03
2457611.52889	18.187	0.042
2457612.71803	18.087	0.033
2457617.57903	18.158	0.049
2457618.69998	18.180999999999997	0.049
2457622.54623	18.154	0.028999999999999998
2457623.70576	18.135	0.04
2457625.65881	18.128	0.036000000000000004
2457630.6699599996	18.131	0.034
2457633.55518	18.133	0.046
2457636.5684700003	18.154	0.042
2457638.64981	18.14	0.03
2457645.5008	18.189	0.057
2457649.5578799997	18.148	0.03
2457652.5276099998	18.235	0.034
2457658.49188	18.070999999999998	0.037000000000000005
2457660.57336	18.125	0.044000000000000004
2457671.52262	18.111	0.063
2457675.52541	18.107	0.044000000000000004
2457681.5199700003	18.148	0.039
2457796.8851900003	18.187	0.042
2457798.8919900004	18.159000000000002	0.06
2457800.88333	18.14	0.037000000000000005
2457802.87538	18.054000000000002	0.049
2457807.89072	18.176	0.033
2457809.85591	18.118	0.043
2457810.85186	18.135	0.032
2457811.87107	18.202	0.034
2457812.90197	18.116	0.034
2457814.8718	18.175	0.032
2457815.89979	18.171	0.033
2457816.88995	18.168	0.033
2457817.88652	18.156	0.028999999999999998
2457818.8726	18.192999999999998	0.032
2457819.85238	18.18	0.032
2457820.86182	18.148	0.032
2457821.8598	18.191	0.039
2457822.8554700003	18.162	0.039
2457823.84081	18.095	0.036000000000000004
2457824.8368	18.090999999999998	0.042
2457825.82848	18.154	0.037000000000000005
2457826.78691	18.152	0.049
2457826.87665	18.192999999999998	0.047
2457827.85187	18.125	0.039
2457828.8212099997	18.129	0.036000000000000004
2457828.9105	18.178	0.034
2457830.81507	18.151	0.053
2457830.89765	18.206	0.037000000000000005
2457834.82234	18.095	0.033
2457836.85382	18.155	0.036000000000000004
2457838.8432	18.153	0.034
2457840.85158	18.158	0.032
2457842.81617	18.159000000000002	0.034
2457844.76775	18.151	0.03
2457845.90619	18.18	0.032
2457847.85988	18.201	0.037000000000000005
2457849.7848099996	18.194000000000003	0.028999999999999998
2457850.91778	18.153	0.036000000000000004
2457853.8865	18.166	0.046
2457855.76702	18.125999999999998	0.034
2457856.90073	18.118	0.057
2457858.92562	18.167	0.037000000000000005
2457863.86442	18.156	0.032
2457864.83482	18.145	0.028999999999999998
2457866.68847	18.173	0.032
2457867.81003	18.15	0.024
2457869.74771	18.18	0.03
2457870.89007	18.146	0.027000000000000003
2457872.77331	18.166	0.026000000000000002
2457873.90394	18.121	0.028999999999999998
2457875.81706	18.151	0.028999999999999998
2457876.89452	18.169	0.033
2457878.7565200003	18.135	0.03
2457879.86776	18.077	0.047
2457881.82359	18.164	0.04
2457883.80842	18.227	0.059000000000000004
2457893.7081299997	18.142	0.039
2457894.71682	18.145	0.03
2457897.65663	18.165	0.036000000000000004
2457902.58633	18.158	0.046
2457903.75745	18.147000000000002	0.04
2457904.74228	18.154	0.026000000000000002
2457905.71035	18.16	0.026000000000000002
2457906.66632	18.139	0.028999999999999998
2457907.7008599997	18.102999999999998	0.033
2457908.7813	18.194000000000003	0.037000000000000005
2457909.70244	18.121	0.032
2457910.59944	18.14	0.042
2457910.94353	18.136	0.04
2457916.55652	18.165	0.06
2457916.85585	18.199	0.063
2457917.8506099996	18.16	0.044000000000000004
2457922.60501	18.168	0.039
2457923.75698	18.125	0.042
2457924.71465	18.202	0.033
2457925.74791	18.166	0.037000000000000005
2457926.7985799997	18.158	0.04
2457932.78959	18.134	0.034
2457933.77943	18.127	0.04
2457934.7818299998	18.149	0.032
2457935.79345	18.136	0.027000000000000003
2457936.8012	18.156	0.03
2457937.77621	18.213	0.042
2457944.56777	18.137	0.04
2457945.4821200003	18.141	0.053
2457945.80313	18.153	0.037000000000000005
2457946.76495	18.146	0.036000000000000004
2457947.81715	18.156	0.05
2457948.8237400004	18.167	0.043
2457952.76922	18.23	0.042
2457953.7858599997	18.122	0.034
2457955.74382	18.183	0.03
2457956.7886099997	18.108	0.037000000000000005
2457958.7209900003	18.152	0.039
2457959.75203	18.211	0.032
2457962.54666	18.158	0.032
2457965.63363	18.198	0.034
2457966.69924	18.142	0.037000000000000005
2457971.62239	18.124000000000002	0.039
2457972.63852	18.137	0.049
2457974.533	18.148	0.034
2457979.52885	18.18	0.03
2457981.4807700003	18.114	0.049
2457982.65501	18.194000000000003	0.036000000000000004
2457984.6093099997	18.142	0.034
2457986.6502	18.185	0.03
2457990.62842	18.14	0.039
2457992.603	18.148	0.036000000000000004
2457994.57498	18.149	0.036000000000000004
2458000.52713	18.221	0.052000000000000005
2458002.54849	18.063	0.077
2458007.53355	18.137999999999998	0.036000000000000004
2458012.52734	18.185	0.032
2458015.53925	18.087	0.04
2458019.50489	18.186	0.032
2458026.54648	18.143	0.047
2458039.5193	18.11	0.043
2458041.49405	18.151	0.047
2458048.51837	18.13	0.034
2458055.51523	18.123	0.043
