2455378.71589	16.955	0.016
2455380.74214	16.971	0.013999999999999999
2455384.79346	16.945999999999998	0.02
2455388.83992	16.980999999999998	0.018000000000000002
2455392.51167	16.976	0.016
2455402.70439	16.979	0.026000000000000002
2455405.72543	16.953	0.018000000000000002
2455409.63485	16.965	0.013000000000000001
2455413.73822	16.971	0.013999999999999999
2455423.50564	16.98	0.013999999999999999
2455434.57008	16.945999999999998	0.015
2455439.66151	16.99	0.019
2455447.62793	16.974	0.015
2455453.62728	16.969	0.015
2455458.59155	16.967	0.019
2455460.54562	16.956	0.022000000000000002
2455462.50397	16.948	0.016
2455467.49067	16.972	0.018000000000000002
2455471.54181	17.007	0.016
2455473.57381	16.976	0.018000000000000002
2455480.5128200003	16.972	0.018000000000000002
2455483.49297	16.945999999999998	0.023
2455485.54208	16.982	0.019
2455488.5255	16.933	0.018000000000000002
2455494.5332400003	16.963	0.022000000000000002
2455607.88669	16.969	0.015
2455614.88338	16.976	0.015
2455620.86345	16.963	0.015
2455624.82417	16.973	0.013999999999999999
2455625.78625	16.989	0.018000000000000002
2455627.81103	16.972	0.015
2455629.79038	16.994	0.016
2455630.7829299998	16.939	0.015
2455632.78059	16.951	0.019
2455634.7645400004	16.968	0.015
2455635.83843	16.969	0.02
2455638.7585400003	16.989	0.022000000000000002
2455639.85233	16.961	0.013999999999999999
2455643.7522299998	16.958	0.016
2455650.73902	16.97	0.013999999999999999
2455655.74873	17.000999999999998	0.015
2455659.74529	16.973	0.013000000000000001
2455664.8075	16.959	0.015
2455669.79373	16.95	0.015
2455676.71664	16.993	0.011000000000000001
2455680.77636	16.952	0.015
2455683.8678	16.972	0.013999999999999999
2455687.69133	16.957	0.016
2455692.83839	16.982	0.015
2455695.66379	16.954	0.016
2455697.8476	16.953	0.015
2455707.72766	16.964000000000002	0.015
2455712.75525	16.971	0.013000000000000001
2455716.76287	16.958	0.013999999999999999
2455723.70167	16.942	0.013999999999999999
2455726.70436	16.936	0.02
2455735.87209	16.924	0.019
2455738.63623	16.961	0.013000000000000001
2455740.8273400003	16.947	0.018000000000000002
2455742.8242900004	16.980999999999998	0.013999999999999999
2455746.61425	16.976	0.013999999999999999
2455749.67187	16.975	0.016
2455760.7546200003	16.965999999999998	0.015
2455762.5433799997	16.962	0.015
2455763.5394900003	16.962	0.013999999999999999
2455765.72677	16.980999999999998	0.016
2455769.64085	16.936	0.012
2455778.58065	16.955	0.018000000000000002
2455786.68549	16.992	0.019
2455790.73797	16.96	0.018000000000000002
2455796.50678	16.964000000000002	0.015
2455804.61343	16.983	0.015
2455815.65801	16.917	0.013999999999999999
2455820.51473	16.926	0.019
2455825.50787	16.953	0.018000000000000002
2455830.5142599996	16.967	0.013000000000000001
2455834.59148	16.952	0.013999999999999999
2455842.52167	16.915	0.022000000000000002
2455846.57571	16.954	0.026000000000000002
2455856.51888	16.928	0.022000000000000002
2455977.88655	16.989	0.013999999999999999
2455986.80518	16.973	0.015
2455991.83134	16.971	0.013999999999999999
2455996.80643	16.977999999999998	0.013999999999999999
2456004.82769	16.969	0.013999999999999999
2456007.92081	16.987000000000002	0.02
2456011.7732599997	16.993	0.013999999999999999
2456014.84757	17.000999999999998	0.013000000000000001
2456017.82527	16.964000000000002	0.012
2456020.78555	16.935	0.012
2456022.91954	17.002	0.015
2456025.82824	16.96	0.015
2456033.8733200002	16.979	0.012
2456037.92667	16.980999999999998	0.018000000000000002
2456041.84055	16.961	0.015
2456048.93321	16.968	0.016
2456052.76859	16.964000000000002	0.013999999999999999
2456058.85213	16.982	0.015
2456062.70002	16.982	0.013999999999999999
2456065.65253	16.96	0.013999999999999999
2456067.75451	16.941	0.013000000000000001
2456069.87304	16.956	0.012
2456071.8395	16.967	0.013999999999999999
2456076.87819	16.96	0.013999999999999999
2456079.62984	16.96	0.013000000000000001
2456081.5833	16.963	0.019
2456086.77302	16.939	0.013000000000000001
2456089.85789	16.967	0.013000000000000001
2456094.67116	16.968	0.015
2456097.83177	16.979	0.016
2456100.69009	16.962	0.013999999999999999
2456102.6269799997	16.96	0.013999999999999999
2456104.5483	16.968	0.013000000000000001
2456106.701	16.989	0.016
2456113.8549200003	16.882	0.018000000000000002
2456113.86283	16.912	0.026000000000000002
2456116.5259	16.959	0.013000000000000001
2456117.82472	16.988	0.016
2456119.77044	16.971	0.016
2456121.77795	16.958	0.011000000000000001
2456127.72595	16.967	0.013999999999999999
2456133.54193	16.961	0.019
2456136.60069	16.942999999999998	0.02
2456136.6274200003	16.958	0.02
2456141.5121299997	16.972	0.016
2456148.53944	16.986	0.013000000000000001
2456151.7543900004	16.980999999999998	0.016
2456158.71387	16.968	0.015
2456164.59689	16.957	0.022000000000000002
2456171.51661	16.96	0.013000000000000001
2456179.6457700003	16.95	0.018000000000000002
2456184.56273	16.947	0.012
2456195.50125	16.955	0.013999999999999999
2456203.5123099997	16.985	0.016
2456211.51237	16.962	0.013999999999999999
2456218.5159400003	16.964000000000002	0.018000000000000002
2456231.51063	16.954	0.02
2456239.52096	16.977999999999998	0.02
2456348.90044	16.947	0.016
2456356.83193	16.996	0.025
2456367.8513599997	16.952	0.011000000000000001
2456371.86345	16.953	0.011000000000000001
2456372.8568	16.957	0.012
2456376.7856900003	16.973	0.013000000000000001
2456379.8434200003	16.944000000000003	0.013999999999999999
2456382.89271	16.987000000000002	0.018000000000000002
2456389.71062	16.95	0.015
2456391.90148	16.971	0.018000000000000002
2456396.7615799997	16.965	0.011000000000000001
2456399.72828	16.964000000000002	0.012
2456402.78327	16.99	0.015
2456405.92038	16.95	0.01
2456415.7157900003	16.916	0.019
2456417.90736	16.924	0.013000000000000001
2456420.69551	16.955	0.012
2456423.84606	16.965999999999998	0.013999999999999999
2456428.66337	16.948	0.018000000000000002
2456432.73612	17.003	0.013999999999999999
2456434.8454	16.987000000000002	0.015
2456436.89592	16.958	0.015
2456442.78637	16.958	0.012
2456445.87018	16.973	0.015
2456447.85211	16.948	0.013000000000000001
2456449.7869	16.958	0.013000000000000001
2456451.7193400003	16.961	0.013999999999999999
2456454.72003	16.967	0.013000000000000001
2456456.91005	16.971	0.012
2456459.6276599998	16.964000000000002	0.013000000000000001
2456461.8127599997	16.965999999999998	0.012
2456464.57766	16.926	0.018000000000000002
2456469.64095	16.957	0.013000000000000001
2456475.86195	16.969	0.02
2456478.52255	16.955	0.019
2456481.50399	16.953	0.016
2456485.7212400003	16.94	0.012
2456487.7954599997	16.945999999999998	0.011000000000000001
2456491.56296	16.941	0.015
2456499.56093	16.942	0.012
2456505.71136	16.963	0.013999999999999999
2456509.57466	16.937	0.011000000000000001
2456514.5016900003	16.967	0.015
2456525.56076	16.971	0.018000000000000002
2456532.66272	16.932000000000002	0.013000000000000001
2456539.64711	16.941	0.012
2456547.607	16.957	0.02
2456561.54889	16.974	0.015
2456568.58209	16.976	0.015
2456576.5008900003	16.953	0.027000000000000003
2456576.57055	16.958	0.016
2456577.57747	16.964000000000002	0.019
2456582.57051	16.963	0.016
2456586.54295	16.999000000000002	0.022000000000000002
2456701.86558	16.945999999999998	0.013000000000000001
2456709.8849	16.957	0.013000000000000001
2456716.8889099997	16.977999999999998	0.011000000000000001
2456720.8604599996	16.967	0.012
2456723.8941200003	16.979	0.013000000000000001
2456726.90813	16.96	0.013999999999999999
2456729.8705599997	16.939	0.011000000000000001
2456732.9057	16.99	0.013999999999999999
2456735.84025	16.961	0.013999999999999999
2456737.8900900004	16.97	0.013000000000000001
2456744.7942	16.975	0.013000000000000001
2456746.83157	16.961	0.012
2456749.91782	16.971	0.013999999999999999
2456754.88656	16.968	0.013000000000000001
2456757.71074	16.945999999999998	0.015
2456758.75924	16.987000000000002	0.013000000000000001
2456761.76409	16.973	0.013000000000000001
2456764.76084	16.957	0.012
2456769.72513	16.945999999999998	0.012
2456771.86058	16.947	0.012
2456774.7349400003	16.983	0.013999999999999999
2456777.7344400003	16.944000000000003	0.012
2456789.83439	16.980999999999998	0.013999999999999999
2456791.82102	16.968	0.02
2456796.763	16.965	0.013999999999999999
2456799.8475599997	16.945	0.02
2456804.81263	16.956	0.013999999999999999
2456807.67258	16.924	0.019
2456808.92532	16.977	0.02
2456810.86391	16.958	0.015
2456813.8410099996	16.959	0.015
2456815.82859	16.967	0.016
2456817.81379	16.953	0.019
2456819.82684	16.945999999999998	0.02
2456824.89079	16.980999999999998	0.022000000000000002
2456826.76475	16.964000000000002	0.013999999999999999
2456828.61246	16.958	0.013000000000000001
2456829.85298	16.982	0.018000000000000002
2456831.86934	16.932000000000002	0.022000000000000002
2456833.81319	16.963	0.019
2456835.72265	16.97	0.015
2456837.6000099997	16.971	0.015
2456838.83949	16.968	0.018000000000000002
2456840.75919	16.976	0.015
2456842.76635	16.945999999999998	0.015
2456845.62882	16.947	0.013999999999999999
2456847.80685	16.974	0.016
2456852.74866	16.942999999999998	0.022000000000000002
2456856.67546	16.953	0.013999999999999999
2456858.63002	16.963	0.013000000000000001
2456863.49088	16.955	0.013999999999999999
2456865.6016	16.932000000000002	0.015
2456874.5587299997	16.955	0.016
2456879.74741	16.927	0.023
2456882.69352	16.97	0.016
2456886.62634	16.965999999999998	0.013999999999999999
2456889.54783	16.965999999999998	0.015
2456895.48594	16.944000000000003	0.013999999999999999
2456907.66238	16.942999999999998	0.019
2456918.5091	16.968	0.019
2456924.5325599997	16.955	0.019
2456929.5117200003	16.936	0.018000000000000002
2456931.49133	16.913	0.025
2456932.52889	16.944000000000003	0.021
2456937.52421	16.967	0.018000000000000002
2456944.4966	16.951	0.015
2457070.88813	16.84	0.012
2457076.8511099997	16.843	0.013000000000000001
2457079.82112	16.849	0.016
2457083.84487	16.827	0.015
2457084.80406	16.839000000000002	0.018000000000000002
2457087.90693	16.807000000000002	0.016
2457091.82272	16.803	0.013999999999999999
2457098.88348	16.778	0.011000000000000001
2457101.8936799997	16.789	0.015
2457102.8713	16.782	0.015
2457111.74237	16.757	0.013000000000000001
2457115.81075	16.735	0.012
2457118.9001599997	16.742	0.013000000000000001
2457125.89554	16.71	0.012
2457130.85747	16.718	0.012
2457134.6658799998	16.71	0.015
2457136.78061	16.692	0.012
2457138.8889099997	16.69	0.012
2457141.7061	16.705	0.011000000000000001
2457143.77282	16.675	0.013000000000000001
2457143.84471	16.68	0.012
2457143.92318	16.686	0.012
2457146.7685599998	16.664	0.012
2457152.80744	16.67	0.013000000000000001
2457154.79403	16.645	0.011000000000000001
2457156.8327	16.65	0.01
2457159.64239	16.63	0.012
2457161.61501	16.694000000000003	0.012
2457162.9251900003	16.679000000000002	0.012
2457166.60605	16.679000000000002	0.015
2457169.82146	16.668	0.011000000000000001
2457172.76613	16.672	0.013999999999999999
2457174.6263099997	16.660999999999998	0.013000000000000001
2457175.91972	16.675	0.015
2457178.7986	16.685	0.013000000000000001
2457179.6535	16.707	0.016
2457180.8673	16.654	0.013000000000000001
2457182.76739	16.686	0.012
2457184.6225799997	16.660999999999998	0.013999999999999999
2457185.85673	16.671	0.015
2457187.8903	16.667	0.013000000000000001
2457189.8692	16.67	0.013000000000000001
2457194.70384	16.646	0.01
2457198.7141299997	16.685	0.013000000000000001
2457200.54672	16.691	0.013000000000000001
2457202.69986	16.705	0.015
2457207.59111	16.715	0.013999999999999999
2457211.49488	16.729	0.015
2457214.7487	16.738	0.013999999999999999
2457220.63231	16.744	0.011000000000000001
2457222.54856	16.778	0.013000000000000001
2457224.56288	16.75	0.012
2457226.73338	16.747	0.012
2457228.67386	16.77	0.013000000000000001
2457249.72601	16.805	0.016
2457255.63988	16.812	0.013999999999999999
2457263.57932	16.815	0.013000000000000001
2457267.59775	16.832	0.013999999999999999
2457270.6123599997	16.834	0.012
2457277.48511	16.836	0.015
2457293.5709	16.878	0.013999999999999999
2457311.5280299997	16.88	0.015
2457435.88688	16.968	0.019
2457440.89626	16.948	0.018000000000000002
2457447.84117	16.949	0.013999999999999999
2457453.7999400003	16.954	0.012
2457457.85732	16.95	0.013999999999999999
2457462.8081799997	16.962	0.013000000000000001
2457467.80965	16.924	0.013999999999999999
2457472.75763	16.961	0.016
2457475.79658	16.934	0.02
2457476.78812	16.963	0.012
2457484.82194	16.959	0.015
2457486.88038	16.952	0.016
2457489.80283	16.949	0.013999999999999999
2457492.88803	16.965	0.012
2457495.69375	16.955	0.015
2457498.89147	16.993	0.018000000000000002
2457500.84092	16.974	0.018000000000000002
2457508.84191	16.952	0.012
2457511.8529	16.938	0.012
2457522.93103	16.99	0.021
2457528.89103	16.958	0.019
2457534.84593	16.95	0.013999999999999999
2457545.8291	16.965999999999998	0.013999999999999999
2457547.5773400003	16.942999999999998	0.018000000000000002
2457549.64503	16.945999999999998	0.013000000000000001
2457550.84958	16.976	0.016
2457555.6645	16.962	0.013999999999999999
2457557.80872	16.977	0.016
2457561.58512	16.977	0.018000000000000002
2457566.61945	16.961	0.018000000000000002
2457567.73141	16.979	0.013999999999999999
2457569.56443	16.953	0.013999999999999999
2457576.5794	16.947	0.013999999999999999
2457581.81171	16.971	0.015
2457589.5631	16.963	0.019
2457590.79739	17.017	0.023
2457596.56167	16.967	0.012
2457601.7476	16.968	0.015
2457603.68633	16.951	0.013000000000000001
2457605.62201	16.994	0.013999999999999999
2457608.5093400003	16.968	0.013999999999999999
2457610.62482	16.963	0.013999999999999999
2457616.53732	16.95	0.016
2457618.64489	16.959	0.018000000000000002
2457623.47943	16.969	0.018000000000000002
2457625.6868	16.987000000000002	0.016
2457632.54467	16.972	0.013999999999999999
2457636.65479	16.980999999999998	0.018000000000000002
2457644.57218	16.947	0.022000000000000002
2457650.59534	16.977	0.015
2457655.54513	16.959	0.013999999999999999
2457661.53761	16.977	0.019
2457666.5337	16.98	0.016
