2455377.73526	16.197	0.01
2455378.5970900003	16.198	0.01
2455378.8566900003	16.205	0.012
2455379.77097	16.197	0.01
2455380.61601	16.192	0.01
2455380.8533	16.187	0.02
2455381.72832	16.197	0.013999999999999999
2455382.6036400003	16.202	0.013999999999999999
2455382.81096	16.199	0.013999999999999999
2455385.81358	16.195	0.009000000000000001
2455386.5164900003	16.180999999999997	0.01
2455386.59856	16.192999999999998	0.01
2455386.6830599997	16.195999999999998	0.009000000000000001
2455386.8278799998	16.202	0.009000000000000001
2455387.81093	16.19	0.01
2455388.76748	16.192	0.01
2455389.65513	16.199	0.01
2455390.60106	16.206	0.01
2455391.50641	16.195999999999998	0.012
2455391.83592	16.203	0.01
2455392.77578	16.180999999999997	0.009000000000000001
2455393.75193	16.183	0.013999999999999999
2455396.66572	16.194000000000003	0.01
2455397.7039	16.198	0.012
2455403.48397	16.187	0.01
2455403.67656	16.195	0.01
2455404.54761	16.191	0.01
2455404.74646	16.19	0.012
2455405.7602	16.207	0.012
2455407.61637	16.185	0.012
2455408.53494	16.194000000000003	0.013999999999999999
2455408.73698	16.195999999999998	0.012
2455409.73903	16.184	0.01
2455410.74271	16.187	0.01
2455411.7562	16.192999999999998	0.009000000000000001
2455412.67616	16.195	0.01
2455413.7481	16.199	0.009000000000000001
2455414.77115	16.209	0.009000000000000001
2455418.65128	16.197	0.009000000000000001
2455421.67114	16.195999999999998	0.01
2455423.48781	16.205	0.009000000000000001
2455426.50679	16.188	0.01
2455430.57738	16.201	0.012
2455431.57262	16.186	0.01
2455434.53766	16.208	0.012
2455435.50864	16.203	0.012
2455436.5072	16.194000000000003	0.012
2455438.54178	16.201	0.012
2455439.60963	16.194000000000003	0.012
2455443.62393	16.179000000000002	0.01
2455444.64956	16.192999999999998	0.01
2455446.53859	16.199	0.01
2455447.54877	16.195	0.01
2455449.4816	16.212	0.013999999999999999
2455450.5597200003	16.209	0.012
2455453.49822	16.187	0.012
2455457.59193	16.202	0.012
2455459.48166	16.183	0.01
2455460.49822	16.187	0.012
2455461.52963	16.167	0.015
2455462.5681	16.184	0.01
2455465.5392400003	16.204	0.013999999999999999
2455467.52097	16.184	0.009000000000000001
2455469.51904	16.194000000000003	0.009000000000000001
2455470.5432700003	16.198	0.01
2455471.54877	16.192999999999998	0.01
2455472.4911700003	16.189	0.012
2455472.5858299998	16.188	0.01
2455473.53188	16.197	0.01
2455476.53218	16.204	0.013999999999999999
2455478.51108	16.192	0.01
2455479.54028	16.189	0.013999999999999999
2455480.5314700003	16.191	0.012
2455481.50042	16.199	0.015
2455485.54742	16.19	0.012
2455486.5336599997	16.2	0.012
2455487.5167900003	16.192999999999998	0.01
2455488.50405	16.184	0.012
2455489.49022	16.18	0.015
2455490.49031	16.186	0.019
2455490.5473599997	16.186	0.013999999999999999
2455493.51796	16.189	0.015
2455495.50727	16.194000000000003	0.01
2455497.50677	16.195	0.012
2455499.50966	16.191	0.013999999999999999
2455504.5022	16.213	0.015
2455598.88437	16.197	0.013999999999999999
2455600.88047	16.206	0.01
2455616.8991	16.191	0.012
2455622.89836	16.197	0.009000000000000001
2455625.83207	16.19	0.009000000000000001
2455627.8254	16.195999999999998	0.01
2455628.90814	16.19	0.012
2455629.8355099997	16.192999999999998	0.01
2455631.86418	16.182000000000002	0.01
2455633.81928	16.192	0.009000000000000001
2455634.81304	16.186	0.01
2455637.84932	16.192999999999998	0.012
2455639.80794	16.195	0.01
2455639.8834599997	16.189	0.01
2455640.7904	16.188	0.012
2455640.87641	16.194000000000003	0.01
2455641.78472	16.191	0.01
2455641.9100200003	16.201	0.012
2455642.84606	16.197	0.01
2455643.77282	16.202	0.01
2455643.8708599997	16.188	0.009000000000000001
2455644.78054	16.192	0.01
2455644.89185	16.195	0.01
2455648.76242	16.185	0.01
2455648.86998	16.201	0.009000000000000001
2455649.76884	16.185	0.01
2455649.87523	16.198	0.01
2455650.7606200003	16.192999999999998	0.009000000000000001
2455650.8672	16.194000000000003	0.009000000000000001
2455651.78124	16.19	0.009000000000000001
2455651.9007599996	16.188	0.009000000000000001
2455652.82465	16.180999999999997	0.009000000000000001
2455653.7914299998	16.187	0.009000000000000001
2455654.79919	16.203	0.01
2455654.8870200003	16.185	0.009000000000000001
2455655.79523	16.19	0.009000000000000001
2455655.87992	16.188	0.009000000000000001
2455656.8314400003	16.185	0.009000000000000001
2455657.7918700003	16.189	0.009000000000000001
2455657.8783	16.180999999999997	0.009000000000000001
2455658.78871	16.197	0.01
2455658.8843099996	16.187	0.009000000000000001
2455659.74039	16.2	0.009000000000000001
2455659.81729	16.204	0.01
2455659.90801	16.184	0.009000000000000001
2455660.7918599998	16.208	0.009000000000000001
2455660.90565	16.184	0.01
2455662.78285	16.191	0.01
2455662.88279	16.187	0.009000000000000001
2455664.74478	16.205	0.012
2455664.84944	16.195999999999998	0.01
2455665.72368	16.191	0.012
2455665.8393900003	16.189	0.009000000000000001
2455665.92641	16.19	0.01
2455667.91102	16.197	0.009000000000000001
2455668.91485	16.208	0.01
2455669.90465	16.195	0.01
2455670.8843799997	16.183	0.01
2455675.76134	16.192	0.01
2455676.68761	16.189	0.006999999999999999
2455676.86565	16.192999999999998	0.009000000000000001
2455677.8049	16.184	0.01
2455679.72677	16.197	0.009000000000000001
2455679.91019	16.183	0.009000000000000001
2455680.8005	16.186	0.01
2455681.70194	16.178	0.009000000000000001
2455681.88815	16.192999999999998	0.009000000000000001
2455682.7804400004	16.189	0.009000000000000001
2455683.7354099997	16.195999999999998	0.009000000000000001
2455684.65614	16.186	0.01
2455684.87993	16.192	0.009000000000000001
2455685.8470799997	16.199	0.009000000000000001
2455686.74412	16.198	0.009000000000000001
2455686.9305	16.187	0.01
2455687.83459	16.192	0.009000000000000001
2455689.75425	16.199	0.01
2455690.7505099997	16.187	0.012
2455691.66341	16.192999999999998	0.01
2455691.86689	16.195999999999998	0.009000000000000001
2455692.7689900002	16.198	0.009000000000000001
2455692.9237	16.19	0.01
2455693.7925299997	16.194000000000003	0.009000000000000001
2455694.61224	16.176	0.01
2455694.8012200003	16.182000000000002	0.009000000000000001
2455695.61606	16.211	0.012
2455695.84144	16.192	0.009000000000000001
2455696.64695	16.192999999999998	0.01
2455696.82753	16.191	0.01
2455697.66435	16.187	0.009000000000000001
2455697.83184	16.206	0.009000000000000001
2455698.6698	16.2	0.012
2455698.83131	16.19	0.01
2455703.7647700002	16.201	0.012
2455705.7995700003	16.204	0.012
2455706.74215	16.194000000000003	0.012
2455707.62985	16.186	0.01
2455707.80407	16.195	0.009000000000000001
2455708.61072	16.173	0.012
2455708.8065400003	16.191	0.01
2455709.65404	16.207	0.009000000000000001
2455712.71039	16.182000000000002	0.009000000000000001
2455712.8793900004	16.197	0.01
2455714.58807	16.185	0.01
2455715.65715	16.201	0.009000000000000001
2455715.83598	16.185	0.009000000000000001
2455716.73205	16.189	0.01
2455716.89436	16.192999999999998	0.012
2455721.8067400004	16.22	0.009000000000000001
2455722.63289	16.192	0.009000000000000001
2455722.8342	16.192	0.009000000000000001
2455723.71152	16.192999999999998	0.009000000000000001
2455723.86926	16.179000000000002	0.01
2455724.75269	16.186	0.01
2455725.6864	16.199	0.009000000000000001
2455726.5802700003	16.205	0.012
2455726.75468	16.205	0.01
2455734.73954	16.205	0.012
2455735.66646	16.195	0.01
2455735.86889	16.19	0.01
2455736.60753	16.195	0.009000000000000001
2455736.82018	16.203	0.009000000000000001
2455737.6162400004	16.195	0.009000000000000001
2455737.79293	16.192999999999998	0.009000000000000001
2455738.6331700003	16.201	0.009000000000000001
2455739.53113	16.203	0.01
2455739.7166	16.208	0.01
2455740.50458	16.2	0.012
2455740.7136	16.205	0.01
2455740.88445	16.192999999999998	0.012
2455741.64515	16.19	0.01
2455741.8245	16.2	0.01
2455742.58042	16.197	0.01
2455742.75759	16.199	0.009000000000000001
2455743.63	16.195999999999998	0.012
2455743.8070099996	16.195	0.01
2455744.5650299997	16.195999999999998	0.01
2455744.78156	16.201	0.01
2455745.56158	16.209	0.013999999999999999
2455745.7400700003	16.184	0.01
2455746.58622	16.187	0.009000000000000001
2455746.7681299997	16.203	0.01
2455747.66206	16.194000000000003	0.01
2455748.63335	16.195999999999998	0.009000000000000001
2455749.60591	16.197	0.01
2455749.77151	16.209	0.01
2455753.55661	16.236	0.017
2455759.81033	16.194000000000003	0.012
2455760.56261	16.203	0.012
2455760.75177	16.207	0.009000000000000001
2455761.56587	16.208	0.01
2455762.60757	16.19	0.01
2455763.47787	16.199	0.01
2455763.6644	16.188	0.009000000000000001
2455764.48232	16.197	0.01
2455764.65644	16.195	0.009000000000000001
2455765.52777	16.19	0.01
2455765.7238	16.204	0.01
2455766.60117	16.194000000000003	0.009000000000000001
2455767.47449	16.22	0.013999999999999999
2455767.67337	16.192999999999998	0.009000000000000001
2455768.5155700003	16.198	0.01
2455768.71552	16.174	0.009000000000000001
2455769.5418700003	16.2	0.009000000000000001
2455769.75617	16.19	0.009000000000000001
2455775.62272	16.188	0.01
2455776.7055099998	16.186	0.01
2455777.63589	16.191	0.009000000000000001
2455778.54549	16.213	0.012
2455779.6856	16.192999999999998	0.009000000000000001
2455785.49108	16.195	0.013999999999999999
2455785.69992	16.201	0.012
2455786.64455	16.198	0.01
2455787.47963	16.194000000000003	0.01
2455787.67725	16.189	0.01
2455788.59801	16.195999999999998	0.01
2455790.47639	16.197	0.012
2455790.6583	16.201	0.01
2455793.4777900004	16.191	0.012
2455793.66464	16.197	0.01
2455794.57681	16.192999999999998	0.01
2455795.57009	16.189	0.012
2455796.531	16.192999999999998	0.009000000000000001
2455798.6770900004	16.214000000000002	0.012
2455801.63759	16.195999999999998	0.012
2455803.5260099997	16.203	0.01
2455804.62304	16.195	0.01
2455805.58497	16.19	0.009000000000000001
2455806.6272400003	16.209	0.01
2455812.52607	16.208	0.015
2455813.50639	16.199	0.01
2455813.6638700003	16.192	0.009000000000000001
2455815.64403	16.195999999999998	0.01
2455816.61571	16.184	0.012
2455817.61745	16.202	0.012
2455818.5983700003	16.198	0.012
2455819.60605	16.183	0.009000000000000001
2455820.58399	16.197	0.01
2455822.5428299997	16.189	0.012
2455822.63149	16.191	0.01
2455823.56291	16.188	0.01
2455824.48703	16.202	0.012
2455824.58403	16.176	0.01
2455825.5035099997	16.203	0.012
2455825.59999	16.192	0.01
2455826.52425	16.192999999999998	0.01
2455826.61086	16.195	0.012
2455827.5487	16.213	0.012
2455827.62875	16.215	0.013999999999999999
2455828.56193	16.184	0.009000000000000001
2455829.48591	16.195	0.012
2455829.5726	16.192999999999998	0.009000000000000001
2455830.50983	16.204	0.009000000000000001
2455830.58566	16.197	0.01
2455831.55766	16.194000000000003	0.009000000000000001
2455832.49034	16.19	0.009000000000000001
2455832.58233	16.195999999999998	0.01
2455833.5389799997	16.195	0.009000000000000001
2455834.48784	16.189	0.009000000000000001
2455834.57605	16.201	0.009000000000000001
2455835.5691400003	16.204	0.013999999999999999
2455836.55372	16.189	0.012
2455839.50502	16.194000000000003	0.012
2455839.58049	16.202	0.013999999999999999
2455840.53601	16.185	0.01
2455840.6213599998	16.184	0.012
2455841.55467	16.187	0.012
2455842.51708	16.212	0.013999999999999999
2455842.60158	16.182000000000002	0.013999999999999999
2455842.6126599996	16.217	0.015
2455843.5594599997	16.21	0.012
2455844.50293	16.192	0.01
2455844.5832599998	16.211	0.015
2455845.54312	16.191	0.012
2455846.5071400004	16.204	0.013999999999999999
2455846.58404	16.202	0.017
2455847.55987	16.197	0.015
2455850.53076	16.195	0.009000000000000001
2455851.4923900003	16.202	0.01
2455851.57031	16.178	0.01
2455852.52195	16.2	0.012
2455854.51223	16.187	0.012
2455855.49632	16.205	0.017
2455856.4993	16.22	0.012
2455857.51485	16.182000000000002	0.015
2455859.5219799997	16.192999999999998	0.01
2455860.53508	16.205	0.012
2455862.50001	16.191	0.01
2455866.51536	16.172	0.017
2455867.5188599997	16.19	0.01
2455868.51985	16.214000000000002	0.017
2455869.51078	16.192	0.012
2455870.5164400004	16.208	0.01
2455971.86297	16.218	0.009000000000000001
2455976.86995	16.191	0.009000000000000001
2455977.86887	16.2	0.009000000000000001
2455978.8793599997	16.184	0.009000000000000001
2455979.88385	16.197	0.01
2455982.82647	16.2	0.01
2455983.83457	16.19	0.009000000000000001
2455984.83115	16.192999999999998	0.009000000000000001
2455985.81667	16.215999999999998	0.01
2455985.8938	16.18	0.009000000000000001
2455986.86978	16.204	0.009000000000000001
2455987.8462	16.187	0.009000000000000001
2455988.83629	16.205	0.01
2455989.81713	16.203	0.009000000000000001
2455989.89688	16.195999999999998	0.01
2455990.86458	16.207	0.009000000000000001
2455991.83908	16.188	0.009000000000000001
2455992.81021	16.205	0.01
2455993.7986	16.212	0.013999999999999999
2455993.87628	16.194000000000003	0.01
2455994.84466	16.21	0.01
2455995.79724	16.188	0.009000000000000001
2455995.8699	16.205	0.009000000000000001
2455996.81256	16.205	0.009000000000000001
2455996.89688	16.182000000000002	0.009000000000000001
2455997.8446400003	16.194000000000003	0.01
2455998.79468	16.188	0.01
2455998.88515	16.188	0.009000000000000001
2455999.81743	16.2	0.009000000000000001
2455999.90419	16.195	0.009000000000000001
2456003.90086	16.203	0.01
2456004.8355900003	16.189	0.009000000000000001
2456005.76259	16.19	0.009000000000000001
2456005.85217	16.194000000000003	0.009000000000000001
2456006.77588	16.191	0.009000000000000001
2456006.87967	16.195999999999998	0.009000000000000001
2456007.78322	16.21	0.009000000000000001
2456007.87836	16.195999999999998	0.009000000000000001
2456008.7765099998	16.195999999999998	0.009000000000000001
2456008.87317	16.199	0.009000000000000001
2456009.77819	16.19	0.009000000000000001
2456009.87353	16.201	0.009000000000000001
2456010.7691	16.202	0.009000000000000001
2456010.86812	16.201	0.009000000000000001
2456011.74954	16.192999999999998	0.01
2456011.87366	16.195	0.01
2456012.7725299997	16.191	0.009000000000000001
2456012.8714799997	16.195999999999998	0.006999999999999999
2456013.76825	16.187	0.009000000000000001
2456013.86857	16.185	0.009000000000000001
2456014.74455	16.202	0.01
2456014.84276	16.195999999999998	0.009000000000000001
2456014.9221	16.209	0.019
2456015.8002400002	16.198	0.006999999999999999
2456015.88974	16.19	0.009000000000000001
2456016.78126	16.209	0.009000000000000001
2456016.88428	16.201	0.009000000000000001
2456017.76931	16.194000000000003	0.009000000000000001
2456017.84691	16.199	0.006999999999999999
2456018.83608	16.19	0.009000000000000001
2456019.73592	16.189	0.01
2456019.83307	16.203	0.009000000000000001
2456019.9097700003	16.195999999999998	0.009000000000000001
2456020.76797	16.198	0.009000000000000001
2456020.86293	16.197	0.009000000000000001
2456021.7238	16.224	0.012
2456021.80081	16.19	0.009000000000000001
2456021.89775	16.187	0.009000000000000001
2456022.7494	16.186	0.01
2456022.82664	16.192999999999998	0.01
2456022.92573	16.189	0.01
2456023.78354	16.185	0.009000000000000001
2456023.86555	16.195999999999998	0.009000000000000001
2456024.74083	16.183	0.01
2456024.8415099997	16.205	0.009000000000000001
2456025.7155	16.208	0.012
2456025.79581	16.201	0.012
2456025.90208	16.189	0.01
2456031.79591	16.180999999999997	0.009000000000000001
2456032.72551	16.195999999999998	0.009000000000000001
2456032.9057299998	16.19	0.009000000000000001
2456033.85678	16.198	0.009000000000000001
2456034.78566	16.189	0.009000000000000001
2456036.7011599997	16.192	0.009000000000000001
2456036.92034	16.194000000000003	0.009000000000000001
2456037.8837599996	16.198	0.009000000000000001
2456038.8456099997	16.202	0.009000000000000001
2456039.8304	16.194000000000003	0.01
2456040.80589	16.2	0.009000000000000001
2456041.75668	16.194000000000003	0.01
2456045.8974900004	16.204	0.009000000000000001
2456047.72088	16.197	0.009000000000000001
2456047.9144200003	16.192	0.009000000000000001
2456048.84558	16.204	0.009000000000000001
2456049.7621	16.204	0.006999999999999999
2456050.65901	16.192	0.012
2456050.84718	16.186	0.009000000000000001
2456052.65668	16.180999999999997	0.01
2456052.83184	16.189	0.009000000000000001
2456053.6883900003	16.19	0.01
2456053.87879	16.195999999999998	0.01
2456058.71884	16.201	0.01
2456058.89053	16.195	0.009000000000000001
2456059.77504	16.195	0.009000000000000001
2456060.78111	16.203	0.009000000000000001
2456061.67445	16.195	0.01
2456061.85294	16.192	0.009000000000000001
2456062.72329	16.207	0.01
2456062.9011	16.19	0.009000000000000001
2456063.88067	16.189	0.009000000000000001
2456064.81915	16.203	0.009000000000000001
2456065.64945	16.2	0.01
2456065.82842	16.197	0.009000000000000001
2456066.75257	16.201	0.009000000000000001
2456066.92606	16.191	0.009000000000000001
2456067.72789	16.194000000000003	0.009000000000000001
2456067.90545	16.199	0.009000000000000001
2456068.74423	16.19	0.009000000000000001
2456069.7063700003	16.203	0.006999999999999999
2456069.89528	16.21	0.009000000000000001
2456070.69353	16.206	0.009000000000000001
2456070.8705	16.197	0.009000000000000001
2456071.6693599997	16.194000000000003	0.009000000000000001
2456071.84901	16.192	0.009000000000000001
2456075.64932	16.198	0.009000000000000001
2456075.83273	16.209	0.009000000000000001
2456076.69075	16.204	0.009000000000000001
2456076.8750400003	16.184	0.009000000000000001
2456077.8209700002	16.195	0.009000000000000001
2456078.62385	16.188	0.01
2456078.80445	16.217	0.009000000000000001
2456079.6016700002	16.198	0.009000000000000001
2456079.79164	16.215	0.009000000000000001
2456080.5718900003	16.183	0.01
2456080.73655	16.194000000000003	0.009000000000000001
2456080.91798	16.194000000000003	0.009000000000000001
2456081.68431	16.209	0.009000000000000001
2456081.86742	16.186	0.01
2456082.6759099998	16.189	0.015
2456082.87845	16.195999999999998	0.017
2456085.68544	16.192999999999998	0.01
2456085.85163	16.197	0.013999999999999999
2456086.62462	16.219	0.009000000000000001
2456086.80992	16.189	0.009000000000000001
2456087.60359	16.203	0.009000000000000001
2456088.57581	16.192999999999998	0.009000000000000001
2456089.6562900003	16.209	0.009000000000000001
2456089.87255	16.197	0.009000000000000001
2456092.76984	16.195999999999998	0.009000000000000001
2456093.6064400002	16.2	0.01
2456093.8048900003	16.2	0.012
2456094.6557	16.19	0.009000000000000001
2456094.83029	16.192	0.009000000000000001
2456096.64997	16.202	0.009000000000000001
2456096.84416	16.204	0.01
2456097.77839	16.187	0.01
2456098.56782	16.195999999999998	0.012
2456098.75075	16.195	0.009000000000000001
2456099.62971	16.192	0.01
2456100.60052	16.192999999999998	0.01
2456100.7749099997	16.192	0.012
2456101.55207	16.203	0.01
2456101.7297	16.195	0.009000000000000001
2456102.51498	16.205	0.012
2456102.6902400004	16.201	0.009000000000000001
2456102.84795	16.185	0.01
2456103.59894	16.194000000000003	0.009000000000000001
2456103.8036700003	16.212	0.009000000000000001
2456104.59533	16.199	0.009000000000000001
2456104.76166	16.2	0.009000000000000001
2456105.51904	16.212	0.012
2456105.70909	16.195999999999998	0.01
2456108.51901	16.177	0.01
2456108.70409	16.207	0.009000000000000001
2456108.86338	16.19	0.009000000000000001
2456109.6943599996	16.188	0.012
2456109.8517	16.19	0.01
2456113.65805	16.197	0.01
2456113.81336	16.2	0.01
2456114.67298	16.189	0.01
2456114.83954	16.195	0.01
2456115.6115	16.201	0.009000000000000001
2456116.48291	16.198	0.009000000000000001
2456116.66131	16.2	0.009000000000000001
2456116.82733	16.204	0.009000000000000001
2456117.63154	16.204	0.009000000000000001
2456117.79781	16.2	0.009000000000000001
2456118.5734	16.186	0.009000000000000001
2456118.7601099997	16.204	0.009000000000000001
2456119.5371	16.188	0.01
2456119.71325	16.2	0.009000000000000001
2456120.55075	16.198	0.01
2456120.74742	16.186	0.009000000000000001
2456121.5408099997	16.19	0.009000000000000001
2456121.7099	16.185	0.006999999999999999
2456123.57904	16.194000000000003	0.009000000000000001
2456123.75523	16.19	0.01
2456124.5606299997	16.197	0.009000000000000001
2456124.76672	16.206	0.009000000000000001
2456125.5737099997	16.183	0.009000000000000001
2456125.77476	16.195999999999998	0.009000000000000001
2456126.6063099997	16.192999999999998	0.01
2456127.50729	16.206	0.01
2456128.5309	16.203	0.009000000000000001
2456128.7664	16.204	0.009000000000000001
2456131.58843	16.186	0.006999999999999999
2456132.62537	16.199	0.01
2456133.56776	16.201	0.009000000000000001
2456133.7741099996	16.195999999999998	0.01
2456134.69015	16.2	0.01
2456135.6757900002	16.199	0.01
2456136.47954	16.197	0.012
2456136.4952	16.192	0.012
2456136.56164	16.212	0.013999999999999999
2456136.59221	16.194000000000003	0.012
2456136.60347	16.213	0.013999999999999999
2456136.61838	16.201	0.012
2456136.6229	16.198	0.012
2456136.63013	16.195999999999998	0.012
2456136.65337	16.186	0.01
2456136.6625200002	16.192999999999998	0.01
2456136.67752	16.191	0.01
2456136.69772	16.201	0.009000000000000001
2456136.71428	16.2	0.01
2456136.7240299997	16.209	0.013999999999999999
2456136.75073	16.202	0.012
2456136.76375	16.187	0.012
2456136.76604	16.212	0.012
2456136.76995	16.204	0.012
2456136.78207	16.218	0.013999999999999999
2456140.49993	16.197	0.012
2456140.64831	16.195999999999998	0.012
2456140.69238	16.189	0.012
2456141.49672	16.206	0.01
2456141.66989	16.185	0.01
2456142.53635	16.192999999999998	0.01
2456147.54219	16.197	0.01
2456148.48391	16.2	0.009000000000000001
2456148.66657	16.207	0.006999999999999999
2456150.52477	16.192	0.01
2456151.5286	16.2	0.012
2456151.6910200003	16.215	0.01
2456152.56637	16.199	0.01
2456154.51449	16.177	0.01
2456157.66353	16.195999999999998	0.009000000000000001
2456158.6054	16.192	0.009000000000000001
2456159.50991	16.211	0.012
2456160.4915	16.192	0.01
2456160.6869200002	16.198	0.009000000000000001
2456160.69966	16.195999999999998	0.009000000000000001
2456161.59581	16.198	0.01
2456164.58329	16.192	0.01
2456166.64232	16.178	0.01
2456167.57681	16.194000000000003	0.012
2456168.57997	16.189	0.009000000000000001
2456169.58285	16.185	0.009000000000000001
2456171.53664	16.202	0.009000000000000001
2456172.4956	16.201	0.006999999999999999
2456172.67788	16.201	0.01
2456174.6354900002	16.198	0.012
2456175.62371	16.204	0.009000000000000001
2456179.61641	16.215999999999998	0.012
2456180.60372	16.218	0.012
2456181.5616	16.199	0.009000000000000001
2456182.56959	16.189	0.009000000000000001
2456183.62055	16.188	0.009000000000000001
2456185.56875	16.187	0.009000000000000001
2456186.5783599997	16.212	0.01
2456190.61584	16.185	0.01
2456195.48074	16.178	0.01
2456195.5729900002	16.195	0.009000000000000001
2456196.48345	16.202	0.01
2456196.5704900003	16.199	0.01
2456197.4838900003	16.189	0.012
2456197.5718799997	16.199	0.01
2456198.59143	16.215	0.013999999999999999
2456200.61158	16.180999999999997	0.013999999999999999
2456202.5520099998	16.178	0.012
2456203.54621	16.222	0.01
2456204.4931099997	16.192	0.01
2456204.5764200003	16.188	0.009000000000000001
2456205.51935	16.183	0.009000000000000001
2456205.59962	16.199	0.009000000000000001
2456208.54027	16.187	0.012
2456210.49377	16.204	0.01
2456210.5708	16.194000000000003	0.009000000000000001
2456211.52075	16.203	0.009000000000000001
2456212.52011	16.188	0.009000000000000001
2456212.5896400004	16.195	0.01
2456213.5492599998	16.208	0.01
2456214.5296400003	16.217	0.01
2456216.52929	16.191	0.01
2456217.56195	16.178	0.009000000000000001
2456218.53736	16.204	0.012
2456223.51368	16.208	0.012
2456224.5007	16.213	0.013999999999999999
2456226.53466	16.204	0.015
2456231.5358599997	16.198	0.015
2456234.50992	16.219	0.012
2456238.5386099997	16.178	0.012
2456334.8904	16.188	0.01
2456335.8678200003	16.19	0.009000000000000001
2456337.88015	16.2	0.01
2456338.85772	16.202	0.01
2456339.86418	16.207	0.009000000000000001
2456345.83399	16.195	0.009000000000000001
2456347.84275	16.19	0.009000000000000001
2456348.83672	16.207	0.009000000000000001
2456349.84889	16.222	0.01
2456350.8492099997	16.201	0.01
2456351.85244	16.192999999999998	0.009000000000000001
2456352.85214	16.195	0.009000000000000001
2456353.82718	16.204	0.009000000000000001
2456354.84306	16.2	0.009000000000000001
2456358.84554	16.199	0.009000000000000001
2456360.8357	16.189	0.006999999999999999
2456361.82132	16.192999999999998	0.009000000000000001
2456361.90174	16.202	0.009000000000000001
2456362.84413	16.192999999999998	0.009000000000000001
2456363.81306	16.197	0.009000000000000001
2456367.82345	16.194000000000003	0.006999999999999999
2456367.91028	16.182000000000002	0.009000000000000001
2456368.86161	16.204	0.009000000000000001
2456369.80081	16.192999999999998	0.009000000000000001
2456369.89862	16.205	0.009000000000000001
2456370.84385	16.204	0.009000000000000001
2456371.76877	16.208	0.009000000000000001
2456371.85692	16.180999999999997	0.006999999999999999
2456372.76166	16.2	0.009000000000000001
2456372.85025	16.197	0.009000000000000001
2456373.7784599997	16.192999999999998	0.009000000000000001
2456373.86717	16.189	0.01
2456374.7823099997	16.175	0.009000000000000001
2456374.87352	16.199	0.009000000000000001
2456375.78141	16.199	0.009000000000000001
2456375.88877	16.203	0.009000000000000001
2456376.79552	16.207	0.009000000000000001
2456376.88688	16.185	0.006999999999999999
2456377.81691	16.203	0.006999999999999999
2456377.89729	16.204	0.006999999999999999
2456378.81249	16.230999999999998	0.006999999999999999
2456378.89298	16.195999999999998	0.006999999999999999
2456379.78914	16.209	0.01
2456379.88019	16.21	0.009000000000000001
2456380.78987	16.198	0.009000000000000001
2456380.89421	16.191	0.009000000000000001
2456381.82102	16.185	0.009000000000000001
2456381.90007	16.204	0.009000000000000001
2456382.80475	16.195	0.009000000000000001
2456382.88462	16.217	0.01
2456386.7963900003	16.191	0.009000000000000001
2456386.80485	16.185	0.009000000000000001
2456386.81044	16.198	0.009000000000000001
2456386.81924	16.191	0.009000000000000001
2456386.82585	16.204	0.009000000000000001
2456386.84329	16.202	0.009000000000000001
2456386.8569400003	16.189	0.009000000000000001
2456386.86687	16.201	0.009000000000000001
2456386.87511	16.204	0.009000000000000001
2456386.88358	16.197	0.009000000000000001
2456386.89188	16.222	0.009000000000000001
2456386.9012700003	16.180999999999997	0.009000000000000001
2456386.9079400003	16.188	0.01
2456386.91318	16.183	0.01
2456386.92167	16.215999999999998	0.01
2456386.92875	16.178	0.017
2456387.70548	16.186	0.01
2456387.7085599997	16.19	0.01
2456387.72367	16.212	0.01
2456387.74043	16.2	0.009000000000000001
2456387.7810299997	16.191	0.009000000000000001
2456387.80505	16.204	0.009000000000000001
2456387.88895	16.204	0.009000000000000001
2456387.92378	16.19	0.012
2456388.71427	16.180999999999997	0.01
2456388.7763900002	16.195999999999998	0.009000000000000001
2456388.80471	16.2	0.009000000000000001
2456388.86626	16.195999999999998	0.009000000000000001
2456388.91364	16.203	0.009000000000000001
2456389.72438	16.186	0.01
2456389.7834900003	16.185	0.009000000000000001
2456389.8859200003	16.197	0.009000000000000001
2456390.74583	16.2	0.009000000000000001
2456390.77985	16.192999999999998	0.009000000000000001
2456390.8796599996	16.191	0.009000000000000001
2456391.70425	16.205	0.012
2456391.77323	16.198	0.009000000000000001
2456393.74662	16.192999999999998	0.009000000000000001
2456393.88635	16.204	0.01
2456394.7652	16.198	0.009000000000000001
2456394.8481900003	16.19	0.009000000000000001
2456395.81134	16.185	0.009000000000000001
2456395.89738	16.192999999999998	0.006999999999999999
2456396.75831	16.2	0.006999999999999999
2456396.7982900003	16.208	0.006999999999999999
2456397.69931	16.19	0.009000000000000001
2456397.74381	16.217	0.006999999999999999
2456397.87459	16.199	0.009000000000000001
2456398.77488	16.198	0.009000000000000001
2456398.80622	16.203	0.009000000000000001
2456399.71253	16.201	0.009000000000000001
2456399.89455	16.206	0.009000000000000001
2456400.68488	16.207	0.01
2456400.73674	16.205	0.009000000000000001
2456400.76687	16.2	0.009000000000000001
2456400.8862799997	16.201	0.009000000000000001
2456401.82138	16.195	0.009000000000000001
2456402.7327799997	16.195	0.01
2456402.90822	16.204	0.012
2456403.82211	16.188	0.006999999999999999
2456404.75738	16.218	0.009000000000000001
2456405.82766	16.209	0.009000000000000001
2456406.7618	16.207	0.009000000000000001
2456407.71447	16.226	0.01
2456407.88005	16.195999999999998	0.009000000000000001
2456408.8248799997	16.202	0.01
2456415.71263	16.194000000000003	0.012
2456415.90556	16.174	0.009000000000000001
2456416.79206	16.188	0.006999999999999999
2456417.7162900004	16.205	0.01
2456417.89017	16.197	0.009000000000000001
2456418.73866	16.208	0.009000000000000001
2456418.91267	16.197	0.009000000000000001
2456419.78939	16.204	0.009000000000000001
2456420.65468	16.215	0.009000000000000001
2456420.82572	16.185	0.006999999999999999
2456421.83458	16.195	0.009000000000000001
2456422.7760799997	16.201	0.009000000000000001
2456423.75315	16.211	0.01
2456423.9325	16.19	0.009000000000000001
2456424.80747	16.2	0.006999999999999999
2456426.65593	16.204	0.009000000000000001
2456426.8964299997	16.185	0.009000000000000001
2456427.9002099996	16.199	0.006999999999999999
2456428.69593	16.199	0.01
2456428.88451	16.195	0.009000000000000001
2456431.68499	16.212	0.01
2456431.86963	16.189	0.009000000000000001
2456432.70968	16.183	0.009000000000000001
2456432.89164	16.213	0.01
2456432.93769	16.202	0.009000000000000001
2456433.6962200003	16.189	0.009000000000000001
2456434.617	16.204	0.012
2456434.80065	16.202	0.009000000000000001
2456435.64766	16.195999999999998	0.009000000000000001
2456435.8332599998	16.187	0.009000000000000001
2456436.63366	16.202	0.009000000000000001
2456436.8228700003	16.184	0.009000000000000001
2456437.76669	16.192999999999998	0.01
2456437.9207599997	16.176	0.012
2456441.70392	16.183	0.01
2456441.86087	16.212	0.01
2456442.63923	16.206	0.009000000000000001
2456442.8236599998	16.194000000000003	0.006999999999999999
2456443.63469	16.192	0.006999999999999999
2456443.7355299997	16.202	0.009000000000000001
2456444.71119	16.182000000000002	0.01
2456444.84325	16.205	0.009000000000000001
2456445.6453	16.203	0.009000000000000001
2456445.8516700002	16.191	0.009000000000000001
2456446.6334	16.2	0.009000000000000001
2456446.8239700003	16.188	0.006999999999999999
2456447.60992	16.211	0.009000000000000001
2456447.79388	16.195999999999998	0.009000000000000001
2456448.56095	16.226	0.01
2456448.73975	16.195999999999998	0.009000000000000001
2456448.90547	16.192999999999998	0.01
2456449.6817099997	16.211	0.009000000000000001
2456449.86547	16.189	0.009000000000000001
2456450.63392	16.187	0.009000000000000001
2456450.81617	16.198	0.009000000000000001
2456451.5816099998	16.179000000000002	0.01
2456451.76848	16.184	0.009000000000000001
2456452.5465	16.2	0.009000000000000001
2456452.76013	16.208	0.009000000000000001
2456454.55438	16.204	0.01
2456454.74026	16.195	0.009000000000000001
2456454.9043	16.195	0.009000000000000001
2456455.80612	16.2	0.006999999999999999
2456456.69683	16.209	0.006999999999999999
2456456.90685	16.186	0.009000000000000001
2456457.8462099996	16.19	0.009000000000000001
2456458.62988	16.194000000000003	0.009000000000000001
2456458.81424	16.197	0.006999999999999999
2456459.58315	16.213	0.009000000000000001
2456459.7732599997	16.201	0.009000000000000001
2456460.59423	16.204	0.009000000000000001
2456460.89131	16.182000000000002	0.006999999999999999
2456461.70248	16.199	0.009000000000000001
2456462.59025	16.186	0.009000000000000001
2456462.86033	16.191	0.009000000000000001
2456463.63428	16.215	0.01
2456463.8259	16.192999999999998	0.009000000000000001
2456464.64257	16.185	0.01
2456464.8347	16.195999999999998	0.009000000000000001
2456468.6293200003	16.172	0.01
2456469.5301599996	16.201	0.01
2456469.71753	16.203	0.009000000000000001
2456471.63707	16.191	0.009000000000000001
2456472.6981099998	16.208	0.009000000000000001
2456473.64858	16.195999999999998	0.006999999999999999
2456473.833	16.178	0.009000000000000001
2456474.6003	16.183	0.01
2456474.7859799997	16.199	0.009000000000000001
2456475.56028	16.183	0.01
2456475.76195	16.188	0.009000000000000001
2456476.5288	16.195	0.01
2456476.71749	16.189	0.009000000000000001
2456477.5222099996	16.199	0.009000000000000001
2456477.71057	16.188	0.009000000000000001
2456478.56011	16.185	0.01
2456479.62228	16.208	0.01
2456480.53359	16.194000000000003	0.01
2456480.72028	16.188	0.009000000000000001
2456481.52852	16.19	0.01
2456481.77273	16.189	0.009000000000000001
2456485.50028	16.175	0.009000000000000001
2456485.73217	16.209	0.009000000000000001
2456486.47389	16.217	0.01
2456486.67385	16.199	0.009000000000000001
2456487.4720900003	16.189	0.009000000000000001
2456487.67631	16.209	0.006999999999999999
2456490.53825	16.195999999999998	0.009000000000000001
2456490.7252	16.178	0.009000000000000001
2456491.59005	16.202	0.01
2456491.7894200003	16.188	0.009000000000000001
2456492.61393	16.204	0.009000000000000001
2456492.79471	16.189	0.012
2456496.78105	16.198	0.013999999999999999
2456497.7297099996	16.198	0.01
2456498.56015	16.19	0.006999999999999999
2456498.73771	16.203	0.009000000000000001
2456499.57216	16.18	0.009000000000000001
2456500.73421	16.207	0.01
2456501.70984	16.191	0.009000000000000001
2456504.72565	16.19	0.009000000000000001
2456505.65288	16.197	0.009000000000000001
2456506.4887200003	16.172	0.012
2456506.7673299997	16.199	0.012
2456508.54278	16.205	0.009000000000000001
2456508.73605	16.192	0.009000000000000001
2456509.64138	16.202	0.006999999999999999
2456510.51692	16.197	0.009000000000000001
2456510.72757	16.204	0.009000000000000001
2456511.67246	16.198	0.009000000000000001
2456514.54145	16.198	0.009000000000000001
2456515.49462	16.195	0.009000000000000001
2456516.4821900004	16.184	0.01
2456518.5175	16.191	0.009000000000000001
2456518.72599	16.192	0.009000000000000001
2456519.68585	16.198	0.009000000000000001
2456523.59366	16.182000000000002	0.009000000000000001
2456524.52255	16.18	0.009000000000000001
2456525.52532	16.191	0.01
2456526.66702	16.194000000000003	0.01
2456529.5989	16.191	0.01
2456531.58439	16.183	0.009000000000000001
2456533.59604	16.2	0.009000000000000001
2456534.64026	16.189	0.009000000000000001
2456536.53382	16.189	0.009000000000000001
2456536.62169	16.195	0.009000000000000001
2456539.51977	16.197	0.009000000000000001
2456541.5156	16.195999999999998	0.009000000000000001
2456543.58645	16.202	0.009000000000000001
2456545.48484	16.222	0.009000000000000001
2456546.49481	16.18	0.012
2456551.48807	16.197	0.013999999999999999
2456555.60103	16.191	0.01
2456558.56843	16.19	0.009000000000000001
2456559.6206	16.197	0.01
2456561.53221	16.184	0.01
2456562.62164	16.197	0.009000000000000001
2456563.61832	16.19	0.01
2456564.55338	16.184	0.009000000000000001
2456565.52484	16.177	0.01
2456565.61512	16.189	0.009000000000000001
2456568.50214	16.188	0.013999999999999999
2456568.5924299997	16.179000000000002	0.01
2456569.55027	16.182000000000002	0.009000000000000001
2456570.52778	16.192	0.01
2456571.53464	16.197	0.01
2456572.4862	16.188	0.012
2456572.59545	16.187	0.01
2456573.54563	16.192999999999998	0.009000000000000001
2456577.5271900003	16.21	0.013999999999999999
2456578.50973	16.201	0.01
2456579.57955	16.18	0.012
2456581.52096	16.201	0.01
2456582.54189	16.189	0.009000000000000001
2456583.52911	16.203	0.012
2456584.5254900004	16.197	0.012
2456585.5287099998	16.203	0.012
2456590.52399	16.212	0.01
2456590.55612	16.192999999999998	0.01
2456593.49977	16.21	0.012
2456595.52179	16.18	0.012
2456599.50923	16.182000000000002	0.012
2456692.87799	16.195	0.009000000000000001
2456693.8700900003	16.192	0.009000000000000001
2456694.8714	16.192999999999998	0.009000000000000001
2456695.8815200003	16.191	0.009000000000000001
2456696.8745	16.202	0.009000000000000001
2456697.87098	16.188	0.009000000000000001
2456699.86283	16.197	0.006999999999999999
2456701.87428	16.186	0.009000000000000001
2456704.8517299998	16.194000000000003	0.01
2456705.8939400003	16.201	0.01
2456708.84274	16.186	0.009000000000000001
2456709.86313	16.198	0.009000000000000001
2456710.87938	16.188	0.009000000000000001
2456714.8601599997	16.199	0.01
2456715.87853	16.192999999999998	0.009000000000000001
2456716.8703	16.189	0.006999999999999999
2456717.88275	16.205	0.01
2456718.90279	16.194000000000003	0.009000000000000001
2456719.8925900003	16.182000000000002	0.009000000000000001
2456720.86933	16.205	0.006999999999999999
2456721.8482	16.211	0.01
2456722.8299	16.19	0.01
2456723.80086	16.194000000000003	0.009000000000000001
2456723.90313	16.191	0.009000000000000001
2456724.88267	16.203	0.01
2456725.8596200002	16.192	0.009000000000000001
2456726.82224	16.201	0.009000000000000001
2456727.79423	16.192	0.009000000000000001
2456727.88988	16.191	0.006999999999999999
2456728.86227	16.2	0.009000000000000001
2456729.81463	16.205	0.009000000000000001
2456729.90881	16.206	0.009000000000000001
2456730.86445	16.21	0.009000000000000001
2456731.90851	16.209	0.01
2456732.87121	16.19	0.01
2456733.80967	16.176	0.009000000000000001
2456733.90002	16.187	0.009000000000000001
2456734.84284	16.205	0.009000000000000001
2456735.7685599998	16.198	0.01
2456735.87982	16.183	0.009000000000000001
2456736.81304	16.198	0.01
2456736.91512	16.201	0.01
2456737.7760799997	16.195999999999998	0.009000000000000001
2456738.80463	16.203	0.012
2456742.77842	16.21	0.009000000000000001
2456742.87007	16.2	0.009000000000000001
2456744.78682	16.192999999999998	0.009000000000000001
2456744.87945	16.195999999999998	0.009000000000000001
2456745.78579	16.207	0.009000000000000001
2456745.8741	16.205	0.006999999999999999
2456746.77759	16.209	0.009000000000000001
2456746.86766	16.197	0.009000000000000001
2456747.88283	16.189	0.006999999999999999
2456748.90264	16.195	0.009000000000000001
2456749.8972	16.192999999999998	0.009000000000000001
2456751.74042	16.213	0.01
2456752.72492	16.177	0.009000000000000001
2456754.73534	16.186	0.01
2456754.91255	16.202	0.01
2456755.9281099997	16.215999999999998	0.01
2456756.8890299997	16.19	0.009000000000000001
2456757.8464099998	16.197	0.009000000000000001
2456758.87366	16.206	0.009000000000000001
2456759.81592	16.222	0.006999999999999999
2456760.7642200002	16.215	0.009000000000000001
2456761.71006	16.179000000000002	0.01
2456761.8806	16.209	0.006999999999999999
2456762.87836	16.199	0.006999999999999999
2456763.80244	16.208	0.009000000000000001
2456764.73371	16.21	0.009000000000000001
2456764.90801	16.191	0.006999999999999999
2456764.92261	16.198	0.006999999999999999
2456765.8410400003	16.19	0.009000000000000001
2456768.81011	16.197	0.009000000000000001
2456769.72104	16.195999999999998	0.009000000000000001
2456769.88613	16.198	0.009000000000000001
2456770.78683	16.208	0.009000000000000001
2456771.72002	16.208	0.006999999999999999
2456771.91539	16.195	0.009000000000000001
2456772.82835	16.203	0.006999999999999999
2456773.74951	16.192999999999998	0.012
2456773.9331400003	16.203	0.012
2456774.83663	16.2	0.01
2456775.82808	16.187	0.009000000000000001
2456776.7418	16.202	0.006999999999999999
2456777.7300400003	16.203	0.006999999999999999
2456777.94018	16.187	0.01
2456784.83376	16.192	0.009000000000000001
2456785.81412	16.191	0.009000000000000001
2456786.84808	16.197	0.009000000000000001
2456787.74132	16.198	0.009000000000000001
2456788.8500099997	16.192	0.01
2456789.76822	16.206	0.01
2456790.63883	16.195	0.012
2456790.80495	16.197	0.01
2456791.64585	16.203	0.013999999999999999
2456791.81773	16.206	0.01
2456792.64457	16.2	0.012
2456792.80597	16.198	0.01
2456792.9391799998	16.203	0.013999999999999999
2456796.75984	16.192	0.009000000000000001
2456796.92964	16.189	0.01
2456797.79918	16.195999999999998	0.01
2456798.77204	16.208	0.012
2456799.8603	16.199	0.012
2456803.7417599997	16.192999999999998	0.009000000000000001
2456803.90715	16.199	0.009000000000000001
2456804.6814099997	16.188	0.009000000000000001
2456804.86872	16.191	0.01
2456805.67179	16.192	0.013999999999999999
2456805.8585	16.208	0.01
2456807.6241099997	16.192	0.012
2456807.81265	16.19	0.01
2456808.6002	16.192	0.012
2456808.79041	16.195	0.009000000000000001
2456808.94719	16.186	0.017
2456809.76425	16.192999999999998	0.009000000000000001
2456810.5717599997	16.214000000000002	0.01
2456810.76185	16.201	0.009000000000000001
2456810.93126	16.187	0.012
2456811.7178	16.197	0.01
2456811.90476	16.192999999999998	0.012
2456813.78448	16.19	0.01
2456814.6031	16.192999999999998	0.012
2456814.81422	16.192999999999998	0.009000000000000001
2456815.5984400003	16.202	0.012
2456815.80148	16.191	0.01
2456816.62836	16.211	0.012
2456816.8454400003	16.198	0.009000000000000001
2456817.68633	16.195	0.01
2456817.87427	16.195999999999998	0.012
2456818.85997	16.19	0.012
2456819.6713799997	16.195	0.012
2456819.83623	16.194000000000003	0.013999999999999999
2456823.8446299997	16.194000000000003	0.01
2456824.63118	16.201	0.012
2456824.82823	16.201	0.01
2456825.60924	16.205	0.01
2456825.79617	16.202	0.01
2456826.5608200002	16.205	0.01
2456826.74698	16.191	0.01
2456827.54622	16.195999999999998	0.01
2456827.75583	16.204	0.009000000000000001
2456827.90424	16.192	0.012
2456828.6953	16.206	0.009000000000000001
2456828.88595	16.195	0.012
2456829.64557	16.199	0.01
2456829.82007	16.202	0.01
2456830.6138299997	16.191	0.009000000000000001
2456830.80054	16.205	0.009000000000000001
2456831.71616	16.192	0.009000000000000001
2456832.50649	16.203	0.01
2456832.70291	16.183	0.01
2456833.52832	16.212	0.013999999999999999
2456833.7225599997	16.199	0.01
2456834.49917	16.2	0.013999999999999999
2456834.67023	16.195	0.01
2456834.84326	16.2	0.013999999999999999
2456835.69037	16.195	0.01
2456835.84989	16.198	0.013999999999999999
2456836.65289	16.197	0.01
2456836.82681	16.203	0.01
2456837.61147	16.203	0.009000000000000001
2456837.79388	16.203	0.01
2456838.5660599996	16.221	0.012
2456838.74987	16.198	0.01
2456839.53288	16.188	0.01
2456839.72182	16.209	0.01
2456840.5359400003	16.198	0.012
2456840.7272099997	16.199	0.01
2456841.59523	16.195	0.009000000000000001
2456841.77849	16.195	0.01
2456842.58011	16.203	0.012
2456842.76334	16.2	0.01
2456844.5507	16.2	0.01
2456844.73778	16.205	0.01
2456845.48207	16.195999999999998	0.01
2456845.65025	16.19	0.009000000000000001
2456845.82021	16.192999999999998	0.01
2456847.58658	16.195999999999998	0.01
2456847.7294099997	16.185	0.009000000000000001
2456848.74167	16.203	0.009000000000000001
2456850.5214299997	16.201	0.017
2456850.56261	16.205	0.015
2456850.59582	16.194000000000003	0.013999999999999999
2456850.69428	16.188	0.015
2456850.7215400003	16.2	0.017
2456850.73735	16.19	0.017
2456850.74732	16.183	0.015
2456850.77255	16.201	0.015
2456850.79772	16.195999999999998	0.017
2456851.63208	16.199	0.017
2456851.80503	16.197	0.013999999999999999
2456852.6337	16.198	0.012
2456852.81523	16.189	0.017
2456853.6098	16.2	0.012
2456855.5942599997	16.195	0.01
2456855.78243	16.188	0.01
2456856.5765	16.189	0.009000000000000001
2456856.76222	16.195999999999998	0.01
2456857.57521	16.194000000000003	0.009000000000000001
2456857.7688599997	16.2	0.01
2456858.59967	16.192	0.009000000000000001
2456858.77496	16.195999999999998	0.01
2456859.73887	16.189	0.012
2456862.6889	16.204	0.01
2456863.53263	16.191	0.009000000000000001
2456863.72482	16.191	0.009000000000000001
2456864.5658	16.187	0.01
2456864.75701	16.19	0.01
2456866.7160099996	16.195999999999998	0.01
2456866.7554900004	16.191	0.01
2456867.64488	16.205	0.009000000000000001
2456870.71006	16.187	0.01
2456872.5326799997	16.186	0.01
2456873.49954	16.189	0.012
2456874.68051	16.192999999999998	0.01
2456879.66628	16.205	0.013999999999999999
2456880.62299	16.198	0.013999999999999999
2456881.53933	16.188	0.012
2456882.4931900003	16.194000000000003	0.01
2456882.6759	16.195	0.01
2456883.58475	16.191	0.009000000000000001
2456885.57517	16.192999999999998	0.009000000000000001
2456886.47693	16.217	0.012
2456886.67069	16.198	0.01
2456887.59425	16.204	0.009000000000000001
2456888.51743	16.195	0.009000000000000001
2456888.70528	16.205	0.012
2456889.65467	16.189	0.009000000000000001
2456890.59563	16.192	0.01
2456891.53512	16.195999999999998	0.01
2456891.70299	16.194000000000003	0.012
2456895.66378	16.205	0.009000000000000001
2456896.6269900003	16.184	0.01
2456907.48039	16.192999999999998	0.01
2456907.64674	16.192	0.012
2456908.53026	16.203	0.012
2456909.48231	16.172	0.013999999999999999
2456912.52104	16.185	0.01
2456915.53608	16.194000000000003	0.01
2456918.53386	16.189	0.012
2456919.57648	16.192999999999998	0.01
2456922.5569700003	16.195	0.01
2456923.5848	16.184	0.013999999999999999
2456924.61875	16.192999999999998	0.012
2456926.51658	16.194000000000003	0.012
2456927.57082	16.197	0.012
2456929.49353	16.198	0.012
2456930.54031	16.185	0.013999999999999999
2456936.50602	16.185	0.01
2456937.50518	16.204	0.012
2456938.50467	16.184	0.012
2456939.52815	16.191	0.012
2456940.55361	16.179000000000002	0.013999999999999999
2456942.5232700002	16.195999999999998	0.01
2456943.52888	16.205	0.013999999999999999
2456947.4892599997	16.194000000000003	0.012
2456949.52924	16.201	0.013999999999999999
2456951.55014	16.21	0.012
2456954.5334900003	16.194000000000003	0.012
2456956.5409	16.192999999999998	0.012
2457061.87586	16.192	0.01
2457062.8730099997	16.177	0.009000000000000001
2457065.8558	16.198	0.01
2457069.84575	16.188	0.012
2457070.8689900003	16.198	0.009000000000000001
2457071.88129	16.195999999999998	0.009000000000000001
2457072.88908	16.215999999999998	0.01
2457075.89495	16.203	0.012
2457076.89656	16.194000000000003	0.01
2457077.89263	16.187	0.01
2457078.8837599996	16.197	0.009000000000000001
2457080.83207	16.208	0.012
2457081.89282	16.192	0.01
2457082.87334	16.188	0.009000000000000001
2457083.85315	16.201	0.01
2457084.83335	16.189	0.01
2457085.8130799998	16.199	0.01
2457085.8961	16.192	0.009000000000000001
2457086.8742400003	16.197	0.01
2457087.84174	16.206	0.01
2457088.81018	16.201	0.01
2457088.9012599997	16.191	0.01
2457089.8667900003	16.21	0.01
2457090.83384	16.201	0.01
2457091.80435	16.209	0.01
2457091.87617	16.187	0.009000000000000001
2457092.8239	16.206	0.01
2457092.90204	16.192999999999998	0.009000000000000001
2457097.7998	16.199	0.009000000000000001
2457097.8879	16.201	0.009000000000000001
2457098.83801	16.192999999999998	0.009000000000000001
2457099.78746	16.188	0.009000000000000001
2457099.8945400002	16.198	0.01
2457100.8281900003	16.206	0.009000000000000001
2457101.80705	16.198	0.012
2457101.91659	16.199	0.015
2457102.8810799997	16.184	0.01
2457108.84171	16.209	0.01
2457109.79156	16.183	0.01
2457109.89444	16.195	0.009000000000000001
2457110.80187	16.207	0.009000000000000001
2457110.91335	16.189	0.009000000000000001
2457111.8237799997	16.194000000000003	0.009000000000000001
2457112.75586	16.189	0.012
2457112.83929	16.191	0.01
2457113.7677	16.201	0.009000000000000001
2457114.76359	16.197	0.01
2457115.73622	16.19	0.01
2457115.90535	16.197	0.009000000000000001
2457116.8790599997	16.204	0.01
2457117.84382	16.194000000000003	0.009000000000000001
2457118.89585	16.186	0.009000000000000001
2457119.8922900003	16.207	0.01
2457120.82757	16.195	0.009000000000000001
2457125.7667099996	16.212	0.012
2457126.71538	16.195999999999998	0.01
2457126.92693	16.205	0.01
2457129.8583299997	16.195	0.009000000000000001
2457130.77594	16.201	0.009000000000000001
2457131.7042400003	16.211	0.01
2457131.89073	16.192999999999998	0.009000000000000001
2457132.8084400003	16.2	0.009000000000000001
2457133.9301	16.189	0.012
2457134.82472	16.197	0.009000000000000001
2457135.74222	16.187	0.009000000000000001
2457135.9282299997	16.192	0.009000000000000001
2457136.83098	16.195999999999998	0.009000000000000001
2457137.7286900003	16.199	0.009000000000000001
2457137.91457	16.166	0.01
2457138.7884400003	16.19	0.009000000000000001
2457139.72662	16.195999999999998	0.01
2457139.90822	16.202	0.009000000000000001
2457140.78468	16.217	0.01
2457141.68829	16.205	0.009000000000000001
2457141.87481	16.183	0.009000000000000001
2457142.74332	16.197	0.009000000000000001
2457142.92781	16.195999999999998	0.01
2457143.7999299997	16.192	0.009000000000000001
2457144.68665	16.184	0.012
2457145.69124	16.160999999999998	0.012
2457145.88941	16.204	0.01
2457146.72833	16.191	0.01
2457146.86982	16.206	0.01
2457147.71056	16.188	0.012
2457147.85244	16.192999999999998	0.01
2457152.8489099997	16.186	0.009000000000000001
2457153.68653	16.201	0.009000000000000001
2457153.8509	16.187	0.009000000000000001
2457154.73045	16.191	0.009000000000000001
2457154.9196	16.204	0.009000000000000001
2457155.75696	16.195	0.009000000000000001
2457155.9424	16.19	0.012
2457156.80156	16.187	0.009000000000000001
2457157.8091	16.192	0.009000000000000001
2457158.68205	16.186	0.009000000000000001
2457158.86613	16.189	0.009000000000000001
2457159.68291	16.187	0.009000000000000001
2457159.86711	16.191	0.01
2457160.70562	16.197	0.009000000000000001
2457160.8936900003	16.214000000000002	0.009000000000000001
2457161.73316	16.203	0.009000000000000001
2457161.91877	16.195999999999998	0.009000000000000001
2457162.73527	16.189	0.009000000000000001
2457162.92215	16.203	0.01
2457163.74524	16.187	0.009000000000000001
2457163.92752	16.189	0.01
2457164.85342	16.192	0.009000000000000001
2457166.68952	16.188	0.01
2457166.87514	16.202	0.012
2457169.6186	16.188	0.01
2457169.8036700003	16.186	0.009000000000000001
2457170.6060200003	16.209	0.01
2457170.79353	16.192	0.01
2457172.60837	16.172	0.012
2457172.79243	16.189	0.01
2457173.5753200003	16.184	0.013999999999999999
2457173.77827	16.195	0.01
2457173.9404700003	16.201	0.012
2457174.7114	16.187	0.01
2457174.88579	16.186	0.01
2457175.66672	16.184	0.01
2457175.89046	16.197	0.012
2457176.83343	16.159000000000002	0.012
2457176.9416099996	16.207	0.015
2457178.6965900003	16.189	0.01
2457178.81176	16.189	0.01
2457178.94544	16.191	0.013999999999999999
2457179.70895	16.203	0.012
2457179.8791099996	16.19	0.012
2457180.66021	16.201	0.01
2457180.83557	16.197	0.01
2457181.5981799997	16.199	0.01
2457181.78852	16.184	0.009000000000000001
2457182.5581099996	16.187	0.01
2457182.749	16.176	0.012
2457182.91452	16.194000000000003	0.01
2457183.67115	16.185	0.01
2457183.85865	16.186	0.01
2457184.6627599997	16.183	0.01
2457184.85	16.180999999999997	0.01
2457185.62704	16.199	0.012
2457185.80975	16.189	0.01
2457186.6612	16.192999999999998	0.012
2457187.5531599997	16.18	0.012
2457187.73611	16.189	0.009000000000000001
2457187.90167	16.18	0.01
2457188.68299	16.186	0.01
2457189.55549	16.175	0.01
2457189.74383	16.195	0.009000000000000001
2457189.91206	16.182000000000002	0.012
2457190.72766	16.191	0.009000000000000001
2457190.901	16.195	0.012
2457191.8245200003	16.191	0.01
2457193.6292	16.201	0.009000000000000001
2457193.76812	16.183	0.009000000000000001
2457194.53805	16.177	0.009000000000000001
2457194.73308	16.194000000000003	0.009000000000000001
2457197.57202	16.192999999999998	0.01
2457197.75804	16.186	0.01
2457198.5545099997	16.189	0.01
2457198.74032	16.197	0.009000000000000001
2457199.51662	16.194000000000003	0.01
2457199.68897	16.192999999999998	0.009000000000000001
2457199.85995	16.180999999999997	0.009000000000000001
2457200.62883	16.182000000000002	0.009000000000000001
2457200.79937	16.195	0.009000000000000001
2457202.77563	16.185	0.01
2457206.5910400003	16.186	0.012
2457206.76478	16.2	0.012
2457207.5736700003	16.183	0.01
2457207.73847	16.189	0.01
2457209.66983	16.173	0.01
2457209.82908	16.178	0.01
2457211.6063	16.185	0.01
2457211.79022	16.184	0.01
2457214.56731	16.185	0.01
2457214.76187	16.184	0.01
2457217.77895	16.179000000000002	0.01
2457219.63622	16.178	0.009000000000000001
2457220.52959	16.183	0.01
2457220.7133299997	16.173	0.009000000000000001
2457221.51692	16.189	0.01
2457221.6990099996	16.176	0.009000000000000001
2457222.47653	16.19	0.01
2457222.69465	16.185	0.01
2457223.53435	16.197	0.013999999999999999
2457223.71507	16.180999999999997	0.01
2457224.5599	16.188	0.009000000000000001
2457224.76185	16.186	0.012
2457225.58673	16.183	0.009000000000000001
2457226.61922	16.174	0.009000000000000001
2457226.78755	16.177	0.01
2457227.57208	16.18	0.009000000000000001
2457227.7554200003	16.175	0.01
2457228.57517	16.186	0.009000000000000001
2457228.76842	16.176	0.009000000000000001
2457229.60249	16.182000000000002	0.009000000000000001
2457229.76652	16.186	0.009000000000000001
2457235.543	16.177	0.012
2457236.47927	16.178	0.01
2457236.64382	16.168	0.01
2457249.63863	16.178	0.009000000000000001
2457250.61944	16.171	0.009000000000000001
2457252.67338	16.162	0.01
2457253.6054700003	16.186	0.009000000000000001
2457255.57296	16.172	0.01
2457256.58109	16.163	0.012
2457257.64324	16.17	0.009000000000000001
2457258.48502	16.157	0.01
2457258.50905	16.17	0.01
2457258.58949	16.186	0.01
2457258.65806	16.159000000000002	0.012
2457261.60336	16.167	0.013999999999999999
2457263.56132	16.164	0.009000000000000001
2457264.5065599997	16.171	0.01
2457264.6952	16.174	0.01
2457265.6461400003	16.168	0.01
2457267.5949	16.169	0.01
2457268.6099799997	16.172	0.009000000000000001
2457269.57325	16.164	0.009000000000000001
2457270.52632	16.154	0.009000000000000001
2457270.7001900002	16.179000000000002	0.009000000000000001
2457272.51772	16.17	0.012
2457273.63697	16.16	0.009000000000000001
2457275.63933	16.151	0.012
2457277.62502	16.160999999999998	0.01
2457278.6139	16.151	0.01
2457283.59382	16.148	0.012
2457291.53351	16.136	0.012
2457292.56177	16.125999999999998	0.015
2457293.52314	16.137	0.01
2457294.53412	16.128	0.012
2457295.50827	16.148	0.01
2457296.5739	16.141	0.012
2457299.5473	16.146	0.01
2457300.55077	16.132	0.012
2457311.49168	16.119	0.01
2457312.51386	16.097	0.012
2457317.51412	16.097	0.01
2457320.51549	16.079	0.013999999999999999
2457324.5287599997	16.084	0.012
2457329.51075	16.084	0.012
2457333.50619	16.078	0.013999999999999999
2457435.8804599997	16.128	0.01
2457437.84227	16.14	0.009000000000000001
2457438.85574	16.144000000000002	0.01
2457439.87928	16.145	0.01
2457441.83697	16.14	0.01
2457442.8475	16.142	0.01
2457445.83022	16.147000000000002	0.01
2457446.83555	16.151	0.009000000000000001
2457447.83628	16.157	0.009000000000000001
2457448.83844	16.155	0.01
2457449.86939	16.16	0.013999999999999999
2457451.8229099996	16.153	0.01
2457451.87591	16.165	0.01
2457452.80193	16.145	0.009000000000000001
2457453.80428	16.156	0.006999999999999999
2457454.8764	16.163	0.01
2457455.87972	16.16	0.009000000000000001
2457456.8956	16.151	0.009000000000000001
2457457.89187	16.169	0.009000000000000001
2457458.88597	16.159000000000002	0.009000000000000001
2457460.88779	16.166	0.009000000000000001
2457461.8947400004	16.188	0.009000000000000001
2457462.87677	16.171	0.009000000000000001
2457463.90788	16.160999999999998	0.009000000000000001
2457465.83168	16.178	0.009000000000000001
2457466.89239	16.167	0.009000000000000001
2457467.89505	16.174	0.009000000000000001
2457470.85096	16.174	0.012
2457471.81502	16.163	0.01
2457472.76605	16.157	0.012
2457472.89703	16.165	0.01
2457474.77232	16.172	0.01
2457474.87518	16.168	0.009000000000000001
2457475.80416	16.166	0.012
2457475.90881	16.174	0.01
2457476.7680900004	16.174	0.01
2457476.8473400003	16.166	0.01
2457484.8864	16.168	0.01
2457486.8100099997	16.158	0.012
2457487.9201700003	16.186	0.01
2457491.71813	16.173	0.01
2457492.76599	16.18	0.009000000000000001
2457493.75374	16.175	0.009000000000000001
2457494.74639	16.179000000000002	0.009000000000000001
2457495.72054	16.198	0.01
2457497.86414	16.180999999999997	0.01
2457498.8738700002	16.17	0.013999999999999999
2457499.82713	16.191	0.01
2457500.76829	16.197	0.012
2457507.8027	16.19	0.009000000000000001
2457508.85296	16.19	0.009000000000000001
2457511.70053	16.175	0.009000000000000001
2457512.903	16.174	0.009000000000000001
2457523.8552200003	16.195999999999998	0.009000000000000001
2457526.8687299998	16.198	0.01
2457530.72309	16.172	0.012
2457534.85879	16.195999999999998	0.009000000000000001
2457536.85493	16.18	0.009000000000000001
2457546.7060599998	16.188	0.009000000000000001
2457547.63216	16.180999999999997	0.01
2457548.7812	16.185	0.006999999999999999
2457549.89599	16.189	0.01
2457550.87491	16.2	0.012
2457555.61549	16.206	0.01
2457557.5553099997	16.184	0.012
2457557.91622	16.188	0.013999999999999999
2457566.5659	16.211	0.012
2457567.5087900003	16.189	0.012
2457567.82933	16.207	0.01
2457568.8511900003	16.195	0.012
2457570.64869	16.187	0.006999999999999999
2457570.8355	16.199	0.01
2457573.72512	16.177	0.012
2457575.66365	16.183	0.01
2457575.8070900002	16.199	0.009000000000000001
2457576.6116	16.199	0.009000000000000001
2457576.76534	16.195999999999998	0.009000000000000001
2457577.5919	16.182000000000002	0.009000000000000001
2457581.7121599996	16.202	0.009000000000000001
2457583.74629	16.192999999999998	0.01
2457584.5935299997	16.2	0.01
2457584.7360799997	16.201	0.01
2457589.54746	16.194000000000003	0.012
2457589.70111	16.165	0.01
2457590.50036	16.195	0.01
2457590.6480099997	16.19	0.009000000000000001
2457591.5098900003	16.185	0.01
2457593.5825900002	16.195	0.009000000000000001
2457593.7291900003	16.184	0.009000000000000001
2457596.48809	16.192999999999998	0.009000000000000001
2457599.5551400003	16.186	0.012
2457599.7746200003	16.192999999999998	0.01
2457600.6813	16.19	0.01
2457602.48819	16.194000000000003	0.01
2457602.65526	16.2	0.01
2457603.47591	16.194000000000003	0.01
2457603.63352	16.198	0.009000000000000001
2457603.7733299998	16.19	0.01
2457604.60171	16.199	0.009000000000000001
2457604.74151	16.192	0.01
2457605.60648	16.206	0.01
2457605.7442400004	16.183	0.01
2457607.49072	16.192999999999998	0.01
2457607.67507	16.195	0.01
2457608.58977	16.195999999999998	0.009000000000000001
2457608.75477	16.18	0.012
2457609.63336	16.189	0.009000000000000001
2457610.47676	16.203	0.012
2457610.66603	16.182000000000002	0.009000000000000001
2457611.66689	16.191	0.009000000000000001
2457612.59075	16.198	0.009000000000000001
2457612.72907	16.198	0.01
2457616.6121	16.174	0.01
2457617.56257	16.177	0.012
2457617.72298	16.197	0.015
2457618.61293	16.192999999999998	0.01
2457619.54429	16.205	0.012
2457621.62384	16.188	0.01
2457622.56275	16.202	0.009000000000000001
2457623.47655	16.198	0.012
2457623.6609	16.195999999999998	0.01
2457624.6082099997	16.205	0.01
2457625.5838099997	16.192	0.009000000000000001
2457626.5460599996	16.191	0.01
2457630.55018	16.192	0.009000000000000001
2457631.52731	16.184	0.009000000000000001
2457632.50142	16.188	0.01
2457633.5537099997	16.173	0.012
2457634.5606	16.205	0.01
2457636.51503	16.194000000000003	0.01
2457637.5090799998	16.187	0.01
2457638.50877	16.195	0.01
2457639.5775200003	16.197	0.009000000000000001
2457644.50595	16.17	0.013999999999999999
2457645.53475	16.173	0.013999999999999999
2457648.51707	16.192999999999998	0.01
2457649.5413599997	16.202	0.009000000000000001
2457650.58929	16.201	0.012
2457652.4829700002	16.199	0.009000000000000001
2457653.55841	16.187	0.009000000000000001
2457655.5563	16.194000000000003	0.01
2457656.59828	16.186	0.012
2457659.5888099996	16.184	0.01
2457661.53303	16.201	0.01
2457664.4861	16.205	0.012
2457667.5675	16.173	0.01
2457675.52233	16.186	0.012
2457682.51914	16.194000000000003	0.01
2457790.88129	16.208	0.01
2457791.87637	16.2	0.01
2457792.87335	16.214000000000002	0.012
2457793.87004	16.203	0.01
2457794.87722	16.201	0.013999999999999999
2457795.88296	16.202	0.012
2457796.8706799997	16.199	0.01
2457798.8771	16.202	0.01
2457800.86838	16.213	0.01
2457802.84829	16.201	0.013999999999999999
2457803.8889200003	16.201	0.012
2457807.87509	16.212	0.01
2457809.84026	16.185	0.01
2457810.83681	16.201	0.01
2457811.85596	16.21	0.01
2457812.88703	16.206	0.009000000000000001
2457814.85646	16.206	0.01
2457815.8848900003	16.195999999999998	0.009000000000000001
2457816.87481	16.197	0.01
2457817.8713599998	16.215999999999998	0.009000000000000001
2457818.85759	16.199	0.009000000000000001
2457819.83742	16.197	0.01
2457820.84615	16.209	0.01
2457821.8448799998	16.2	0.01
2457822.84065	16.199	0.01
2457823.82615	16.201	0.01
2457824.8206599997	16.194000000000003	0.013999999999999999
2457825.81369	16.201	0.01
2457825.90286	16.214000000000002	0.01
2457826.86174	16.201	0.012
2457827.8371599996	16.206	0.01
2457828.80631	16.207	0.01
2457828.8956400002	16.192	0.01
2457830.80347	16.195	0.01
2457830.88258	16.187	0.01
2457834.8678900003	16.185	0.012
2457835.83515	16.197	0.012
2457836.78593	16.195	0.012
2457836.89927	16.188	0.012
2457837.83248	16.206	0.01
2457838.77096	16.187	0.012
2457838.8889099997	16.205	0.009000000000000001
2457839.83674	16.199	0.009000000000000001
2457840.7625700003	16.19	0.012
2457840.8805	16.195999999999998	0.01
2457841.82102	16.192	0.012
2457842.7376900003	16.2	0.012
2457842.84577	16.19	0.01
2457843.7696599998	16.202	0.01
2457843.8876099996	16.207	0.01
2457844.8062	16.195999999999998	0.01
2457844.91647	16.2	0.012
2457845.83044	16.203	0.009000000000000001
2457846.76119	16.212	0.01
2457846.8686900004	16.202	0.009000000000000001
2457847.7716200002	16.2	0.01
2457847.88784	16.192999999999998	0.01
2457848.78534	16.205	0.01
2457848.90533	16.199	0.009000000000000001
2457849.7985400003	16.201	0.01
2457849.91904	16.201	0.009000000000000001
2457850.81072	16.199	0.01
2457851.72487	16.178	0.012
2457851.8284299998	16.197	0.01
2457852.82454	16.197	0.012
2457853.8952	16.199	0.01
2457854.75142	16.19	0.01
2457854.87132	16.208	0.01
2457855.7815900003	16.195	0.01
2457855.90403	16.206	0.01
2457856.79202	16.195999999999998	0.012
2457856.91462	16.202	0.013999999999999999
2457858.86076	16.209	0.01
2457862.7508	16.206	0.01
2457862.862	16.206	0.01
2457863.8155	16.191	0.01
2457864.78933	16.205	0.009000000000000001
2457864.92403	16.198	0.009000000000000001
2457865.7678	16.209	0.009000000000000001
2457865.90787	16.199	0.009000000000000001
2457866.76456	16.195	0.009000000000000001
2457866.89759	16.202	0.009000000000000001
2457867.76821	16.198	0.009000000000000001
2457867.89977	16.201	0.009000000000000001
2457868.83819	16.199	0.012
2457869.71564	16.205	0.01
2457869.83369	16.199	0.009000000000000001
2457870.7263700003	16.199	0.009000000000000001
2457870.8563200003	16.194000000000003	0.009000000000000001
2457871.7409099997	16.201	0.009000000000000001
2457871.88132	16.194000000000003	0.009000000000000001
2457872.74087	16.207	0.009000000000000001
2457872.88749	16.197	0.009000000000000001
2457873.72049	16.034000000000002	0.009000000000000001
2457873.8414	16.202	0.009000000000000001
2457874.68058	16.197	0.012
2457874.80801	16.189	0.01
2457874.92082	16.192	0.01
2457875.88809	16.199	0.009000000000000001
2457876.69243	16.192999999999998	0.01
2457876.8151700003	16.189	0.009000000000000001
2457877.65446	16.192	0.01
2457877.78236	16.199	0.009000000000000001
2457877.92543	16.195999999999998	0.009000000000000001
2457878.81321	16.187	0.009000000000000001
2457878.93536	16.19	0.01
2457879.75937	16.19	0.01
2457880.68082	16.192999999999998	0.012
2457880.7905	16.201	0.012
2457881.74715	16.21	0.013999999999999999
2457881.87085	16.187	0.012
2457882.74537	16.202	0.01
2457882.87662	16.204	0.012
2457889.91963	16.192999999999998	0.013999999999999999
2457890.78007	16.23	0.012
2457893.63421	16.208	0.013999999999999999
2457893.7378599998	16.195	0.01
2457893.86805	16.19	0.01
2457894.61918	16.205	0.012
2457894.7305799997	16.19	0.009000000000000001
2457894.85021	16.202	0.009000000000000001
2457895.6066	16.207	0.012
2457897.6551599996	16.182000000000002	0.01
2457897.8243299997	16.192999999999998	0.01
2457900.94053	16.194000000000003	0.013999999999999999
2457901.7064799997	16.197	0.01
2457902.58482	16.194000000000003	0.012
2457902.6901700003	16.2	0.01
2457902.82139	16.199	0.012
2457903.7557900003	16.182000000000002	0.012
2457903.86767	16.194000000000003	0.01
2457904.61021	16.195999999999998	0.012
2457904.72463	16.201	0.009000000000000001
2457904.84744	16.19	0.01
2457905.57521	16.197	0.012
2457905.69345	16.207	0.009000000000000001
2457905.81409	16.192	0.009000000000000001
2457905.93346	16.191	0.01
2457906.63209	16.201	0.009000000000000001
2457906.76358	16.2	0.009000000000000001
2457906.87406	16.189	0.01
2457907.64747	16.195999999999998	0.01
2457907.7428099997	16.203	0.009000000000000001
2457908.58861	16.202	0.013999999999999999
2457908.70546	16.189	0.01
2457908.82664	16.201	0.009000000000000001
2457908.92815	16.195	0.012
2457909.6288	16.197	0.01
2457909.74937	16.205	0.009000000000000001
2457909.85155	16.19	0.009000000000000001
2457909.94255	16.194000000000003	0.012
2457910.644	16.194000000000003	0.01
2457910.77674	16.2	0.009000000000000001
2457910.89414	16.191	0.01
2457911.61105	16.187	0.013999999999999999
2457911.7187	16.204	0.012
2457916.76682	16.195	0.01
2457917.5921400003	16.214000000000002	0.013999999999999999
2457917.70667	16.202	0.01
2457917.81867	16.206	0.012
2457917.92318	16.199	0.017
2457922.69015	16.199	0.009000000000000001
2457923.57242	16.198	0.012
2457923.70878	16.179000000000002	0.01
2457923.81886	16.204	0.01
2457923.9013400003	16.204	0.012
2457924.60224	16.195	0.009000000000000001
2457924.72823	16.207	0.009000000000000001
2457924.83658	16.201	0.01
2457925.62603	16.195999999999998	0.009000000000000001
2457925.7623	16.201	0.01
2457925.88308	16.195999999999998	0.01
2457926.65178	16.201	0.01
2457926.79709	16.2	0.01
2457928.64147	16.195	0.01
2457932.6814900003	16.195	0.01
2457932.80329	16.198	0.01
2457933.6617099997	16.184	0.012
2457933.7936299997	16.2	0.012
2457933.8392	16.207	0.012
2457933.85315	16.197	0.013999999999999999
2457934.5954	16.203	0.01
2457934.71748	16.195999999999998	0.01
2457934.8261	16.195999999999998	0.012
2457935.56623	16.198	0.01
2457935.69792	16.2	0.009000000000000001
2457935.8073	16.201	0.009000000000000001
2457935.88627	16.206	0.01
2457936.55837	16.197	0.01
2457936.6854	16.195999999999998	0.009000000000000001
2457936.81505	16.2	0.01
2457937.5001	16.183	0.01
2457937.6113400003	16.195999999999998	0.01
2457937.7332	16.203	0.01
2457938.52362	16.182000000000002	0.012
2457938.6397	16.203	0.013999999999999999
2457944.49701	16.211	0.012
2457944.54761	16.204	0.01
2457944.58919	16.195999999999998	0.01
2457944.7002	16.199	0.01
2457944.7579099997	16.202	0.012
2457944.8006599997	16.212	0.012
2457944.8405299997	16.185	0.015
2457945.5323799998	16.199	0.01
2457945.64241	16.189	0.009000000000000001
2457945.75453	16.197	0.009000000000000001
2457946.47469	16.192	0.012
2457946.5866900003	16.194000000000003	0.01
2457946.71558	16.203	0.01
2457946.82768	16.184	0.012
2457947.57007	16.19	0.01
2457947.73147	16.17	0.012
2457948.47216	16.203	0.013999999999999999
2457948.59081	16.203	0.009000000000000001
2457948.70545	16.195999999999998	0.009000000000000001
2457948.83616	16.192999999999998	0.012
2457949.63673	16.202	0.01
2457949.75779	16.192	0.012
2457952.78313	16.195	0.012
2457953.54152	16.192	0.009000000000000001
2457953.68346	16.189	0.009000000000000001
2457953.80032	16.197	0.01
2457954.5587299997	16.197	0.009000000000000001
2457954.70405	16.199	0.006999999999999999
2457955.76423	16.186	0.01
2457956.54784	16.202	0.01
2457956.68748	16.198	0.009000000000000001
2457956.80393	16.195	0.01
2457957.72713	16.198	0.01
2457958.62935	16.188	0.01
2457958.73564	16.205	0.01
2457959.49144	16.202	0.01
2457959.59937	16.195999999999998	0.009000000000000001
2457959.71581	16.197	0.01
2457959.80968	16.191	0.01
2457960.59989	16.201	0.006999999999999999
2457960.72151	16.203	0.009000000000000001
2457961.54772	16.199	0.009000000000000001
2457961.64895	16.197	0.009000000000000001
2457962.4879099997	16.206	0.009000000000000001
2457962.6623400003	16.199	0.009000000000000001
2457964.55057	16.192	0.01
2457964.6600200003	16.199	0.009000000000000001
2457965.64236	16.2	0.01
2457966.49827	16.194000000000003	0.013999999999999999
2457966.60134	16.198	0.01
2457966.71301	16.180999999999997	0.012
2457967.6334	16.186	0.01
2457967.72325	16.183	0.012
2457971.4879799997	16.202	0.012
2457971.54077	16.201	0.012
2457971.58372	16.192999999999998	0.01
2457971.6289	16.198	0.01
2457971.66758	16.186	0.012
2457971.71991	16.192	0.012
2457972.5026	16.192999999999998	0.015
2457972.54895	16.18	0.013999999999999999
2457972.5918400004	16.188	0.012
2457972.64583	16.213	0.012
2457972.69858	16.195999999999998	0.012
2457972.74461	16.187	0.015
2457973.6195	16.199	0.01
2457974.4766599997	16.189	0.012
2457974.5978	16.201	0.01
2457974.71344	16.199	0.012
2457975.6597	16.194000000000003	0.012
2457979.5957299997	16.192	0.009000000000000001
2457980.519	16.195	0.01
2457980.6446	16.195	0.012
2457981.58543	16.189	0.01
2457982.4770299997	16.191	0.012
2457982.60729	16.201	0.01
2457983.53251	16.2	0.012
2457983.64238	16.201	0.01
2457984.55987	16.195	0.01
2457984.67023	16.180999999999997	0.01
2457985.60611	16.197	0.012
2457986.5833	16.2	0.009000000000000001
2457987.49422	16.192999999999998	0.009000000000000001
2457987.63251	16.2	0.009000000000000001
2457990.56236	16.19	0.01
2457991.4802200003	16.199	0.01
2457991.61412	16.19	0.01
2457992.5302	16.187	0.009000000000000001
2457992.64704	16.188	0.01
2457993.57684	16.195999999999998	0.01
2457994.51072	16.191	0.01
2457994.6228400003	16.199	0.01
2457998.5093799997	16.192	0.015
2457998.54937	16.195999999999998	0.01
2457998.60044	16.192	0.015
2458000.47977	16.205	0.012
2458000.5217	16.219	0.013999999999999999
2458000.57533	16.179000000000002	0.015
2458000.62175	16.18	0.012
2458001.54553	16.203	0.01
2458002.51588	16.199	0.017
2458003.53625	16.204	0.013999999999999999
2458004.54777	16.2	0.012
2458005.59532	16.197	0.013999999999999999
2458008.52044	16.195999999999998	0.01
2458010.55072	16.201	0.01
2458012.4853	16.192999999999998	0.01
2458013.48917	16.197	0.01
2458014.49874	16.195999999999998	0.01
2458015.49638	16.192	0.012
2458016.51416	16.194000000000003	0.012
2458017.5394200003	16.195999999999998	0.01
2458018.56488	16.183	0.01
2458020.51406	16.194000000000003	0.01
2458021.55823	16.195	0.01
2458026.50157	16.183	0.012
2458026.5543	16.207	0.01
2458029.5630200002	16.191	0.01
2458032.53452	16.185	0.013999999999999999
2458035.54921	16.201	0.012
2458039.51778	16.194000000000003	0.012
2458040.56409	16.191	0.013999999999999999
2458048.50238	16.205	0.01
2458054.50833	16.160999999999998	0.013999999999999999
