2455377.68659	18.067	0.038
2455378.5134	18.012999999999998	0.038
2455378.81663	18.090999999999998	0.038
2455379.7206	18.053	0.036000000000000004
2455380.8152099997	18.066	0.049
2455381.6902900003	18.079	0.039
2455382.55394	18.039	0.05
2455382.7606900004	18.073	0.049
2455385.51292	17.995	0.035
2455386.48657	18.082	0.038
2455386.56878	18.007	0.033
2455386.65242	18.029	0.033
2455386.78475	18.035999999999998	0.03
2455387.7696	18.057000000000002	0.031
2455388.68071	18.078	0.033
2455389.54767	18.062	0.035
2455390.55517	18.102	0.045
2455390.81219	18.052	0.035
2455391.79807	18.015	0.038
2455392.6677	18.058	0.036000000000000004
2455393.70652	18.02	0.040999999999999995
2455396.60242	18.007	0.038
2455397.66592	18.078	0.049
2455402.67584	18.026	0.055
2455403.6381099997	18.057000000000002	0.039
2455404.50962	17.965999999999998	0.038
2455404.70679	18.074	0.044000000000000004
2455405.72245	18.070999999999998	0.044000000000000004
2455407.57576	18.039	0.045
2455407.76947	18.008	0.047
2455408.6989	17.995	0.039
2455409.63184	18.063	0.027999999999999997
2455410.63539	18.07	0.036000000000000004
2455411.67205	18.011	0.027000000000000003
2455412.63271	18.006	0.039
2455413.66345	17.984	0.025
2455414.7107700002	17.996	0.027999999999999997
2455418.6009400003	18.04	0.027999999999999997
2455421.6281	18.047	0.035
2455422.6737900004	18.061	0.03
2455425.5378400004	18.05	0.035
2455430.53278	18.052	0.052000000000000005
2455431.53354	17.963	0.038
2455434.4963599998	18.023	0.045
2455434.70884	18.074	0.045
2455435.7134	18.03	0.040999999999999995
2455438.5022	18.049	0.053
2455439.57178	17.96	0.038
2455443.58581	18.012999999999998	0.036000000000000004
2455444.61118	18.057000000000002	0.040999999999999995
2455446.48763	18.038	0.040999999999999995
2455447.50586	18.011	0.027999999999999997
2455448.57859	18.029	0.039
2455450.5219400004	18.067	0.042
2455451.65088	18.117	0.045
2455457.54569	18.048	0.03
2455458.57684	18.027	0.039
2455459.60811	18.027	0.036000000000000004
2455461.48362	18.156	0.1
2455462.5024599996	18.006	0.039
2455463.63366	17.985	0.047
2455464.60143	18.01	0.052000000000000005
2455465.51437	18.069000000000003	0.045
2455468.5805099998	18.038	0.047
2455471.5516	18.067	0.040999999999999995
2455472.6014900003	18.008	0.042
2455477.5241400003	18.009	0.05
2455480.52485	18.063	0.044000000000000004
2455485.52625	17.988	0.045
2455487.5098599996	18.017	0.040999999999999995
2455489.50878	18.081	0.05
2455492.5342	18.092	0.064
2455497.51739	18.059	0.044000000000000004
2455598.8683599997	18.035	0.036000000000000004
2455599.85849	18.034000000000002	0.035
2455600.85494	18.084	0.038
2455607.88362	17.980999999999998	0.03
2455614.88036	18.034000000000002	0.036000000000000004
2455620.8604200003	18.033	0.035
2455624.82114	17.977	0.035
2455625.78321	18.101	0.047
2455627.80798	17.976	0.040999999999999995
2455629.7873400003	18.007	0.038
2455630.77991	18.066	0.036000000000000004
2455632.77661	18.043	0.05
2455634.76153	18.03	0.039
2455635.83405	18.01	0.044000000000000004
2455638.75435	18.018	0.049
2455639.75577	18.089000000000002	0.047
2455639.83189	18.015	0.036000000000000004
2455639.9076	18.074	0.040999999999999995
2455640.76198	17.965999999999998	0.049
2455640.8432400003	17.984	0.044000000000000004
2455641.76768	18.052	0.040999999999999995
2455641.89247	18.052	0.044000000000000004
2455642.83201	17.977999999999998	0.038
2455643.7587900003	18.016	0.040999999999999995
2455643.85683	18.029	0.035
2455644.76271	17.994	0.064
2455644.8777	18.034000000000002	0.038
2455648.74852	18.028	0.040999999999999995
2455648.85506	18.06	0.033
2455649.75433	18.028	0.035
2455649.8609700003	18.038	0.033
2455650.7464	18.05	0.031
2455650.8478200003	18.039	0.031
2455651.76706	17.996	0.03
2455651.8804599997	18.012999999999998	0.035
2455652.80865	17.988	0.027999999999999997
2455653.7771	17.984	0.027000000000000003
2455654.7798	18.037	0.033
2455654.87021	18.05	0.031
2455655.78139	18.067	0.035
2455655.86419	18.015	0.03
2455656.81544	18.044	0.03
2455657.77782	18.021	0.027000000000000003
2455657.86194	18.007	0.03
2455658.7725299997	18.022000000000002	0.038
2455658.8698	18.051	0.035
2455659.72662	18.045	0.036000000000000004
2455659.80348	18.019000000000002	0.031
2455659.89248	18.026	0.03
2455660.7760799997	18.014	0.033
2455660.8751	18.002	0.038
2455662.76818	18.014	0.038
2455662.8681799998	18.012	0.03
2455663.7707700003	18.037	0.036000000000000004
2455664.81405	17.992	0.036000000000000004
2455664.91813	18.1	0.038
2455665.80068	18.009	0.027999999999999997
2455665.91253	18.02	0.027000000000000003
2455667.85595	18.033	0.027000000000000003
2455668.87512	18.084	0.045
2455669.85351	18.055999999999997	0.033
2455670.8425	18.067	0.045
2455675.72309	18.04	0.038
2455675.9131400003	18.047	0.038
2455676.80647	18.079	0.031
2455677.7629	17.982	0.031
2455679.6853099996	18.066	0.035
2455679.87209	18.000999999999998	0.035
2455680.75083	18.004	0.031
2455681.66381	17.993	0.038
2455681.8464200003	18.075	0.033
2455682.7319799997	18.073	0.035
2455682.86935	17.974	0.027999999999999997
2455683.68602	18.035	0.031
2455683.90588	18.017	0.027999999999999997
2455684.82047	18.064	0.033
2455685.79489	18.045	0.027000000000000003
2455686.6955	18.058	0.035
2455686.89091	18.096	0.045
2455687.7815	18.03	0.03
2455689.68953	18.034000000000002	0.031
2455690.69391	18.05	0.038
2455690.90755	18.119	0.047
2455691.82703	18.000999999999998	0.035
2455692.72192	18.039	0.033
2455692.88626	18.018	0.033
2455693.7549	18.06	0.027999999999999997
2455693.90745	18.079	0.038
2455694.75315	18.064	0.040999999999999995
2455694.91516	18.145	0.042
2455695.79764	18.035999999999998	0.031
2455696.6016599997	18.045	0.05
2455696.78381	18.079	0.036000000000000004
2455697.6170799998	18.042	0.044000000000000004
2455697.79323	18.065	0.038
2455698.62214	17.954	0.064
2455698.7906400003	18.051	0.045
2455703.71753	18.023	0.059000000000000004
2455705.75537	18.014	0.045
2455706.57793	18.012	0.055999999999999994
2455707.5917700003	18.04	0.036000000000000004
2455707.76402	18.031	0.031
2455707.9309900003	18.095	0.05
2455708.75556	17.985	0.038
2455709.59908	18.035	0.035
2455712.6368400003	18.015	0.047
2455712.64937	18.047	0.039
2455712.83198	18.077	0.031
2455713.84685	18.227	0.039
2455715.7935599997	18.005	0.03
2455716.6666099997	18.029	0.038
2455716.6793299997	18.024	0.045
2455716.8554599998	18.089000000000002	0.042
2455721.76723	18.0	0.033
2455722.5600900003	18.043	0.036000000000000004
2455722.5734200003	18.027	0.033
2455722.7927099997	18.000999999999998	0.031
2455723.67018	17.985	0.035
2455723.8297900003	18.01	0.03
2455724.7028	18.093	0.042
2455725.61982	17.984	0.031
2455726.5348400003	18.15	0.075
2455726.71442	18.055999999999997	0.053
2455734.6915	18.084	0.044000000000000004
2455734.8755	18.165	0.061
2455735.82196	18.101	0.036000000000000004
2455736.5669299997	18.009	0.033
2455736.77275	18.035	0.027999999999999997
2455737.56292	18.02	0.033
2455737.75372	18.055	0.027999999999999997
2455738.5923099997	18.058	0.038
2455739.50587	17.996	0.040999999999999995
2455739.65876	18.055999999999997	0.027999999999999997
2455739.84852	18.048	0.038
2455740.64989	18.039	0.039
2455740.837	18.086	0.040999999999999995
2455741.6072400003	18.063	0.033
2455741.78618	18.064	0.03
2455742.53801	18.045	0.039
2455742.71902	18.047	0.027000000000000003
2455742.87405	17.998	0.031
2455743.7688700003	18.079	0.039
2455744.5266	18.07	0.047
2455744.73142	18.035999999999998	0.031
2455745.5153099997	17.997	0.044000000000000004
2455745.7019599997	17.957	0.031
2455745.86912	18.016	0.05
2455746.68565	18.032	0.031
2455746.7302900003	17.974	0.039
2455746.78541	18.046	0.040999999999999995
2455747.61717	18.070999999999998	0.055
2455747.81733	18.134	0.061
2455749.56643	17.97	0.036000000000000004
2455749.73305	18.077	0.040999999999999995
2455753.5027799997	18.135	0.095
2455753.7713900004	17.95	0.055999999999999994
2455759.83853	18.077	0.057999999999999996
2455760.50611	17.989	0.055999999999999994
2455760.70279	18.033	0.038
2455761.5225400003	17.996	0.022000000000000002
2455762.56557	18.02	0.042
2455762.72194	18.076	0.042
2455763.61637	18.06	0.036000000000000004
2455763.78758	18.035999999999998	0.045
2455764.60928	17.993	0.027999999999999997
2455765.48478	17.992	0.038
2455765.67865	18.05	0.035
2455766.5367799997	18.000999999999998	0.031
2455766.72591	18.081	0.039
2455767.60564	18.03	0.040999999999999995
2455768.47504	17.995	0.036000000000000004
2455768.66518	18.027	0.027999999999999997
2455769.50049	17.965999999999998	0.033
2455769.71365	18.090999999999998	0.033
2455775.55571	18.084	0.047
2455776.63715	18.048	0.038
2455777.55958	18.017	0.03
2455778.49325	17.932000000000002	0.047
2455779.63118	18.018	0.027000000000000003
2455785.65744	18.113	0.049
2455786.60133	18.037	0.039
2455787.63808	18.033	0.035
2455788.55837	17.99	0.036000000000000004
2455788.72312	18.055	0.061
2455790.61742	18.094	0.049
2455791.51445	18.052	0.042
2455793.6257	17.995	0.033
2455794.50932	18.015	0.035
2455794.70647	18.148	0.040999999999999995
2455796.4800299997	18.012999999999998	0.036000000000000004
2455796.6797700003	18.033	0.038
2455801.59938	18.075	0.044000000000000004
2455802.59311	18.153	0.057999999999999996
2455804.5851	18.058	0.036000000000000004
2455805.54676	18.086	0.035
2455806.54208	18.067	0.042
2455807.6623	18.081	0.055999999999999994
2455812.64787	18.07	0.063
2455813.62836	18.057000000000002	0.035
2455815.60603	17.995	0.033
2455816.57714	18.029	0.039
2455817.57817	18.038	0.044000000000000004
2455818.5597599996	18.051	0.045
2455819.5681	18.034000000000002	0.036000000000000004
2455820.54608	18.047	0.040999999999999995
2455822.5268	18.084	0.045
2455822.61524	17.997	0.040999999999999995
2455823.54669	18.017	0.045
2455823.6307099997	18.05	0.052000000000000005
2455824.56825	18.02	0.031
2455825.48907	18.037	0.047
2455825.5849200003	18.044	0.038
2455826.50811	18.101	0.042
2455826.5962900002	17.999000000000002	0.044000000000000004
2455827.53416	17.962	0.045
2455827.61457	18.085	0.05
2455828.54754	18.022000000000002	0.033
2455828.61991	18.055	0.039
2455829.55833	18.000999999999998	0.03
2455830.48426	18.098	0.036000000000000004
2455830.57124	18.05	0.035
2455831.54341	18.063	0.035
2455831.6165299998	18.14	0.049
2455832.56643	17.996	0.036000000000000004
2455833.5247	18.027	0.031
2455833.6022099997	18.057000000000002	0.042
2455834.5616599997	18.05	0.033
2455835.5451	18.012	0.05
2455836.54075	18.06	0.05
2455839.48729	18.019000000000002	0.053
2455839.56616	18.147000000000002	0.055999999999999994
2455840.51715	18.026	0.042
2455840.61149	18.146	0.059000000000000004
2455841.54006	18.074	0.052000000000000005
2455842.4876200003	18.061	0.083
2455842.5887	18.11	0.057999999999999996
2455843.54295	18.041	0.047
2455844.4866400003	18.067999999999998	0.063
2455844.56756	18.052	0.055
2455845.52853	17.997	0.055
2455846.4890900003	17.962	0.069
2455846.56951	17.998	0.069
2455847.5449599996	17.998	0.067
2455850.5161099997	18.027	0.036000000000000004
2455851.5558	18.012	0.039
2455852.50704	17.964000000000002	0.052000000000000005
2455854.4964099997	18.146	0.063
2455854.56002	18.033	0.07
2455855.55496	18.11	0.057999999999999996
2455857.49897	18.006	0.059000000000000004
2455859.4980900004	18.0	0.055
2455860.51162	18.008	0.045
2455969.89034	18.016	0.052000000000000005
2455976.85524	18.01	0.031
2455977.8472599997	18.027	0.038
2455978.8654400003	17.996	0.03
2455979.86989	18.017	0.033
2455982.81717	18.044	0.031
2455982.90308	18.043	0.055
2455983.89664	17.955	0.025
2455984.88979	18.024	0.027999999999999997
2455985.8647	17.98	0.031
2455986.84627	17.982	0.027999999999999997
2455987.81103	18.039	0.040999999999999995
2455988.81282	17.983	0.036000000000000004
2455988.89776	17.998	0.031
2455989.87322	18.011	0.031
2455990.83753	17.980999999999998	0.03
2455991.8111400004	18.035	0.039
2455991.90557	18.0	0.035
2455992.87162	18.024	0.027000000000000003
2455993.85236	17.996	0.036000000000000004
2455994.81984	18.023	0.040999999999999995
2455994.9099	17.99	0.040999999999999995
2455995.83718	17.980999999999998	0.03
2455996.78638	18.014	0.045
2455996.8737	18.034000000000002	0.03
2455997.82051	18.025	0.039
2455997.90678	18.047	0.038
2455998.8617	17.97	0.033
2455999.79353	18.055999999999997	0.038
2455999.8805	18.025	0.031
2456003.86842	18.0	0.038
2456004.80109	18.044	0.038
2456004.89658	18.02	0.03
2456005.8201	18.023	0.036000000000000004
2456006.76248	18.021	0.027999999999999997
2456006.86517	18.012999999999998	0.027000000000000003
2456007.76851	18.067	0.035
2456007.86393	18.087	0.035
2456008.7621	18.049	0.031
2456008.85942	18.019000000000002	0.031
2456009.75819	18.012	0.027999999999999997
2456009.8596799998	18.064	0.033
2456010.75275	17.955	0.039
2456010.8534	18.037	0.027000000000000003
2456011.73738	18.054000000000002	0.036000000000000004
2456011.84961	17.991	0.039
2456012.74792	18.044	0.033
2456012.84817	17.995	0.025
2456013.7545	18.012999999999998	0.035
2456013.83336	18.019000000000002	0.027999999999999997
2456014.7305900003	18.058	0.038
2456014.8075	18.034000000000002	0.027999999999999997
2456014.9069	18.045	0.040999999999999995
2456015.78572	18.025	0.025
2456015.87403	17.992	0.024
2456016.7673299997	18.015	0.027999999999999997
2456016.87042	17.992	0.027999999999999997
2456017.75536	18.076	0.027000000000000003
2456017.83277	18.055	0.025
2456018.72414	18.084	0.053
2456018.82114	18.003	0.033
2456019.72182	18.099	0.044000000000000004
2456019.8182200002	18.097	0.038
2456019.89528	18.06	0.027999999999999997
2456020.75408	18.024	0.03
2456020.8483599997	18.014	0.025
2456020.92858	18.113	0.081
2456021.77728	17.965999999999998	0.027999999999999997
2456021.85473	18.019000000000002	0.027000000000000003
2456022.72584	18.146	0.049
2456022.80228	18.067999999999998	0.033
2456022.8998	18.046	0.03
2456023.759	17.964000000000002	0.031
2456023.84059	18.089000000000002	0.036000000000000004
2456024.71655	17.973	0.044000000000000004
2456024.79588	18.029	0.035
2456024.90815	18.035999999999998	0.038
2456025.70013	17.995	0.055
2456025.7797	18.032	0.042
2456025.88389	17.980999999999998	0.036000000000000004
2456029.8996200003	17.991	0.031
2456031.75623	18.01	0.035
2456032.68555	18.022000000000002	0.045
2456032.86233	18.079	0.03
2456033.78601	18.055999999999997	0.033
2456034.74009	18.031	0.027000000000000003
2456035.87289	18.037	0.035
2456036.8656200003	18.011	0.027000000000000003
2456037.82321	18.137999999999998	0.039
2456038.7787099998	17.986	0.03
2456039.7763900002	18.044	0.039
2456040.76416	18.053	0.033
2456041.71214	18.002	0.033
2456041.9031599998	17.998	0.027999999999999997
2456047.6819	18.046	0.035
2456047.8733	18.055999999999997	0.033
2456048.8013400002	18.055	0.03
2456049.70858	18.023	0.03
2456049.9026599997	18.03	0.03
2456050.80749	18.015	0.03
2456051.7307700003	18.012	0.031
2456052.79145	18.029	0.033
2456053.6417799997	18.076	0.059000000000000004
2456053.8363900003	18.028	0.036000000000000004
2456054.91198	17.984	0.053
2456058.67899	18.083	0.040999999999999995
2456058.8490400002	18.017	0.035
2456059.73673	18.136	0.038
2456059.91301	18.038	0.031
2456061.81438	18.049	0.035
2456062.68415	18.051	0.035
2456062.86319	17.982	0.033
2456063.83201	18.003	0.044000000000000004
2456064.75482	17.997	0.024
2456064.9398	17.973	0.044000000000000004
2456065.78813	18.026	0.033
2456066.70262	18.043	0.033
2456066.8879	18.011	0.03
2456067.68952	18.070999999999998	0.035
2456067.86751	18.005	0.027000000000000003
2456068.7001400003	17.991	0.027999999999999997
2456068.91527	18.048	0.031
2456069.66657	17.949	0.027000000000000003
2456069.85484	18.044	0.027000000000000003
2456070.65389	17.922	0.035
2456070.83068	18.033	0.031
2456071.6285200003	18.062	0.033
2456071.80959	18.06	0.033
2456075.61128	17.987000000000002	0.027999999999999997
2456075.79325	18.000999999999998	0.025
2456076.64402	18.082	0.039
2456076.82578	18.057000000000002	0.03
2456077.76265	18.041	0.035
2456077.94203	17.927	0.044000000000000004
2456078.76412	18.034000000000002	0.027000000000000003
2456079.56245	18.04	0.044000000000000004
2456079.74016	18.067	0.031
2456079.92067	18.048	0.035
2456080.69482	18.023	0.031
2456080.87329	17.991	0.033
2456081.64489	18.043	0.047
2456081.8272599997	18.016	0.036000000000000004
2456082.63631	18.000999999999998	0.057999999999999996
2456082.84146	17.996	0.049
2456085.6506	17.979	0.036000000000000004
2456085.8128400003	18.058	0.052000000000000005
2456086.58629	18.108	0.040999999999999995
2456086.76999	17.999000000000002	0.031
2456087.5482400004	18.063	0.040999999999999995
2456087.84802	18.022000000000002	0.042
2456088.69008	18.054000000000002	0.027999999999999997
2456089.80615	18.003	0.035
2456092.65234	18.033	0.042
2456093.56459	18.051	0.039
2456093.76716	18.047	0.033
2456094.61806	18.125999999999998	0.042
2456094.79079	18.053	0.033
2456096.6043599998	18.021	0.035
2456096.8032299997	17.967	0.033
2456097.73	17.993	0.038
2456097.89415	18.077	0.047
2456098.68765	18.073	0.038
2456098.86801	18.01	0.042
2456100.54239	18.066	0.040999999999999995
2456100.73697	18.063	0.033
2456101.51395	18.047	0.038
2456101.66735	18.049	0.03
2456101.85457	18.101	0.045
2456102.64952	18.007	0.031
2456102.8078799997	17.999000000000002	0.027999999999999997
2456103.55774	18.112000000000002	0.036000000000000004
2456103.73813	18.002	0.03
2456104.55769	18.017	0.03
2456104.7228099997	18.004	0.024
2456104.8821799997	18.045	0.038
2456105.66883	18.021	0.031
2456106.65253	18.072	0.044000000000000004
2456108.64916	18.025	0.035
2456108.82444	18.065	0.038
2456109.61254	18.124000000000002	0.094
2456109.8118	18.014	0.047
2456113.6168299997	18.035	0.040999999999999995
2456113.77541	18.023	0.036000000000000004
2456114.62347	17.972	0.040999999999999995
2456114.79795	18.034000000000002	0.038
2456115.56121	18.032	0.038
2456115.77702	18.028	0.044000000000000004
2456116.6126200003	18.045	0.03
2456116.78523	18.012	0.031
2456117.57952	18.041	0.033
2456117.76022	18.045	0.033
2456118.53301	18.012	0.035
2456118.7212099996	18.085	0.03
2456119.49559	18.136	0.057999999999999996
2456119.67509	18.018	0.027999999999999997
2456120.51113	18.026	0.039
2456120.7059	18.028	0.036000000000000004
2456121.5029599997	18.034000000000002	0.03
2456121.68367	18.002	0.025
2456123.54153	18.074	0.042
2456123.71682	18.065	0.038
2456124.5142	18.037	0.039
2456124.72448	18.06	0.03
2456125.52683	18.009	0.036000000000000004
2456125.72905	18.026	0.027999999999999997
2456126.55991	18.019000000000002	0.036000000000000004
2456126.77321	18.052	0.036000000000000004
2456127.73994	18.046	0.033
2456128.66203	18.070999999999998	0.027000000000000003
2456131.53526	18.021	0.038
2456132.5422799997	18.067999999999998	0.036000000000000004
2456132.7992	18.015	0.038
2456133.7248400003	18.059	0.033
2456134.63247	18.041	0.036000000000000004
2456135.60897	18.018	0.038
2456135.8116200003	18.117	0.044000000000000004
2456140.6102299998	17.977999999999998	0.055999999999999994
2456140.7686099997	18.02	0.075
2456141.63204	18.038	0.040999999999999995
2456141.7840400003	18.176	0.061
2456143.71947	17.944000000000003	0.052000000000000005
2456147.69129	18.105	0.047
2456148.62735	18.052	0.027999999999999997
2456149.74199	18.088	0.05
2456150.66679	18.002	0.042
2456151.6480099997	18.012999999999998	0.038
2456152.5257	18.005	0.035
2456153.7226400003	18.008	0.042
2456154.70684	18.048	0.038
2456158.55361	18.059	0.033
2456158.72222	18.007	0.031
2456159.68694	18.058	0.05
2456160.64818	17.944000000000003	0.033
2456161.54405	17.938	0.042
2456164.5331099997	18.128	0.049
2456167.52697	18.0	0.036000000000000004
2456168.52397	18.025	0.044000000000000004
2456169.53221	17.994	0.038
2456169.7006900003	17.984	0.052000000000000005
2456171.67419	18.025	0.047
2456172.63563	18.064	0.033
2456174.6013700003	17.914	0.045
2456175.58515	18.01	0.038
2456179.57277	18.016	0.042
2456180.5627200003	18.102	0.044000000000000004
2456181.5233299998	18.021	0.033
2456182.52481	18.032	0.031
2456183.56995	18.0	0.027999999999999997
2456184.62125	17.955	0.03
2456185.50975	17.997	0.027000000000000003
2456186.5394	18.067	0.035
2456190.57567	18.055	0.03
2456191.61326	18.019000000000002	0.031
2456195.54889	18.031	0.035
2456195.62462	17.999000000000002	0.038
2456196.54575	18.037	0.040999999999999995
2456196.6246700003	18.035	0.049
2456197.5474400003	18.039	0.044000000000000004
2456198.5536	18.018	0.049
2456200.59047	18.076	0.064
2456201.53028	17.992	0.055999999999999994
2456203.51925	18.006	0.039
2456203.6107099997	18.16	0.067
2456204.56214	17.993	0.038
2456205.50348	18.119	0.038
2456205.58456	18.034000000000002	0.035
2456208.5304400004	17.989	0.038
2456209.5798	17.989	0.044000000000000004
2456210.55558	18.090999999999998	0.040999999999999995
2456211.50628	18.051	0.033
2456211.58709	18.035999999999998	0.036000000000000004
2456212.50575	18.062	0.033
2456212.58117	18.067	0.036000000000000004
2456213.5350200003	18.043	0.039
2456214.5141	18.017	0.036000000000000004
2456214.575	18.062	0.044000000000000004
2456216.51486	18.028	0.038
2456216.57656	18.02	0.042
2456217.53795	17.977	0.027999999999999997
2456218.5225400003	18.047	0.040999999999999995
2456219.5412	17.999000000000002	0.033
2456221.52569	18.147000000000002	0.077
2456221.55288	18.066	0.067
2456223.57471	18.073	0.05
2456226.51642	18.295	0.075
2456231.52142	18.102	0.057999999999999996
2456233.54731	18.052	0.053
2456238.5242	18.155	0.059000000000000004
2456334.88605	18.053	0.036000000000000004
2456335.86303	18.031	0.033
2456337.87583	18.035999999999998	0.036000000000000004
2456338.8533900003	17.954	0.033
2456339.84865	18.03	0.03
2456340.86838	18.043	0.033
2456342.83564	18.075	0.040999999999999995
2456343.8805299997	18.145	0.044000000000000004
2456344.87418	18.025	0.027999999999999997
2456345.8983400003	17.996	0.047
2456347.89565	18.128	0.038
2456348.8957599998	18.13	0.039
2456350.82567	18.04	0.039
2456351.82427	18.003	0.047
2456352.82314	18.033	0.039
2456353.79156	18.124000000000002	0.039
2456353.89993	18.018	0.036000000000000004
2456358.8305900004	18.094	0.038
2456360.82207	18.021	0.027999999999999997
2456361.80711	18.04	0.027999999999999997
2456361.8859099997	18.082	0.035
2456362.86901	18.043	0.03
2456363.7973599997	18.078	0.033
2456363.89705	18.038	0.03
2456367.8962	18.089000000000002	0.027999999999999997
2456368.8473799997	18.054000000000002	0.03
2456369.77649	18.022000000000002	0.031
2456369.8676299998	18.072	0.027999999999999997
2456370.8190599997	18.047	0.027999999999999997
2456370.90167	18.035999999999998	0.031
2456371.8327099998	18.07	0.031
2456371.9149700003	17.925	0.035
2456372.82516	18.051	0.027999999999999997
2456372.90923	18.024	0.035
2456373.84215	18.02	0.031
2456374.75965	18.000999999999998	0.038
2456374.84906	18.054000000000002	0.035
2456375.75868	18.061	0.027999999999999997
2456375.8637099997	18.041	0.027999999999999997
2456376.76796	18.027	0.033
2456376.85965	17.987000000000002	0.03
2456377.78194	18.034000000000002	0.027999999999999997
2456377.87185	18.028	0.024
2456378.7782799997	18.006	0.03
2456378.86859	18.03	0.027000000000000003
2456379.77488	17.939	0.036000000000000004
2456379.86357	18.074	0.035
2456380.76608	17.983	0.027999999999999997
2456380.86882	18.092	0.033
2456381.78712	18.054000000000002	0.03
2456381.87502	18.055	0.027000000000000003
2456382.7809200003	18.105	0.049
2456382.8603	18.015	0.035
2456386.77396	18.06	0.033
2456386.8771599997	18.034000000000002	0.035
2456387.77263	18.026	0.027000000000000003
2456387.85596	18.044	0.027999999999999997
2456388.79659	18.011	0.027999999999999997
2456388.91012	18.037	0.031
2456389.77496	18.09	0.031
2456389.85463	17.980999999999998	0.027999999999999997
2456390.73031	18.045	0.031
2456390.81227	17.99	0.027999999999999997
2456390.90374	18.012	0.03
2456391.84821	18.0	0.033
2456393.84668	18.093	0.033
2456394.80978	17.992	0.036000000000000004
2456395.7619	18.069000000000003	0.03
2456396.71158	17.986	0.027999999999999997
2456396.89206	18.047	0.027000000000000003
2456397.83691	18.031	0.027000000000000003
2456398.75452	18.03	0.031
2456398.9253599998	18.041	0.033
2456399.84703	18.024	0.036000000000000004
2456400.82885	17.980999999999998	0.027999999999999997
2456401.77057	18.061	0.027999999999999997
2456402.69509	18.063	0.038
2456402.86778	18.012999999999998	0.033
2456403.77399	18.096	0.027999999999999997
2456404.71615	17.989	0.031
2456404.89494	18.035	0.036000000000000004
2456405.83916	18.047	0.035
2456405.90454	17.999000000000002	0.025
2456406.9243400004	18.065	0.03
2456407.8404	18.006	0.035
2456408.78449	18.079	0.047
2456409.89814	17.955	0.040999999999999995
2456415.8478099997	17.937	0.044000000000000004
2456416.7540700003	18.058	0.035
2456417.67901	18.101	0.047
2456417.84242	18.035999999999998	0.038
2456418.70131	18.038	0.035
2456418.8655	18.083	0.027000000000000003
2456419.75069	18.118	0.033
2456419.92641	18.06	0.03
2456420.7661099997	18.039	0.027000000000000003
2456421.79397	18.062	0.031
2456422.73839	17.973	0.027000000000000003
2456423.69606	18.062	0.036000000000000004
2456423.89455	18.115	0.033
2456424.7561	18.059	0.027999999999999997
2456426.61532	18.052	0.035
2456426.85543	18.048	0.025
2456427.8742400003	18.047	0.027000000000000003
2456428.64657	18.047	0.040999999999999995
2456428.84204	18.019000000000002	0.035
2456431.6406900003	18.05	0.039
2456431.82941	18.022000000000002	0.03
2456432.66677	18.137	0.042
2456432.85097	18.085	0.027999999999999997
2456433.6556700002	18.031	0.038
2456433.8517400003	18.019000000000002	0.031
2456434.74915	17.998	0.031
2456434.9355599997	18.018	0.039
2456435.5882	18.034000000000002	0.055999999999999994
2456435.7913	18.027	0.031
2456436.59195	18.087	0.049
2456436.78243	18.012999999999998	0.035
2456436.9481099998	18.123	0.069
2456437.87785	18.089000000000002	0.057999999999999996
2456441.71603	18.087	0.047
2456441.81825	18.064	0.044000000000000004
2456442.59911	17.973	0.031
2456442.7831099997	18.04	0.027999999999999997
2456442.94335	18.104	0.063
2456443.62464	17.952	0.035
2456444.70406	18.041	0.042
2456444.80221	18.000999999999998	0.031
2456445.5997200003	17.959	0.036000000000000004
2456445.80643	18.096	0.033
2456446.59043	17.993	0.027999999999999997
2456446.78178	18.032	0.025
2456447.5676	18.053	0.031
2456447.75061	18.015	0.03
2456447.9166900003	18.029	0.03
2456448.67954	18.092	0.035
2456448.86496	18.035	0.031
2456449.64091	18.118	0.040999999999999995
2456449.82502	18.006	0.03
2456450.59081	18.067999999999998	0.033
2456450.7749099997	17.997	0.025
2456450.93436	18.049	0.040999999999999995
2456451.71605	18.025	0.031
2456451.89239	18.086	0.040999999999999995
2456452.6689299997	18.061	0.027999999999999997
2456452.90668	18.0	0.031
2456454.67853	17.989	0.027000000000000003
2456454.8634200003	17.999000000000002	0.027999999999999997
2456455.7059299997	18.055999999999997	0.025
2456456.64513	18.023	0.022000000000000002
2456456.8313700003	17.998	0.025
2456457.80482	18.012	0.025
2456458.58817	17.98	0.036000000000000004
2456458.77319	18.062	0.027999999999999997
2456459.5339599997	18.022000000000002	0.038
2456459.73137	18.03	0.025
2456459.89601	18.113	0.042
2456460.79442	18.012	0.027999999999999997
2456461.65355	18.014	0.035
2456461.8750400003	18.074	0.036000000000000004
2456462.8194	18.038	0.035
2456463.59332	17.944000000000003	0.038
2456463.78438	18.011	0.031
2456464.60207	17.984	0.038
2456464.79317	18.065	0.042
2456468.58837	18.055	0.040999999999999995
2456468.8020200003	18.087	0.039
2456469.66313	18.005	0.036000000000000004
2456471.5808599996	18.052	0.044000000000000004
2456472.64544	18.057000000000002	0.036000000000000004
2456472.83105	18.023	0.044000000000000004
2456473.60803	18.064	0.027999999999999997
2456473.79268	18.061	0.033
2456474.55498	18.026	0.038
2456474.7363400003	18.070999999999998	0.035
2456475.5170299998	18.0	0.039
2456475.72147	18.044	0.033
2456476.48746	18.081	0.045
2456476.67529	18.043	0.035
2456476.83938	17.928	0.039
2456477.65597	18.070999999999998	0.035
2456478.51673	18.008	0.042
2456479.5817299997	17.985	0.03
2456479.79793	18.081	0.042
2456480.67996	18.067	0.031
2456481.48723	17.988	0.038
2456481.73027	18.088	0.038
2456483.59955	17.998	0.027999999999999997
2456484.56435	18.088	0.038
2456485.6909	18.002	0.027999999999999997
2456486.6129	18.000999999999998	0.03
2456486.81534	18.105999999999998	0.033
2456487.60348	18.046	0.027000000000000003
2456487.80596	18.035999999999998	0.027000000000000003
2456489.65505	18.017	0.031
2456490.4973299997	18.055999999999997	0.036000000000000004
2456490.6844200003	18.03	0.027999999999999997
2456491.52818	18.072	0.039
2456491.74684	18.008	0.031
2456492.56369	18.08	0.044000000000000004
2456492.75066	17.986	0.036000000000000004
2456496.58275	18.055999999999997	0.067
2456497.68837	18.023	0.040999999999999995
2456498.51497	18.099	0.03
2456498.69433	18.063	0.035
2456499.52928	18.053	0.03
2456500.6827	18.067	0.042
2456501.66733	18.031	0.027999999999999997
2456504.68299	18.077	0.03
2456505.58135	17.983	0.033
2456505.77887	17.995	0.049
2456506.72596	18.183	0.049
2456508.48365	17.991	0.039
2456508.67558	18.087	0.031
2456509.59912	17.952	0.021
2456509.7647	18.065	0.042
2456510.65718	18.044	0.025
2456511.61724	17.967	0.027999999999999997
2456514.48002	18.002	0.038
2456514.73177	18.082	0.027999999999999997
2456515.71996	18.006	0.025
2456516.67422	18.097	0.040999999999999995
2456518.67957	18.042	0.027999999999999997
2456519.63334	18.008	0.027999999999999997
2456523.55614	18.046	0.031
2456523.71173	18.191	0.077
2456524.6677900003	18.041	0.039
2456525.67535	17.997	0.045
2456529.556	17.975	0.035
2456531.50845	18.005	0.033
2456532.5101900003	18.029	0.033
2456533.5252900003	18.042	0.039
2456534.59981	18.035999999999998	0.031
2456536.57098	18.009	0.027000000000000003
2456538.61251	18.077	0.035
2456543.5347	18.057000000000002	0.031
2456544.5726799998	18.063	0.03
2456545.62102	18.12	0.033
2456547.58923	17.955	0.052000000000000005
2456555.5512099997	17.995	0.045
2456558.52764	18.053	0.027999999999999997
2456559.56728	18.012	0.031
2456560.62744	17.975	0.038
2456562.57796	18.086	0.03
2456563.5942599997	18.035999999999998	0.039
2456564.5271900003	18.096	0.033
2456565.49588	18.031	0.040999999999999995
2456565.59398	18.052	0.033
2456567.56684	18.095	0.045
2456568.56369	17.985	0.038
2456569.52415	18.000999999999998	0.027000000000000003
2456569.60625	18.07	0.038
2456571.4893	18.062	0.044000000000000004
2456571.59919	18.11	0.045
2456572.5661	18.054000000000002	0.039
2456573.53022	18.06	0.033
2456577.49587	18.043	0.067
2456577.58526	18.028	0.083
2456578.57988	18.125	0.042
2456579.5501599996	18.162	0.053
2456581.49119	18.021	0.047
2456582.5180599997	17.982	0.039
2456583.5155	18.092	0.063
2456584.5109099997	18.096	0.05
2456585.51137	18.081	0.045
2456586.5323099997	18.109	0.052000000000000005
2456590.50218	18.007	0.044000000000000004
2456592.49755	18.043	0.052000000000000005
2456595.49908	17.965999999999998	0.039
2456696.8856200003	18.05	0.052000000000000005
2456697.88221	17.977	0.033
2456698.88173	18.01	0.049
2456700.88705	18.009	0.033
2456702.86249	18.064	0.039
2456703.85018	18.079	0.049
2456705.84272	18.025	0.055
2456707.87916	17.976	0.040999999999999995
2456709.83105	17.976	0.035
2456710.8524599997	18.012	0.03
2456711.87172	18.027	0.031
2456715.8517400003	18.085	0.027999999999999997
2456716.8434099997	18.072	0.035
2456717.85596	18.05	0.039
2456718.87051	18.102999999999998	0.047
2456719.86335	18.085	0.035
2456720.8388799997	18.006	0.027999999999999997
2456721.8206700003	17.977	0.038
2456722.8119200002	18.095	0.047
2456722.90606	18.048	0.035
2456723.8870200003	17.983	0.027999999999999997
2456724.86678	18.08	0.039
2456725.8417	18.238	0.038
2456726.8043400003	17.95	0.03
2456726.90106	18.099	0.031
2456727.8739400003	18.067	0.025
2456728.84431	18.086	0.027999999999999997
2456729.79683	18.051	0.036000000000000004
2456729.8925400004	18.090999999999998	0.03
2456730.84673	18.122	0.045
2456731.89249	18.087	0.042
2456732.85507	18.088	0.055999999999999994
2456733.7913900004	18.019000000000002	0.038
2456733.8840400004	18.025	0.031
2456734.82467	18.084	0.036000000000000004
2456734.9144599997	18.064	0.035
2456735.8638400002	18.085	0.040999999999999995
2456736.79531	17.942	0.044000000000000004
2456736.89702	18.02	0.03
2456737.85223	17.980999999999998	0.027000000000000003
2456738.79429	17.894000000000002	0.049
2456741.84925	17.996	0.038
2456741.88612	18.067999999999998	0.047
2456742.84339	18.042	0.027000000000000003
2456743.88995	18.067	0.031
2456744.85248	18.002	0.027999999999999997
2456745.7423400003	18.09	0.039
2456745.8473099996	18.032	0.027999999999999997
2456746.74742	18.055999999999997	0.039
2456746.84077	18.034000000000002	0.027999999999999997
2456747.86497	18.064	0.027999999999999997
2456748.86501	18.074	0.031
2456749.85956	18.04	0.027000000000000003
2456750.88301	18.062	0.025
2456751.90619	18.078	0.025
2456752.90067	17.996	0.024
2456754.88284	17.971	0.031
2456755.8971700002	18.074	0.03
2456756.85051	17.974	0.025
2456757.81477	18.06	0.03
2456758.83644	18.159000000000002	0.044000000000000004
2456759.77534	18.087	0.027000000000000003
2456760.73155	18.01	0.03
2456760.91347	17.982	0.022000000000000002
2456760.9275599997	18.018	0.036000000000000004
2456761.84805	18.022000000000002	0.03
2456762.80298	18.035999999999998	0.03
2456763.77215	18.052	0.036000000000000004
2456764.7036599996	17.964000000000002	0.040999999999999995
2456764.87811	18.102	0.031
2456765.7991299997	18.066	0.033
2456768.77434	18.044	0.047
2456769.69052	18.065	0.033
2456769.85678	17.994	0.027000000000000003
2456770.7577400003	18.084	0.03
2456771.6916	18.002	0.027000000000000003
2456771.8865400003	18.031	0.03
2456772.79943	18.027	0.027000000000000003
2456773.71708	18.033	0.042
2456773.90467	18.002	0.027000000000000003
2456774.8078099997	18.149	0.040999999999999995
2456775.78937	18.028	0.025
2456776.70133	18.089000000000002	0.033
2456776.9177599996	18.032	0.035
2456777.9096	17.987000000000002	0.031
2456784.79618	18.059	0.031
2456785.7732599997	18.038	0.03
2456786.78244	18.024	0.03
2456788.84492	17.987000000000002	0.035
2456789.7393400003	18.061	0.039
2456789.92808	18.039	0.038
2456790.77031	18.099	0.039
2456791.61648	18.041	0.059000000000000004
2456791.78548	17.997	0.036000000000000004
2456792.62017	17.992	0.055999999999999994
2456792.78043	18.04	0.039
2456792.92137	18.023	0.045
2456796.72896	18.065	0.039
2456796.90011	18.015	0.039
2456797.76929	17.971	0.036000000000000004
2456797.9231	18.028	0.052000000000000005
2456799.8157099998	18.124000000000002	0.053
2456803.71167	18.058	0.03
2456803.882	18.002	0.03
2456804.65068	18.059	0.031
2456804.83869	18.070999999999998	0.031
2456805.6371	18.065	0.040999999999999995
2456805.82964	18.066	0.039
2456806.89895	18.064	0.045
2456807.78216	18.086	0.042
2456808.56074	17.974	0.040999999999999995
2456808.76064	18.028	0.03
2456808.92228	17.992	0.040999999999999995
2456809.72123	18.031	0.024
2456809.91602	18.035	0.042
2456810.70922	18.03	0.035
2456810.90581	18.033	0.044000000000000004
2456811.677	18.077	0.039
2456811.87519	18.057000000000002	0.053
2456813.74115	17.989	0.031
2456813.93072	18.099	0.05
2456814.78438	18.042	0.033
2456814.94067	18.118	0.063
2456815.77203	18.035	0.033
2456816.58893	18.085	0.049
2456816.81048	18.079	0.036000000000000004
2456817.6532900003	18.046	0.036000000000000004
2456817.8355400003	18.015	0.036000000000000004
2456818.59095	18.01	0.057999999999999996
2456819.64414	18.064	0.049
2456819.80156	17.963	0.042
2456823.8174	18.028	0.038
2456824.59673	17.984	0.05
2456824.7987	18.051	0.038
2456825.57991	18.03	0.036000000000000004
2456825.7662400003	18.028	0.035
2456826.53087	18.102999999999998	0.047
2456826.70622	18.098	0.033
2456826.89929	18.003	0.044000000000000004
2456827.70437	18.075	0.035
2456827.88594	18.033	0.044000000000000004
2456828.6532799997	18.08	0.03
2456828.8605299997	18.029	0.038
2456829.6058799997	18.137	0.049
2456829.7913	18.042	0.035
2456830.58433	18.029	0.039
2456830.7705200003	18.038	0.027999999999999997
2456831.66223	18.011	0.027000000000000003
2456831.85397	17.977999999999998	0.044000000000000004
2456832.67082	18.039	0.033
2456832.83865	18.143	0.047
2456833.69117	18.067	0.039
2456833.85223	18.067999999999998	0.044000000000000004
2456834.63084	18.004	0.040999999999999995
2456834.81589	18.146	0.053
2456835.6394	18.099	0.045
2456835.8229099996	18.128	0.052000000000000005
2456836.61778	18.07	0.05
2456836.79729	18.03	0.042
2456837.58256	18.048	0.035
2456837.76431	18.057000000000002	0.038
2456838.5350099998	17.980999999999998	0.042
2456838.72095	18.084	0.033
2456839.50175	17.971	0.05
2456839.68302	18.09	0.040999999999999995
2456839.84753	18.052	0.052000000000000005
2456840.6888	17.998	0.040999999999999995
2456841.55892	18.072	0.039
2456841.74883	18.039	0.036000000000000004
2456842.5512200003	18.046	0.047
2456842.73418	18.074	0.036000000000000004
2456844.5203	18.033	0.039
2456844.70822	18.014	0.035
2456844.85923	18.054000000000002	0.05
2456845.61142	18.055	0.035
2456845.7924	18.03	0.031
2456847.5603099996	18.07	0.036000000000000004
2456847.7043	18.076	0.035
2456851.5991700003	18.019000000000002	0.045
2456851.77305	18.132	0.052000000000000005
2456855.5651599998	18.061	0.040999999999999995
2456855.75054	18.016	0.038
2456856.5468200003	18.069000000000003	0.039
2456856.73053	18.035999999999998	0.035
2456857.54519	18.078	0.039
2456857.73568	18.055	0.03
2456858.56053	18.043	0.027999999999999997
2456858.7473299997	18.047	0.036000000000000004
2456859.70769	18.075	0.045
2456862.65948	18.099	0.042
2456863.50263	18.057000000000002	0.033
2456863.6929	18.000999999999998	0.03
2456864.53496	18.039	0.042
2456864.72193	18.049	0.033
2456866.73188	18.02	0.036000000000000004
2456870.67327	18.097	0.035
2456871.7329599997	18.033	0.045
2456872.73257	17.979	0.040999999999999995
2456874.6428900003	18.023	0.035
2456879.61494	18.168	0.053
2456880.58061	17.974	0.055
2456881.4849099996	18.062	0.05
2456881.736	18.019000000000002	0.055
2456882.64242	18.029	0.031
2456883.55605	18.018	0.033
2456885.5320099997	18.067999999999998	0.039
2456885.71568	18.084	0.040999999999999995
2456886.6395799997	18.038	0.031
2456887.56256	18.072	0.03
2456888.47664	18.024	0.031
2456888.67735	18.059	0.040999999999999995
2456889.62435	18.031	0.03
2456890.56365	18.112000000000002	0.039
2456891.47905	18.062	0.052000000000000005
2456891.67487	18.047	0.044000000000000004
2456895.6324299998	18.081	0.035
2456896.59766	18.025	0.033
2456900.52754	18.055	0.027999999999999997
2456907.61704	18.046	0.039
2456908.55474	18.053	0.040999999999999995
2456908.60531	18.027	0.055
2456909.64303	18.105	0.07400000000000001
2456912.50001	18.006	0.038
2456915.49024	18.03	0.044000000000000004
2456918.49065	18.002	0.05
2456919.54701	17.973	0.036000000000000004
2456922.52734	18.012999999999998	0.039
2456923.5504799997	18.01	0.049
2456924.58982	18.067	0.044000000000000004
2456926.48526	18.057000000000002	0.055
2456927.54124	17.993	0.045
2456928.57601	18.067	0.055
2456930.5081700003	18.098	0.067
2456932.55547	18.117	0.07
2456936.48748	18.085	0.040999999999999995
2456937.48851	18.045	0.05
2456938.4882900002	17.997	0.057999999999999996
2456938.57493	18.021	0.057999999999999996
2456940.53719	18.01	0.052000000000000005
2456942.50694	18.029	0.039
2456943.50552	17.919	0.047
2456944.5431	18.077	0.042
2456948.4927	18.085	0.055
2456951.5106200003	17.958	0.042
2456953.54369	18.012	0.047
2456955.54151	18.017	0.039
2457064.87523	18.0	0.035
2457066.88567	18.027	0.047
2457070.84546	18.044	0.035
2457071.85777	18.054000000000002	0.031
2457072.86557	17.986	0.039
2457074.8942	18.098	0.05
2457075.8715	18.02	0.035
2457076.8719900004	18.044	0.031
2457077.86935	18.03	0.042
2457078.86032	18.027	0.035
2457079.9007200003	18.147000000000002	0.07
2457080.89514	18.048	0.031
2457082.84952	17.98	0.035
2457083.81236	18.101	0.045
2457084.80707	17.98	0.045
2457084.89429	18.046	0.031
2457085.86749	18.062	0.033
2457086.84611	18.005	0.038
2457087.79512	18.07	0.049
2457087.9020700003	18.072	0.039
2457088.87329	18.094	0.038
2457089.83934	18.034000000000002	0.038
2457090.7903	18.000999999999998	0.045
2457090.89439	18.047	0.036000000000000004
2457091.84822	18.072	0.040999999999999995
2457092.78361	18.073	0.040999999999999995
2457092.87866	18.067	0.036000000000000004
2457097.77041	18.062	0.039
2457097.86045	18.113	0.03
2457098.8097	18.018	0.031
2457098.90881	18.047	0.033
2457099.85186	18.112000000000002	0.036000000000000004
2457100.7988400003	18.032	0.035
2457100.89158	18.062	0.033
2457101.8733200002	18.023	0.036000000000000004
2457102.85185	18.065	0.042
2457108.82558	18.062	0.042
2457109.7735599997	18.012	0.036000000000000004
2457109.87697	18.038	0.033
2457110.7854299997	18.0	0.027999999999999997
2457110.89673	18.041	0.027999999999999997
2457111.80615	18.011	0.031
2457111.91945	18.019000000000002	0.049
2457112.82334	18.039	0.036000000000000004
2457113.73584	18.063	0.038
2457113.91409	18.024	0.033
2457114.91097	18.022000000000002	0.031
2457115.8895	18.052	0.03
2457116.83113	18.04	0.039
2457117.81372	18.05	0.038
2457118.86435	18.045	0.031
2457119.86198	18.044	0.044000000000000004
2457120.8032	18.051	0.036000000000000004
2457125.73422	17.988	0.031
2457125.92177	18.014	0.033
2457126.89909	18.062	0.03
2457129.81911	18.051	0.03
2457130.7469599997	18.017	0.033
2457130.93078	18.027	0.045
2457131.85869	18.051	0.03
2457132.7707	18.034000000000002	0.033
2457133.90128	17.94	0.035
2457134.7851299997	18.049	0.036000000000000004
2457135.71331	18.005	0.03
2457135.89924	18.004	0.027999999999999997
2457136.79212	18.048	0.033
2457137.69938	17.989	0.027999999999999997
2457137.88533	18.083	0.040999999999999995
2457138.75922	18.069000000000003	0.035
2457139.66591	18.027	0.047
2457139.87785	18.011	0.035
2457140.7560799997	18.028	0.035
2457141.6581	18.025	0.035
2457141.8396900003	18.054000000000002	0.027000000000000003
2457142.71375	18.009	0.027999999999999997
2457142.89901	18.033	0.033
2457143.76969	18.061	0.039
2457144.66163	18.032	0.045
2457144.85879	18.044	0.049
2457145.8588799997	18.044	0.039
2457146.70381	18.014	0.039
2457146.84457	18.092	0.047
2457147.68541	18.008	0.052000000000000005
2457147.82513	18.098	0.044000000000000004
2457152.8213400003	17.967	0.036000000000000004
2457153.65745	17.963	0.035
2457153.82085	18.057000000000002	0.031
2457154.69588	18.057000000000002	0.031
2457154.89084	18.093	0.03
2457155.72771	18.072	0.033
2457155.9136799998	17.998	0.031
2457156.75996	18.049	0.027000000000000003
2457157.73977	18.065	0.027999999999999997
2457158.65278	17.952	0.033
2457158.83746	18.107	0.038
2457159.65378	18.048	0.031
2457159.83786	18.077	0.031
2457160.67666	18.016	0.036000000000000004
2457160.86035	18.072	0.036000000000000004
2457161.70418	18.042	0.03
2457161.88722	17.993	0.03
2457162.70625	18.086	0.036000000000000004
2457162.89315	18.048	0.033
2457163.7157799997	18.118	0.052000000000000005
2457163.89836	18.090999999999998	0.039
2457164.81488	18.028	0.031
2457166.66075	18.024	0.038
2457166.84571	18.008	0.036000000000000004
2457169.5882900003	18.033	0.038
2457169.774	18.054000000000002	0.03
2457169.94416	18.069000000000003	0.047
2457170.7483	18.081	0.035
2457172.5794599997	18.08	0.053
2457172.7631599996	18.039	0.044000000000000004
2457172.93077	18.090999999999998	0.049
2457173.7283099997	18.104	0.038
2457173.9134	18.038	0.036000000000000004
2457174.6822	18.125	0.044000000000000004
2457174.85376	18.061	0.042
2457175.63397	17.986	0.044000000000000004
2457175.86322	18.065	0.05
2457176.90775	18.041	0.052000000000000005
2457178.72353	18.062	0.045
2457179.67962	18.131	0.052000000000000005
2457179.84993	18.048	0.049
2457180.6315200003	18.105999999999998	0.047
2457180.80298	18.084	0.038
2457181.56943	17.955	0.033
2457181.75919	18.051	0.036000000000000004
2457181.92497	18.073	0.049
2457182.70736	18.035999999999998	0.033
2457182.88508	18.055	0.036000000000000004
2457183.64189	18.090999999999998	0.039
2457183.8258700003	18.09	0.038
2457184.63388	17.983	0.036000000000000004
2457184.81745	18.031	0.033
2457185.59847	18.019000000000002	0.042
2457185.78126	18.093	0.036000000000000004
2457186.63222	18.042	0.053
2457186.90297	18.025	0.047
2457187.70507	18.051	0.035
2457187.8729	18.018	0.033
2457188.65369	18.043	0.040999999999999995
2457188.85311	17.992	0.049
2457189.71357	18.057000000000002	0.038
2457189.88067	18.004	0.039
2457190.6817900003	17.97	0.031
2457190.8703400004	18.058	0.040999999999999995
2457191.79336	18.069000000000003	0.042
2457193.64362	18.052	0.027999999999999997
2457193.73476	18.029	0.027999999999999997
2457193.89886	18.09	0.033
2457194.70089	18.074	0.03
2457195.82948	17.998	0.024
2457196.88234	18.087	0.047
2457197.54345	18.052	0.049
2457197.71935	18.034000000000002	0.031
2457198.52587	18.047	0.044000000000000004
2457198.71093	18.023	0.036000000000000004
2457198.88122	18.070999999999998	0.05
2457199.64695	18.025	0.027000000000000003
2457199.8298299997	18.05	0.035
2457200.5998299997	18.084	0.031
2457200.7688	18.06	0.033
2457202.74695	18.105	0.05
2457206.5611	18.092	0.057999999999999996
2457206.73589	18.061	0.044000000000000004
2457207.5446599997	18.004	0.045
2457207.709	18.063	0.045
2457208.53313	18.041	0.038
2457209.8006700003	17.994	0.039
2457211.57765	18.070999999999998	0.035
2457211.76081	18.026	0.033
2457214.5302	18.092	0.049
2457214.73057	18.102	0.040999999999999995
2457217.7519	18.108	0.039
2457219.59421	18.032	0.033
2457220.50104	18.14	0.049
2457220.6836200003	18.035999999999998	0.027000000000000003
2457221.48748	18.022000000000002	0.044000000000000004
2457221.66988	18.113	0.036000000000000004
2457221.8253	18.075	0.047
2457222.6307900003	18.034000000000002	0.035
2457223.5033400003	18.012	0.055999999999999994
2457223.68621	18.092	0.038
2457224.52768	17.976	0.035
2457224.7332099997	18.121	0.045
2457225.5575599996	18.035	0.033
2457226.57839	18.09	0.038
2457226.75906	17.995	0.040999999999999995
2457227.5430400004	17.999000000000002	0.03
2457227.7266	18.076	0.033
2457228.5457	18.085	0.039
2457228.74021	18.12	0.036000000000000004
2457229.57277	17.985	0.027999999999999997
2457229.7376599996	18.137	0.040999999999999995
2457235.50063	18.01	0.059000000000000004
2457235.76262	18.049	0.053
2457236.61357	18.051	0.044000000000000004
2457249.61304	18.125	0.044000000000000004
2457250.57493	18.012	0.033
2457252.6320599997	18.053	0.031
2457253.57436	17.977999999999998	0.03
2457255.53252	17.995	0.039
2457256.5273700003	17.964000000000002	0.038
2457257.5911	18.06	0.035
2457258.6306	18.008	0.040999999999999995
2457261.57114	18.05	0.045
2457263.5310299997	18.06	0.038
2457263.69403	18.085	0.049
2457264.64334	18.028	0.038
2457265.60607	18.084	0.036000000000000004
2457267.55398	18.218	0.052000000000000005
2457268.56163	18.073	0.031
2457269.54375	18.062	0.035
2457270.49595	18.011	0.036000000000000004
2457270.6852	18.107	0.038
2457272.4832099997	18.066	0.055
2457273.59661	18.074	0.044000000000000004
2457275.6104200003	17.964000000000002	0.049
2457277.59578	18.11	0.042
2457278.58513	18.099	0.035
2457281.5857700002	18.009	0.036000000000000004
2457291.51515	17.974	0.055999999999999994
2457292.52178	18.055999999999997	0.063
2457293.50635	18.117	0.047
2457294.48409	18.019000000000002	0.052000000000000005
2457294.60832	18.096	0.057999999999999996
2457295.59711	18.086	0.045
2457299.5183200003	18.116	0.045
2457300.50894	17.996	0.047
2457307.56714	18.093	0.040999999999999995
2457312.49701	18.069000000000003	0.052000000000000005
2457317.49765	18.088	0.057999999999999996
2457319.50348	18.06	0.066
2457324.50065	18.016	0.066
2457328.51219	18.212	0.092
2457332.50696	18.097	0.055
2457435.85379	17.907	0.035
2457436.87755	17.983	0.040999999999999995
2457438.83019	18.081	0.045
2457439.85495	18.087	0.05
2457440.87883	17.982	0.039
2457442.81704	18.16	0.059000000000000004
2457444.89791	18.171	0.052000000000000005
2457446.80855	17.980999999999998	0.031
2457447.81971	18.033	0.038
2457448.82233	17.979	0.036000000000000004
2457449.86223	18.136	0.059000000000000004
2457451.86462	18.022000000000002	0.038
2457452.90719	17.989	0.031
2457454.8605299997	17.996	0.031
2457455.8631599997	18.06	0.033
2457456.87952	17.979	0.036000000000000004
2457457.876	17.99	0.038
2457458.86975	18.081	0.038
2457460.87128	18.017	0.03
2457461.86912	18.011	0.03
2457462.8475599997	18.043	0.031
2457463.89062	18.098	0.031
2457465.81548	18.061	0.036000000000000004
2457466.87593	18.067999999999998	0.038
2457467.879	18.037	0.035
2457470.83523	17.979	0.039
2457471.78754	18.084	0.047
2457471.91785	18.145	0.05
2457472.8580099996	18.006	0.038
2457474.74897	18.037	0.055
2457474.85126	18.06	0.036000000000000004
2457475.78068	18.096	0.053
2457475.8849299997	18.046	0.039
2457476.77394	18.082	0.039
2457484.8610900003	18.093	0.038
2457486.7839200003	18.164	0.047
2457487.8925900003	18.021	0.033
2457489.92575	18.067999999999998	0.035
2457492.7522400003	18.07	0.036000000000000004
2457493.73979	18.052	0.033
2457494.7321	18.039	0.03
2457495.7064900002	17.987000000000002	0.036000000000000004
2457495.92708	18.08	0.042
2457498.85843	18.094	0.045
2457499.81319	18.064	0.040999999999999995
2457500.75425	17.986	0.042
2457507.776	18.03	0.03
2457508.82472	18.067999999999998	0.027999999999999997
2457509.92419	18.028	0.038
2457512.87656	18.125999999999998	0.027999999999999997
2457522.92957	18.180999999999997	0.066
2457526.85322	18.08	0.039
2457530.70265	17.982	0.052000000000000005
2457534.84293	18.049	0.036000000000000004
2457536.83945	18.072	0.035
2457546.67282	18.067999999999998	0.039
2457547.61681	18.113	0.038
2457548.74786	18.012999999999998	0.024
2457549.8695400003	18.054000000000002	0.038
2457550.8481099997	18.005	0.039
2457552.8747900003	17.923	0.040999999999999995
2457555.58759	17.939	0.036000000000000004
2457555.91836	18.08	0.045
2457557.8925900003	18.087	0.057999999999999996
2457561.69336	18.066	0.039
2457566.55029	17.97	0.042
2457566.86994	18.159000000000002	0.064
2457567.81374	18.046	0.035
2457568.83477	17.994	0.049
2457569.8312	18.059	0.049
2457570.78757	18.005	0.035
2457573.69642	18.047	0.044000000000000004
2457575.62764	18.118	0.045
2457575.7812099997	18.02	0.027999999999999997
2457576.57631	17.976	0.031
2457576.7400700003	18.042	0.03
2457577.56261	18.079	0.044000000000000004
2457579.741	18.03	0.036000000000000004
2457582.69735	18.09	0.035
2457582.71034	18.075	0.036000000000000004
2457584.5680400003	18.081	0.049
2457584.7102799998	18.061	0.040999999999999995
2457589.51665	18.102999999999998	0.069
2457589.67559	18.041	0.049
2457590.47503	17.939	0.052000000000000005
2457590.6165	17.963	0.035
2457590.80885	18.123	0.064
2457593.54842	18.004	0.03
2457593.7037400003	18.055	0.03
2457595.70012	17.965	0.040999999999999995
2457599.51442	18.059	0.045
2457599.74925	18.074	0.036000000000000004
2457600.61856	18.065	0.039
2457600.64684	18.125999999999998	0.042
2457601.78028	18.087	0.045
2457602.6202700003	18.094	0.035
2457602.77003	18.185	0.063
2457603.6081	18.1	0.033
2457603.74829	18.035	0.035
2457604.5749	18.102	0.031
2457604.71548	18.061	0.03
2457605.56769	18.067999999999998	0.031
2457605.71902	18.051	0.035
2457606.7433	18.097	0.05
2457607.6458400004	18.087	0.03
2457608.52535	18.021	0.035
2457608.72719	18.052	0.035
2457609.60375	18.059	0.03
2457609.75417	18.066	0.038
2457610.6364	18.03	0.033
2457611.63663	17.991	0.036000000000000004
2457612.5651700003	18.102999999999998	0.039
2457612.7036200003	17.988	0.038
2457616.58032	18.055	0.038
2457617.53026	18.074	0.049
2457617.69404	18.114	0.055
2457618.58362	18.052	0.039
2457618.73446	17.952	0.063
2457621.59076	18.003	0.044000000000000004
2457622.52955	17.998	0.03
2457622.71246	18.042	0.036000000000000004
2457623.6312	18.073	0.033
2457624.5746299997	18.123	0.038
2457625.53505	18.067	0.035
2457626.51488	17.95	0.038
2457630.5096299998	18.019000000000002	0.036000000000000004
2457631.48121	17.976	0.036000000000000004
2457631.65997	18.084	0.033
2457632.64513	18.099	0.038
2457634.52992	18.15	0.047
2457636.48263	18.074	0.055999999999999994
2457636.6533	17.988	0.045
2457637.64334	18.124000000000002	0.040999999999999995
2457639.53774	18.061	0.042
2457643.6228400003	18.031	0.053
2457645.49906	18.172	0.061
2457647.61736	18.129	0.061
2457649.51107	18.1	0.036000000000000004
2457650.56123	18.031	0.035
2457651.5907900003	17.986	0.040999999999999995
2457653.48507	18.09	0.036000000000000004
2457655.48592	18.137	0.049
2457656.5707099997	17.998	0.040999999999999995
2457659.5564	18.118	0.042
2457661.4852	17.919	0.047
2457662.55749	18.012999999999998	0.040999999999999995
2457667.49378	18.139	0.042
2457672.54385	18.009	0.047
2457681.51521	18.061	0.047
2457791.8845	17.956	0.045
2457792.88729	17.965	0.059000000000000004
2457793.87873	17.949	0.035
2457794.88572	17.944000000000003	0.047
2457795.8897599997	17.897000000000002	0.047
2457798.86115	17.916	0.035
2457800.8519900003	17.904	0.040999999999999995
2457801.8908599997	17.928	0.042
2457803.8723	17.909000000000002	0.039
2457807.84581	17.9	0.031
2457808.89657	17.95	0.042
2457809.90477	17.922	0.053
2457811.8273	17.916	0.035
2457812.85886	17.967	0.03
2457814.82775	17.915	0.031
2457815.85463	17.895	0.027999999999999997
2457816.8464	17.945999999999998	0.035
2457817.84301	17.927	0.033
2457818.82922	17.85	0.027000000000000003
2457819.80908	17.844	0.03
2457819.9064700003	17.925	0.033
2457821.8172	17.873	0.035
2457822.81261	17.851	0.038
2457822.90196	17.842	0.027999999999999997
2457823.88715	17.88	0.031
2457824.88326	17.882	0.035
2457825.87486	17.864	0.031
2457826.83374	17.773	0.039
2457827.82102	17.861	0.035
2457827.91026	17.815	0.033
2457828.8794299997	17.84	0.027999999999999997
2457830.78207	17.817999999999998	0.036000000000000004
2457830.86931	17.799	0.03
2457835.7821400003	17.824	0.042
2457836.8934	17.802	0.031
2457838.7802	17.775	0.031
2457839.8464599997	17.765	0.024
2457840.90781	17.753	0.025
2457842.7782099997	17.729	0.03
2457843.8190900004	17.729	0.027000000000000003
2457844.86135	17.737000000000002	0.031
2457845.9079400003	17.733	0.027000000000000003
2457847.75006	17.692999999999998	0.027999999999999997
2457848.77947	17.686	0.025
2457849.80783	17.680999999999997	0.022000000000000002
2457850.83687	17.637	0.024
2457851.88107	17.673	0.024
2457853.9197400003	17.678	0.038
2457855.72914	17.697	0.031
2457856.75315	17.703	0.042
2457858.83599	17.641	0.027999999999999997
2457862.8716700003	17.641	0.027000000000000003
2457865.68555	17.628	0.022000000000000002
2457866.6965400004	17.679000000000002	0.024
2457867.7154	17.625999999999998	0.022000000000000002
2457868.78802	17.676	0.027999999999999997
2457869.8113700002	17.625999999999998	0.021
2457870.8500200002	17.694000000000003	0.024
2457871.87232	17.657	0.024
2457872.8986299997	17.669	0.021
2457873.8790599997	17.659000000000002	0.022000000000000002
2457874.852	17.680999999999997	0.027999999999999997
2457875.9299	17.664	0.027000000000000003
2457876.9023700003	17.673	0.024
2457877.87447	17.674	0.024
2457878.91381	17.656	0.022000000000000002
2457880.6748599997	17.694000000000003	0.033
2457881.75085	17.680999999999997	0.038
2457882.7546	17.695999999999998	0.031
2457889.93403	17.77	0.049
2457893.67003	17.767	0.036000000000000004
2457893.92371	17.759	0.027999999999999997
2457894.81263	17.802	0.027999999999999997
2457895.79522	17.837	0.027999999999999997
2457901.6796	17.839000000000002	0.03
2457902.66872	17.835	0.035
2457903.76123	17.928	0.040999999999999995
2457904.66225	17.869	0.027999999999999997
2457904.92802	17.842	0.036000000000000004
2457905.79268	17.894000000000002	0.027999999999999997
2457906.68312	17.858	0.025
2457906.92947	17.845	0.039
2457907.89514	17.885	0.033
2457908.78918	17.865	0.027999999999999997
2457909.65414	17.891	0.031
2457909.89591	17.827	0.03
2457910.69446	17.866	0.027999999999999997
2457911.57978	17.973	0.05
2457916.54889	17.975	0.053
2457916.76063	17.908	0.03
2457917.60123	17.87	0.036000000000000004
2457917.8428599997	17.912	0.05
2457918.8665	17.837	0.07200000000000001
2457922.56705	17.903	0.052000000000000005
2457923.5210599997	18.011	0.047
2457923.86547	17.962	0.049
2457924.50448	17.982	0.044000000000000004
2457924.8945299997	17.974	0.040999999999999995
2457925.50563	17.954	0.044000000000000004
2457925.57161	17.936	0.045
2457925.68063	17.945	0.024
2457925.78665	17.995	0.033
2457925.82479	18.028	0.039
2457925.86606	17.95	0.035
2457925.89097	17.961	0.045
2457926.75497	17.95	0.033
2457926.87283	18.014	0.05
2457928.54385	17.953	0.047
2457928.56713	17.914	0.039
2457928.60124	17.962	0.033
2457928.63364	17.933	0.038
2457928.6671	17.987000000000002	0.035
2457928.88184	18.121	0.067
2457929.57004	17.956	0.042
2457929.80013	17.982	0.044000000000000004
2457932.60063	17.979	0.042
2457932.7193299998	17.992	0.036000000000000004
2457932.84267	18.067999999999998	0.047
2457933.51194	18.072	0.052000000000000005
2457933.7145	18.014	0.036000000000000004
2457934.64437	17.988	0.033
2457934.85979	18.029	0.042
2457935.7387200003	17.975	0.027999999999999997
2457936.61656	18.005	0.03
2457936.86999	18.012999999999998	0.044000000000000004
2457937.71075	17.991	0.031
2457938.63293	18.018	0.049
2457944.55111	17.994	0.039
2457944.6534	17.971	0.039
2457944.77438	18.03	0.040999999999999995
2457945.5740099996	17.967	0.036000000000000004
2457945.8112	18.02	0.036000000000000004
2457946.67782	18.006	0.033
2457947.57969	18.034000000000002	0.039
2457948.48581	17.971	0.038
2457948.76932	17.99	0.036000000000000004
2457949.6983	17.947	0.040999999999999995
2457953.4720099997	17.933	0.042
2457953.74469	18.014	0.027999999999999997
2457954.6639	17.962	0.027000000000000003
2457956.48394	17.961	0.035
2457956.7623799997	17.965999999999998	0.033
2457958.61093	18.043	0.044000000000000004
2457959.49489	18.014	0.031
2457959.74384	18.02	0.031
2457960.64898	18.003	0.031
2457961.63043	18.055999999999997	0.033
2457962.63563	18.039	0.031
2457964.65375	18.047	0.038
2457966.4772	17.999000000000002	0.061
2457966.72193	18.067999999999998	0.045
2457967.72883	18.090999999999998	0.052000000000000005
2457971.65782	18.009	0.036000000000000004
2457972.5931700002	18.058	0.047
2457972.70143	17.983	0.045
2457973.70202	17.969	0.061
2457974.6740200003	18.015	0.039
2457979.5709599997	18.066	0.03
2457980.6367	18.02	0.044000000000000004
2457982.48603	18.000999999999998	0.036000000000000004
2457983.55923	18.011	0.036000000000000004
2457984.6168400003	18.018	0.035
2457986.53062	18.055999999999997	0.03
2457987.6075	18.027	0.03
2457991.47388	18.049	0.055
2457992.53929	18.019000000000002	0.03
2457993.60207	17.972	0.03
2457998.4841400003	18.023	0.038
2457998.57603	18.055999999999997	0.039
2458000.5104900002	18.044	0.05
2458000.61191	18.039	0.055
2458002.49213	18.002	0.064
2458004.51603	18.073	0.045
2458008.51408	18.051	0.044000000000000004
2458012.49453	18.06	0.033
2458014.53307	18.085	0.036000000000000004
2458016.55525	18.092	0.044000000000000004
2458019.5391	18.066	0.03
2458029.53659	18.026	0.05
2458037.54015	18.026	0.057999999999999996
2458039.5268099997	18.015	0.052000000000000005
2458048.50525	18.011	0.035
2458054.51107	18.117	0.063
2458056.50618	18.028	0.067
