2455377.8160900003	15.383	0.006
2455378.74021	15.384	0.006
2455379.54918	15.383	0.006
2455379.847	15.392999999999999	0.006999999999999999
2455380.54488	15.378	0.006
2455380.73928	15.384	0.006
2455381.59038	15.38	0.006999999999999999
2455381.81346	15.394	0.006999999999999999
2455382.68323	15.384	0.006
2455384.7906400003	15.392999999999999	0.006999999999999999
2455386.61086	15.385	0.006
2455387.4804	15.374	0.006
2455387.55142	15.377	0.006
2455387.61623	15.38	0.006
2455387.62407	15.375	0.006
2455387.652	15.38	0.006
2455387.69048	15.38	0.006
2455388.50866	15.386	0.006
2455389.47059	15.383	0.006999999999999999
2455389.79966	15.390999999999998	0.006999999999999999
2455390.73682	15.384	0.006
2455391.5838099997	15.385	0.006
2455392.52152	15.383	0.006999999999999999
2455393.62896	15.382	0.006999999999999999
2455393.82801	15.383	0.006999999999999999
2455396.81108	15.379000000000001	0.006999999999999999
2455403.55888	15.379000000000001	0.006
2455403.7554599997	15.385	0.006999999999999999
2455404.62879	15.382	0.006
2455405.6450799997	15.389000000000001	0.006999999999999999
2455407.49959	15.38	0.006999999999999999
2455407.69379	15.380999999999998	0.006999999999999999
2455408.62274	15.380999999999998	0.006999999999999999
2455409.48506	15.378	0.006
2455410.4892599997	15.38	0.006
2455411.5038799997	15.388	0.006
2455412.55447	15.380999999999998	0.006999999999999999
2455413.4961	15.384	0.006
2455414.51427	15.379000000000001	0.006
2455416.6891799998	15.385	0.006999999999999999
2455421.5231	15.384	0.006
2455422.5062599997	15.378	0.006999999999999999
2455423.63469	15.378	0.006999999999999999
2455426.69719	15.388	0.006999999999999999
2455430.65471	15.378	0.006999999999999999
2455431.65177	15.38	0.006999999999999999
2455433.54168	15.38	0.006999999999999999
2455434.62451	15.383	0.006
2455435.62151	15.384	0.006999999999999999
2455437.48983	15.380999999999998	0.006
2455438.68136	15.370999999999999	0.006
2455443.50171	15.392000000000001	0.006999999999999999
2455444.5085400003	15.383	0.006999999999999999
2455445.58113	15.38	0.006
2455446.6179299997	15.38	0.006
2455448.4804599998	15.382	0.006999999999999999
2455449.5506700003	15.384	0.006
2455450.64853	15.385	0.006999999999999999
2455457.47853	15.375	0.006999999999999999
2455458.52735	15.379000000000001	0.008
2455459.56765	15.383	0.006999999999999999
2455460.5808599996	15.379000000000001	0.006999999999999999
2455461.60848	15.377	0.006999999999999999
2455463.53188	15.383	0.006
2455464.52376	15.390999999999998	0.006999999999999999
2455467.5075	15.376	0.006
2455470.54655	15.383	0.006999999999999999
2455472.51995	15.385	0.006999999999999999
2455473.58654	15.379000000000001	0.006999999999999999
2455479.5134099997	15.379000000000001	0.006999999999999999
2455481.50673	15.386	0.006999999999999999
2455486.52578	15.380999999999998	0.006999999999999999
2455488.51034	15.377	0.006999999999999999
2455490.5219799997	15.380999999999998	0.008
2455495.50079	15.379000000000001	0.006
2455499.52881	15.372	0.006999999999999999
2455621.87459	15.384	0.006
2455624.90799	15.392999999999999	0.006999999999999999
2455625.84743	15.375	0.006
2455627.85469	15.383	0.006
2455628.89091	15.387	0.006
2455630.85597	15.387	0.006
2455632.84605	15.39	0.006
2455634.82842	15.378	0.006
2455635.89396	15.385	0.006
2455638.80566	15.376	0.006
2455639.85975	15.382	0.006
2455641.80127	15.389000000000001	0.006
2455643.81385	15.388	0.006
2455648.84424	15.379000000000001	0.006
2455650.7634099997	15.385	0.006
2455652.75121	15.380999999999998	0.006
2455654.85973	15.385	0.006
2455656.83424	15.382	0.006
2455658.81701	15.380999999999998	0.006
2455659.8814	15.38	0.006
2455662.7856400004	15.387	0.006
2455664.87854	15.385	0.006999999999999999
2455667.84257	15.386	0.006
2455670.7258200003	15.387	0.006
2455675.89883	15.377	0.006
2455677.8424	15.378	0.006
2455680.73922	15.380999999999998	0.006
2455681.9161400003	15.377	0.006
2455683.89401	15.382	0.006
2455685.8772400003	15.380999999999998	0.006
2455687.7828	15.392999999999999	0.006
2455690.79642	15.382	0.006
2455692.71068	15.386	0.006
2455693.82032	15.374	0.006
2455694.90391	15.384	0.006
2455696.6979400003	15.387	0.006
2455697.79487	15.382	0.006
2455698.8706	15.382	0.006
2455705.94022	15.375	0.006999999999999999
2455707.83237	15.38	0.006
2455709.58739	15.392999999999999	0.006
2455713.76186	15.392000000000001	0.006
2455715.80787	15.380999999999998	0.006
2455721.65367	15.386	0.006
2455722.83568	15.386	0.006
2455724.6521400004	15.388	0.006
2455726.58177	15.385	0.006999999999999999
2455735.75996	15.384	0.006
2455736.85297	15.380999999999998	0.006
2455737.89628	15.385	0.006
2455739.73104	15.379000000000001	0.006
2455740.81323	15.382	0.006
2455741.8514799997	15.386	0.006
2455742.86314	15.389000000000001	0.006
2455744.5794	15.379000000000001	0.006999999999999999
2455745.66752	15.388	0.006
2455746.84527	15.397	0.006999999999999999
2455749.59309	15.388	0.006
2455752.7521900004	15.382	0.006
2455759.84486	15.392000000000001	0.006999999999999999
2455761.5389	15.384	0.006
2455762.66175	15.383	0.006
2455763.80198	15.39	0.006999999999999999
2455765.60574	15.384	0.006
2455766.7277900004	15.383	0.006999999999999999
2455768.55533	15.382	0.006
2455769.6963	15.382	0.006
2455776.72661	15.385	0.006999999999999999
2455779.6167099997	15.379000000000001	0.006
2455785.70163	15.387	0.006999999999999999
2455787.6655200003	15.382	0.006
2455790.57766	15.376	0.006999999999999999
2455793.6799	15.387	0.006
2455796.48203	15.384	0.006
2455801.6809	15.388	0.006999999999999999
2455805.54878	15.387	0.006
2455812.5816900004	15.380999999999998	0.006999999999999999
2455815.62071	15.384	0.006
2455818.52365	15.384	0.006
2455820.59855	15.382	0.006
2455823.53584	15.395	0.006999999999999999
2455824.54518	15.376	0.006
2455825.54212	15.386	0.006
2455826.5260099997	15.389000000000001	0.006999999999999999
2455828.48861	15.379000000000001	0.006
2455829.61412	15.390999999999998	0.006
2455831.62155	15.392000000000001	0.006999999999999999
2455834.51643	15.378	0.006
2455839.50678	15.385	0.008
2455841.5041099996	15.383	0.006999999999999999
2455843.49137	15.387	0.006999999999999999
2455845.50655	15.382	0.006
2455850.5597200003	15.388	0.006
2455854.5139599997	15.395999999999999	0.006999999999999999
2455859.51418	15.390999999999998	0.006999999999999999
2455978.88222	15.370999999999999	0.006
2455983.8977200002	15.38	0.006
2455986.89477	15.378	0.006
2455989.87432	15.384	0.006
2455992.8130200002	15.388	0.006
2455994.88579	15.384	0.006
2455996.8887	15.39	0.006
2455998.9019400002	15.385	0.006
2456004.80215	15.380999999999998	0.006
2456006.79558	15.387	0.006
2456007.91722	15.370999999999999	0.006
2456009.86225	15.382	0.006
2456011.7696700003	15.383	0.006
2456012.9106400004	15.383	0.006
2456014.8440400003	15.378	0.006
2456016.74243	15.384	0.006
2456017.83535	15.392000000000001	0.006
2456019.75032	15.377	0.006
2456020.82533	15.384	0.006
2456021.88815	15.384	0.006
2456023.72148	15.377	0.006
2456024.7067299997	15.376	0.006999999999999999
2456025.7713900004	15.388	0.006
2456032.69914	15.39	0.006999999999999999
2456033.91295	15.39	0.006
2456036.88196	15.379000000000001	0.006
2456038.9032900003	15.378	0.006
2456041.74386	15.388	0.006
2456047.90099	15.386	0.006
2456049.84923	15.387	0.006
2456051.7576599997	15.38	0.006
2456053.76266	15.382	0.006
2456058.7722099996	15.376	0.006
2456059.76343	15.380999999999998	0.006
2456061.91829	15.386	0.006
2456063.86927	15.380999999999998	0.006
2456065.7373099998	15.376	0.006
2456066.92746	15.376	0.006
2456068.66877	15.379000000000001	0.006
2456069.8434099997	15.384	0.006
2456070.89774	15.379000000000001	0.006
2456075.59838	15.387	0.006
2456076.72675	15.384	0.006
2456077.9434599997	15.392000000000001	0.006
2456079.64091	15.377	0.006
2456080.69632	15.385	0.006
2456081.7313200003	15.378	0.006
2456082.62624	15.387	0.006999999999999999
2456082.84295	15.386	0.006999999999999999
2456085.92031	15.385	0.006999999999999999
2456089.73154	15.382	0.006
2456093.6079599997	15.404000000000002	0.006
2456094.75422	15.390999999999998	0.006
2456096.87289	15.385	0.006
2456098.67674	15.384	0.006
2456100.627	15.392000000000001	0.006
2456101.6562900003	15.385	0.006
2456102.71811	15.389000000000001	0.006
2456103.73977	15.379000000000001	0.006
2456104.8028700002	15.38	0.006
2456108.50815	15.39	0.006999999999999999
2456109.60059	15.384	0.006999999999999999
2456109.81348	15.386	0.006
2456114.57667	15.387	0.006999999999999999
2456115.6006099996	15.388	0.006
2456116.7340599997	15.387	0.006
2456117.79941	15.385	0.006
2456118.8475900004	15.377	0.006
2456119.63928	15.394	0.006
2456120.55237	15.380999999999998	0.006
2456121.64732	15.392999999999999	0.006
2456123.7568599996	15.38	0.006
2456126.65157	15.386	0.006
2456128.64872	15.385	0.006
2456130.55373	15.385	0.006
2456132.78189	15.39	0.006
2456135.4934400003	15.388	0.006
2456140.51084	15.388	0.006999999999999999
2456141.64654	15.385	0.006
2456143.5378900003	15.384	0.006999999999999999
2456147.50795	15.377	0.006
2456148.48561	15.389000000000001	0.006
2456150.61703	15.387	0.006
2456151.4888	15.389000000000001	0.006999999999999999
2456152.64498	15.387	0.006
2456158.49108	15.388	0.006
2456160.49323	15.383	0.006
2456164.4959400003	15.392999999999999	0.006
2456168.4992299997	15.380999999999998	0.006
2456171.4992400003	15.385	0.006
2456172.49735	15.383	0.006
2456175.48605	15.386	0.006
2456180.55179	15.388	0.006
2456182.65778	15.387	0.006
2456185.48637	15.386	0.006
2456186.48446	15.383	0.006
2456195.48576	15.390999999999998	0.006
2456196.6026	15.380999999999998	0.006
2456200.59248	15.365	0.006999999999999999
2456204.59081	15.38	0.006
2456208.51948	15.39	0.006999999999999999
2456211.5773099996	15.376	0.006
2456212.4964900003	15.385	0.006
2456214.53144	15.388	0.006
2456216.50545	15.386	0.006
2456219.53189	15.385	0.006
2456225.57274	15.38	0.006999999999999999
2456231.50784	15.39	0.006999999999999999
2456347.89829	15.384	0.006
2456351.85677	15.382	0.006
2456358.8346700002	15.383	0.006
2456360.8121599997	15.376	0.006
2456362.84541	15.382	0.006
2456368.8368599997	15.374	0.006
2456370.84673	15.385	0.006
2456373.8073299997	15.379000000000001	0.006
2456375.75978	15.387	0.006
2456376.88974	15.380999999999998	0.006
2456378.84155	15.386	0.006
2456380.78002	15.378	0.006
2456381.91655	15.389000000000001	0.006
2456386.8617700003	15.383	0.006
2456388.7382900002	15.382	0.006
2456389.8573	15.380999999999998	0.006
2456391.7222	15.383	0.006999999999999999
2456394.74957	15.39	0.006
2456396.74706	15.375	0.006
2456398.69423	15.385	0.006
2456399.87993	15.386	0.006
2456401.90312	15.380999999999998	0.006
2456403.82345	15.38	0.006
2456405.931	15.392999999999999	0.006
2456408.73097	15.397	0.008
2456415.88341	15.392999999999999	0.006
2456417.78098	15.38	0.006
2456418.9015599997	15.380999999999998	0.006
2456420.73149	15.385	0.006
2456422.79421	15.388	0.006
2456424.72087	15.38	0.006
2456426.92507	15.390999999999998	0.006
2456431.69991	15.385	0.006
2456432.82568	15.382	0.006
2456434.64537	15.382	0.006
2456435.77878	15.374	0.006
2456436.85237	15.386	0.006
2456441.8341	15.382	0.006
2456442.89162	15.388	0.006
2456445.6617099997	15.383	0.006
2456446.592	15.379000000000001	0.006
2456447.64984	15.390999999999998	0.006
2456448.68113	15.382	0.006
2456449.7338	15.382	0.006
2456450.79016	15.380999999999998	0.006
2456451.85132	15.379000000000001	0.006
2456454.57117	15.368	0.006
2456455.6252599997	15.386	0.006
2456456.9185900004	15.383	0.006
2456458.76118	15.383	0.006
2456459.81586	15.385	0.006
2456461.68895	15.384	0.006
2456463.56951	15.379000000000001	0.006
2456464.65777	15.378	0.006
2456468.75764	15.377	0.006
2456473.73979	15.379000000000001	0.006
2456474.81459	15.378	0.006
2456476.50343	15.385	0.006
2456477.57865	15.384	0.006
2456479.5970799997	15.385	0.006
2456480.77612	15.38	0.006
2456483.6147	15.392999999999999	0.006
2456485.79523	15.390999999999998	0.006
2456487.5180599997	15.385	0.006
2456490.79951	15.386	0.006
2456492.58461	15.383	0.006
2456497.60109	15.382	0.006
2456498.72554	15.385	0.006
2456501.62382	15.388	0.006
2456505.68185	15.377	0.006
2456508.54459	15.390999999999998	0.006
2456509.74086	15.369000000000002	0.006
2456511.69233	15.377	0.006
2456515.67825	15.387	0.006
2456519.4994200002	15.378	0.006
2456523.70299	15.383	0.006999999999999999
2456526.68433	15.379000000000001	0.006
2456532.51275	15.385	0.006
2456535.54391	15.379000000000001	0.006
2456541.49973	15.382	0.006
2456545.56025	15.387	0.006
2456555.57603	15.382	0.006
2456560.59251	15.388	0.006
2456564.4945099996	15.389000000000001	0.006999999999999999
2456567.58335	15.432	0.006
2456570.54481	15.38	0.006
2456573.50679	15.377	0.006
2456582.52342	15.386	0.006
2456585.53056	15.387	0.006999999999999999
2456593.55118	15.378	0.006999999999999999
2456599.53461	15.387	0.006
2456702.86563	15.367	0.006
2456704.86948	15.373	0.006
2456705.86761	15.38	0.006
2456709.8826200003	15.379000000000001	0.006
2456715.86742	15.380999999999998	0.006
2456718.8361400003	15.377	0.006
2456720.88704	15.375	0.006
2456723.80242	15.377	0.006
2456725.8134	15.378	0.006
2456727.81157	15.38	0.006
2456729.78712	15.378	0.006
2456730.91033	15.382	0.006
2456733.81297	15.378	0.006
2456734.9049	15.378	0.006
2456736.85454	15.380999999999998	0.006
2456738.80615	15.382	0.006999999999999999
2456742.8894700003	15.379000000000001	0.006
2456745.807	15.38	0.006
2456747.83462	15.375	0.006
2456749.81795	15.372	0.006
2456751.9078900004	15.380999999999998	0.006
2456755.73954	15.385	0.006
2456757.74125	15.377	0.006
2456759.76043	15.382	0.006
2456761.71158	15.376	0.006
2456763.69481	15.375	0.006
2456764.86392	15.378	0.006
2456768.79855	15.38	0.006
2456769.93106	15.363	0.006
2456771.84215	15.376	0.006
2456773.7185299997	15.372	0.006
2456774.85425	15.375	0.006
2456776.8162	15.374	0.006
2456784.7741900003	15.364	0.006
2456785.74929	15.370999999999999	0.006
2456786.76822	15.372	0.006
2456789.69702	15.378	0.006
2456790.77163	15.363	0.006
2456791.83443	15.372	0.006
2456792.85976	15.372	0.006
2456796.93103	15.378	0.006999999999999999
2456798.85226	15.378	0.006999999999999999
2456803.88342	15.367	0.006
2456804.8993	15.370999999999999	0.006999999999999999
2456805.9434700003	15.364	0.008
2456807.9391099997	15.373	0.006999999999999999
2456809.57824	15.37	0.006999999999999999
2456810.6351799998	15.369000000000002	0.006
2456811.64592	15.373	0.006
2456813.76771	15.37	0.006
2456814.86136	15.365	0.006
2456815.93485	15.379000000000001	0.006999999999999999
2456817.67108	15.369000000000002	0.006999999999999999
2456819.55848	15.364	0.006999999999999999
2456823.75843	15.373	0.006
2456824.80029	15.360999999999999	0.006
2456825.81258	15.365	0.006
2456826.8354700003	15.370999999999999	0.006
2456827.88753	15.365	0.006
2456829.51874	15.368	0.006999999999999999
2456830.5389099997	15.360999999999999	0.006
2456831.6639	15.36	0.006
2456832.72012	15.368	0.006
2456833.78265	15.369000000000002	0.006
2456834.78744	15.369000000000002	0.006999999999999999
2456835.83921	15.368	0.006999999999999999
2456837.49713	15.364	0.006
2456838.49268	15.362	0.006999999999999999
2456839.50342	15.362	0.006999999999999999
2456840.54988	15.359000000000002	0.006999999999999999
2456841.67747	15.364	0.006
2456842.71942	15.360999999999999	0.006
2456844.75412	15.366	0.006
2456845.7354900003	15.36	0.006
2456847.6935900003	15.360999999999999	0.006
2456851.68169	15.359000000000002	0.006
2456852.77079	15.365	0.008
2456855.81098	15.354000000000001	0.006
2456857.49053	15.36	0.006
2456858.5477400003	15.354000000000001	0.006
2456859.74051	15.354000000000001	0.006999999999999999
2456863.60489	15.352	0.006
2456864.67795	15.347999999999999	0.006
2456871.54066	15.356	0.006
2456880.5658299997	15.341	0.006999999999999999
2456882.51958	15.337	0.005
2456884.7104599997	15.342	0.005
2456886.61003	15.335999999999999	0.005
2456888.5191599997	15.332	0.005
2456889.70159	15.331	0.005
2456891.63232	15.34	0.005
2456896.61421	15.33	0.005
2456907.5758599997	15.319	0.005
2456915.5809	15.307	0.006999999999999999
2456922.51493	15.305	0.006999999999999999
2456925.52811	15.298	0.006999999999999999
2456928.51602	15.29	0.006999999999999999
2456936.55419	15.264000000000001	0.006999999999999999
2456940.5259	15.243	0.005
2456947.50916	15.225	0.005
2456951.5534	15.206	0.005
2456955.5022299998	15.190999999999999	0.005
2457084.8968700003	15.186	0.005
2457087.84606	15.190999999999999	0.005
2457089.88422	15.205	0.005
2457091.90913	15.21	0.005
2457097.8321599998	15.235	0.005
2457099.8231099998	15.241	0.005
2457101.84689	15.255	0.006999999999999999
2457109.86602	15.265999999999998	0.005
2457111.8087299997	15.269	0.005
2457114.8263	15.277000000000001	0.005
2457116.8174	15.28	0.005
2457118.83477	15.287	0.005
2457120.81663	15.292	0.005
2457126.73107	15.302	0.005
2457129.91971	15.308	0.005
2457131.82053	15.31	0.005
2457133.9314	15.311	0.006999999999999999
2457135.78758	15.314	0.005
2457136.93335	15.314	0.006999999999999999
2457138.76038	15.319	0.005
2457139.92443	15.315	0.005
2457141.74876	15.329	0.005
2457142.88521	15.331	0.005
2457144.688	15.324000000000002	0.006999999999999999
2457145.93445	15.327	0.006999999999999999
2457147.64902	15.328	0.006999999999999999
2457152.78863	15.335999999999999	0.005
2457153.83795	15.34	0.005
2457155.62212	15.344000000000001	0.005
2457156.69394	15.342	0.005
2457158.65413	15.344000000000001	0.005
2457159.6987900003	15.337	0.005
2457160.77561	15.338	0.005
2457161.85945	15.344000000000001	0.005
2457162.909	15.347000000000001	0.006
2457164.68202	15.339	0.005
2457166.77147	15.341	0.005
2457169.72381	15.343	0.005
2457170.78038	15.349	0.006
2457172.82293	15.345999999999998	0.006
2457173.8559	15.343	0.005
2457174.84087	15.347999999999999	0.006
2457175.90471	15.349	0.006999999999999999
2457178.82631	15.343	0.005
2457179.80253	15.343	0.005
2457180.8045099997	15.35	0.006
2457181.8199299998	15.356	0.006
2457182.83867	15.354000000000001	0.006
2457183.84585	15.357000000000001	0.006
2457184.8802	15.352	0.006
2457185.89072	15.357999999999999	0.006999999999999999
2457187.66615	15.356	0.006
2457188.6696599997	15.356	0.006
2457189.77505	15.352	0.006
2457190.8418400004	15.357000000000001	0.006
2457193.8053200003	15.35	0.006
2457197.5592799997	15.360999999999999	0.006
2457198.58463	15.36	0.006
2457199.59018	15.362	0.006
2457200.58643	15.356	0.006
2457202.80608	15.36	0.006999999999999999
2457202.8228	15.355	0.006999999999999999
2457206.83972	15.362	0.006999999999999999
2457208.51927	15.365	0.006
2457211.5935400003	15.357000000000001	0.006
2457214.56951	15.364	0.006
2457217.8354599997	15.34	0.005
2457220.63066	15.364	0.006
2457221.67167	15.364	0.006
2457222.76244	15.365	0.006
2457224.52949	15.374	0.006
2457225.6135400003	15.37	0.006
2457227.47275	15.360999999999999	0.006
2457228.51855	15.370999999999999	0.006
2457229.58915	15.368	0.006
2457236.54705	15.366	0.006
2457249.73268	15.368	0.006
2457253.59123	15.37	0.006
2457256.6124	15.37	0.006999999999999999
2457263.68166	15.374	0.006
2457265.64788	15.370999999999999	0.006
2457268.65535	15.372	0.006
2457270.62597	15.380999999999998	0.006
2457273.6387099996	15.379000000000001	0.006
2457277.67191	15.365	0.006999999999999999
2457284.55203	15.366	0.006
2457293.51139	15.376	0.006
2457296.59249	15.379000000000001	0.006999999999999999
2457307.5583099998	15.376	0.006999999999999999
2457319.50693	15.374	0.006999999999999999
2457325.50457	15.378	0.006999999999999999
2457331.521	15.375	0.006999999999999999
2457429.8831700003	15.382	0.006999999999999999
2457430.88318	15.380999999999998	0.006
2457431.86564	15.377	0.006
2457432.87436	15.380999999999998	0.006
2457433.8889200003	15.380999999999998	0.006
2457436.86777	15.386	0.006
2457437.86336	15.390999999999998	0.006
2457438.87791	15.395999999999999	0.006999999999999999
2457440.85129	15.39	0.006
2457441.8548	15.379000000000001	0.006
2457442.87459	15.376	0.006
2457443.87942	15.387	0.006
2457444.85714	15.378	0.006
2457445.85145	15.37	0.006
2457446.86417	15.383	0.006
2457447.87225	15.386	0.006
2457448.88129	15.382	0.006
2457449.8367	15.370999999999999	0.006999999999999999
2457452.8453599997	15.384	0.006
2457453.8423900004	15.38	0.006
2457455.81152	15.374	0.006
2457456.8151	15.38	0.006
2457457.8013299997	15.379000000000001	0.006
2457458.7966299998	15.384	0.006999999999999999
2457460.79785	15.387	0.006
2457461.79933	15.386	0.006
2457462.7824	15.375	0.006
2457463.8053900003	15.390999999999998	0.006
2457464.87566	15.386	0.006
2457465.88405	15.386	0.006
2457467.81811	15.38	0.006
2457470.77492	15.376	0.006999999999999999
2457470.9034700003	15.385	0.006
2457471.84808	15.373	0.006999999999999999
2457472.79677	15.377	0.006999999999999999
2457473.75851	15.384	0.006999999999999999
2457474.80001	15.387	0.006
2457474.90256	15.384	0.006
2457475.8317	15.376	0.006999999999999999
2457476.80448	15.386	0.006
2457480.86007	15.397	0.006999999999999999
2457485.77713	15.382	0.006
2457486.9079	15.383	0.006
2457488.79203	15.385	0.006
2457491.80274	15.378	0.006
2457492.83195	15.383	0.006
2457493.8199299998	15.389000000000001	0.006
2457494.81625	15.380999999999998	0.006
2457495.7769299997	15.385	0.006
2457497.92313	15.384	0.006
2457499.68439	15.383	0.006999999999999999
2457499.88533	15.374	0.006
2457500.82474	15.383	0.006
2457507.89403	15.385	0.006
2457509.73176	15.376	0.006
2457511.79478	15.38	0.006
2457516.71306	15.390999999999998	0.006
2457523.93976	15.384	0.006
2457528.79361	15.385	0.006
2457530.68261	15.374	0.006999999999999999
2457530.8480599998	15.377	0.006
2457536.61558	15.384	0.006999999999999999
2457545.76626	15.384	0.006
2457546.80893	15.382	0.006
2457547.7603	15.383	0.006
2457549.62805	15.384	0.006
2457550.6221	15.388	0.006
2457552.88681	15.38	0.006
2457555.7093700003	15.386	0.006
2457557.64385	15.377	0.006
2457561.80208	15.379000000000001	0.006
2457566.67078	15.389000000000001	0.006
2457567.5947	15.39	0.006
2457568.5883400002	15.38	0.006
2457569.60582	15.377	0.006
2457570.7895	15.387	0.006
2457573.63174	15.382	0.006
2457575.77035	15.385	0.006
2457576.77933	15.387	0.006
2457581.79614	15.392000000000001	0.006
2457584.69939	15.387	0.006
2457589.70276	15.382	0.006999999999999999
2457590.71284	15.383	0.006
2457593.69311	15.394	0.006
2457599.5568	15.380999999999998	0.006
2457601.6921200003	15.386	0.006
2457602.7595	15.38	0.006
2457604.48875	15.373	0.006999999999999999
2457605.50492	15.386	0.006
2457606.73275	15.388	0.006999999999999999
2457608.5668900004	15.384	0.006
2457609.6823299997	15.38	0.006
2457611.6537	15.390999999999998	0.006
2457617.6376400003	15.379000000000001	0.006
2457619.52864	15.395	0.006999999999999999
2457622.61887	15.385	0.006
2457624.51058	15.388	0.006
2457626.5173	15.377	0.006
2457631.54421	15.374	0.006
2457633.6163	15.382	0.006
2457636.62861	15.385	0.006
2457639.53977	15.387	0.006
2457647.50765	15.392999999999999	0.006999999999999999
2457649.6173799997	15.383	0.006
2457651.4976	15.380999999999998	0.006
2457652.5499299997	15.386	0.006
2457653.58919	15.384	0.006
2457655.5913400003	15.382	0.006999999999999999
2457657.5786900003	15.380999999999998	0.006
2457660.53992	15.380999999999998	0.006999999999999999
2457661.58439	15.385	0.006
2457664.54207	15.382	0.006999999999999999
2457666.49024	15.380999999999998	0.006999999999999999
2457671.54721	15.379000000000001	0.006999999999999999
2457679.5151299997	15.386	0.006999999999999999
2457800.85463	15.38	0.006999999999999999
2457807.86256	15.392999999999999	0.006
2457810.88721	15.385	0.006
2457814.87462	15.380999999999998	0.006
2457817.85927	15.392999999999999	0.006
2457819.8920299998	15.386	0.006
2457822.8583	15.382	0.006
2457824.8990599997	15.382	0.006999999999999999
2457827.8088	15.38	0.006999999999999999
2457829.81929	15.382	0.006999999999999999
2457834.86919	15.384	0.006999999999999999
2457836.90055	15.379000000000001	0.006999999999999999
2457838.89019	15.379000000000001	0.006
2457840.89893	15.377	0.006
2457842.86248	15.377	0.006999999999999999
2457844.8229799997	15.386	0.006999999999999999
2457846.77775	15.380999999999998	0.006
2457847.90876	15.379000000000001	0.006
2457849.8303400003	15.382	0.006
2457851.75269	15.386	0.006999999999999999
2457853.91733	15.388	0.006999999999999999
2457855.81399	15.379000000000001	0.006
2457857.8580099996	15.386	0.006999999999999999
2457862.72086	15.376	0.006999999999999999
2457863.9245599997	15.384	0.006
2457864.88619	15.392000000000001	0.006
2457866.73496	15.385	0.006
2457867.86932	15.379000000000001	0.006
2457869.79378	15.384	0.006
2457871.71091	15.382	0.006
2457872.8442599997	15.388	0.006
2457874.66646	15.387	0.006999999999999999
2457875.8798599998	15.379000000000001	0.006
2457877.65582	15.380999999999998	0.006
2457878.81458	15.386	0.006
2457880.68219	15.370999999999999	0.006999999999999999
2457881.8722200003	15.382	0.006999999999999999
2457889.92103	15.388	0.006999999999999999
2457893.76395	15.388	0.006999999999999999
2457894.77263	15.385	0.006999999999999999
2457897.7026400003	15.380999999999998	0.006999999999999999
2457902.62904	15.392000000000001	0.006999999999999999
2457903.79786	15.384	0.006999999999999999
2457904.8014599998	15.39	0.006
2457905.76812	15.388	0.006
2457906.72127	15.385	0.006
2457907.74441	15.376	0.006
2457908.8281099997	15.384	0.006
2457909.75086	15.382	0.006
2457910.64548	15.382	0.006
2457910.94735	15.383	0.006
2457917.56282	15.385	0.006999999999999999
2457917.8969900003	15.385	0.006999999999999999
2457922.6512599997	15.385	0.006
2457923.8051299998	15.380999999999998	0.006
2457924.7615900002	15.387	0.006
2457925.7960599996	15.380999999999998	0.006
2457926.8761400003	15.384	0.006999999999999999
2457932.83523	15.383	0.006
2457933.8155900002	15.392000000000001	0.006999999999999999
2457934.82767	15.384	0.006999999999999999
2457935.8624	15.382	0.006
2457936.84745	15.39	0.006999999999999999
2457937.82305	15.383	0.006999999999999999
2457944.60684	15.383	0.006
2457945.51875	15.386	0.006999999999999999
2457945.84845	15.384	0.006999999999999999
2457946.8139299997	15.377	0.006999999999999999
2457948.4937	15.383	0.006999999999999999
2457949.55821	15.379000000000001	0.006999999999999999
2457952.81553	15.380999999999998	0.006999999999999999
2457954.47438	15.384	0.006
2457955.78973	15.389000000000001	0.006999999999999999
2457957.6466	15.382	0.006
2457958.77091	15.387	0.006999999999999999
2457959.79504	15.394	0.006999999999999999
2457961.56108	15.383	0.006
2457962.66427	15.380999999999998	0.006
2457965.66956	15.390999999999998	0.006
2457967.58692	15.392000000000001	0.006999999999999999
2457972.6900400002	15.387	0.006999999999999999
2457974.58344	15.383	0.006
2457979.57944	15.378	0.006
2457981.56201	15.38	0.006
2457983.5184	15.385	0.006999999999999999
2457984.65615	15.387	0.006999999999999999
2457987.49596	15.38	0.006
2457991.4819799997	15.386	0.006
2457992.6488	15.389000000000001	0.006
2457994.6246	15.387	0.006999999999999999
2458000.56904	15.379000000000001	0.006999999999999999
2458002.63754	15.382	0.006999999999999999
2458007.5955	15.382	0.006999999999999999
2458012.5751900002	15.382	0.006
2458016.48481	15.386	0.006999999999999999
2458019.56313	15.385	0.006
2458029.51363	15.385	0.006999999999999999
2458040.50215	15.38	0.006999999999999999
2458041.49896	15.377	0.006999999999999999
2458053.53254	15.38	0.006999999999999999
