2455377.65362	17.445999999999998	0.02
2455377.67467	17.456	0.02
2455378.49742	17.459	0.023
2455378.81514	17.433	0.021
2455379.70658	17.462	0.021
2455380.80408	17.465999999999998	0.024
2455381.679	17.447	0.023
2455382.54298	17.434	0.026000000000000002
2455382.7496599997	17.453	0.024
2455385.50175	17.468	0.02
2455386.48451	17.437	0.02
2455386.56672	17.452	0.02
2455386.6501700003	17.465999999999998	0.02
2455386.77355	17.455	0.018000000000000002
2455387.75588	17.479	0.018000000000000002
2455388.6447900003	17.475	0.02
2455389.5361900004	17.467	0.021
2455390.54401	17.475	0.027000000000000003
2455390.80119	17.436	0.02
2455391.76325	17.445	0.021
2455392.6337599996	17.477	0.02
2455393.69539	17.48	0.021
2455396.58629	17.47	0.038
2455397.65485	17.489	0.027000000000000003
2455403.62684	17.436	0.021
2455404.49844	17.455	0.021
2455404.69576	17.439	0.024
2455405.71145	17.492	0.024
2455407.56445	17.474	0.023
2455407.75831	17.477999999999998	0.026000000000000002
2455408.68786	17.432000000000002	0.024
2455409.59821	17.451	0.018000000000000002
2455410.60131	17.442	0.018000000000000002
2455411.63748	17.445	0.018000000000000002
2455412.62158	17.452	0.023
2455413.62935	17.471	0.018000000000000002
2455414.6740099997	17.472	0.018000000000000002
2455418.58532	17.479	0.017
2455421.61505	17.468	0.02
2455422.63386	17.453	0.018000000000000002
2455425.5263400003	17.459	0.021
2455430.5312799998	17.472	0.028999999999999998
2455431.53204	17.474	0.023
2455434.49071	17.447	0.026000000000000002
2455434.70734	17.471	0.024
2455435.71192	17.427	0.023
2455438.5007	17.486	0.028999999999999998
2455439.5703	17.455	0.024
2455443.58431	17.44	0.021
2455444.6096799998	17.480999999999998	0.023
2455446.48612	17.456	0.023
2455447.50437	17.452	0.018000000000000002
2455448.5771	17.474	0.023
2455450.52044	17.455	0.026000000000000002
2455451.64935	17.465999999999998	0.026000000000000002
2455457.5441900003	17.442	0.018000000000000002
2455458.5753200003	17.449	0.024
2455459.6066	17.468	0.021
2455461.4821	17.48	0.047
2455462.50096	17.465999999999998	0.024
2455463.63215	17.463	0.028999999999999998
2455464.59991	17.454	0.028999999999999998
2455465.5128599997	17.424	0.027000000000000003
2455468.579	17.471	0.027000000000000003
2455471.55003	17.474	0.023
2455472.59997	17.453	0.028999999999999998
2455477.5226	17.462	0.03
2455480.5233299998	17.47	0.026000000000000002
2455485.5137400003	17.455	0.033
2455487.50835	17.467	0.021
2455489.50726	17.452	0.028999999999999998
2455492.5326900003	17.467	0.038
2455497.5158599997	17.484	0.028999999999999998
2455598.87138	17.430999999999997	0.021
2455599.8615	17.475	0.023
2455600.8579599997	17.471	0.021
2455606.89385	17.495	0.039
2455614.87887	17.452	0.021
2455620.85892	17.468	0.021
2455624.81963	17.462	0.02
2455625.7817	17.482	0.028999999999999998
2455627.8064599996	17.491	0.024
2455629.78583	17.458	0.023
2455630.7784	17.438	0.023
2455632.77463	17.441	0.028999999999999998
2455634.76001	17.488	0.023
2455635.83256	17.473	0.027000000000000003
2455638.75237	17.419	0.03
2455639.75372	17.467	0.028999999999999998
2455639.83037	17.47	0.023
2455639.90609	17.456	0.021
2455640.76046	17.424	0.027000000000000003
2455640.84174	17.469	0.024
2455641.75819	17.476	0.024
2455641.87831	17.48	0.021
2455642.80005	17.487000000000002	0.023
2455643.74921	17.413	0.026000000000000002
2455643.8239	17.484	0.021
2455644.75148	17.471	0.035
2455644.86055	17.461	0.027000000000000003
2455648.7360799997	17.445999999999998	0.023
2455648.84165	17.468	0.018000000000000002
2455649.73898	17.474	0.026000000000000002
2455649.84753	17.483	0.018000000000000002
2455650.73142	17.494	0.023
2455650.8361	17.445999999999998	0.018000000000000002
2455651.75574	17.429000000000002	0.018000000000000002
2455651.86803	17.464000000000002	0.02
2455652.7962700003	17.471	0.017
2455653.76211	17.49	0.018000000000000002
2455654.76555	17.457	0.02
2455654.85715	17.428	0.02
2455655.77005	17.472	0.023
2455655.84626	17.441	0.017
2455656.80331	17.455	0.018000000000000002
2455657.7666599997	17.464000000000002	0.017
2455657.84636	17.5	0.018000000000000002
2455658.75795	17.527	0.03
2455658.85848	17.454	0.018000000000000002
2455659.71515	17.442	0.021
2455659.79132	17.44	0.02
2455659.8777	17.451	0.018000000000000002
2455660.76496	17.451	0.02
2455660.8618400004	17.494	0.023
2455662.75628	17.477999999999998	0.026000000000000002
2455662.8566400004	17.47	0.021
2455663.75453	17.461	0.021
2455664.80298	17.452	0.021
2455664.9067599997	17.459	0.02
2455665.7894200003	17.454	0.02
2455665.90144	17.467	0.018000000000000002
2455667.84145	17.448	0.018000000000000002
2455668.8477	17.469	0.023
2455669.83974	17.498	0.021
2455670.82842	17.454	0.026000000000000002
2455675.7104599997	17.475	0.021
2455675.89768	17.45	0.021
2455676.79222	17.467	0.018000000000000002
2455677.74982	17.456	0.018000000000000002
2455679.67223	17.469	0.021
2455679.85781	17.472	0.018000000000000002
2455680.73756	17.480999999999998	0.021
2455680.92416	17.457	0.021
2455681.83013	17.464000000000002	0.02
2455682.71835	17.465999999999998	0.02
2455683.6614599996	17.46	0.021
2455683.8927599997	17.438	0.018000000000000002
2455684.79552	17.463	0.02
2455685.7822	17.472	0.017
2455686.67206	17.456	0.021
2455686.87819	17.455	0.02
2455687.7678099996	17.473	0.02
2455689.67697	17.480999999999998	0.017
2455690.66916	17.483	0.021
2455690.88895	17.425	0.023
2455691.80556	17.447	0.018000000000000002
2455692.70943	17.473	0.021
2455692.87367	17.448	0.02
2455693.73118	17.441	0.018000000000000002
2455693.89488	17.464000000000002	0.023
2455694.738	17.454	0.021
2455694.90264	17.467	0.021
2455695.78419	17.445999999999998	0.02
2455695.94261	17.468	0.038
2455696.771	17.447	0.023
2455697.60029	17.457	0.027000000000000003
2455697.77812	17.452	0.024
2455698.60964	17.44	0.033
2455698.77603	17.461	0.026000000000000002
2455698.94085	17.488	0.048
2455705.7401799997	17.51	0.027000000000000003
2455705.9384	17.504	0.032
2455707.5688	17.441	0.026000000000000002
2455707.75049	17.442	0.02
2455707.91528	17.494	0.027000000000000003
2455708.74252	17.469	0.027000000000000003
2455709.58599	17.393	0.02
2455712.61367	17.477	0.021
2455712.8195	17.459	0.021
2455715.57661	17.456	0.021
2455715.59347	17.452	0.021
2455715.77941	17.463	0.017
2455716.65404	17.494	0.023
2455716.84141	17.475	0.024
2455721.7292400002	17.461	0.02
2455721.74356	17.479	0.021
2455722.7799299997	17.472	0.018000000000000002
2455723.6574	17.447	0.021
2455723.8165	17.473	0.017
2455724.6762	17.463	0.023
2455724.69027	17.47	0.024
2455725.57938	17.452	0.02
2455725.59285	17.468	0.018000000000000002
2455725.6063099997	17.462	0.018000000000000002
2455725.79307	17.46	0.02
2455726.7004	17.449	0.021
2455734.67797	17.471	0.024
2455734.86272	17.518	0.035
2455735.80723	17.468	0.02
2455736.5542900003	17.445999999999998	0.02
2455736.7486799997	17.456	0.018000000000000002
2455737.55025	17.461	0.018000000000000002
2455737.73948	17.45	0.017
2455738.5797200003	17.413	0.018000000000000002
2455738.76577	17.417	0.017
2455739.64587	17.435	0.018000000000000002
2455739.8284299998	17.438	0.021
2455740.63717	17.453	0.023
2455740.82432	17.444000000000003	0.024
2455741.5946	17.462	0.018000000000000002
2455741.77323	17.463	0.018000000000000002
2455742.52424	17.463	0.026000000000000002
2455742.70639	17.475	0.018000000000000002
2455742.86149	17.464000000000002	0.02
2455743.75635	17.46	0.021
2455744.5139200003	17.477999999999998	0.026000000000000002
2455744.7039099997	17.463	0.018000000000000002
2455745.50284	17.474	0.024
2455745.68904	17.485	0.02
2455746.71773	17.461	0.02
2455747.60297	17.504	0.028999999999999998
2455747.7802	17.454	0.024
2455749.5536	17.477	0.024
2455749.7203	17.42	0.021
2455753.48745	17.381	0.054000000000000006
2455753.74089	17.442999999999998	0.035
2455759.83703	17.467	0.03
2455760.4936599997	17.51	0.032
2455760.68903	17.512999999999998	0.021
2455761.50813	17.48	0.013999999999999999
2455762.55299	17.47	0.021
2455762.70896	17.468	0.021
2455763.59064	17.465	0.018000000000000002
2455763.7749400004	17.469	0.027000000000000003
2455764.59325	17.458	0.018000000000000002
2455765.47181	17.463	0.021
2455765.66376	17.455	0.018000000000000002
2455766.52314	17.458	0.02
2455766.70931	17.461	0.017
2455767.59045	17.468	0.021
2455767.79646	17.451	0.026000000000000002
2455768.65118	17.492	0.018000000000000002
2455769.48699	17.468	0.023
2455769.6944	17.429000000000002	0.017
2455770.76824	17.465999999999998	0.021
2455776.62431	17.485	0.023
2455777.54581	17.471	0.018000000000000002
2455778.47913	17.511	0.028999999999999998
2455779.61475	17.469	0.018000000000000002
2455783.5974	17.480999999999998	0.033
2455785.6427599997	17.51	0.027000000000000003
2455786.58677	17.455	0.024
2455787.62279	17.465999999999998	0.02
2455788.5307299998	17.480999999999998	0.023
2455788.7094900003	17.438	0.033
2455790.6036	17.477999999999998	0.024
2455791.49148	17.482	0.024
2455793.6131	17.522000000000002	0.021
2455794.49533	17.477	0.023
2455794.69154	17.471	0.021
2455795.73672	17.444000000000003	0.024
2455796.66689	17.442999999999998	0.021
2455801.5866099996	17.429000000000002	0.026000000000000002
2455802.5805	17.471	0.024
2455804.57005	17.458	0.02
2455805.5338	17.476	0.018000000000000002
2455806.52755	17.480999999999998	0.024
2455807.64978	17.447	0.026000000000000002
2455812.63517	17.485	0.032
2455813.61571	17.445	0.02
2455815.59339	17.445999999999998	0.02
2455816.56453	17.461	0.02
2455817.56553	17.463	0.024
2455818.54701	17.485	0.024
2455819.55565	17.472	0.021
2455820.52423	17.444000000000003	0.023
2455822.51379	17.509	0.027000000000000003
2455822.60234	17.525	0.023
2455823.53381	17.488	0.027000000000000003
2455823.6209	17.46	0.03
2455824.55723	17.48	0.02
2455824.63487	17.448	0.023
2455825.5737799997	17.494	0.023
2455826.49693	17.497	0.024
2455826.58431	17.46	0.026000000000000002
2455827.52299	17.45	0.028999999999999998
2455827.6033900003	17.442	0.027000000000000003
2455828.5365	17.465999999999998	0.02
2455828.61175	17.477	0.021
2455829.54717	17.451	0.018000000000000002
2455829.62328	17.463	0.021
2455830.56018	17.465999999999998	0.023
2455831.53237	17.475	0.02
2455831.60564	17.491	0.024
2455832.5553099997	17.472	0.027000000000000003
2455833.51342	17.472	0.02
2455833.59114	17.457	0.023
2455834.55057	17.46	0.018000000000000002
2455835.5340400003	17.482	0.032
2455836.53112	17.417	0.03
2455836.5945900003	17.512999999999998	0.028999999999999998
2455839.55509	17.474	0.038
2455840.48374	17.453	0.038
2455840.50091	17.462	0.028999999999999998
2455840.51414	17.46	0.026000000000000002
2455840.52018	17.427	0.024
2455840.53425	17.449	0.023
2455840.5419799997	17.44	0.023
2455840.5531900004	17.455	0.023
2455840.5608099997	17.472	0.023
2455840.56974	17.471	0.023
2455840.57755	17.434	0.024
2455840.5852	17.448	0.024
2455840.59421	17.49	0.026000000000000002
2455840.60181	17.449	0.026000000000000002
2455840.60997	17.46	0.027000000000000003
2455840.6181	17.52	0.028999999999999998
2455841.4878	17.445999999999998	0.032
2455841.52853	17.488	0.032
2455841.56415	17.486	0.028999999999999998
2455841.60784	17.509	0.032
2455842.50513	17.49	0.035
2455842.57077	17.407	0.028999999999999998
2455842.6094	17.45	0.035
2455843.51022	17.482	0.033
2455843.5509900004	17.436	0.028999999999999998
2455843.60535	17.477	0.03
2455844.49507	17.475	0.028999999999999998
2455844.5553599996	17.448	0.03
2455845.51584	17.439	0.03
2455845.59656	17.465	0.033
2455846.49929	17.458	0.032
2455846.55826	17.47	0.032
2455846.58713	17.474	0.053
2455847.5383099997	17.435	0.035
2455847.5668	17.424	0.045
2455851.4936900004	17.487000000000002	0.023
2455851.54493	17.442	0.023
2455852.49512	17.487000000000002	0.035
2455852.53439	17.430999999999997	0.032
2455852.56731	17.454	0.032
2455854.5059599997	17.463	0.032
2455855.51055	17.433	0.032
2455856.49607	17.49	0.032
2455856.55604	17.507	0.039
2455857.4974700003	17.430999999999997	0.035
2455857.51999	17.505	0.040999999999999995
2455858.4983900003	17.432000000000002	0.035
2455859.49657	17.434	0.036000000000000004
2455860.5101	17.480999999999998	0.027000000000000003
2455861.49846	17.451	0.03
2455866.51215	17.436	0.036000000000000004
2455867.5156799997	17.456	0.027000000000000003
2455868.51669	17.471	0.035
2455869.50759	17.422	0.040999999999999995
2455870.51225	17.496	0.026000000000000002
2455969.88883	17.453	0.03
2455972.89519	17.475	0.03
2455977.83325	17.484	0.024
2455978.8476400003	17.474	0.023
2455979.85853	17.458	0.021
2455981.88742	17.436	0.021
2455982.89208	17.484	0.02
2455983.89512	17.445999999999998	0.017
2455984.88827	17.447	0.018000000000000002
2455985.8632	17.461	0.02
2455986.84475	17.444000000000003	0.018000000000000002
2455987.80952	17.442	0.024
2455988.81129	17.464000000000002	0.023
2455988.89625	17.445999999999998	0.02
2455989.8717	17.465999999999998	0.021
2455990.8360099997	17.475	0.018000000000000002
2455991.80964	17.498	0.024
2455991.9040599996	17.46	0.02
2455992.86969	17.457	0.017
2455993.8508200003	17.477999999999998	0.023
2455994.81834	17.456	0.021
2455994.90838	17.477	0.023
2455995.83567	17.462	0.018000000000000002
2455996.7878799997	17.45	0.024
2455996.87219	17.456	0.018000000000000002
2455997.819	17.449	0.021
2455997.90527	17.465	0.02
2455998.86018	17.463	0.02
2455999.79203	17.457	0.023
2455999.87892	17.476	0.018000000000000002
2456003.86691	17.47	0.024
2456004.7995700003	17.454	0.021
2456004.89507	17.469	0.018000000000000002
2456005.81857	17.467	0.02
2456005.92152	17.479	0.035
2456006.8435400003	17.463	0.017
2456007.75451	17.464000000000002	0.02
2456007.85296	17.47	0.02
2456008.7497400003	17.451	0.02
2456008.8376599997	17.473	0.02
2456009.74893	17.417	0.02
2456009.84838	17.464000000000002	0.017
2456010.7401799997	17.445999999999998	0.024
2456010.83153	17.441	0.018000000000000002
2456010.91915	17.471	0.024
2456011.82912	17.482	0.024
2456012.74158	17.434	0.02
2456012.8357599997	17.454	0.017
2456012.9229099997	17.430999999999997	0.021
2456013.8202400003	17.457	0.017
2456013.92447	17.381	0.040999999999999995
2456014.79636	17.486	0.018000000000000002
2456014.89549	17.438	0.023
2456015.7743599997	17.441	0.015
2456015.84147	17.465	0.015
2456016.7560900003	17.455	0.017
2456016.836	17.44	0.017
2456017.74415	17.491	0.017
2456017.82061	17.454	0.015
2456017.92056	17.442	0.023
2456018.80951	17.5	0.024
2456018.91521	17.49	0.017
2456019.7886200002	17.491	0.02
2456019.8837599996	17.447	0.015
2456020.7431400004	17.454	0.021
2456020.83702	17.442999999999998	0.015
2456020.9168700003	17.476	0.021
2456021.77577	17.459	0.02
2456021.85321	17.46	0.015
2456022.72434	17.486	0.024
2456022.8007799997	17.445999999999998	0.018000000000000002
2456022.8983	17.468	0.017
2456023.75749	17.457	0.018000000000000002
2456023.8390900004	17.485	0.02
2456024.71505	17.448	0.024
2456024.74926	17.461	0.021
2456024.79438	17.455	0.021
2456024.85076	17.461	0.018000000000000002
2456024.90666	17.451	0.02
2456024.9281	17.516	0.038
2456025.70164	17.458	0.03
2456025.7351900004	17.499000000000002	0.026000000000000002
2456025.76263	17.468	0.023
2456025.7883900004	17.477999999999998	0.024
2456025.8156	17.449	0.026000000000000002
2456025.85617	17.445999999999998	0.026000000000000002
2456025.89318	17.447	0.021
2456026.69598	17.43	0.036000000000000004
2456026.70869	17.442	0.033
2456026.73655	17.325	0.069
2456029.70157	17.447	0.07200000000000001
2456029.70468	17.558	0.07400000000000001
2456029.7061900003	17.522000000000002	0.081
2456029.7077	17.522000000000002	0.07400000000000001
2456029.71181	17.332	0.062
2456029.71328	17.469	0.07200000000000001
2456029.71784	17.574	0.083
2456029.71985	17.57	0.083
2456029.72438	17.339000000000002	0.066
2456029.7258900004	17.34	0.066
2456029.732	17.427	0.084
2456029.73347	17.5	0.07200000000000001
2456029.7379799997	17.386	0.07400000000000001
2456029.73965	17.625999999999998	0.084
2456029.74422	17.575	0.07400000000000001
2456029.74573	17.614	0.078
2456029.75146	17.495	0.077
2456029.7529599997	17.445999999999998	0.066
2456029.75749	17.551	0.081
2456029.75914	17.448	0.078
2456029.76368	17.407	0.062
2456029.76519	17.500999999999998	0.071
2456029.7702	17.33	0.063
2456029.7717	17.512999999999998	0.068
2456029.77625	17.599	0.069
2456029.77786	17.511	0.066
2456029.78236	17.434	0.059000000000000004
2456029.78387	17.498	0.062
2456029.78753	17.432000000000002	0.066
2456029.79209	17.455	0.054000000000000006
2456029.79355	17.436	0.055999999999999994
2456029.79864	17.425	0.045
2456029.8001	17.423	0.047
2456029.8046	17.413	0.048
2456029.8072	17.555999999999997	0.057
2456029.8117299997	17.415	0.045
2456029.81323	17.504	0.054000000000000006
2456029.86388	17.467	0.023
2456029.8816	17.448	0.045
2456029.9296	17.346	0.053
2456031.7532200003	17.473	0.023
2456031.79311	17.47	0.02
2456031.83262	17.468	0.02
2456031.87429	17.483	0.023
2456031.91393	17.454	0.023
2456032.8406700003	17.45	0.017
2456032.86847	17.454	0.018000000000000002
2456032.89654	17.463	0.017
2456033.71876	17.462	0.021
2456033.7729700003	17.447	0.02
2456033.8349099997	17.447	0.018000000000000002
2456033.88915	17.434	0.018000000000000002
2456034.72291	17.429000000000002	0.017
2456034.76152	17.459	0.015
2456034.81696	17.456	0.015
2456034.8689099997	17.445	0.017
2456034.90645	17.442999999999998	0.017
2456035.8546700003	17.461	0.018000000000000002
2456035.9147099997	17.449	0.02
2456036.7198799998	17.448	0.017
2456036.84933	17.456	0.015
2456036.92726	17.472	0.018000000000000002
2456037.79916	17.485	0.018000000000000002
2456038.76536	17.454	0.021
2456039.75948	17.488	0.023
2456040.75115	17.495	0.02
2456040.93561	17.439	0.042
2456041.8906400003	17.465999999999998	0.017
2456046.88579	17.469	0.018000000000000002
2456046.89981	17.45	0.017
2456046.93381	17.463	0.023
2456047.68676	17.456	0.021
2456047.84691	17.451	0.018000000000000002
2456048.77841	17.457	0.018000000000000002
2456049.69612	17.494	0.018000000000000002
2456049.88975	17.44	0.017
2456050.79384	17.455	0.018000000000000002
2456051.66709	17.469	0.021
2456052.7784599997	17.452	0.02
2456052.9358599996	17.462	0.026000000000000002
2456053.80986	17.453	0.018000000000000002
2456054.90048	17.465999999999998	0.023
2456055.93557	17.41	0.028999999999999998
2456058.8355400003	17.435	0.02
2456059.72387	17.45	0.018000000000000002
2456059.90019	17.508	0.018000000000000002
2456061.8007799997	17.457	0.018000000000000002
2456062.6675299997	17.459	0.02
2456062.85019	17.47	0.02
2456063.8193599996	17.503	0.021
2456064.74196	17.447	0.015
2456064.9263400002	17.415	0.02
2456065.7742	17.467	0.017
2456066.68995	17.468	0.017
2456066.87505	17.447	0.017
2456067.67696	17.508	0.02
2456067.85501	17.467	0.017
2456068.68302	17.458	0.018000000000000002
2456068.90105	17.486	0.018000000000000002
2456069.63525	17.477	0.021
2456069.84208	17.452	0.015
2456070.64107	17.433	0.023
2456070.81794	17.475	0.018000000000000002
2456071.6157299997	17.459	0.017
2456071.79675	17.479	0.02
2456075.59699	17.455	0.017
2456075.7804099997	17.465999999999998	0.017
2456076.62798	17.487000000000002	0.021
2456076.81289	17.421	0.018000000000000002
2456077.74549	17.479	0.018000000000000002
2456077.92947	17.473	0.018000000000000002
2456078.7379099997	17.502	0.017
2456078.9122200003	17.495	0.02
2456079.7181599997	17.442	0.017
2456079.90809	17.412	0.02
2456080.67838	17.475	0.021
2456080.8604099997	17.463	0.02
2456081.6307599996	17.465	0.021
2456081.81122	17.458	0.018000000000000002
2456082.6247799997	17.385	0.03
2456082.83029	17.48	0.033
2456085.6379400003	17.508	0.032
2456085.7998599997	17.441	0.024
2456086.57143	17.445999999999998	0.02
2456086.7570599997	17.477	0.018000000000000002
2456086.92862	17.532	0.035
2456087.8352900003	17.48	0.023
2456088.67716	17.457	0.015
2456089.7935099998	17.456	0.018000000000000002
2456092.6374	17.464000000000002	0.027000000000000003
2456093.5521	17.468	0.021
2456093.73019	17.436	0.017
2456094.60566	17.441	0.027000000000000003
2456094.77765	17.452	0.021
2456096.5909700003	17.464000000000002	0.023
2456096.78911	17.49	0.024
2456097.71281	17.467	0.021
2456097.88167	17.44	0.026000000000000002
2456098.6751099997	17.445999999999998	0.021
2456100.5298599997	17.468	0.023
2456100.72389	17.473	0.018000000000000002
2456100.89084	17.415	0.024
2456101.65469	17.469	0.018000000000000002
2456101.83738	17.493	0.024
2456102.637	17.473	0.02
2456102.79457	17.445	0.017
2456103.54532	17.48	0.021
2456103.7234400003	17.479	0.02
2456104.54519	17.477999999999998	0.017
2456104.70841	17.452	0.015
2456104.87238	17.445	0.02
2456105.65414	17.465999999999998	0.018000000000000002
2456106.63987	17.408	0.028999999999999998
2456108.63644	17.452	0.02
2456108.8119200002	17.474	0.023
2456109.5989200003	17.523	0.054000000000000006
2456109.80054	17.48	0.024
2456113.60442	17.488	0.026000000000000002
2456113.76251	17.42	0.021
2456114.6111	17.465	0.024
2456114.78491	17.454	0.021
2456115.5488400003	17.439	0.02
2456115.76449	17.474	0.024
2456116.5907900003	17.464000000000002	0.015
2456116.77137	17.47	0.018000000000000002
2456117.5671200003	17.465999999999998	0.018000000000000002
2456117.74713	17.437	0.021
2456118.51994	17.44	0.018000000000000002
2456118.7085	17.493	0.017
2456119.4830400003	17.493	0.026000000000000002
2456119.66198	17.449	0.017
2456119.80572	17.445	0.021
2456120.69316	17.457	0.02
2456121.49057	17.458	0.018000000000000002
2456121.67113	17.461	0.013999999999999999
2456123.52809	17.468	0.026000000000000002
2456123.70439	17.452	0.02
2456124.5011	17.482	0.023
2456124.71149	17.477999999999998	0.018000000000000002
2456125.7156599998	17.491	0.018000000000000002
2456126.54522	17.435	0.018000000000000002
2456126.7527900003	17.471	0.018000000000000002
2456127.72298	17.444000000000003	0.02
2456128.6468700003	17.475	0.017
2456131.5202200003	17.476	0.021
2456132.5008099996	17.428	0.021
2456132.78005	17.44	0.018000000000000002
2456133.70787	17.426	0.02
2456134.61033	17.462	0.024
2456135.59388	17.467	0.021
2456135.79834	17.482	0.023
2456140.5847	17.483	0.026000000000000002
2456140.75754	17.480999999999998	0.06
2456141.61003	17.430999999999997	0.024
2456143.63762	17.526	0.032
2456147.67868	17.429000000000002	0.021
2456148.6131700003	17.424	0.017
2456149.61934	17.454	0.023
2456150.65282	17.44	0.017
2456151.63555	17.506	0.023
2456152.5128	17.487000000000002	0.021
2456153.69607	17.472	0.021
2456154.6940900004	17.476	0.021
2456158.54002	17.456	0.018000000000000002
2456158.71079	17.469	0.02
2456159.664	17.452	0.023
2456160.6337900003	17.442999999999998	0.018000000000000002
2456161.53097	17.453	0.024
2456164.50812	17.448	0.024
2456166.5392	17.497	0.027000000000000003
2456167.51605	17.512	0.028999999999999998
2456168.49702	17.439	0.028999999999999998
2456169.50941	17.41	0.021
2456169.68844	17.448	0.03
2456171.65681	17.488	0.023
2456172.62308	17.459	0.017
2456174.59137	17.429000000000002	0.027000000000000003
2456175.5723	17.414	0.023
2456179.5099299997	17.445999999999998	0.023
2456179.56018	17.469	0.024
2456180.54972	17.477999999999998	0.021
2456181.49473	17.479	0.024
2456183.5049400004	17.435	0.021
2456184.60861	17.45	0.018000000000000002
2456185.49695	17.504	0.017
2456186.50812	17.456	0.023
2456190.56206	17.442	0.018000000000000002
2456191.6005700002	17.441	0.021
2456195.54738	17.448	0.02
2456195.6231	17.453	0.021
2456196.54422	17.42	0.024
2456196.62316	17.451	0.027000000000000003
2456197.54592	17.5	0.026000000000000002
2456198.5520599997	17.477999999999998	0.03
2456200.58897	17.505	0.033
2456201.5287599997	17.426	0.033
2456203.50752	17.474	0.024
2456203.59741	17.521	0.035
2456204.55072	17.526	0.024
2456205.49198	17.489	0.021
2456205.57317	17.495	0.02
2456208.5175	17.471	0.021
2456210.54439	17.48	0.021
2456211.4944599997	17.456	0.02
2456211.5753	17.454	0.02
2456212.4945099996	17.447	0.021
2456212.57142	17.46	0.02
2456213.5238200002	17.479	0.021
2456214.49775	17.439	0.02
2456214.57088	17.435	0.026000000000000002
2456216.50349	17.442	0.021
2456216.57309	17.475	0.026000000000000002
2456217.5364200003	17.452	0.018000000000000002
2456218.51136	17.493	0.023
2456219.5299400003	17.475	0.02
2456221.52417	17.487000000000002	0.042
2456334.88454	17.471	0.018000000000000002
2456335.86149	17.445	0.02
2456337.87432	17.469	0.023
2456338.85188	17.477999999999998	0.021
2456338.89468	17.451	0.026000000000000002
2456340.85721	17.469	0.018000000000000002
2456341.89599	17.402	0.028999999999999998
2456343.86182	17.421	0.021
2456344.87265	17.47	0.017
2456345.89682	17.42	0.023
2456347.89414	17.463	0.018000000000000002
2456348.89422	17.461	0.02
2456350.82416	17.476	0.021
2456351.82275	17.454	0.023
2456352.82162	17.484	0.026000000000000002
2456353.8984	17.444000000000003	0.02
2456360.8110599997	17.463	0.017
2456360.89745	17.477999999999998	0.018000000000000002
2456361.87165	17.476	0.017
2456362.79438	17.445	0.021
2456362.90957	17.486	0.026000000000000002
2456363.88406	17.444000000000003	0.017
2456367.88491	17.413	0.015
2456368.83572	17.494	0.017
2456369.77387	17.439	0.02
2456369.86606	17.468	0.015
2456370.8175	17.454	0.017
2456370.90011	17.454	0.018000000000000002
2456371.83113	17.469	0.017
2456371.9134299997	17.438	0.018000000000000002
2456372.82362	17.427	0.017
2456372.9076900003	17.439	0.018000000000000002
2456373.8406	17.442	0.018000000000000002
2456374.7581	17.477	0.026000000000000002
2456374.8475	17.463	0.018000000000000002
2456375.75715	17.468	0.018000000000000002
2456375.86217	17.458	0.017
2456376.76642	17.452	0.021
2456376.8581	17.463	0.018000000000000002
2456377.7804	17.488	0.017
2456377.87029	17.455	0.015
2456378.77675	17.46	0.018000000000000002
2456378.86703	17.461	0.017
2456379.76354	17.48	0.02
2456379.85168	17.432000000000002	0.02
2456380.76452	17.435	0.017
2456380.8672599997	17.46	0.018000000000000002
2456381.78558	17.455	0.017
2456381.87311	17.451	0.015
2456382.77936	17.474	0.024
2456382.85875	17.445	0.02
2456386.7724	17.442	0.02
2456386.87352	17.45	0.02
2456387.76138	17.469	0.015
2456387.8443299998	17.457	0.017
2456388.7853099997	17.464000000000002	0.015
2456388.89327	17.48	0.02
2456389.77341	17.472	0.017
2456389.85307	17.456	0.018000000000000002
2456390.7189599997	17.461	0.02
2456390.80088	17.448	0.018000000000000002
2456390.89047	17.452	0.018000000000000002
2456391.8232	17.436	0.021
2456393.83396	17.457	0.02
2456394.78796	17.449	0.018000000000000002
2456395.73957	17.462	0.017
2456395.92188	17.452	0.017
2456396.69892	17.469	0.018000000000000002
2456396.87776	17.474	0.015
2456397.82436	17.456	0.015
2456398.73204	17.483	0.017
2456398.91287	17.46	0.018000000000000002
2456399.8344	17.452	0.018000000000000002
2456400.81461	17.444000000000003	0.017
2456401.75802	17.484	0.017
2456401.9272	17.471	0.021
2456402.85472	17.445999999999998	0.02
2456403.76131	17.442999999999998	0.017
2456404.69545	17.584	0.028999999999999998
2456404.87228	17.486	0.018000000000000002
2456405.84311	17.457	0.018000000000000002
2456405.8916700003	17.47	0.013999999999999999
2456406.91159	17.445999999999998	0.015
2456407.81753	17.477999999999998	0.021
2456408.77071	17.452	0.035
2456409.88535	17.464000000000002	0.027000000000000003
2456415.8306299997	17.433	0.018000000000000002
2456416.74139	17.442	0.018000000000000002
2456417.6664	17.433	0.021
2456417.82904	17.437	0.018000000000000002
2456418.6888200003	17.489	0.02
2456418.85294	17.464000000000002	0.015
2456419.7379900003	17.477	0.017
2456419.91376	17.447	0.018000000000000002
2456420.75348	17.469	0.015
2456420.9396599997	17.448	0.03
2456422.72565	17.496	0.018000000000000002
2456423.68309	17.44	0.018000000000000002
2456424.73309	17.449	0.015
2456424.93392	17.422	0.018000000000000002
2456426.84182	17.472	0.015
2456427.9123400003	17.333	0.015
2456428.63249	17.474	0.023
2456428.82787	17.468	0.02
2456431.5962799997	17.497	0.027000000000000003
2456431.8159	17.449	0.018000000000000002
2456432.65289	17.433	0.021
2456432.83759	17.44	0.017
2456433.6422	17.463	0.021
2456433.836	17.448	0.013999999999999999
2456434.7354200003	17.461	0.018000000000000002
2456434.9424	17.451	0.026000000000000002
2456435.77691	17.457	0.017
2456436.75582	17.445	0.018000000000000002
2456436.93465	17.477999999999998	0.024
2456441.7144400002	17.456	0.027000000000000003
2456441.79409	17.454	0.021
2456442.58571	17.477	0.02
2456442.7695	17.447	0.015
2456443.62706	17.43	0.02
2456444.70568	17.458	0.02
2456444.77915	17.467	0.018000000000000002
2456445.58084	17.447	0.024
2456445.79281	17.462	0.02
2456446.57416	17.427	0.017
2456446.7683200003	17.486	0.017
2456447.5484599997	17.459	0.02
2456447.73558	17.488	0.017
2456448.66544	17.469	0.018000000000000002
2456448.85147	17.480999999999998	0.018000000000000002
2456449.62507	17.456	0.018000000000000002
2456449.8113	17.465999999999998	0.018000000000000002
2456450.57724	17.479	0.02
2456450.7611599998	17.458	0.015
2456451.69323	17.436	0.017
2456451.87689	17.445	0.018000000000000002
2456452.6554099997	17.458	0.015
2456452.8911200003	17.482	0.018000000000000002
2456454.66488	17.457	0.018000000000000002
2456454.8497200003	17.465	0.02
2456455.6882599997	17.445999999999998	0.015
2456456.6316299997	17.437	0.013999999999999999
2456456.81746	17.423	0.017
2456457.7911900003	17.428	0.015
2456458.57455	17.442	0.021
2456458.75952	17.456	0.017
2456459.5194200003	17.426	0.024
2456459.71666	17.444000000000003	0.012
2456459.88423	17.448	0.018000000000000002
2456460.77732	17.457	0.017
2456461.63941	17.465999999999998	0.02
2456461.85964	17.437	0.017
2456462.80574	17.462	0.02
2456463.57966	17.454	0.02
2456463.77103	17.46	0.018000000000000002
2456464.58787	17.465	0.026000000000000002
2456464.77944	17.489	0.024
2456468.57513	17.475	0.021
2456469.63753	17.486	0.018000000000000002
2456469.8624400003	17.42	0.048
2456473.59471	17.461	0.018000000000000002
2456474.54158	17.430999999999997	0.023
2456474.72267	17.386	0.026000000000000002
2456475.50207	17.485	0.03
2456475.70356	17.453	0.018000000000000002
2456476.64781	17.475	0.02
2456477.63125	17.471	0.02
2456479.5679099998	17.459	0.017
2456480.65513	17.471	0.018000000000000002
2456481.47357	17.533	0.026000000000000002
2456481.71683	17.488	0.023
2456483.5860200003	17.503	0.02
2456484.5509599997	17.445999999999998	0.018000000000000002
2456485.6665	17.442	0.017
2456486.59022	17.505	0.018000000000000002
2456486.80032	17.447	0.018000000000000002
2456487.58949	17.480999999999998	0.015
2456487.7922799997	17.441	0.015
2456489.63948	17.418	0.017
2456490.48367	17.467	0.021
2456490.6705400003	17.47	0.018000000000000002
2456491.5145	17.462	0.021
2456491.73336	17.493	0.018000000000000002
2456492.54998	17.465	0.02
2456492.73709	17.454	0.021
2456496.56919	17.436	0.027000000000000003
2456497.67398	17.47	0.026000000000000002
2456498.5002900003	17.454	0.017
2456498.67993	17.462	0.017
2456499.51443	17.452	0.018000000000000002
2456500.6680799997	17.5	0.024
2456501.65327	17.461	0.017
2456504.66955	17.462	0.017
2456505.56549	17.45	0.018000000000000002
2456506.7114	17.483	0.024
2456508.6614	17.484	0.017
2456509.58511	17.463	0.013999999999999999
2456510.64315	17.479	0.015
2456511.6016700002	17.475	0.018000000000000002
2456512.7519	17.416	0.026000000000000002
2456514.71529	17.464000000000002	0.017
2456515.67615	17.449	0.015
2456516.65601	17.473	0.017
2456518.66384	17.465	0.017
2456519.61816	17.472	0.017
2456523.54377	17.473	0.02
2456524.6515	17.486	0.021
2456525.6598400003	17.467	0.03
2456529.53468	17.479	0.021
2456531.49432	17.485	0.023
2456532.4947200003	17.488	0.023
2456533.5073	17.424	0.021
2456534.58535	17.493	0.018000000000000002
2456536.51132	17.464000000000002	0.02
2456543.52086	17.489	0.021
2456544.55926	17.474	0.017
2456545.6066799997	17.465999999999998	0.017
2456547.56997	17.522000000000002	0.03
2456553.59834	17.417	0.038
2456558.51389	17.445999999999998	0.017
2456559.55383	17.456	0.02
2456562.56462	17.491	0.018000000000000002
2456564.52557	17.427	0.018000000000000002
2456565.49422	17.509	0.023
2456567.56519	17.416	0.021
2456569.5225299997	17.471	0.017
2456571.48767	17.449	0.026000000000000002
2456572.56446	17.445999999999998	0.02
2456573.51826	17.473	0.021
2456577.49422	17.474	0.040999999999999995
2456578.57825	17.457	0.021
2456579.5485	17.496	0.027000000000000003
2456581.48953	17.430999999999997	0.028999999999999998
2456582.5027400004	17.483	0.024
2456583.49127	17.421	0.03
2456584.49572	17.441	0.027000000000000003
2456585.49606	17.463	0.024
2456586.5074400003	17.543	0.03
2456590.50366	17.449	0.023
2456592.49906	17.451	0.027000000000000003
2456594.5096400003	17.455	0.033
2456595.5005900003	17.472	0.024
2456694.8582099997	17.465999999999998	0.02
2456695.86615	17.457	0.018000000000000002
2456696.85919	17.512	0.018000000000000002
2456697.85697	17.441	0.02
2456698.87997	17.415	0.026000000000000002
2456700.88528	17.451	0.02
2456702.86072	17.489	0.023
2456703.84843	17.465999999999998	0.03
2456705.84444	17.448	0.027000000000000003
2456707.8774099997	17.445	0.023
2456709.8327900004	17.427	0.023
2456710.85072	17.465	0.017
2456711.87347	17.468	0.017
2456715.84999	17.430999999999997	0.015
2456716.84166	17.455	0.017
2456717.8542	17.455	0.024
2456718.86875	17.489	0.024
2456719.86161	17.458	0.018000000000000002
2456720.8371200003	17.425	0.017
2456721.8189	17.451	0.02
2456721.9076	17.475	0.027000000000000003
2456722.89346	17.442	0.015
2456723.8742299997	17.441	0.017
2456724.8522200002	17.438	0.018000000000000002
2456725.82674	17.447	0.018000000000000002
2456726.79129	17.453	0.018000000000000002
2456726.8884	17.475	0.018000000000000002
2456727.8594	17.442999999999998	0.015
2456728.82714	17.437	0.015
2456729.78401	17.464000000000002	0.02
2456729.8799099997	17.485	0.015
2456730.83231	17.471	0.021
2456731.8794400003	17.476	0.024
2456732.84057	17.486	0.024
2456733.77691	17.508	0.024
2456733.87128	17.442	0.018000000000000002
2456734.80771	17.458	0.018000000000000002
2456734.9018	17.452	0.017
2456735.8511099997	17.459	0.02
2456736.7807400003	17.46	0.027000000000000003
2456736.88403	17.469	0.023
2456737.8376	17.475	0.017
2456737.91521	17.495	0.024
2456741.83989	17.442999999999998	0.018000000000000002
2456741.8826099997	17.517	0.023
2456742.84162	17.449	0.015
2456743.88751	17.484	0.017
2456744.85073	17.483	0.02
2456745.74057	17.455	0.018000000000000002
2456745.84556	17.465	0.017
2456746.7456799997	17.495	0.023
2456746.8390200003	17.451	0.017
2456747.8500099997	17.500999999999998	0.017
2456748.84887	17.125999999999998	0.013999999999999999
2456749.8451799997	17.436	0.017
2456751.88863	17.469	0.013999999999999999
2456752.86025	17.462	0.017
2456754.86137	17.413	0.02
2456755.88198	17.464000000000002	0.017
2456756.8361	17.465	0.015
2456757.78897	17.486	0.017
2456758.7887	17.487000000000002	0.024
2456759.7590900003	17.471	0.015
2456760.71332	17.5	0.018000000000000002
2456761.8338900004	17.45	0.017
2456762.7882	17.452	0.017
2456763.75611	17.480999999999998	0.02
2456764.68748	17.458	0.024
2456764.8624	17.488	0.018000000000000002
2456765.79742	17.493	0.018000000000000002
2456768.75946	17.412	0.015
2456769.67623	17.480999999999998	0.02
2456769.84194	17.463	0.017
2456770.74333	17.427	0.017
2456770.90609	17.444000000000003	0.017
2456771.8713599998	17.475	0.017
2456772.78499	17.458	0.015
2456773.69973	17.442	0.024
2456773.89026	17.442999999999998	0.015
2456774.7933799997	17.442	0.024
2456775.77482	17.46	0.013999999999999999
2456776.68122	17.499000000000002	0.017
2456776.8894	17.480999999999998	0.018000000000000002
2456777.88602	17.475	0.018000000000000002
2456784.77289	17.46	0.02
2456785.74807	17.465999999999998	0.017
2456786.76698	17.445	0.017
2456787.7475900003	17.426	0.017
2456789.72504	17.44	0.021
2456789.91018	17.457	0.021
2456790.7554	17.464000000000002	0.023
2456790.93656	17.444000000000003	0.026000000000000002
2456791.76862	17.441	0.021
2456791.9395	17.451	0.028999999999999998
2456792.76775	17.480999999999998	0.023
2456792.9115400002	17.471	0.026000000000000002
2456796.71445	17.437	0.026000000000000002
2456796.8853700003	17.430999999999997	0.021
2456797.75287	17.465999999999998	0.02
2456797.91055	17.465999999999998	0.032
2456799.78643	17.473	0.027000000000000003
2456803.69361	17.449	0.018000000000000002
2456803.86824	17.472	0.018000000000000002
2456804.63467	17.464000000000002	0.018000000000000002
2456804.8242900004	17.47	0.02
2456805.6222099997	17.445999999999998	0.021
2456805.81511	17.475	0.021
2456806.83976	17.444000000000003	0.021
2456806.8576	17.472	0.023
2456806.8758799997	17.472	0.024
2456806.88487	17.465	0.026000000000000002
2456806.88985	17.456	0.024
2456807.76713	17.477	0.028999999999999998
2456807.9325200003	17.498	0.032
2456808.7335900003	17.447	0.018000000000000002
2456808.90997	17.45	0.023
2456809.7066	17.46	0.015
2456809.90361	17.453	0.023
2456810.69428	17.475	0.02
2456810.8909299998	17.449	0.023
2456811.6606400004	17.441	0.021
2456811.86037	17.487000000000002	0.026000000000000002
2456813.72377	17.447	0.02
2456814.76928	17.46	0.02
2456814.931	17.475	0.026000000000000002
2456815.74695	17.461	0.02
2456816.79545	17.467	0.02
2456817.63708	17.465	0.02
2456817.8108099997	17.469	0.026000000000000002
2456818.5759900003	17.465	0.024
2456819.6317	17.453	0.024
2456819.7875200002	17.473	0.032
2456823.7993099997	17.463	0.023
2456824.58036	17.457	0.032
2456824.7839200003	17.465	0.021
2456825.56539	17.441	0.02
2456825.7513099997	17.421	0.021
2456826.51436	17.467	0.024
2456826.68925	17.453	0.018000000000000002
2456826.88657	17.462	0.024
2456827.66595	17.461	0.017
2456827.87323	17.515	0.024
2456828.63865	17.445999999999998	0.017
2456828.8475900004	17.451	0.023
2456829.5915	17.465	0.023
2456829.77614	17.464000000000002	0.021
2456830.56818	17.452	0.021
2456830.75586	17.465	0.017
2456831.6463900004	17.453	0.017
2456831.8393900003	17.474	0.023
2456832.64623	17.457	0.018000000000000002
2456832.82403	17.439	0.023
2456833.66363	17.457	0.02
2456833.8399099996	17.464000000000002	0.024
2456834.61648	17.487000000000002	0.024
2456835.62456	17.468	0.021
2456835.80792	17.476	0.024
2456836.60319	17.459	0.026000000000000002
2456837.56818	17.455	0.018000000000000002
2456837.74946	17.444000000000003	0.021
2456838.52023	17.448	0.026000000000000002
2456838.70626	17.487000000000002	0.023
2456839.48713	17.472	0.028999999999999998
2456839.65443	17.493	0.02
2456840.67382	17.459	0.023
2456841.54061	17.462	0.018000000000000002
2456841.73403	17.429000000000002	0.023
2456842.5353200003	17.430999999999997	0.026000000000000002
2456844.50566	17.471	0.023
2456844.69348	17.471	0.02
2456844.85014	17.465999999999998	0.028999999999999998
2456845.59711	17.457	0.02
2456845.77764	17.462	0.018000000000000002
2456847.54786	17.437	0.023
2456847.69183	17.486	0.033
2456847.82872	17.433	0.024
2456851.58478	17.475	0.024
2456851.75669	17.472	0.026000000000000002
2456852.58079	17.435	0.035
2456855.5504400004	17.445999999999998	0.027000000000000003
2456855.7357900003	17.435	0.021
2456856.53235	17.44	0.021
2456857.53024	17.472	0.02
2456857.71715	17.429000000000002	0.017
2456858.54595	17.463	0.018000000000000002
2456858.73055	17.430999999999997	0.018000000000000002
2456859.68896	17.447	0.021
2456862.6449700003	17.468	0.024
2456863.4879	17.471	0.021
2456863.67803	17.442	0.02
2456864.51931	17.455	0.023
2456864.7074	17.434	0.018000000000000002
2456870.63653	17.461	0.02
2456871.6315	17.451	0.021
2456872.7179	17.442999999999998	0.023
2456874.62705	17.454	0.02
2456879.59804	17.465999999999998	0.026000000000000002
2456880.5632599997	17.444000000000003	0.03
2456880.74989	17.49	0.042
2456881.72274	17.429000000000002	0.027000000000000003
2456882.6272299998	17.465	0.02
2456883.5400900003	17.456	0.02
2456885.50615	17.477	0.021
2456885.70085	17.471	0.021
2456886.6233200002	17.455	0.018000000000000002
2456887.54504	17.484	0.02
2456887.71717	17.46	0.021
2456888.6565799997	17.424	0.02
2456889.6071900004	17.465999999999998	0.02
2456890.54556	17.483	0.021
2456890.7095	17.44	0.021
2456891.66011	17.474	0.024
2456895.61455	17.461	0.018000000000000002
2456896.58285	17.487000000000002	0.023
2456900.52915	17.458	0.017
2456907.60269	17.468	0.024
2456908.5531200003	17.44	0.023
2456908.5871099997	17.49	0.023
2456909.6287	17.511	0.032
2456912.6275	17.452	0.026000000000000002
2456915.48293	17.462	0.024
2456916.53903	17.445999999999998	0.02
2456919.53243	17.473	0.026000000000000002
2456922.5129299997	17.453	0.023
2456923.5342599996	17.496	0.028999999999999998
2456924.57313	17.458	0.021
2456925.6153	17.462	0.026000000000000002
2456927.52673	17.47	0.03
2456928.5616599997	17.442999999999998	0.024
2456930.49035	17.393	0.036000000000000004
2456931.5830599996	17.485	0.028999999999999998
2456931.58679	17.442	0.026000000000000002
2456932.56041	17.471	0.047
2456936.56696	17.487000000000002	0.03
2456937.56422	17.464000000000002	0.027000000000000003
2456938.56337	17.502	0.032
2456940.5238799998	17.43	0.026000000000000002
2456942.49081	17.477	0.026000000000000002
2456943.49051	17.445999999999998	0.035
2456944.53077	17.471	0.021
2456948.4911700003	17.461	0.032
2456951.5087	17.467	0.024
2456953.54218	17.469	0.027000000000000003
2456955.54	17.483	0.024
2457064.86338	17.473	0.024
2457066.8746	17.412	0.026000000000000002
2457070.84393	17.444000000000003	0.018000000000000002
2457071.85624	17.473	0.018000000000000002
2457072.86405	17.462	0.023
2457074.89268	17.484	0.026000000000000002
2457075.86998	17.477	0.023
2457076.87048	17.465999999999998	0.017
2457077.8678200003	17.442999999999998	0.021
2457078.8588	17.445	0.02
2457079.89729	17.476	0.03
2457080.89362	17.442999999999998	0.018000000000000002
2457082.84799	17.473	0.02
2457083.8138599996	17.434	0.023
2457084.8086	17.500999999999998	0.027000000000000003
2457084.8927700003	17.475	0.017
2457085.8656200003	17.473	0.02
2457086.84424	17.464000000000002	0.021
2457087.7982900003	17.477999999999998	0.026000000000000002
2457087.90057	17.44	0.021
2457088.8717900002	17.457	0.02
2457089.83782	17.448	0.021
2457090.7918	17.467	0.024
2457090.89279	17.473	0.02
2457091.84665	17.464000000000002	0.021
2457092.78512	17.488	0.021
2457092.87715	17.434	0.02
2457097.7719099997	17.461	0.02
2457097.85891	17.453	0.017
2457098.8082	17.46	0.018000000000000002
2457098.90729	17.454	0.018000000000000002
2457099.85035	17.451	0.018000000000000002
2457100.79733	17.477	0.02
2457100.89007	17.455	0.018000000000000002
2457101.87181	17.464000000000002	0.023
2457102.83438	17.469	0.023
2457108.81033	17.488	0.027000000000000003
2457109.74382	17.464000000000002	0.02
2457109.86345	17.474	0.021
2457110.7718700003	17.463	0.017
2457110.88246	17.497	0.017
2457111.7927900003	17.458	0.018000000000000002
2457111.90499	17.477	0.018000000000000002
2457112.80052	17.426	0.021
2457112.91236	17.468	0.018000000000000002
2457113.89802	17.465999999999998	0.018000000000000002
2457114.89503	17.455	0.018000000000000002
2457115.85121	17.471	0.018000000000000002
2457116.8163099997	17.429000000000002	0.023
2457117.79921	17.456	0.018000000000000002
2457118.84919	17.464000000000002	0.018000000000000002
2457119.8468299997	17.45	0.027000000000000003
2457120.79079	17.472	0.02
2457125.71966	17.467	0.02
2457125.9070599996	17.474	0.018000000000000002
2457126.87501	17.454	0.017
2457129.80442	17.465999999999998	0.02
2457130.73206	17.417	0.018000000000000002
2457130.9149	17.474	0.023
2457131.834	17.465	0.017
2457132.7562	17.458	0.02
2457133.8869	17.475	0.021
2457134.77048	17.483	0.021
2457135.69832	17.475	0.018000000000000002
2457135.88461	17.484	0.018000000000000002
2457136.77764	17.444000000000003	0.018000000000000002
2457137.68473	17.49	0.018000000000000002
2457137.8704	17.441	0.02
2457138.74449	17.45	0.018000000000000002
2457138.9302	17.445	0.021
2457139.86285	17.485	0.02
2457140.74174	17.454	0.02
2457140.92337	17.465	0.02
2457141.81604	17.422	0.015
2457142.6986	17.469	0.017
2457142.884	17.465	0.018000000000000002
2457143.75501	17.425	0.02
2457144.6434	17.46	0.03
2457144.84308	17.523	0.026000000000000002
2457145.8443299998	17.448	0.021
2457146.69147	17.453	0.023
2457146.83116	17.46	0.023
2457147.67276	17.471	0.03
2457147.81211	17.483	0.023
2457152.80423	17.461	0.021
2457153.64241	17.463	0.021
2457153.8039700002	17.47	0.017
2457154.68138	17.483	0.018000000000000002
2457154.87638	17.465	0.02
2457155.71292	17.452	0.017
2457155.89925	17.459	0.02
2457156.72354	17.511	0.017
2457157.7107599997	17.426	0.017
2457158.6381	17.46	0.021
2457158.82245	17.438	0.02
2457159.63945	17.442999999999998	0.02
2457159.8232400003	17.465	0.018000000000000002
2457160.66117	17.475	0.02
2457160.84592	17.452	0.017
2457161.6894799997	17.469	0.018000000000000002
2457161.87264	17.471	0.017
2457162.69185	17.465	0.018000000000000002
2457162.87494	17.445999999999998	0.018000000000000002
2457163.7012	17.427	0.024
2457163.88386	17.410999999999998	0.02
2457164.79091	17.436	0.018000000000000002
2457166.64642	17.441	0.021
2457166.83103	17.452	0.021
2457168.80895	17.456	0.02
2457169.74675	17.448	0.018000000000000002
2457169.93186	17.455	0.021
2457170.7240299997	17.434	0.02
2457170.91245	17.454	0.02
2457172.73593	17.458	0.021
2457172.9166200003	17.427	0.021
2457173.7126599997	17.462	0.021
2457173.89892	17.426	0.023
2457174.66765	17.47	0.024
2457174.83947	17.471	0.023
2457175.61966	17.489	0.026000000000000002
2457175.84893	17.468	0.024
2457176.9163	17.424	0.028999999999999998
2457178.72505	17.436	0.024
2457179.66525	17.457	0.026000000000000002
2457179.83523	17.442999999999998	0.024
2457180.61725	17.445999999999998	0.024
2457180.7884400003	17.465	0.021
2457181.55517	17.453	0.021
2457181.74339	17.485	0.021
2457181.91051	17.48	0.023
2457182.68317	17.456	0.017
2457182.86949	17.487000000000002	0.02
2457183.62738	17.467	0.021
2457183.81145	17.459	0.02
2457184.6196	17.476	0.024
2457184.8031	17.449	0.021
2457185.58415	17.453	0.02
2457185.7668	17.445999999999998	0.023
2457186.61773	17.436	0.024
2457186.88881	17.455	0.027000000000000003
2457187.68909	17.471	0.018000000000000002
2457187.85866	17.444000000000003	0.018000000000000002
2457188.63935	17.493	0.026000000000000002
2457188.82961	17.406	0.024
2457189.69581	17.469	0.018000000000000002
2457189.8661599997	17.471	0.021
2457190.65804	17.451	0.02
2457190.85505	17.43	0.023
2457191.68439	17.475	0.018000000000000002
2457193.6321400004	17.45	0.017
2457193.72005	17.45	0.017
2457193.88712	17.462	0.02
2457194.6712700003	17.439	0.015
2457196.88087	17.458	0.024
2457197.52921	17.455	0.026000000000000002
2457197.70419	17.461	0.018000000000000002
2457197.88123	17.492	0.033
2457198.68411	17.463	0.02
2457198.86732	17.46	0.023
2457199.63217	17.45	0.018000000000000002
2457199.81429	17.45	0.017
2457200.58481	17.459	0.018000000000000002
2457200.75238	17.471	0.018000000000000002
2457202.7266599997	17.430999999999997	0.026000000000000002
2457206.54763	17.461	0.033
2457206.72163	17.451	0.026000000000000002
2457207.5304900003	17.448	0.024
2457207.69435	17.486	0.023
2457208.51737	17.333	0.021
2457209.78635	17.441	0.026000000000000002
2457211.56347	17.448	0.02
2457211.74638	17.445999999999998	0.018000000000000002
2457214.5155700003	17.424	0.023
2457214.70532	17.44	0.02
2457217.71429	17.468	0.021
2457219.57887	17.486	0.023
2457220.4868799997	17.44	0.023
2457220.66926	17.419	0.015
2457221.4727	17.456	0.027000000000000003
2457221.65543	17.453	0.018000000000000002
2457221.81407	17.464000000000002	0.02
2457222.60768	17.489	0.018000000000000002
2457222.82187	17.447	0.026000000000000002
2457223.67188	17.449	0.02
2457224.51299	17.462	0.021
2457224.7178700003	17.477	0.023
2457225.5430799997	17.483	0.023
2457226.56055	17.439	0.02
2457226.74469	17.479	0.021
2457227.5285799997	17.45	0.018000000000000002
2457227.7121900003	17.458	0.018000000000000002
2457228.5312900003	17.453	0.02
2457228.72347	17.477	0.02
2457229.55842	17.461	0.017
2457229.72316	17.444000000000003	0.02
2457235.4805	17.434	0.03
2457235.74958	17.484	0.026000000000000002
2457249.60007	17.480999999999998	0.021
2457250.5598	17.503	0.02
2457252.60594	17.459	0.018000000000000002
2457253.55747	17.469	0.02
2457255.5078	17.468	0.023
2457256.51205	17.487000000000002	0.023
2457257.5764200003	17.458	0.026000000000000002
2457261.5598299997	17.492	0.028999999999999998
2457263.51577	17.473	0.02
2457263.67969	17.441	0.021
2457264.62707	17.474	0.021
2457265.5916	17.469	0.02
2457267.53818	17.442	0.023
2457268.537	17.441	0.015
2457269.51928	17.496	0.021
2457270.4799	17.429000000000002	0.021
2457270.67374	17.455	0.018000000000000002
2457271.63553	17.463	0.021
2457273.58178	17.472	0.024
2457275.5946299997	17.472	0.033
2457277.5814400003	17.49	0.021
2457278.56138	17.448	0.021
2457281.5713299997	17.441	0.023
2457284.6107099997	17.457	0.021
2457292.5087599996	17.524	0.032
2457293.4914700002	17.458	0.03
2457293.60696	17.459	0.018000000000000002
2457294.60012	17.445999999999998	0.03
2457295.5956	17.521	0.024
2457299.51658	17.467	0.024
2457300.48968	17.43	0.027000000000000003
2457307.55631	17.452	0.024
2457311.55245	17.492	0.026000000000000002
2457313.5221599997	17.455	0.036000000000000004
2457318.52767	17.426	0.024
2457324.4991200003	17.459	0.039
2457325.53007	17.42	0.024
2457332.50545	17.448	0.03
2457435.85553	17.423	0.023
2457436.87603	17.476	0.023
2457438.8316900004	17.489	0.026000000000000002
2457439.85343	17.451	0.026000000000000002
2457440.87732	17.445999999999998	0.02
2457442.81856	17.459	0.03
2457444.89484	17.455	0.02
2457446.81006	17.479	0.02
2457447.8081900002	17.442999999999998	0.021
2457448.80799	17.497	0.033
2457449.85875	17.488	0.039
2457451.86611	17.469	0.023
2457452.89413	17.458	0.017
2457453.89805	17.445999999999998	0.018000000000000002
2457455.8501	17.465999999999998	0.021
2457456.8560200003	17.458	0.021
2457457.85236	17.448	0.02
2457458.84623	17.47	0.02
2457460.8576700003	17.471	0.018000000000000002
2457461.84605	17.459	0.017
2457462.83294	17.43	0.018000000000000002
2457463.87681	17.461	0.018000000000000002
2457465.80204	17.444000000000003	0.02
2457466.85923	17.472	0.02
2457467.86557	17.465999999999998	0.018000000000000002
2457470.8213400003	17.465999999999998	0.026000000000000002
2457471.78604	17.445999999999998	0.024
2457471.91633	17.49	0.024
2457472.85651	17.462	0.021
2457474.74744	17.456	0.03
2457474.84974	17.464000000000002	0.021
2457475.77914	17.45	0.027000000000000003
2457475.88342	17.413	0.021
2457476.7760099997	17.451	0.023
2457484.84847	17.472	0.021
2457486.78242	17.422	0.021
2457487.89109	17.487000000000002	0.021
2457489.92419	17.497	0.023
2457492.75074	17.457	0.018000000000000002
2457493.7382799997	17.445999999999998	0.018000000000000002
2457494.72102	17.464000000000002	0.018000000000000002
2457495.70499	17.469	0.021
2457495.92556	17.424	0.02
2457498.85692	17.456	0.023
2457499.8117	17.444000000000003	0.021
2457500.7527400004	17.426	0.024
2457507.7745	17.468	0.018000000000000002
2457508.8232299997	17.495	0.017
2457509.92268	17.459	0.023
2457512.87507	17.473	0.015
2457522.92802	17.433	0.028999999999999998
2457526.8407	17.458	0.021
2457529.8978	17.453	0.036000000000000004
2457534.82767	17.46	0.018000000000000002
2457536.82668	17.463	0.02
2457546.66018	17.452	0.021
2457547.60399	17.473	0.021
2457548.7225200003	17.477999999999998	0.015
2457549.86805	17.421	0.021
2457550.84663	17.453	0.023
2457555.58586	17.434	0.021
2457555.91688	17.451	0.024
2457557.89092	17.457	0.027000000000000003
2457561.6795	17.457	0.027000000000000003
2457566.53655	17.475	0.023
2457566.85737	17.46	0.036000000000000004
2457567.8013299997	17.469	0.021
2457568.80007	17.442	0.023
2457569.8188400003	17.463	0.023
2457570.76943	17.465	0.02
2457573.68405	17.463	0.018000000000000002
2457575.61497	17.428	0.021
2457575.7686099997	17.454	0.017
2457576.5471900003	17.484	0.021
2457576.7268	17.425	0.018000000000000002
2457577.5479599996	17.459	0.026000000000000002
2457579.7274700003	17.489	0.021
2457582.67488	17.473	0.021
2457584.55505	17.46	0.024
2457584.69758	17.445999999999998	0.021
2457589.5019	17.455	0.028999999999999998
2457589.6633599997	17.468	0.027000000000000003
2457590.60241	17.469	0.023
2457590.76717	17.449	0.026000000000000002
2457593.5359099996	17.489	0.02
2457593.69128	17.430999999999997	0.017
2457595.61084	17.452	0.026000000000000002
2457599.48757	17.504	0.024
2457599.73661	17.511	0.021
2457600.58917	17.468	0.024
2457601.76937	17.439	0.021
2457602.5987	17.445	0.02
2457602.7576099997	17.465	0.024
2457603.5953599997	17.488	0.018000000000000002
2457603.73548	17.46	0.02
2457604.56149	17.472	0.017
2457604.70286	17.461	0.017
2457605.54532	17.424	0.017
2457605.70679	17.468	0.021
2457606.73085	17.417	0.026000000000000002
2457607.6312599997	17.465	0.02
2457608.50633	17.494	0.02
2457608.7122400003	17.475	0.018000000000000002
2457609.5887599997	17.462	0.018000000000000002
2457609.7445799997	17.424	0.02
2457610.62186	17.461	0.02
2457611.62168	17.453	0.021
2457612.5501099997	17.445	0.023
2457612.69112	17.454	0.021
2457616.56519	17.465999999999998	0.024
2457617.51442	17.453	0.027000000000000003
2457617.67957	17.445999999999998	0.024
2457618.56908	17.457	0.021
2457618.72333	17.472	0.03
2457621.57053	17.471	0.021
2457622.5134400004	17.430999999999997	0.02
2457622.6981	17.474	0.02
2457623.61662	17.445999999999998	0.017
2457624.55053	17.462	0.018000000000000002
2457625.5126900002	17.445	0.02
2457626.49848	17.465	0.018000000000000002
2457630.48408	17.473	0.021
2457630.66823	17.489	0.021
2457631.64536	17.452	0.017
2457632.63074	17.457	0.02
2457634.51511	17.474	0.026000000000000002
2457635.5976400003	17.448	0.026000000000000002
2457636.639	17.469	0.021
2457637.63106	17.42	0.021
2457639.51927	17.488	0.024
2457643.60765	17.453	0.033
2457645.4844400003	17.434	0.033
2457647.59542	17.452	0.026000000000000002
2457649.48636	17.42	0.017
2457650.51794	17.469	0.018000000000000002
2457650.5712	17.459	0.02
2457651.4795	17.468	0.026000000000000002
2457651.57167	17.436	0.02
2457652.47968	17.442999999999998	0.021
2457652.55995	17.465	0.018000000000000002
2457653.48039	17.437	0.021
2457653.5696400004	17.452	0.017
2457654.48528	17.437	0.026000000000000002
2457655.53538	17.472	0.02
2457655.58629	17.415	0.023
2457656.5515400004	17.427	0.023
2457656.595	17.476	0.027000000000000003
2457657.58802	17.45	0.02
2457659.55332	17.434	0.023
2457660.52179	17.477	0.024
2457660.56544	17.471	0.024
2457661.52814	17.456	0.024
2457661.58083	17.497	0.024
2457662.53853	17.49	0.024
2457664.4828	17.506	0.036000000000000004
2457664.55156	17.449	0.032
2457666.48336	17.471	0.033
2457666.56395	17.486	0.023
2457667.5627200003	17.45	0.021
2457671.54219	17.402	0.028999999999999998
2457673.53153	17.453	0.032
2457675.54629	17.477	0.027000000000000003
2457681.49626	17.430999999999997	0.027000000000000003
2457683.51193	17.462	0.024
2457791.88602	17.44	0.028999999999999998
2457792.8888	17.462	0.038
2457793.8802400003	17.453	0.021
2457794.88721	17.425	0.027000000000000003
2457795.89125	17.425	0.028999999999999998
2457797.89084	17.409000000000002	0.027000000000000003
2457799.88529	17.433	0.026000000000000002
2457801.8774200003	17.489	0.027000000000000003
2457803.85794	17.44	0.026000000000000002
2457807.84428	17.463	0.021
2457808.8950400003	17.437	0.021
2457809.90325	17.43	0.026000000000000002
2457812.85736	17.480999999999998	0.02
2457814.8262099996	17.476	0.021
2457815.85312	17.459	0.021
2457816.8449	17.459	0.021
2457817.84148	17.467	0.02
2457818.82769	17.405	0.017
2457819.8075599996	17.438	0.02
2457819.90497	17.453	0.021
2457821.81569	17.430999999999997	0.024
2457822.81109	17.476	0.027000000000000003
2457822.90044	17.473	0.02
2457823.88564	17.465999999999998	0.02
2457824.88174	17.452	0.024
2457825.87333	17.465	0.023
2457826.8322099997	17.43	0.024
2457827.80775	17.444000000000003	0.023
2457827.89688	17.453	0.021
2457828.86587	17.459	0.021
2457829.84787	17.407	0.024
2457830.85628	17.426	0.02
2457834.8520400003	17.459	0.023
2457835.79451	17.421	0.027000000000000003
2457836.76435	17.436	0.028999999999999998
2457836.8838400003	17.425	0.023
2457837.81747	17.451	0.02
2457838.7560099997	17.416	0.023
2457838.87371	17.46	0.018000000000000002
2457839.82173	17.421	0.017
2457840.74603	17.409000000000002	0.021
2457840.86551	17.428	0.02
2457841.80533	17.44	0.026000000000000002
2457841.9155900003	17.387	0.026000000000000002
2457842.83021	17.434	0.02
2457843.7546900003	17.432000000000002	0.021
2457843.87224	17.425	0.018000000000000002
2457844.78152	17.413	0.017
2457844.9004900004	17.421	0.021
2457845.8150400002	17.419	0.02
2457846.74618	17.419	0.023
2457846.8530200003	17.426	0.018000000000000002
2457847.75613	17.409000000000002	0.021
2457847.8741599997	17.406	0.02
2457848.7700400003	17.409000000000002	0.02
2457848.88914	17.409000000000002	0.017
2457849.78353	17.426	0.017
2457849.90191	17.41	0.015
2457850.7958	17.377	0.02
2457850.91647	17.373	0.02
2457851.81351	17.384	0.021
2457852.74771	17.413	0.028999999999999998
2457853.87319	17.362000000000002	0.024
2457853.88521	17.383	0.024
2457854.73605	17.368	0.02
2457854.782	17.351	0.018000000000000002
2457854.85519	17.366	0.018000000000000002
2457855.76573	17.369	0.02
2457855.8887400003	17.343	0.018000000000000002
2457856.77438	17.375999999999998	0.024
2457856.89945	17.32	0.027000000000000003
2457858.82471	17.314	0.02
2457862.7355299997	17.295	0.021
2457862.84639	17.281	0.018000000000000002
2457863.79321	17.285999999999998	0.02
2457864.7499599997	17.29	0.015
2457864.9023	17.278	0.015
2457865.7526	17.273	0.017
2457865.89143	17.236	0.015
2457866.74935	17.256	0.015
2457866.88202	17.265	0.015
2457867.75283	17.255	0.013999999999999999
2457867.88416	17.258	0.017
2457868.8186	17.246	0.021
2457869.69868	17.247	0.017
2457869.81758	17.23	0.013999999999999999
2457870.70469	17.25	0.015
2457870.8399799997	17.266	0.015
2457871.72576	17.22	0.015
2457871.8596200002	17.215999999999998	0.015
2457872.7256099996	17.223	0.015
2457872.87135	17.208	0.013999999999999999
2457873.70529	17.215999999999998	0.015
2457873.81403	17.211	0.013999999999999999
2457874.6652599997	17.229	0.02
2457874.79225	17.267	0.02
2457874.90563	17.259	0.02
2457875.87817	17.249000000000002	0.017
2457876.67652	17.271	0.021
2457876.79936	17.254	0.015
2457876.93427	17.258	0.02
2457877.75729	17.292	0.015
2457877.88568	17.295	0.018000000000000002
2457878.7972	17.28	0.015
2457879.74437	17.3	0.024
2457880.66566	17.311	0.026000000000000002
2457880.7733299998	17.295	0.021
2457880.91566	17.283	0.024
2457881.85401	17.324	0.021
2457882.73028	17.323	0.02
2457889.8929	17.403	0.033
2457890.7555	17.424	0.024
2457890.91274	17.403	0.036000000000000004
2457893.7225	17.412	0.021
2457893.85243	17.417	0.018000000000000002
2457894.60372	17.422	0.027000000000000003
2457894.7154200003	17.419	0.018000000000000002
2457894.8346599997	17.429000000000002	0.018000000000000002
2457894.94259	17.423	0.035
2457897.63924	17.402	0.024
2457897.7540700003	17.448	0.02
2457900.9339099997	17.402	0.028999999999999998
2457901.68616	17.418	0.02
2457901.8399	17.409000000000002	0.021
2457902.6748099998	17.445999999999998	0.018000000000000002
2457902.80622	17.464000000000002	0.021
2457903.6937599997	17.467	0.027000000000000003
2457903.85236	17.425	0.021
2457904.59326	17.397000000000002	0.027000000000000003
2457904.70922	17.444000000000003	0.017
2457904.9428	17.452	0.035
2457905.66917	17.434	0.017
2457905.79889	17.449	0.02
2457905.9256599997	17.432000000000002	0.023
2457906.61697	17.447	0.02
2457906.7458200003	17.441	0.017
2457906.85844	17.438	0.02
2457907.60807	17.45	0.023
2457907.73256	17.449	0.018000000000000002
2457908.57838	17.464000000000002	0.03
2457908.6811	17.409000000000002	0.018000000000000002
2457908.81142	17.417	0.02
2457908.92036	17.457	0.027000000000000003
2457909.6112599997	17.438	0.023
2457909.7327099997	17.433	0.02
2457909.84139	17.449	0.018000000000000002
2457909.93407	17.445	0.026000000000000002
2457910.6285599996	17.471	0.023
2457910.76079	17.471	0.021
2457910.87812	17.424	0.02
2457911.59603	17.445	0.03
2457911.7039400004	17.43	0.024
2457916.55502	17.438	0.03
2457916.65314	17.445999999999998	0.028999999999999998
2457916.7516	17.448	0.023
2457917.57692	17.44	0.026000000000000002
2457917.6899	17.444000000000003	0.021
2457917.91073	17.475	0.033
2457918.6984	17.496	0.03
2457922.67435	17.476	0.02
2457923.55841	17.493	0.027000000000000003
2457923.6814900003	17.458	0.023
2457924.58709	17.422	0.02
2457924.71314	17.44	0.018000000000000002
2457925.61083	17.437	0.024
2457925.86216	17.435	0.021
2457926.6340900003	17.445999999999998	0.02
2457926.7780299997	17.476	0.024
2457928.62457	17.452	0.023
2457932.66487	17.463	0.027000000000000003
2457932.78804	17.452	0.021
2457933.6457	17.476	0.021
2457933.77789	17.453	0.024
2457934.5801	17.429000000000002	0.02
2457934.81069	17.48	0.021
2457935.55032	17.442	0.018000000000000002
2457935.68164	17.459	0.02
2457935.79188	17.471	0.017
2457935.87996	17.457	0.02
2457936.54287	17.438	0.02
2457936.66875	17.467	0.02
2457936.79963	17.474	0.02
2457937.48463	17.445999999999998	0.027000000000000003
2457937.59548	17.436	0.023
2457937.71692	17.463	0.023
2457937.8369400003	17.462	0.023
2457938.6208900004	17.482	0.028999999999999998
2457944.4953799997	17.442999999999998	0.026000000000000002
2457944.53606	17.456	0.024
2457944.58754	17.444000000000003	0.023
2457944.62803	17.444000000000003	0.024
2457944.6981599997	17.457	0.023
2457944.74673	17.453	0.024
2457944.79862	17.475	0.027000000000000003
2457944.8316099998	17.473	0.035
2457945.5169	17.428	0.027000000000000003
2457945.6266900003	17.439	0.018000000000000002
2457945.7389700003	17.464000000000002	0.02
2457945.8467	17.42	0.028999999999999998
2457946.57054	17.453	0.023
2457946.69986	17.457	0.021
2457946.81218	17.442999999999998	0.021
2457947.55351	17.45	0.023
2457947.81555	17.487000000000002	0.03
2457948.5652	17.452	0.02
2457948.68979	17.449	0.021
2457948.82211	17.462	0.026000000000000002
2457949.6121799997	17.477999999999998	0.027000000000000003
2457949.7394	17.433	0.027000000000000003
2457952.7675799998	17.465	0.023
2457953.52429	17.453	0.02
2457953.7834400004	17.454	0.021
2457954.54147	17.476	0.018000000000000002
2457956.5301900003	17.442	0.02
2457956.67148	17.448	0.018000000000000002
2457956.7862299997	17.447	0.021
2457957.71121	17.425	0.023
2457958.61852	17.451	0.023
2457959.48074	17.449	0.02
2457959.58139	17.477999999999998	0.018000000000000002
2457960.56759	17.461	0.018000000000000002
2457960.70535	17.427	0.018000000000000002
2457960.80288	17.421	0.023
2457961.63773	17.452	0.018000000000000002
2457961.77997	17.444000000000003	0.027000000000000003
2457962.57797	17.447	0.017
2457964.5397200002	17.432000000000002	0.021
2457964.64439	17.458	0.021
2457965.63194	17.454	0.021
2457965.70844	17.437	0.02
2457966.58285	17.461	0.024
2457966.69755	17.477	0.024
2457967.7052599997	17.477999999999998	0.03
2457971.48625	17.412	0.028999999999999998
2457971.52899	17.499000000000002	0.032
2457971.58198	17.486	0.026000000000000002
2457972.50087	17.464000000000002	0.038
2457972.59013	17.485	0.028999999999999998
2457972.69685	17.489	0.028999999999999998
2457972.7373599997	17.44	0.032
2457973.6025900003	17.459	0.028999999999999998
2457973.7412099997	17.456	0.035
2457974.58146	17.447	0.021
2457974.69727	17.465	0.024
2457980.49386	17.491	0.027000000000000003
2457981.56003	17.451	0.021
2457983.51634	17.441	0.024
2457984.54148	17.457	0.03
2457987.47841	17.451	0.021
2457987.61707	17.45	0.018000000000000002
2457990.53676	17.442	0.021
2457992.51353	17.439	0.018000000000000002
2457994.49335	17.463	0.024
2457998.49646	17.458	0.023
2458000.61999	17.464000000000002	0.027000000000000003
2458002.49938	17.392	0.036000000000000004
2458003.48639	17.469	0.033
2458014.48314	17.471	0.023
2458015.48079	17.457	0.026000000000000002
2458016.49827	17.483	0.024
2458017.52367	17.47	0.023
2458018.54944	17.46	0.021
2458020.49207	17.458	0.024
2458021.52353	17.448	0.026000000000000002
2458026.49981	17.448	0.028999999999999998
2458026.54155	17.433	0.027000000000000003
2458032.54954	17.435	0.028999999999999998
2458035.5336	17.484	0.028999999999999998
2458039.4970299997	17.454	0.026000000000000002
2458040.54855	17.444000000000003	0.027000000000000003
2458046.52533	17.441	0.036000000000000004
2458053.5291	17.462	0.040999999999999995
2458057.5103599997	17.46	0.035
