2455377.68659	19.129	0.079
2455378.5134	19.079	0.076
2455378.81663	19.184	0.08900000000000001
2455379.7206	19.146	0.079
2455380.8152099997	19.151	0.113
2455381.6902900003	19.09	0.085
2455382.55394	19.12	0.11599999999999999
2455382.7606900004	19.102999999999998	0.106
2455385.51292	19.090999999999998	0.073
2455386.48657	19.037	0.075
2455386.56878	19.029	0.065
2455386.65242	19.067	0.07
2455386.78475	19.055	0.062
2455387.7696	19.046	0.065
2455388.68071	19.009	0.064
2455389.54767	19.024	0.068
2455390.55517	18.98	0.084
2455390.81219	19.081	0.073
2455391.79807	19.047	0.08199999999999999
2455392.6677	19.107	0.078
2455393.70652	19.15	0.099
2455396.60242	19.048	0.08199999999999999
2455397.66592	19.099	0.107
2455402.67584	19.055999999999997	0.12
2455403.6381099997	19.098	0.08199999999999999
2455404.50962	18.914	0.075
2455404.70679	19.065	0.095
2455405.72245	19.099	0.096
2455407.57576	19.092	0.10300000000000001
2455407.76947	19.168	0.11199999999999999
2455408.6989	19.105999999999998	0.092
2455409.63184	19.055	0.055999999999999994
2455410.63539	19.007	0.073
2455411.67205	19.018	0.054000000000000006
2455412.63271	19.057000000000002	0.085
2455413.66345	19.051	0.054000000000000006
2455414.7107700002	19.06	0.059000000000000004
2455418.6009400003	19.145	0.064
2455421.6281	19.054000000000002	0.073
2455422.6737900004	19.07	0.062
2455425.5378400004	18.986	0.068
2455430.53278	18.968	0.10099999999999999
2455431.53354	18.983	0.081
2455434.4963599998	19.018	0.098
2455434.70884	19.044	0.09300000000000001
2455435.7134	19.096	0.087
2455438.5022	19.098	0.11800000000000001
2455439.57178	19.119	0.092
2455443.58581	19.129	0.085
2455444.61118	19.137999999999998	0.092
2455446.48763	19.055	0.08900000000000001
2455447.50586	19.108	0.061
2455448.57859	19.152	0.096
2455450.5219400004	19.121	0.096
2455451.65088	19.081	0.09300000000000001
2455457.54569	19.063	0.064
2455458.57684	18.985	0.081
2455459.60811	19.028	0.075
2455461.48362	19.019000000000002	0.19899999999999998
2455462.5024599996	19.038	0.085
2455463.63366	19.055	0.11199999999999999
2455464.60143	19.167	0.127
2455465.51437	19.142	0.10300000000000001
2455468.5805099998	18.975	0.096
2455471.5516	19.083	0.085
2455472.6014900003	19.054000000000002	0.092
2455477.5241400003	19.186	0.129
2455480.52485	18.987000000000002	0.085
2455485.52625	18.97	0.096
2455487.5098599996	18.947	0.08199999999999999
2455489.50878	19.051	0.10300000000000001
2455492.5342	19.086	0.138
2455497.51739	19.038	0.092
2455598.8683599997	19.074	0.076
2455599.85849	19.102	0.08199999999999999
2455600.85494	19.09	0.084
2455607.88362	19.0	0.065
2455614.88036	18.974	0.073
2455620.8604200003	19.017	0.071
2455624.82114	19.09	0.08199999999999999
2455625.78321	19.088	0.109
2455627.80798	18.926	0.085
2455629.7873400003	19.22	0.098
2455630.77991	19.064	0.084
2455632.77661	18.939	0.106
2455634.76153	19.172	0.098
2455635.83405	19.177	0.11
2455638.75435	19.079	0.11599999999999999
2455639.75577	19.121	0.11
2455639.83189	19.039	0.081
2455639.9076	19.174	0.09300000000000001
2455640.76198	18.96	0.11
2455640.8432400003	19.211	0.11800000000000001
2455641.76768	18.984	0.084
2455641.89247	19.025	0.085
2455642.83201	19.1	0.09
2455643.7587900003	18.949	0.084
2455643.85683	19.038	0.07
2455644.76271	19.214000000000002	0.20800000000000002
2455644.8777	19.037	0.079
2455648.74852	19.032	0.08900000000000001
2455648.85506	19.153	0.073
2455649.75433	18.963	0.068
2455649.8609700003	19.034000000000002	0.065
2455650.7464	19.027	0.065
2455650.8478200003	19.093	0.065
2455651.76706	19.067	0.071
2455651.8804599997	19.094	0.078
2455652.80865	19.062	0.055999999999999994
2455653.7771	19.034000000000002	0.051
2455654.7798	19.021	0.07
2455654.87021	19.025	0.061
2455655.78139	18.980999999999998	0.068
2455655.86419	19.093	0.062
2455656.81544	18.944000000000003	0.053
2455657.77782	19.129	0.055999999999999994
2455657.86194	19.062	0.064
2455658.7725299997	19.113	0.087
2455658.8698	19.114	0.073
2455659.72662	19.065	0.073
2455659.80348	19.102999999999998	0.067
2455659.89248	19.194000000000003	0.068
2455660.7760799997	19.019000000000002	0.065
2455660.8751	19.032	0.08199999999999999
2455662.76818	19.092	0.08199999999999999
2455662.8681799998	18.987000000000002	0.059000000000000004
2455663.7707700003	18.967	0.071
2455664.81405	19.027	0.075
2455664.91813	18.922	0.067
2455665.80068	18.957	0.055999999999999994
2455665.91253	19.102999999999998	0.059000000000000004
2455667.85595	19.142	0.057999999999999996
2455668.87512	19.093	0.095
2455669.85351	18.959	0.064
2455670.8425	19.214000000000002	0.113
2455675.72309	19.044	0.075
2455675.9131400003	19.164	0.09
2455676.80647	19.032	0.062
2455677.7629	19.148	0.076
2455679.6853099996	19.009	0.071
2455679.87209	18.994	0.07
2455680.75083	19.115	0.073
2455681.66381	19.049	0.08199999999999999
2455681.8464200003	18.901	0.061
2455682.7319799997	19.047	0.068
2455682.86935	18.999000000000002	0.061
2455683.68602	19.137	0.071
2455683.90588	19.07	0.062
2455684.82047	19.024	0.062
2455685.79489	19.119	0.054000000000000006
2455686.6955	19.097	0.073
2455686.89091	19.029	0.092
2455687.7815	19.102999999999998	0.065
2455689.68953	19.057000000000002	0.064
2455690.69391	18.987000000000002	0.071
2455690.90755	19.326	0.127
2455691.82703	19.118	0.08199999999999999
2455692.72192	18.969	0.064
2455692.88626	19.08	0.073
2455693.7549	19.081	0.057999999999999996
2455693.90745	18.965	0.075
2455694.75315	19.125	0.085
2455694.91516	19.049	0.085
2455695.79764	18.998	0.059000000000000004
2455696.6016599997	19.073	0.12300000000000001
2455696.78381	19.017	0.067
2455697.6170799998	19.096	0.098
2455697.79323	18.933	0.067
2455698.62214	18.907	0.121
2455698.7906400003	19.019000000000002	0.08900000000000001
2455703.71753	19.012999999999998	0.12
2455705.75537	19.011	0.095
2455706.57793	19.232	0.149
2455707.5917700003	19.076	0.076
2455707.76402	19.144000000000002	0.07
2455707.9309900003	19.019000000000002	0.10099999999999999
2455708.75556	19.076	0.085
2455709.59908	18.916	0.064
2455712.6368400003	19.085	0.10300000000000001
2455712.64937	19.017	0.079
2455712.83198	19.064	0.067
2455713.84685	18.858	0.064
2455715.7935599997	19.147000000000002	0.07
2455716.6666099997	19.145	0.085
2455716.6793299997	19.12	0.106
2455716.8554599998	19.059	0.09
2455721.76723	18.921	0.064
2455722.5600900003	19.06	0.076
2455722.5734200003	19.006	0.064
2455722.7927099997	19.024	0.067
2455723.67018	19.058	0.071
2455723.8297900003	19.065	0.067
2455724.7028	19.052	0.085
2455725.61982	19.03	0.064
2455726.5348400003	19.096	0.171
2455726.71442	19.112000000000002	0.134
2455734.6915	19.076	0.096
2455734.8755	19.085	0.121
2455735.82196	18.949	0.068
2455736.5669299997	18.991	0.07
2455736.77275	18.997	0.055999999999999994
2455737.56292	18.92	0.061
2455737.75372	18.989	0.054000000000000006
2455738.5923099997	18.972	0.07
2455739.50587	18.967	0.08900000000000001
2455739.65876	19.085	0.057999999999999996
2455739.84852	19.105999999999998	0.084
2455740.64989	18.957	0.078
2455740.837	19.107	0.092
2455741.6072400003	19.02	0.064
2455741.78618	19.105	0.064
2455742.53801	19.034000000000002	0.08199999999999999
2455742.71902	19.046	0.054000000000000006
2455742.87405	19.029	0.068
2455743.7688700003	18.925	0.071
2455744.5266	18.926	0.08900000000000001
2455744.73142	19.077	0.067
2455745.5153099997	18.974	0.08900000000000001
2455745.7019599997	19.072	0.07
2455745.86912	19.152	0.12300000000000001
2455746.68565	18.891	0.059000000000000004
2455746.7302900003	19.067999999999998	0.09300000000000001
2455746.78541	19.049	0.08900000000000001
2455747.61717	19.029	0.115
2455747.81733	19.125	0.134
2455749.56643	18.98	0.075
2455749.73305	19.078	0.09
2455752.6167599997	19.139	0.106
2455753.5027799997	19.230999999999998	0.23800000000000002
2455753.7713900004	18.977999999999998	0.126
2455759.83853	19.006	0.121
2455760.50611	19.064	0.129
2455760.70279	19.083	0.085
2455761.5225400003	18.796	0.039
2455762.56557	19.111	0.09
2455762.72194	19.222	0.10400000000000001
2455763.61637	18.983	0.071
2455763.78758	18.932000000000002	0.092
2455764.60928	19.026	0.059000000000000004
2455765.48478	18.997	0.076
2455765.67865	19.121	0.079
2455766.5367799997	19.122	0.068
2455766.72591	19.012999999999998	0.078
2455767.60564	19.102999999999998	0.09300000000000001
2455768.47504	19.072	0.081
2455768.66518	19.092	0.061
2455769.50049	19.089000000000002	0.078
2455769.71365	19.048	0.067
2455775.55571	19.143	0.109
2455776.63715	19.168	0.092
2455777.55958	19.061	0.062
2455778.49325	19.029	0.115
2455779.63118	18.972	0.053
2455785.65744	18.925	0.08900000000000001
2455786.60133	19.215	0.099
2455787.63808	18.94	0.067
2455788.55837	19.033	0.081
2455788.72312	18.993	0.12300000000000001
2455790.61742	19.033	0.098
2455791.51445	19.067999999999998	0.09300000000000001
2455793.6257	19.124000000000002	0.079
2455794.50932	19.222	0.09
2455794.70647	18.961	0.076
2455796.4800299997	18.974	0.073
2455796.6797700003	19.015	0.081
2455801.59938	19.238	0.109
2455802.59311	19.083	0.12
2455804.5851	19.089000000000002	0.08199999999999999
2455805.54676	19.115	0.071
2455806.54208	19.18	0.10300000000000001
2455807.6623	19.22	0.134
2455812.64787	19.12	0.14
2455813.62836	19.011	0.071
2455815.60603	19.143	0.078
2455816.57714	19.105	0.092
2455817.57817	18.965	0.09300000000000001
2455818.5597599996	18.957	0.09300000000000001
2455819.5681	19.053	0.081
2455820.54608	18.99	0.084
2455822.5268	19.293	0.121
2455822.61524	18.998	0.085
2455823.54669	19.285999999999998	0.13
2455823.6307099997	19.273	0.134
2455824.56825	19.063	0.068
2455825.48907	18.95	0.095
2455825.5849200003	18.979	0.075
2455826.50811	19.217	0.10400000000000001
2455826.5962900002	19.17	0.113
2455827.53416	19.049	0.11
2455827.61457	19.129	0.109
2455828.54754	19.05	0.071
2455828.61991	19.09	0.084
2455829.55833	19.047	0.064
2455830.48426	19.017	0.071
2455830.57124	19.093	0.079
2455831.54341	19.012999999999998	0.071
2455831.6165299998	19.160999999999998	0.10400000000000001
2455832.56643	18.987000000000002	0.076
2455833.5247	19.0	0.065
2455833.6022099997	18.904	0.076
2455834.5616599997	19.12	0.075
2455835.5451	19.111	0.11800000000000001
2455836.54075	19.131	0.12300000000000001
2455839.48729	19.334	0.154
2455839.56616	19.101	0.121
2455840.51715	19.129	0.10300000000000001
2455840.61149	18.99	0.106
2455841.54006	18.965	0.10400000000000001
2455842.4876200003	19.409000000000002	0.258
2455842.5887	19.025	0.115
2455843.54295	19.105999999999998	0.10300000000000001
2455844.4866400003	19.078	0.138
2455844.56756	19.355	0.157
2455845.52853	19.081	0.134
2455846.4890900003	19.032	0.163
2455846.56951	19.246	0.185
2455847.5449599996	19.034000000000002	0.151
2455850.5161099997	19.084	0.084
2455851.5558	19.094	0.092
2455852.50704	18.928	0.11
2455854.4964099997	18.954	0.12
2455854.56002	18.843	0.115
2455855.55496	18.99	0.11
2455857.49897	18.828	0.11199999999999999
2455859.4980900004	19.089000000000002	0.13
2455860.51162	18.952	0.09300000000000001
2455861.53393	18.949	0.099
2455969.89034	19.135	0.132
2455976.85524	19.034000000000002	0.073
2455977.8472599997	18.980999999999998	0.08199999999999999
2455978.8654400003	18.97	0.067
2455979.86989	19.057000000000002	0.071
2455982.81717	18.952	0.065
2455982.90308	18.942	0.109
2455983.89664	18.967	0.054000000000000006
2455984.88979	19.007	0.059000000000000004
2455985.8647	19.18	0.085
2455986.84627	19.005	0.064
2455987.81103	19.14	0.098
2455988.81282	19.173	0.099
2455988.89776	18.906	0.062
2455989.87322	18.907	0.065
2455990.83753	19.224	0.078
2455991.8111400004	19.137	0.10300000000000001
2455991.90557	19.015	0.076
2455992.87162	19.098	0.064
2455993.85236	19.205	0.099
2455994.81984	19.084	0.08900000000000001
2455994.9099	19.055	0.092
2455995.83718	18.974	0.061
2455996.78638	18.957	0.098
2455996.8737	18.999000000000002	0.061
2455997.82051	18.986	0.079
2455997.90678	19.128	0.08199999999999999
2455998.8617	18.932000000000002	0.065
2455999.79353	19.064	0.085
2455999.8805	19.092	0.068
2456003.86842	19.167	0.09300000000000001
2456004.80109	19.104	0.085
2456004.89658	19.089000000000002	0.067
2456005.8201	19.092	0.081
2456006.76248	19.061	0.067
2456006.86517	19.039	0.054000000000000006
2456007.76851	19.105999999999998	0.078
2456007.86393	19.002	0.062
2456008.7621	19.054000000000002	0.067
2456008.85942	18.977999999999998	0.065
2456009.75819	19.078	0.068
2456009.8596799998	19.166	0.073
2456010.75275	19.011	0.09
2456010.8534	19.139	0.061
2456011.73738	18.875999999999998	0.073
2456011.84961	19.009	0.084
2456012.74792	18.905	0.067
2456012.84817	19.095	0.057999999999999996
2456013.7545	19.184	0.087
2456013.83336	18.953	0.055999999999999994
2456014.7305900003	18.976	0.081
2456014.8075	19.082	0.061
2456014.9069	19.09	0.09300000000000001
2456015.78572	18.993	0.05
2456015.87403	19.119	0.054000000000000006
2456016.7673299997	19.087	0.062
2456016.87042	19.046	0.055999999999999994
2456017.75536	19.04	0.05
2456017.83277	19.043	0.048
2456018.72414	19.248	0.138
2456018.82114	19.192	0.076
2456019.72182	19.045	0.084
2456019.8182200002	19.066	0.075
2456019.89528	19.055	0.055999999999999994
2456020.75408	19.028	0.059000000000000004
2456020.8483599997	19.032	0.047
2456020.92858	19.1	0.172
2456021.77728	18.957	0.057999999999999996
2456021.85473	19.064	0.055999999999999994
2456022.72584	18.817	0.078
2456022.80228	19.096	0.067
2456022.8998	18.989	0.055999999999999994
2456023.759	19.023	0.067
2456023.84059	19.052	0.07
2456024.71655	19.149	0.109
2456024.79588	18.998	0.07
2456024.90815	19.066	0.081
2456025.70013	19.045	0.12300000000000001
2456025.7797	19.057000000000002	0.08900000000000001
2456025.88389	19.115	0.084
2456029.8996200003	19.01	0.067
2456031.75623	19.073	0.081
2456032.68555	19.152	0.11
2456032.86233	19.014	0.057999999999999996
2456033.78601	19.113	0.075
2456034.74009	19.051	0.055999999999999994
2456035.87289	19.202	0.084
2456036.8656200003	19.052	0.053
2456037.82321	19.008	0.073
2456038.7787099998	19.101	0.068
2456039.7763900002	19.17	0.095
2456040.76416	19.125999999999998	0.078
2456041.71214	18.953	0.071
2456041.9031599998	19.02	0.059000000000000004
2456047.6819	19.026	0.075
2456047.8733	18.957	0.062
2456048.8013400002	19.119	0.061
2456049.70858	19.099	0.065
2456049.9026599997	18.928	0.059000000000000004
2456050.80749	19.121	0.067
2456051.7307700003	18.93	0.062
2456052.79145	19.042	0.068
2456053.6417799997	18.938	0.11199999999999999
2456053.8363900003	19.144000000000002	0.081
2456054.91198	18.909000000000002	0.106
2456058.67899	19.065	0.09
2456058.8490400002	18.988	0.073
2456059.73673	19.055999999999997	0.078
2456059.91301	19.072	0.068
2456061.81438	18.99	0.07
2456062.68415	19.291	0.096
2456062.86319	19.061	0.078
2456063.83201	19.15	0.107
2456064.75482	18.959	0.044000000000000004
2456064.9398	18.882	0.09
2456065.78813	19.121	0.075
2456066.70262	19.018	0.067
2456066.8879	19.070999999999998	0.064
2456067.68952	19.044	0.065
2456067.86751	18.993	0.055999999999999994
2456068.7001400003	19.082	0.062
2456068.91527	19.087	0.067
2456069.66657	19.018	0.062
2456069.85484	19.123	0.055999999999999994
2456070.65389	18.9	0.076
2456070.83068	19.094	0.067
2456071.6285200003	19.099	0.071
2456071.80959	19.025	0.065
2456075.61128	19.015	0.057999999999999996
2456075.79325	19.008	0.048
2456076.64402	18.957	0.071
2456076.82578	18.997	0.057999999999999996
2456077.76265	18.998	0.07
2456077.94203	19.081	0.109
2456078.76412	19.018	0.053
2456079.56245	19.035999999999998	0.092
2456079.74016	19.026	0.062
2456079.92067	19.118	0.078
2456080.69482	18.999000000000002	0.062
2456080.87329	19.064	0.076
2456081.64489	19.052	0.10099999999999999
2456081.8272599997	18.982	0.076
2456082.63631	18.867	0.113
2456082.84146	19.067999999999998	0.115
2456085.6506	19.009	0.075
2456085.8128400003	19.055999999999997	0.11
2456086.58629	18.964000000000002	0.073
2456086.76999	19.092	0.068
2456087.5482400004	18.667	0.064
2456087.84802	19.320999999999998	0.12
2456088.69008	19.07	0.057999999999999996
2456089.80615	19.331	0.10099999999999999
2456092.65234	19.135	0.099
2456093.56459	19.105	0.08900000000000001
2456093.76716	19.059	0.07
2456094.61806	19.033	0.081
2456094.79079	19.062	0.07
2456096.6043599998	18.930999999999997	0.068
2456096.8032299997	18.997	0.07
2456097.73	19.115	0.087
2456097.89415	18.908	0.085
2456098.68765	19.047	0.079
2456098.86801	19.072	0.098
2456100.54239	19.142	0.096
2456100.73697	18.995	0.064
2456101.51395	19.135	0.087
2456101.66735	19.041	0.059000000000000004
2456101.85457	19.061	0.099
2456102.64952	19.067999999999998	0.067
2456102.8078799997	19.055999999999997	0.061
2456103.55774	19.012999999999998	0.068
2456103.73813	19.052	0.065
2456104.55769	18.997	0.055999999999999994
2456104.7228099997	18.977	0.044000000000000004
2456104.8821799997	19.081	0.08199999999999999
2456105.66883	19.077	0.068
2456106.65253	19.299	0.12
2456108.64916	19.031	0.071
2456108.82444	19.003	0.075
2456109.61254	19.355	0.252
2456109.8118	19.055	0.10400000000000001
2456113.6168299997	18.956	0.078
2456113.77541	19.019000000000002	0.078
2456114.62347	19.184	0.106
2456114.79795	19.11	0.085
2456115.56121	19.029	0.078
2456115.77702	18.922	0.085
2456116.6126200003	19.044	0.059000000000000004
2456116.78523	19.034000000000002	0.068
2456117.57952	19.087	0.068
2456117.76022	19.049	0.07
2456118.53301	19.06	0.068
2456118.7212099996	18.968	0.053
2456119.49559	18.958	0.107
2456119.67509	19.004	0.055999999999999994
2456120.51113	19.05	0.087
2456120.7059	19.14	0.08900000000000001
2456121.5029599997	19.070999999999998	0.059000000000000004
2456121.68367	19.144000000000002	0.054000000000000006
2456123.54153	19.0	0.081
2456123.71682	19.203	0.08900000000000001
2456124.5142	19.094	0.087
2456124.72448	19.08	0.064
2456125.52683	19.019000000000002	0.079
2456125.72905	18.926	0.053
2456126.55991	18.989	0.07
2456126.77321	19.082	0.079
2456127.73994	19.035999999999998	0.071
2456128.66203	19.049	0.054000000000000006
2456131.53526	19.087	0.084
2456132.5422799997	19.035	0.075
2456132.7992	19.064	0.084
2456133.7248400003	19.064	0.068
2456134.63247	19.039	0.079
2456135.60897	19.06	0.08199999999999999
2456135.8116200003	19.035	0.08900000000000001
2456140.6102299998	18.899	0.115
2456140.7686099997	19.281	0.205
2456141.63204	19.079	0.092
2456141.7840400003	19.084	0.12
2456143.71947	18.88	0.107
2456147.69129	19.149	0.10400000000000001
2456148.62735	19.099	0.059000000000000004
2456149.74199	18.921	0.092
2456150.66679	18.926	0.084
2456151.6480099997	18.948	0.076
2456152.5257	19.101	0.078
2456153.7226400003	19.258	0.115
2456154.70684	19.009	0.076
2456158.55361	19.172	0.076
2456158.72222	19.012	0.067
2456159.68694	18.812	0.08900000000000001
2456160.64818	19.015	0.073
2456161.54405	18.951	0.092
2456164.5331099997	18.967	0.10099999999999999
2456167.52697	19.094	0.081
2456168.52397	19.147000000000002	0.099
2456169.53221	19.135	0.08900000000000001
2456169.7006900003	18.892	0.098
2456171.67419	19.209	0.11599999999999999
2456172.63563	19.035	0.065
2456174.6013700003	18.941	0.099
2456175.58515	18.984	0.076
2456179.57277	19.05	0.096
2456180.5627200003	19.047	0.087
2456181.5233299998	19.03	0.068
2456182.52481	19.151	0.075
2456183.56995	18.973	0.054000000000000006
2456184.62125	19.102999999999998	0.073
2456185.50975	19.112000000000002	0.059000000000000004
2456186.5394	19.022000000000002	0.071
2456190.57567	19.139	0.067
2456191.61326	18.948	0.062
2456195.54889	19.131	0.081
2456195.62462	18.995	0.079
2456196.54575	19.082	0.092
2456196.6246700003	18.925	0.09300000000000001
2456197.5474400003	19.198	0.11
2456198.5536	19.128	0.12
2456200.59047	18.96	0.11800000000000001
2456201.53028	19.134	0.141
2456203.51925	19.272000000000002	0.107
2456203.6107099997	19.03	0.13
2456204.56214	19.035999999999998	0.08199999999999999
2456205.50348	19.042	0.078
2456205.58456	19.198	0.087
2456208.5304400004	19.099	0.092
2456209.5798	19.029	0.098
2456210.55558	19.077	0.08900000000000001
2456211.50628	19.119	0.076
2456211.58709	18.968	0.073
2456212.50575	19.13	0.078
2456212.58117	19.02	0.071
2456213.5350200003	19.090999999999998	0.087
2456214.5141	19.162	0.08900000000000001
2456214.575	19.145	0.10300000000000001
2456216.51486	19.021	0.081
2456216.57656	18.989	0.08900000000000001
2456217.53795	18.948	0.057999999999999996
2456218.5225400003	19.007	0.08199999999999999
2456219.5412	18.935	0.067
2456221.52569	18.971	0.146
2456221.55288	19.057000000000002	0.14400000000000002
2456223.57471	19.004	0.10400000000000001
2456226.51642	18.836	0.11
2456231.52142	19.069000000000003	0.11800000000000001
2456233.54731	19.363	0.146
2456238.5242	18.91	0.098
2456334.88605	18.934	0.068
2456335.86303	19.172	0.078
2456337.87583	19.065	0.084
2456338.8533900003	18.902	0.068
2456339.84865	19.064	0.065
2456340.86838	19.12	0.075
2456342.83564	19.018	0.085
2456343.8805299997	19.187	0.092
2456344.87418	19.043	0.055999999999999994
2456345.8983400003	19.102999999999998	0.11
2456347.89565	19.108	0.078
2456348.8957599998	19.082	0.076
2456350.82567	19.015	0.08199999999999999
2456351.82427	19.01	0.10300000000000001
2456352.82314	19.079	0.084
2456353.79156	18.907	0.07
2456353.89993	19.066	0.075
2456358.8305900004	18.868	0.067
2456360.82207	19.125	0.062
2456361.80711	19.072	0.059000000000000004
2456361.8859099997	19.037	0.068
2456362.86901	19.104	0.068
2456363.7973599997	19.117	0.078
2456363.89705	19.152	0.065
2456367.8962	19.075	0.054000000000000006
2456368.8473799997	18.963	0.059000000000000004
2456369.77649	19.118	0.075
2456369.8676299998	19.063	0.057999999999999996
2456370.8190599997	19.044	0.059000000000000004
2456370.90167	19.011	0.064
2456371.8327099998	18.994	0.062
2456371.9149700003	18.895	0.068
2456372.82516	19.041	0.057999999999999996
2456372.90923	18.975	0.065
2456373.84215	19.070999999999998	0.068
2456374.75965	18.944000000000003	0.078
2456374.84906	19.293	0.085
2456375.75868	19.139	0.064
2456375.8637099997	19.099	0.059000000000000004
2456376.76796	19.031	0.071
2456376.85965	18.989	0.059000000000000004
2456377.78194	19.065	0.061
2456377.87185	19.04	0.047
2456378.7782799997	19.039	0.068
2456378.86859	19.121	0.059000000000000004
2456379.77488	19.105999999999998	0.08199999999999999
2456379.86357	18.965	0.064
2456380.76608	19.043	0.059000000000000004
2456380.86882	19.015	0.062
2456381.78712	19.105	0.064
2456381.87502	19.037	0.053
2456382.7809200003	18.998	0.092
2456382.8603	19.099	0.079
2456386.77396	18.989	0.067
2456386.8771599997	19.045	0.075
2456387.77263	19.009	0.054000000000000006
2456387.85596	19.016	0.059000000000000004
2456388.79659	19.028	0.059000000000000004
2456388.91012	19.141	0.071
2456389.77496	19.005	0.061
2456389.85463	18.968	0.061
2456390.73031	18.963	0.062
2456390.81227	19.066	0.065
2456390.90374	19.082	0.067
2456391.84821	19.042	0.073
2456393.84668	19.023	0.065
2456394.80978	18.969	0.075
2456395.7619	19.057000000000002	0.059000000000000004
2456396.71158	18.97	0.059000000000000004
2456396.89206	19.003	0.053
2456397.83691	19.023	0.054000000000000006
2456398.75452	19.154	0.067
2456398.9253599998	18.967	0.064
2456399.84703	19.066	0.08199999999999999
2456400.82885	19.172	0.067
2456401.77057	19.017	0.051
2456402.69509	19.098	0.078
2456402.86778	19.01	0.07
2456403.77399	19.04	0.054000000000000006
2456404.71615	19.038	0.067
2456404.89494	18.94	0.067
2456405.83916	18.916	0.064
2456405.90454	18.959	0.047
2456406.9243400004	19.024	0.061
2456407.8404	19.12	0.081
2456408.78449	18.817	0.079
2456409.89814	18.885	0.084
2456415.8478099997	19.155	0.113
2456416.7540700003	19.024	0.07
2456417.67901	18.941	0.084
2456417.84242	19.016	0.079
2456418.70131	19.102	0.078
2456418.8655	19.075	0.051
2456419.75069	19.016	0.061
2456419.92641	19.062	0.064
2456420.7661099997	18.957	0.048
2456421.79397	19.031	0.064
2456422.73839	19.015	0.057999999999999996
2456423.69606	19.003	0.073
2456423.89455	19.156	0.073
2456424.7561	19.178	0.064
2456426.61532	18.977999999999998	0.068
2456426.85543	18.997	0.05
2456427.8742400003	19.089000000000002	0.057999999999999996
2456428.64657	18.99	0.085
2456428.84204	19.026	0.075
2456431.6406900003	19.123	0.08900000000000001
2456431.82941	18.989	0.059000000000000004
2456432.66677	18.98	0.078
2456432.85097	18.974	0.055999999999999994
2456433.6556700002	19.054000000000002	0.078
2456433.8517400003	19.046	0.068
2456434.74915	18.953	0.061
2456434.9355599997	19.083	0.092
2456435.5882	19.057000000000002	0.12
2456435.7913	19.058	0.067
2456436.59195	18.99	0.099
2456436.78243	18.974	0.07
2456436.9481099998	19.319000000000003	0.18
2456437.87785	19.12	0.134
2456441.71603	19.083	0.098
2456441.81825	18.997	0.085
2456442.59911	19.009	0.064
2456442.7831099997	19.054000000000002	0.057999999999999996
2456442.94335	19.201	0.14400000000000002
2456443.62464	18.778	0.057999999999999996
2456444.70406	19.054000000000002	0.087
2456444.80221	19.03	0.065
2456445.5997200003	19.067999999999998	0.081
2456445.80643	19.26	0.078
2456446.59043	18.996	0.054000000000000006
2456446.78178	18.989	0.047
2456447.5676	18.989	0.064
2456447.75061	19.118	0.064
2456447.9166900003	19.023	0.064
2456448.67954	18.999000000000002	0.062
2456448.86496	18.988	0.064
2456449.64091	19.169	0.087
2456449.82502	19.237000000000002	0.081
2456450.59081	18.962	0.064
2456450.7749099997	19.062	0.053
2456450.93436	18.945	0.076
2456451.71605	18.910999999999998	0.059000000000000004
2456451.89239	19.075	0.085
2456452.6689299997	19.145	0.061
2456452.90668	19.015	0.067
2456454.67853	19.063	0.055999999999999994
2456454.8634200003	19.008	0.061
2456455.7059299997	19.037	0.053
2456456.64513	19.041	0.04
2456456.8313700003	19.114	0.059000000000000004
2456457.80482	19.024	0.054000000000000006
2456458.58817	19.149	0.087
2456458.77319	18.993	0.051
2456459.5339599997	19.102999999999998	0.09
2456459.73137	18.968	0.047
2456459.89601	19.21	0.096
2456460.79442	19.160999999999998	0.067
2456461.65355	18.971	0.068
2456461.8750400003	19.119	0.081
2456462.8194	18.959	0.07
2456463.59332	19.223	0.10400000000000001
2456463.78438	19.121	0.073
2456464.60207	19.03	0.085
2456464.79317	18.843	0.075
2456468.58837	18.983	0.079
2456468.8020200003	19.137	0.08900000000000001
2456469.66313	19.097	0.08199999999999999
2456471.5808599996	19.076	0.10099999999999999
2456472.64544	19.033	0.079
2456472.83105	19.002	0.092
2456473.60803	18.991	0.051
2456473.79268	19.236	0.08199999999999999
2456474.55498	19.033	0.076
2456474.7363400003	19.146	0.078
2456475.5170299998	19.037	0.08199999999999999
2456475.72147	18.96	0.064
2456476.48746	18.984	0.095
2456476.67529	19.005	0.071
2456476.83938	18.947	0.084
2456477.65597	19.054000000000002	0.073
2456478.51673	19.047	0.095
2456479.5817299997	18.947	0.064
2456479.79793	19.143	0.095
2456480.67996	19.1	0.065
2456481.48723	18.909000000000002	0.068
2456481.73027	19.153	0.085
2456483.59955	19.09	0.067
2456484.56435	19.059	0.076
2456485.6909	19.176	0.064
2456486.6129	19.087	0.064
2456486.81534	19.156	0.071
2456487.60348	19.008	0.05
2456487.80596	19.052	0.055999999999999994
2456489.65505	19.104	0.075
2456490.4973299997	19.09	0.078
2456490.6844200003	19.038	0.059000000000000004
2456491.52818	19.062	0.078
2456491.74684	19.092	0.07
2456492.56369	19.094	0.092
2456492.75066	19.038	0.081
2456496.58275	19.324	0.18
2456497.68837	19.024	0.087
2456498.51497	19.007	0.053
2456498.69433	18.994	0.068
2456499.52928	19.090999999999998	0.062
2456500.6827	19.296	0.113
2456501.66733	18.976	0.059000000000000004
2456504.68299	19.006	0.057999999999999996
2456505.58135	18.994	0.07
2456505.77887	18.976	0.106
2456506.72596	19.046	0.092
2456508.48365	18.942999999999998	0.08199999999999999
2456508.67558	19.136	0.067
2456509.59912	19.142	0.048
2456509.7647	19.055999999999997	0.08900000000000001
2456510.65718	19.088	0.055999999999999994
2456511.61724	18.94	0.062
2456514.48002	18.843	0.067
2456514.73177	19.133	0.064
2456515.71996	18.938	0.048
2456516.67422	19.223	0.098
2456518.67957	19.044	0.059000000000000004
2456519.63334	18.977	0.061
2456523.55614	19.123	0.073
2456523.71173	18.924	0.129
2456524.6677900003	19.206	0.095
2456525.67535	18.998	0.10300000000000001
2456529.556	19.076	0.078
2456531.50845	18.993	0.068
2456532.5101900003	19.108	0.07
2456533.5252900003	18.945999999999998	0.078
2456534.59981	19.038	0.065
2456536.57098	19.102	0.059000000000000004
2456538.61251	19.112000000000002	0.076
2456543.5347	18.993	0.062
2456544.5726799998	18.908	0.054000000000000006
2456545.62102	18.977999999999998	0.061
2456547.58923	19.008	0.121
2456555.5512099997	18.8	0.085
2456558.52764	19.069000000000003	0.059000000000000004
2456559.56728	18.922	0.064
2456560.62744	19.012	0.078
2456562.57796	18.939	0.055999999999999994
2456563.5942599997	19.093	0.084
2456564.5271900003	18.968	0.064
2456565.49588	19.114	0.095
2456565.59398	18.971	0.065
2456567.56684	19.079	0.098
2456568.56369	18.945999999999998	0.078
2456569.52415	19.035999999999998	0.055999999999999994
2456569.60625	18.892	0.068
2456571.4893	19.27	0.11599999999999999
2456571.59919	19.035	0.08900000000000001
2456572.5661	18.885	0.073
2456573.53022	19.118	0.075
2456577.49587	19.002	0.14300000000000002
2456577.58526	19.085	0.18
2456578.57988	19.219	0.095
2456579.5501599996	18.91	0.092
2456581.49119	19.158	0.115
2456582.5180599997	18.944000000000003	0.081
2456583.5155	19.314	0.163
2456584.5109099997	18.979	0.098
2456585.51137	18.971	0.092
2456586.5323099997	18.945999999999998	0.096
2456590.50218	18.983	0.09
2456592.49755	18.999000000000002	0.109
2456595.49908	19.01	0.084
2456696.8856200003	19.084	0.11800000000000001
2456697.88221	19.033	0.07
2456698.88173	19.158	0.113
2456700.88705	18.962	0.067
2456702.86249	18.906	0.071
2456703.85018	18.887	0.087
2456705.84272	19.165	0.141
2456707.87916	19.062	0.092
2456709.83105	18.815	0.064
2456710.8524599997	19.017	0.062
2456711.87172	19.114	0.068
2456715.8517400003	19.090999999999998	0.057999999999999996
2456716.8434099997	18.855	0.059000000000000004
2456717.85596	19.03	0.084
2456718.87051	19.227	0.107
2456719.86335	19.035	0.064
2456720.8388799997	18.927	0.054000000000000006
2456721.8206700003	19.139	0.085
2456722.8119200002	18.935	0.085
2456722.90606	18.975	0.067
2456723.8870200003	19.057000000000002	0.061
2456724.86678	19.070999999999998	0.081
2456725.8417	18.958	0.061
2456726.8043400003	19.031	0.065
2456726.90106	19.026	0.061
2456727.8739400003	19.074	0.05
2456728.84431	19.062	0.053
2456729.79683	19.254	0.085
2456729.8925400004	19.163	0.062
2456730.84673	19.105999999999998	0.095
2456731.89249	19.023	0.087
2456732.85507	19.294	0.13699999999999998
2456733.7913900004	19.125999999999998	0.085
2456733.8840400004	19.08	0.064
2456734.82467	18.982	0.067
2456734.9144599997	19.07	0.071
2456735.8638400002	18.942999999999998	0.075
2456736.79531	19.023	0.095
2456736.89702	19.023	0.067
2456737.85223	19.07	0.054000000000000006
2456738.79429	18.999000000000002	0.115
2456741.84925	18.985	0.073
2456741.88612	18.939	0.081
2456742.84339	19.041	0.051
2456743.88995	19.017	0.062
2456744.85248	18.958	0.051
2456745.7423400003	18.840999999999998	0.061
2456745.8473099996	19.024	0.053
2456746.74742	19.160999999999998	0.085
2456746.84077	19.079	0.057999999999999996
2456747.86497	19.026	0.055999999999999994
2456748.86501	19.043	0.064
2456749.85956	18.980999999999998	0.048
2456750.88301	18.905	0.045
2456751.90619	19.061	0.05
2456752.90067	18.945999999999998	0.048
2456754.88284	19.127	0.076
2456755.8971700002	18.956	0.055999999999999994
2456756.85051	19.094	0.054000000000000006
2456757.81477	18.941	0.055999999999999994
2456758.83644	19.037	0.078
2456759.77534	19.037	0.048
2456760.73155	19.006	0.061
2456760.91347	19.088	0.05
2456760.9275599997	18.994	0.073
2456761.84805	18.97	0.055999999999999994
2456762.80298	19.069000000000003	0.059000000000000004
2456763.77215	18.933	0.064
2456764.7036599996	19.162	0.098
2456764.87811	19.035999999999998	0.062
2456765.7991299997	19.021	0.062
2456768.77434	19.034000000000002	0.092
2456769.69052	19.069000000000003	0.067
2456769.85678	18.996	0.053
2456770.7577400003	19.02	0.055999999999999994
2456771.6916	18.987000000000002	0.055999999999999994
2456771.8865400003	18.989	0.057999999999999996
2456772.79943	19.165	0.057999999999999996
2456773.71708	19.082	0.095
2456773.90467	19.012	0.054000000000000006
2456774.8078099997	19.16	0.08900000000000001
2456775.78937	18.96	0.048
2456776.70133	19.116	0.071
2456776.9177599996	19.116	0.079
2456777.9096	19.073	0.073
2456784.79618	19.079	0.065
2456785.7732599997	19.034000000000002	0.054000000000000006
2456786.78244	19.073	0.059000000000000004
2456788.84492	19.043	0.075
2456789.7393400003	18.997	0.076
2456789.92808	18.945999999999998	0.073
2456790.77031	19.084	0.079
2456791.61648	18.916	0.121
2456791.78548	18.984	0.07
2456792.62017	18.988	0.113
2456792.78043	19.022000000000002	0.078
2456792.92137	18.975	0.09300000000000001
2456796.72896	18.881	0.067
2456796.90011	19.008	0.081
2456797.76929	18.974	0.076
2456797.9231	19.26	0.13699999999999998
2456799.8157099998	18.980999999999998	0.10099999999999999
2456803.71167	19.018	0.059000000000000004
2456803.882	18.949	0.057999999999999996
2456804.65068	19.155	0.067
2456804.83869	19.000999999999998	0.059000000000000004
2456805.6371	18.987000000000002	0.081
2456805.82964	19.113	0.087
2456806.89895	19.118	0.10300000000000001
2456807.78216	19.089000000000002	0.092
2456808.56074	19.119	0.10300000000000001
2456808.76064	19.034000000000002	0.059000000000000004
2456808.92228	19.186	0.10300000000000001
2456809.72123	19.038	0.045
2456809.91602	19.008	0.08900000000000001
2456810.70922	19.083	0.071
2456810.90581	19.054000000000002	0.092
2456811.677	19.054000000000002	0.078
2456811.87519	19.082	0.11199999999999999
2456813.74115	18.973	0.065
2456813.93072	18.99	0.096
2456814.78438	19.009	0.064
2456814.94067	18.945999999999998	0.11
2456815.77203	19.14	0.076
2456816.58893	18.982	0.092
2456816.81048	18.99	0.068
2456817.6532900003	18.989	0.073
2456817.8355400003	19.011	0.073
2456818.59095	19.024	0.11800000000000001
2456819.64414	18.969	0.092
2456819.80156	19.186	0.11
2456823.8174	18.958	0.073
2456824.59673	18.916	0.096
2456824.7987	19.098	0.079
2456825.57991	19.072	0.073
2456825.7662400003	19.061	0.071
2456826.53087	18.921	0.087
2456826.70622	19.052	0.064
2456826.89929	18.945999999999998	0.084
2456827.70437	18.944000000000003	0.061
2456827.88594	19.095	0.095
2456828.6532799997	18.957	0.054000000000000006
2456828.8605299997	19.08	0.081
2456829.6058799997	19.019000000000002	0.08900000000000001
2456829.7913	19.021	0.07
2456830.58433	18.986	0.079
2456830.7705200003	18.992	0.055999999999999994
2456831.66223	19.102	0.057999999999999996
2456831.85397	19.029	0.095
2456832.67082	18.999000000000002	0.064
2456832.83865	19.736	0.177
2456833.69117	19.004	0.078
2456833.85223	18.919	0.078
2456834.63084	18.930999999999997	0.076
2456834.81589	19.078	0.10400000000000001
2456835.6394	19.127	0.095
2456835.8229099996	19.28	0.12300000000000001
2456836.61778	18.951	0.09300000000000001
2456836.79729	18.954	0.085
2456837.58256	19.053	0.067
2456837.76431	18.942999999999998	0.07
2456838.5350099998	18.949	0.081
2456838.72095	19.029	0.065
2456839.50175	18.944000000000003	0.096
2456839.68302	19.073	0.081
2456839.84753	19.025	0.10400000000000001
2456840.6888	19.164	0.099
2456841.55892	19.205	0.085
2456841.74883	19.112000000000002	0.081
2456842.5512200003	18.971	0.092
2456842.73418	18.906	0.064
2456844.5203	18.959	0.068
2456844.70822	19.101	0.079
2456844.85923	19.015	0.107
2456845.61142	18.973	0.065
2456845.7924	19.022000000000002	0.064
2456847.5603099996	19.002	0.068
2456847.7043	18.91	0.061
2456851.5991700003	19.073	0.096
2456851.77305	19.067	0.10300000000000001
2456855.5651599998	19.144000000000002	0.087
2456855.75054	18.993	0.076
2456856.5468200003	19.041	0.075
2456856.73053	19.095	0.075
2456857.54519	18.993	0.067
2456857.73568	19.000999999999998	0.057999999999999996
2456858.56053	19.035	0.054000000000000006
2456858.7473299997	19.026	0.073
2456859.70769	18.962	0.087
2456862.65948	19.066	0.085
2456863.50263	19.006	0.061
2456863.6929	19.035	0.062
2456864.53496	19.074	0.085
2456864.72193	19.023	0.065
2456866.73188	19.017	0.076
2456870.67327	19.064	0.071
2456871.7329599997	19.055	0.095
2456872.73257	19.118	0.095
2456874.6428900003	18.904	0.062
2456879.61494	18.953	0.096
2456880.58061	19.033	0.127
2456881.4849099996	19.021	0.098
2456881.736	18.9	0.10400000000000001
2456882.64242	19.055	0.065
2456883.55605	19.152	0.076
2456885.5320099997	18.989	0.076
2456885.71568	19.192999999999998	0.095
2456886.6395799997	19.026	0.065
2456887.56256	18.945999999999998	0.053
2456888.47664	19.137	0.068
2456888.67735	18.982	0.078
2456889.62435	19.022000000000002	0.057999999999999996
2456890.56365	19.026	0.073
2456891.47905	19.279	0.134
2456891.67487	19.146	0.099
2456895.6324299998	19.038	0.068
2456896.59766	19.016	0.067
2456900.52754	19.063	0.055999999999999994
2456907.61704	18.959	0.075
2456908.55474	19.148	0.092
2456908.60531	19.296	0.146
2456909.64303	19.007	0.14
2456912.50001	19.262	0.098
2456915.49024	19.124000000000002	0.098
2456918.49065	18.997	0.106
2456919.54701	18.968	0.075
2456922.52734	19.088	0.08900000000000001
2456923.5504799997	18.996	0.10400000000000001
2456924.58982	19.107	0.099
2456926.48526	19.212	0.13699999999999998
2456927.54124	19.049	0.10099999999999999
2456928.57601	18.932000000000002	0.10099999999999999
2456930.5081700003	19.070999999999998	0.14400000000000002
2456932.55547	19.038	0.14300000000000002
2456936.48748	19.084	0.08900000000000001
2456937.48851	19.034000000000002	0.106
2456938.4882900002	19.184	0.151
2456938.57493	19.022000000000002	0.121
2456940.53719	18.879	0.096
2456942.50694	19.065	0.085
2456943.50552	19.063	0.113
2456944.5431	19.075	0.087
2456948.4927	18.968	0.109
2456951.5106200003	19.081	0.095
2456953.54369	19.229	0.115
2456955.54151	18.902	0.073
2457064.87523	18.938	0.068
2457066.88567	19.006	0.09300000000000001
2457070.84546	19.127	0.07
2457071.85777	18.993	0.059000000000000004
2457072.86557	18.875999999999998	0.071
2457074.8942	19.221	0.11599999999999999
2457075.8715	19.137	0.08199999999999999
2457076.8719900004	19.012999999999998	0.059000000000000004
2457077.86935	18.965999999999998	0.081
2457078.86032	19.114	0.076
2457079.9007200003	19.053	0.14400000000000002
2457080.89514	18.999000000000002	0.062
2457082.84952	19.088	0.073
2457083.81236	19.049	0.092
2457084.80707	18.908	0.08900000000000001
2457084.89429	19.105	0.062
2457085.86749	18.97	0.061
2457086.84611	19.055	0.076
2457087.79512	18.987000000000002	0.092
2457087.9020700003	18.984	0.075
2457088.87329	18.991	0.071
2457089.83934	19.021	0.076
2457090.7903	19.048	0.092
2457090.89439	19.006	0.067
2457091.84822	18.915	0.071
2457092.78361	19.02	0.075
2457092.87866	19.072	0.071
2457097.77041	19.05	0.081
2457097.86045	18.935	0.05
2457098.8097	18.995	0.062
2457098.90881	19.074	0.064
2457099.85186	19.099	0.07
2457100.7988400003	18.937	0.064
2457100.89158	19.180999999999997	0.075
2457101.8733200002	18.997	0.073
2457102.85185	18.986	0.081
2457108.82558	18.838	0.073
2457109.7735599997	19.123	0.076
2457109.87697	19.044	0.07
2457110.7854299997	19.088	0.054000000000000006
2457110.89673	19.09	0.055999999999999994
2457111.80615	19.026	0.059000000000000004
2457111.91945	18.91	0.092
2457112.82334	19.111	0.076
2457113.73584	19.061	0.071
2457113.91409	19.081	0.07
2457114.91097	18.994	0.062
2457115.8895	18.997	0.057999999999999996
2457116.83113	18.953	0.071
2457117.81372	18.88	0.062
2457118.86435	18.99	0.059000000000000004
2457119.86198	19.041	0.09
2457120.8032	18.97	0.068
2457125.73422	19.026	0.065
2457125.92177	19.046	0.067
2457126.89909	19.051	0.057999999999999996
2457129.81911	19.005	0.055999999999999994
2457130.7469599997	19.012999999999998	0.065
2457130.93078	18.897000000000002	0.084
2457131.85869	19.078	0.055999999999999994
2457132.7707	19.064	0.065
2457133.90128	18.945999999999998	0.071
2457134.7851299997	18.914	0.064
2457135.71331	19.114	0.061
2457135.89924	19.113	0.059000000000000004
2457136.79212	19.086	0.07
2457137.69938	19.011	0.053
2457137.88533	19.049	0.08199999999999999
2457138.75922	19.046	0.068
2457139.66591	19.045	0.115
2457139.87785	19.092	0.073
2457140.7560799997	18.951	0.064
2457141.6581	18.97	0.064
2457141.8396900003	18.999000000000002	0.05
2457142.71375	19.018	0.055999999999999994
2457142.89901	19.011	0.064
2457143.76969	19.058	0.079
2457144.66163	19.078	0.10400000000000001
2457144.85879	19.051	0.10400000000000001
2457145.8588799997	19.033	0.078
2457146.70381	18.971	0.075
2457146.84457	19.052	0.095
2457147.68541	19.134	0.113
2457147.82513	19.084	0.09
2457152.8213400003	19.049	0.078
2457153.65745	19.046	0.068
2457153.82085	19.123	0.064
2457154.69588	18.969	0.054000000000000006
2457154.89084	19.079	0.061
2457155.72771	18.987000000000002	0.055999999999999994
2457155.9136799998	19.034000000000002	0.067
2457156.75996	19.053	0.051
2457157.73977	18.922	0.05
2457158.65278	18.999000000000002	0.067
2457158.83746	19.160999999999998	0.079
2457159.65378	18.980999999999998	0.054000000000000006
2457159.83786	19.072	0.062
2457160.67666	19.145	0.076
2457160.86035	18.974	0.068
2457161.70418	19.045	0.055999999999999994
2457161.88722	19.061	0.068
2457162.70625	19.093	0.076
2457162.89315	18.968	0.064
2457163.7157799997	18.979	0.098
2457163.89836	19.065	0.08199999999999999
2457164.81488	19.118	0.07
2457166.66075	19.019000000000002	0.076
2457166.84571	18.922	0.068
2457169.5882900003	19.031	0.076
2457169.774	19.07	0.059000000000000004
2457169.94416	19.146	0.11
2457170.7483	18.993	0.064
2457172.5794599997	19.14	0.11800000000000001
2457172.7631599996	19.13	0.10099999999999999
2457172.93077	19.08	0.10300000000000001
2457173.7283099997	19.034000000000002	0.07
2457173.9134	19.012999999999998	0.076
2457174.6822	19.01	0.079
2457174.85376	19.028	0.085
2457175.63397	18.969	0.085
2457175.86322	19.088	0.113
2457176.90775	18.875999999999998	0.096
2457178.72353	19.005	0.087
2457179.67962	18.939	0.087
2457179.84993	19.099	0.11199999999999999
2457180.6315200003	19.083	0.095
2457180.80298	18.929000000000002	0.067
2457181.56943	19.069000000000003	0.075
2457181.75919	19.107	0.078
2457181.92497	19.046	0.10300000000000001
2457182.70736	18.945	0.061
2457182.88508	19.067999999999998	0.076
2457183.64189	18.992	0.073
2457183.8258700003	19.003	0.076
2457184.63388	19.015	0.075
2457184.81745	19.004	0.067
2457185.59847	19.07	0.08900000000000001
2457185.78126	19.015	0.067
2457186.63222	19.044	0.113
2457186.90297	19.123	0.11
2457187.70507	19.043	0.07
2457187.8729	19.049	0.071
2457188.65369	19.049	0.085
2457188.85311	19.105	0.11800000000000001
2457189.71357	19.057000000000002	0.078
2457189.88067	18.909000000000002	0.076
2457190.6817900003	19.090999999999998	0.07
2457190.8703400004	19.165	0.09300000000000001
2457191.79336	19.017	0.08900000000000001
2457193.64362	19.094	0.057999999999999996
2457193.73476	19.122	0.061
2457193.89886	19.042	0.067
2457194.70089	19.096	0.061
2457195.82948	19.137	0.057999999999999996
2457196.88234	19.077	0.099
2457197.54345	19.033	0.10099999999999999
2457197.71935	18.923	0.061
2457198.52587	18.99	0.087
2457198.71093	19.02	0.073
2457198.88122	19.072	0.107
2457199.64695	18.989	0.051
2457199.8298299997	19.069000000000003	0.075
2457200.5998299997	19.061	0.059000000000000004
2457200.7688	19.021	0.065
2457202.74695	19.074	0.10300000000000001
2457206.5611	19.134	0.13
2457206.73589	19.075	0.095
2457207.5446599997	18.972	0.087
2457207.709	18.917	0.08199999999999999
2457208.53313	18.993	0.075
2457209.8006700003	18.979	0.08199999999999999
2457211.57765	19.032	0.064
2457211.76081	19.035	0.068
2457214.5302	18.975	0.09
2457214.73057	18.866	0.07
2457217.7519	19.048	0.078
2457219.59421	19.067999999999998	0.07
2457220.50104	19.09	0.095
2457220.6836200003	19.081	0.053
2457221.48748	19.134	0.10099999999999999
2457221.66988	18.968	0.064
2457221.8253	19.17	0.11
2457222.6307900003	19.023	0.07
2457223.5033400003	19.086	0.12300000000000001
2457223.68621	19.024	0.075
2457224.52768	18.875999999999998	0.064
2457224.7332099997	19.18	0.106
2457225.5575599996	18.996	0.062
2457226.57839	19.0	0.07
2457226.75906	18.957	0.081
2457227.5430400004	19.014	0.061
2457227.7266	19.015	0.065
2457228.5457	18.967	0.071
2457228.74021	19.199	0.085
2457229.57277	19.026	0.055999999999999994
2457229.7376599996	19.114	0.084
2457235.50063	18.862000000000002	0.11
2457235.76262	19.067	0.11800000000000001
2457236.61357	19.026	0.087
2457249.61304	19.147000000000002	0.09300000000000001
2457250.57493	19.105999999999998	0.076
2457252.6320599997	19.023	0.067
2457253.57436	18.939	0.057999999999999996
2457255.53252	18.991	0.079
2457256.5273700003	19.070999999999998	0.087
2457257.5911	19.081	0.07
2457258.6306	18.844	0.076
2457261.57114	18.882	0.085
2457263.5310299997	19.234	0.09
2457263.69403	18.9	0.08900000000000001
2457264.64334	19.182000000000002	0.09
2457265.60607	19.137999999999998	0.078
2457267.55398	19.051	0.08900000000000001
2457268.56163	18.949	0.055999999999999994
2457269.54375	19.019000000000002	0.065
2457270.49595	18.975	0.067
2457270.6852	19.253	0.09
2457272.4832099997	19.06	0.11
2457273.59661	18.984	0.08900000000000001
2457275.6104200003	18.954	0.11199999999999999
2457277.59578	18.95	0.079
2457278.58513	18.92	0.062
2457281.5857700002	18.915	0.07
2457291.51515	19.084	0.138
2457292.52178	18.984	0.132
2457293.50635	19.034000000000002	0.092
2457294.48409	19.291	0.14800000000000002
2457294.60832	19.14	0.129
2457295.59711	19.074	0.09300000000000001
2457299.5183200003	19.159000000000002	0.10400000000000001
2457300.50894	19.21	0.12300000000000001
2457307.56714	19.017	0.081
2457312.49701	18.916	0.098
2457317.49765	19.069000000000003	0.12300000000000001
2457319.50348	18.988	0.134
2457324.50065	19.12	0.152
2457328.51219	19.151	0.19399999999999998
2457332.50696	19.16	0.12300000000000001
2457435.85379	19.008	0.081
2457436.87755	18.914	0.075
2457438.83019	19.119	0.098
2457439.85495	19.073	0.098
2457440.87883	18.948	0.071
2457442.81704	18.884	0.10099999999999999
2457444.89791	18.928	0.08199999999999999
2457446.80855	19.015	0.065
2457447.81971	18.979	0.065
2457448.82233	18.916	0.064
2457449.86223	18.927	0.113
2457451.86462	19.037	0.078
2457452.90719	19.000999999999998	0.062
2457454.8605299997	19.054000000000002	0.067
2457455.8631599997	19.000999999999998	0.065
2457456.87952	18.942999999999998	0.071
2457457.876	18.901	0.07
2457458.86975	18.952	0.067
2457460.87128	19.017	0.061
2457461.86912	18.977999999999998	0.053
2457462.8475599997	19.041	0.059000000000000004
2457463.89062	18.985	0.055999999999999994
2457465.81548	18.967	0.067
2457466.87593	19.067	0.076
2457467.879	19.014	0.067
2457470.83523	18.957	0.079
2457471.78754	19.059	0.09300000000000001
2457471.91785	19.007	0.09
2457472.8580099996	19.018	0.079
2457474.74897	18.986	0.11199999999999999
2457474.85126	19.03	0.07
2457475.78068	19.003	0.107
2457475.8849299997	18.986	0.075
2457476.77394	19.033	0.078
2457484.8610900003	19.01	0.07
2457486.7839200003	18.945	0.078
2457487.8925900003	19.115	0.073
2457489.92575	18.986	0.068
2457492.7522400003	18.989	0.067
2457493.73979	18.976	0.062
2457494.7321	19.06	0.057999999999999996
2457495.7064900002	18.874000000000002	0.071
2457495.92708	19.042	0.084
2457498.85843	19.148	0.098
2457499.81319	19.035	0.081
2457500.75425	18.962	0.087
2457507.776	18.980999999999998	0.057999999999999996
2457508.82472	18.912	0.048
2457509.92419	18.989	0.076
2457512.87656	18.983	0.051
2457522.92957	18.967	0.115
2457526.85322	19.078	0.08199999999999999
2457530.70265	19.022000000000002	0.113
2457534.84293	19.070999999999998	0.079
2457536.83945	19.023	0.068
2457546.67282	19.06	0.079
2457547.61681	18.896	0.064
2457548.74786	19.070999999999998	0.048
2457549.8695400003	18.904	0.068
2457550.8481099997	18.972	0.08199999999999999
2457552.8747900003	19.098	0.10400000000000001
2457555.58759	18.839000000000002	0.067
2457555.91836	18.983	0.084
2457557.8925900003	19.078	0.11599999999999999
2457561.69336	18.955	0.075
2457566.55029	19.026	0.087
2457566.86994	18.797	0.099
2457567.81374	18.918	0.065
2457568.83477	19.048	0.106
2457569.8312	18.968	0.09300000000000001
2457570.78757	18.989	0.071
2457573.69642	18.921	0.08199999999999999
2457575.62764	18.98	0.08199999999999999
2457575.7812099997	19.024	0.061
2457576.57631	18.996	0.064
2457576.7400700003	18.973	0.057999999999999996
2457577.56261	19.015	0.085
2457579.741	18.903	0.071
2457582.69735	19.090999999999998	0.07
2457582.71034	18.909000000000002	0.067
2457584.5680400003	19.114	0.10400000000000001
2457584.7102799998	19.183	0.095
2457589.51665	18.934	0.127
2457589.67559	19.039	0.106
2457590.47503	18.997	0.11800000000000001
2457590.6165	19.02	0.078
2457590.80885	18.861	0.11
2457593.54842	19.057000000000002	0.067
2457593.7037400003	19.044	0.062
2457595.70012	18.906	0.084
2457599.51442	18.956	0.08900000000000001
2457599.74925	19.031	0.07
2457600.61856	18.983	0.078
2457600.64684	18.859	0.071
2457601.78028	18.958	0.085
2457602.6202700003	18.862000000000002	0.062
2457602.77003	18.92	0.096
2457603.6081	19.047	0.064
2457603.74829	18.999000000000002	0.068
2457604.5749	19.049	0.064
2457604.71548	19.115	0.065
2457605.56769	19.01	0.067
2457605.71902	19.066	0.075
2457606.7433	19.112000000000002	0.107
2457607.6458400004	19.072	0.064
2457608.52535	18.878	0.064
2457608.72719	18.948	0.067
2457609.60375	19.003	0.059000000000000004
2457609.75417	18.984	0.073
2457610.6364	18.995	0.068
2457611.63663	18.976	0.076
2457612.5651700003	19.16	0.08900000000000001
2457612.7036200003	19.087	0.084
2457616.58032	19.277	0.098
2457617.53026	18.968	0.098
2457617.69404	18.81	0.08900000000000001
2457618.58362	19.02	0.08199999999999999
2457618.73446	19.294	0.182
2457621.59076	19.021	0.098
2457622.52955	19.054000000000002	0.064
2457622.71246	19.052	0.071
2457623.6312	18.907	0.057999999999999996
2457624.5746299997	19.096	0.078
2457625.53505	19.048	0.068
2457626.51488	19.017	0.081
2457630.5096299998	19.076	0.076
2457631.48121	19.117	0.087
2457631.65997	19.024	0.062
2457632.64513	18.887	0.067
2457634.52992	19.087	0.096
2457636.48263	19.085	0.12300000000000001
2457636.6533	19.064	0.10099999999999999
2457637.64334	18.997	0.076
2457639.53774	18.987000000000002	0.085
2457643.6228400003	19.049	0.11199999999999999
2457645.49906	18.886	0.099
2457647.61736	18.908	0.107
2457649.51107	19.057000000000002	0.068
2457650.56123	18.929000000000002	0.065
2457651.5907900003	19.009	0.09
2457653.48507	18.935	0.065
2457655.48592	18.977999999999998	0.08900000000000001
2457656.5707099997	18.887999999999998	0.076
2457659.5564	18.88	0.073
2457661.4852	18.9	0.10099999999999999
2457662.55749	18.948	0.081
2457667.49378	19.01	0.084
2457672.54385	18.962	0.09300000000000001
2457681.51521	18.980999999999998	0.095
2457791.8845	18.621	0.07
2457792.88729	18.676	0.09300000000000001
2457793.87873	18.686	0.055999999999999994
2457794.88572	18.67	0.078
2457795.8897599997	18.61	0.078
2457798.86115	18.642	0.055999999999999994
2457800.8519900003	18.632	0.068
2457801.8908599997	18.614	0.07
2457803.8723	18.646	0.067
2457807.84581	18.512999999999998	0.048
2457808.89657	18.491	0.061
2457809.90477	18.589000000000002	0.08199999999999999
2457811.8273	18.467	0.05
2457812.85886	18.468	0.042
2457814.82775	18.504	0.045
2457815.85463	18.544	0.045
2457816.8464	18.468	0.045
2457817.84301	18.449	0.044000000000000004
2457818.82922	18.467	0.039
2457819.80908	18.496	0.05
2457819.9064700003	18.45	0.045
2457821.8172	18.449	0.053
2457822.81261	18.425	0.054000000000000006
2457822.90196	18.465	0.04
2457823.88715	18.389	0.04
2457824.88326	18.352999999999998	0.044000000000000004
2457825.87486	18.398	0.045
2457826.83374	18.407	0.055999999999999994
2457827.82102	18.389	0.048
2457827.91026	18.273	0.042
2457828.8794299997	18.352	0.037000000000000005
2457830.78207	18.291	0.051
2457830.86931	18.285999999999998	0.039
2457835.7821400003	18.311	0.059000000000000004
2457836.8934	18.203	0.039
2457838.7802	18.23	0.039
2457839.8464599997	18.173	0.027000000000000003
2457840.90781	18.17	0.03
2457842.7782099997	18.147000000000002	0.036000000000000004
2457843.8190900004	18.094	0.031
2457844.86135	18.14	0.039
2457845.9079400003	18.033	0.03
2457847.75006	17.995	0.033
2457848.77947	17.954	0.027000000000000003
2457849.80783	17.964000000000002	0.025
2457850.83687	17.958	0.027000000000000003
2457851.88107	17.919	0.025
2457853.9197400003	17.859	0.04
2457855.72914	17.815	0.031
2457856.75315	17.750999999999998	0.037000000000000005
2457858.83599	17.74	0.027000000000000003
2457862.8716700003	17.602	0.023
2457865.68555	17.49	0.019
2457866.6965400004	17.425	0.017
2457867.7154	17.384	0.017
2457868.78802	17.347	0.02
2457869.8113700002	17.278	0.013999999999999999
2457870.8500200002	17.24	0.016
2457871.87232	17.177	0.013999999999999999
2457872.8986299997	17.124000000000002	0.013999999999999999
2457873.8790599997	17.063	0.013999999999999999
2457874.852	16.996	0.016
2457875.9299	16.904	0.013999999999999999
2457876.9023700003	16.857	0.013000000000000001
2457877.87447	16.8	0.013000000000000001
2457878.91381	16.69	0.011000000000000001
2457880.6748599997	16.527	0.013000000000000001
2457881.75085	16.437	0.013999999999999999
2457882.7546	16.3	0.011000000000000001
2457889.93403	14.905	0.005
2457893.67003	15.425	0.006999999999999999
2457893.92371	15.485	0.006999999999999999
2457894.81263	15.669	0.006999999999999999
2457895.79522	15.855	0.006999999999999999
2457901.6796	16.61	0.011000000000000001
2457902.66872	16.7	0.013999999999999999
2457903.76123	16.824	0.016
2457904.66225	16.845	0.013000000000000001
2457904.92802	16.875	0.016
2457905.79268	16.934	0.013000000000000001
2457906.68312	16.988	0.013000000000000001
2457906.92947	17.035999999999998	0.017
2457907.89514	17.067	0.013999999999999999
2457908.78918	17.094	0.016
2457909.65414	17.173	0.016
2457909.89591	17.194000000000003	0.016
2457910.69446	17.227	0.016
2457911.57978	17.28	0.025
2457916.54889	17.499000000000002	0.031
2457916.76063	17.496	0.019
2457917.60123	17.498	0.023
2457917.8428599997	17.566	0.033
2457918.8665	17.625999999999998	0.053
2457922.56705	17.617	0.036000000000000004
2457923.5210599997	17.8	0.036000000000000004
2457923.86547	17.75	0.036000000000000004
2457924.50448	17.782	0.036000000000000004
2457924.8945299997	17.75	0.03
2457925.50563	17.822	0.037000000000000005
2457925.57161	17.799	0.037000000000000005
2457925.68063	17.83	0.02
2457925.78665	17.819000000000003	0.027000000000000003
2457925.82479	17.81	0.03
2457925.86606	17.793	0.027000000000000003
2457925.89097	17.817999999999998	0.036000000000000004
2457926.75497	17.772000000000002	0.027000000000000003
2457926.87283	17.802	0.036000000000000004
2457928.54385	17.929000000000002	0.042
2457928.56713	17.879	0.034
2457928.60124	17.844	0.027999999999999997
2457928.63364	17.875999999999998	0.033
2457928.6671	17.835	0.027999999999999997
2457928.88184	17.864	0.048
2457929.57004	17.867	0.036000000000000004
2457929.80013	17.951	0.039
2457932.60063	17.94	0.037000000000000005
2457932.7193299998	17.972	0.033
2457932.84267	17.977	0.039
2457933.51194	18.003	0.045
2457933.7145	17.968	0.031
2457934.64437	17.989	0.03
2457934.85979	17.987000000000002	0.036000000000000004
2457935.7387200003	18.042	0.027000000000000003
2457936.61656	18.038	0.027999999999999997
2457936.86999	18.051	0.039
2457937.71075	18.078	0.03
2457938.63293	18.095	0.045
2457944.55111	18.182000000000002	0.04
2457944.6534	18.198	0.042
2457944.77438	18.156	0.039
2457945.5740099996	18.168	0.037000000000000005
2457945.8112	18.155	0.034
2457946.67782	18.257	0.036000000000000004
2457947.57969	18.242	0.039
2457948.48581	18.197	0.04
2457948.76932	18.275	0.04
2457949.6983	18.33	0.051
2457953.4720099997	18.339000000000002	0.055999999999999994
2457953.74469	18.344	0.034
2457954.6639	18.329	0.033
2457956.48394	18.402	0.045
2457956.7623799997	18.404	0.04
2457958.61093	18.463	0.057999999999999996
2457959.49489	18.354	0.037000000000000005
2457959.74384	18.412	0.037000000000000005
2457960.64898	18.414	0.04
2457961.63043	18.387999999999998	0.037000000000000005
2457962.63563	18.421	0.039
2457964.65375	18.482	0.048
2457966.4772	18.601	0.09
2457966.72193	18.552	0.061
2457967.72883	18.52	0.065
2457971.65782	18.507	0.05
2457972.5931700002	18.53	0.064
2457972.70143	18.655	0.071
2457973.70202	18.565	0.087
2457974.6740200003	18.53	0.054000000000000006
2457979.5709599997	18.566	0.04
2457980.6367	18.677	0.071
2457982.48603	18.613	0.054000000000000006
2457983.55923	18.62	0.051
2457984.6168400003	18.634	0.053
2457986.53062	18.671	0.044000000000000004
2457987.6075	18.673	0.045
2457991.47388	18.624000000000002	0.08199999999999999
2457992.53929	18.691	0.047
2457993.60207	18.680999999999997	0.048
2457998.4841400003	18.680999999999997	0.057999999999999996
2457998.57603	18.744	0.062
2458000.5104900002	18.737000000000002	0.079
2458000.61191	18.795	0.09300000000000001
2458002.49213	18.644000000000002	0.10099999999999999
2458004.51603	18.846	0.079
2458008.51408	18.762	0.071
2458012.49453	18.773	0.053
2458014.53307	18.825	0.061
2458016.55525	18.904	0.078
2458019.5391	18.833	0.051
2458029.53659	18.695	0.078
2458037.54015	18.965	0.11800000000000001
2458039.5268099997	18.984	0.107
2458048.50525	18.930999999999997	0.064
2458054.51107	18.808	0.098
2458056.50618	18.848	0.11599999999999999
