2455377.73526	14.955	0.005
2455378.5970900003	14.958	0.005
2455378.8566900003	14.957	0.005
2455379.77097	14.96	0.005
2455380.61601	14.953	0.005
2455380.8533	14.939	0.006999999999999999
2455381.72832	14.972000000000001	0.006999999999999999
2455382.6036400003	14.960999999999999	0.006999999999999999
2455382.81096	14.955	0.006999999999999999
2455385.81358	14.956	0.005
2455386.5164900003	14.950999999999999	0.005
2455386.59856	14.954	0.005
2455386.6830599997	14.948	0.005
2455386.8278799998	14.959000000000001	0.005
2455387.81093	14.957	0.005
2455388.76748	14.955	0.005
2455389.65513	14.964	0.005
2455390.60106	14.952	0.005
2455391.50641	14.962	0.005
2455391.83592	14.954	0.005
2455392.77578	14.950999999999999	0.005
2455393.75193	14.970999999999998	0.006999999999999999
2455396.66572	14.960999999999999	0.005
2455397.7039	14.962	0.005
2455403.48397	14.947000000000001	0.005
2455403.67656	14.958	0.005
2455404.54761	14.958	0.005
2455404.74646	14.956	0.005
2455405.7602	14.959000000000001	0.005
2455407.61637	14.962	0.005
2455408.53494	14.960999999999999	0.006999999999999999
2455408.73698	14.963	0.006999999999999999
2455409.73903	14.957	0.005
2455410.74271	14.956	0.005
2455411.7562	14.959000000000001	0.005
2455412.67616	14.959000000000001	0.005
2455413.7481	14.967	0.005
2455414.77115	14.959000000000001	0.005
2455418.65128	14.956	0.005
2455421.67114	14.957	0.005
2455423.48781	14.95	0.005
2455426.50679	14.95	0.005
2455430.57738	14.954	0.005
2455431.57262	14.955	0.005
2455434.53766	14.954	0.005
2455435.50864	14.963	0.005
2455436.5072	14.959000000000001	0.005
2455438.54178	14.957	0.005
2455439.60963	14.956	0.005
2455443.62393	14.960999999999999	0.005
2455444.64956	14.958	0.005
2455446.53859	14.960999999999999	0.005
2455447.54877	14.962	0.005
2455449.4816	14.957	0.006999999999999999
2455450.5597200003	14.959000000000001	0.005
2455453.49822	14.959000000000001	0.005
2455457.59193	14.962	0.005
2455459.48166	14.950999999999999	0.005
2455460.49822	14.964	0.005
2455461.52963	14.947000000000001	0.005
2455462.5681	14.957	0.005
2455465.5392400003	14.968	0.006999999999999999
2455467.52097	14.949000000000002	0.005
2455469.51904	14.95	0.005
2455470.5432700003	14.959000000000001	0.005
2455471.54877	14.957	0.005
2455472.4911700003	14.956	0.005
2455472.5858299998	14.949000000000002	0.005
2455473.53188	14.964	0.005
2455476.53218	14.964	0.006999999999999999
2455478.51108	14.956	0.005
2455479.54028	14.967	0.005
2455480.5314700003	14.950999999999999	0.005
2455481.50042	14.960999999999999	0.006999999999999999
2455485.54742	14.960999999999999	0.005
2455486.5336599997	14.962	0.005
2455487.5167900003	14.957	0.005
2455488.50405	14.956	0.005
2455489.49022	14.96	0.006999999999999999
2455490.49031	14.967	0.006999999999999999
2455490.5473599997	14.962	0.006999999999999999
2455493.51796	14.972999999999999	0.006999999999999999
2455495.50727	14.960999999999999	0.005
2455497.50677	14.960999999999999	0.005
2455499.50966	14.97	0.006999999999999999
2455504.5022	14.978	0.006999999999999999
2455598.88437	14.957	0.005
2455600.88047	14.958	0.005
2455616.8991	14.960999999999999	0.005
2455622.89836	14.950999999999999	0.005
2455625.83207	14.956	0.005
2455627.8254	14.955	0.005
2455628.90814	14.966	0.005
2455629.8355099997	14.954	0.005
2455631.86418	14.955	0.005
2455633.81928	14.958	0.005
2455634.81304	14.953	0.005
2455637.84932	14.966	0.005
2455639.80794	14.953	0.005
2455639.8834599997	14.957	0.005
2455640.7904	14.955	0.005
2455640.87641	14.958	0.005
2455641.78472	14.947000000000001	0.005
2455641.9100200003	14.948	0.005
2455642.84606	14.959000000000001	0.005
2455643.77282	14.958	0.005
2455643.8708599997	14.953	0.005
2455644.78054	14.953	0.005
2455644.89185	14.953	0.005
2455648.76242	14.955	0.005
2455648.86998	14.953	0.005
2455649.76884	14.964	0.005
2455649.87523	14.955	0.005
2455650.7606200003	14.950999999999999	0.005
2455650.8672	14.954	0.005
2455651.78124	14.96	0.005
2455651.9007599996	14.96	0.005
2455652.82465	14.956	0.005
2455653.7914299998	14.956	0.005
2455654.79919	14.959000000000001	0.005
2455654.8870200003	14.96	0.005
2455655.79523	14.957	0.005
2455655.87992	14.955	0.005
2455656.8314400003	14.957	0.005
2455657.7918700003	14.962	0.005
2455657.8783	14.958	0.005
2455658.78871	14.844000000000001	0.005
2455658.8843099996	14.958	0.005
2455659.74039	14.952	0.005
2455659.81729	14.955	0.005
2455659.90801	14.959000000000001	0.005
2455660.7918599998	14.953	0.005
2455660.90565	14.958	0.005
2455662.78285	14.960999999999999	0.005
2455662.88279	14.958	0.005
2455664.74478	14.953	0.005
2455664.84944	14.958	0.005
2455665.72368	14.958	0.005
2455665.8393900003	14.954	0.005
2455665.92641	14.950999999999999	0.005
2455667.91102	14.950999999999999	0.005
2455668.91485	14.964	0.005
2455669.90465	14.956	0.005
2455670.8843799997	14.957	0.005
2455675.76134	14.959000000000001	0.005
2455676.68761	14.960999999999999	0.005
2455676.86565	14.959000000000001	0.005
2455677.8049	14.966	0.005
2455679.72677	14.954	0.005
2455679.91019	14.964	0.005
2455680.8005	14.958	0.005
2455681.70194	14.958	0.005
2455681.88815	14.955	0.005
2455682.7804400004	14.959000000000001	0.005
2455683.7354099997	14.957	0.005
2455684.65614	14.957	0.005
2455684.87993	14.958	0.005
2455685.8470799997	14.959000000000001	0.005
2455686.74412	14.953	0.005
2455686.9305	14.953	0.005
2455687.83459	14.96	0.005
2455689.75425	14.952	0.005
2455690.7505099997	14.954	0.005
2455691.66341	14.956	0.005
2455691.86689	14.962	0.005
2455692.7689900002	14.957	0.005
2455692.9237	14.952	0.005
2455693.7925299997	14.948	0.005
2455694.61224	14.958	0.005
2455694.8012200003	14.950999999999999	0.005
2455695.61606	14.960999999999999	0.005
2455695.84144	14.902999999999999	0.005
2455696.64695	14.952	0.005
2455696.82753	14.955	0.005
2455697.66435	14.952	0.005
2455697.83184	14.959000000000001	0.005
2455698.6698	14.949000000000002	0.005
2455698.83131	14.956	0.005
2455703.7647700002	14.952	0.005
2455705.7995700003	14.959000000000001	0.005
2455706.74215	14.96	0.005
2455707.62985	14.952	0.005
2455707.80407	14.954	0.005
2455708.61072	14.964	0.005
2455708.8065400003	14.956	0.005
2455709.65404	14.954	0.005
2455712.71039	14.955	0.005
2455712.8793900004	14.954	0.005
2455714.58807	14.958	0.005
2455715.65715	14.952	0.005
2455715.83598	14.96	0.005
2455716.73205	14.956	0.005
2455716.89436	14.959000000000001	0.005
2455721.8067400004	14.972000000000001	0.005
2455722.63289	14.96	0.005
2455722.8342	14.949000000000002	0.005
2455723.71152	14.958	0.005
2455723.86926	14.953	0.005
2455724.75269	14.957	0.005
2455725.6864	14.950999999999999	0.005
2455726.5802700003	14.966	0.005
2455726.75468	14.956	0.005
2455734.73954	14.970999999999998	0.005
2455735.66646	14.959000000000001	0.005
2455735.86889	14.958	0.005
2455736.60753	14.958	0.005
2455736.82018	14.953	0.005
2455737.6162400004	14.950999999999999	0.005
2455737.79293	14.96	0.005
2455738.6331700003	14.949000000000002	0.005
2455739.53113	14.950999999999999	0.005
2455739.7166	14.953	0.005
2455740.50458	14.96	0.005
2455740.7136	14.960999999999999	0.005
2455740.88445	14.963	0.005
2455741.64515	14.96	0.005
2455741.8245	14.959000000000001	0.005
2455742.58042	14.954	0.005
2455742.75759	14.954	0.005
2455743.63	14.966	0.005
2455743.8070099996	14.956	0.005
2455744.5650299997	14.957	0.005
2455744.78156	14.957	0.005
2455745.56158	14.960999999999999	0.006999999999999999
2455745.7400700003	14.956	0.005
2455746.58622	14.955	0.005
2455746.7681299997	14.968	0.005
2455747.66206	14.958	0.005
2455748.63335	14.949000000000002	0.005
2455749.60591	14.954	0.005
2455749.77151	14.965	0.005
2455752.67316	14.966	0.005
2455753.55661	14.954	0.006999999999999999
2455759.81033	14.954	0.005
2455760.56261	14.953	0.005
2455760.75177	14.946	0.005
2455761.56587	14.952	0.005
2455762.60757	14.96	0.005
2455763.47787	14.955	0.005
2455763.6644	14.957	0.005
2455764.48232	14.962	0.005
2455764.65644	14.957	0.005
2455765.52777	14.965	0.005
2455765.7238	14.953	0.005
2455766.60117	14.948	0.005
2455767.47449	14.963	0.005
2455767.67337	14.956	0.005
2455768.5155700003	14.96	0.005
2455768.71552	14.954	0.005
2455769.5418700003	14.96	0.005
2455769.75617	14.950999999999999	0.005
2455775.62272	14.956	0.005
2455776.7055099998	14.958	0.005
2455777.63589	14.952	0.005
2455778.54549	14.959000000000001	0.005
2455779.6856	14.959000000000001	0.005
2455785.49108	14.956	0.005
2455785.69992	14.963	0.005
2455786.64455	14.953	0.005
2455787.47963	14.965	0.005
2455787.67725	14.952	0.005
2455788.59801	14.952	0.005
2455790.47639	14.953	0.005
2455790.6583	14.958	0.005
2455793.4777900004	14.963	0.005
2455793.66464	14.943	0.005
2455794.57681	14.956	0.005
2455795.57009	14.958	0.005
2455796.531	14.950999999999999	0.005
2455798.6770900004	14.964	0.006999999999999999
2455801.63759	14.966	0.005
2455803.5260099997	14.949000000000002	0.005
2455804.62304	14.952	0.005
2455805.58497	14.957	0.005
2455806.6272400003	14.96	0.005
2455812.52607	14.962	0.006999999999999999
2455813.50639	14.958	0.005
2455813.6638700003	14.949000000000002	0.005
2455815.64403	14.957	0.005
2455816.61571	14.957	0.005
2455817.61745	14.963	0.005
2455818.5983700003	14.953	0.005
2455819.60605	14.944	0.005
2455820.58399	14.963	0.005
2455822.5428299997	14.964	0.005
2455822.63149	14.950999999999999	0.005
2455823.56291	14.965	0.005
2455824.48703	14.957	0.005
2455824.58403	14.959000000000001	0.005
2455825.5035099997	14.96	0.005
2455825.59999	14.963	0.005
2455826.52425	14.960999999999999	0.005
2455826.61086	14.960999999999999	0.005
2455827.5487	14.960999999999999	0.005
2455827.62875	14.966	0.005
2455828.56193	14.954	0.005
2455829.48591	14.954	0.005
2455829.5726	14.953	0.005
2455830.50983	14.952	0.005
2455830.58566	14.968	0.005
2455831.55766	14.950999999999999	0.005
2455832.49034	14.955	0.005
2455832.58233	14.956	0.005
2455833.5389799997	14.954	0.005
2455834.48784	14.954	0.005
2455834.57605	14.95	0.005
2455835.5691400003	14.959000000000001	0.005
2455836.55372	14.958	0.005
2455839.50502	14.959000000000001	0.005
2455839.58049	14.949000000000002	0.005
2455840.53601	14.956	0.005
2455840.6213599998	14.955	0.005
2455841.55467	14.964	0.005
2455842.51708	14.960999999999999	0.006999999999999999
2455842.60158	14.958	0.006999999999999999
2455842.6126599996	14.956	0.005
2455843.5594599997	14.956	0.005
2455844.50293	14.958	0.005
2455844.5832599998	14.964	0.006999999999999999
2455845.54312	14.960999999999999	0.005
2455846.5071400004	14.960999999999999	0.005
2455846.58404	14.960999999999999	0.006999999999999999
2455847.55987	14.968	0.006999999999999999
2455850.53076	14.954	0.005
2455851.4923900003	14.953	0.005
2455851.57031	14.969000000000001	0.005
2455852.52195	14.966	0.005
2455854.51223	14.956	0.005
2455855.49632	14.978	0.006999999999999999
2455856.4993	14.955	0.005
2455857.51485	14.960999999999999	0.006999999999999999
2455859.5219799997	14.955	0.005
2455860.53508	14.955	0.005
2455862.50001	14.964	0.005
2455866.51536	14.969000000000001	0.006999999999999999
2455867.5188599997	14.96	0.005
2455868.51985	14.962	0.006999999999999999
2455869.51078	14.955	0.005
2455870.5164400004	14.957	0.005
2455971.86297	14.95	0.005
2455976.86995	14.950999999999999	0.005
2455977.86887	14.96	0.005
2455978.8793599997	14.957	0.005
2455979.88385	14.950999999999999	0.005
2455982.82647	14.952	0.005
2455983.83457	14.958	0.005
2455984.83115	14.964	0.005
2455985.81667	14.956	0.005
2455985.8938	14.955	0.005
2455986.86978	14.962	0.005
2455987.8462	14.96	0.005
2455988.83629	14.963	0.005
2455989.81713	14.955	0.005
2455989.89688	14.958	0.005
2455990.86458	14.948	0.005
2455991.83908	14.955	0.005
2455992.81021	14.959000000000001	0.005
2455993.7986	14.957	0.005
2455993.87628	14.950999999999999	0.005
2455994.84466	14.95	0.005
2455995.79724	14.968	0.005
2455995.8699	14.952	0.005
2455996.81256	14.96	0.005
2455996.89688	14.954	0.005
2455997.8446400003	14.955	0.005
2455998.79468	14.959000000000001	0.005
2455998.88515	14.959000000000001	0.005
2455999.81743	14.954	0.005
2455999.90419	14.959000000000001	0.005
2456003.90086	14.959000000000001	0.005
2456004.8355900003	14.955	0.005
2456005.76259	14.956	0.005
2456005.85217	14.95	0.005
2456006.77588	14.956	0.005
2456006.87967	14.956	0.005
2456007.78322	14.962	0.005
2456007.87836	14.953	0.005
2456008.7765099998	14.959000000000001	0.005
2456008.87317	14.963	0.005
2456009.77819	14.947000000000001	0.005
2456009.87353	14.955	0.005
2456010.7691	14.957	0.005
2456010.86812	14.959000000000001	0.005
2456011.74954	14.946	0.005
2456011.87366	14.956	0.005
2456012.7725299997	14.949000000000002	0.005
2456012.8714799997	14.956	0.005
2456013.76825	14.959000000000001	0.005
2456013.86857	14.956	0.005
2456014.74455	14.958	0.005
2456014.84276	14.957	0.005
2456014.9221	14.960999999999999	0.006999999999999999
2456015.8002400002	14.955	0.005
2456015.88974	14.955	0.005
2456016.78126	14.954	0.005
2456016.88428	14.962	0.005
2456017.76931	14.957	0.005
2456017.84691	14.957	0.005
2456018.83608	14.96	0.005
2456019.73592	14.953	0.005
2456019.83307	14.956	0.005
2456019.9097700003	14.958	0.005
2456020.76797	14.954	0.005
2456020.86293	14.95	0.005
2456021.7238	14.956	0.005
2456021.80081	14.949000000000002	0.005
2456021.89775	14.950999999999999	0.005
2456022.7494	14.950999999999999	0.005
2456022.82664	14.959000000000001	0.005
2456022.92573	14.947000000000001	0.005
2456023.78354	14.950999999999999	0.005
2456023.86555	14.949000000000002	0.005
2456024.74083	14.954	0.005
2456024.8415099997	14.957	0.005
2456025.7155	14.960999999999999	0.005
2456025.79581	14.952	0.005
2456025.90208	14.952	0.005
2456031.79591	14.955	0.005
2456032.72551	14.952	0.005
2456032.9057299998	14.955	0.005
2456033.85678	14.956	0.005
2456034.78566	14.956	0.005
2456036.7011599997	14.952	0.005
2456036.92034	14.957	0.005
2456037.8837599996	14.950999999999999	0.005
2456038.8456099997	14.95	0.005
2456039.8304	14.96	0.005
2456040.80589	14.958	0.005
2456041.75668	14.956	0.005
2456045.8974900004	14.952	0.005
2456047.72088	14.96	0.005
2456047.9144200003	14.954	0.005
2456048.84558	14.956	0.005
2456049.7621	14.954	0.005
2456050.65901	14.962	0.005
2456050.84718	14.959000000000001	0.005
2456052.65668	14.958	0.005
2456052.83184	14.954	0.005
2456053.6883900003	14.958	0.005
2456053.87879	14.963	0.005
2456058.71884	14.955	0.005
2456058.89053	14.957	0.005
2456059.77504	14.945	0.005
2456060.78111	14.952	0.005
2456061.67445	14.962	0.005
2456061.85294	14.954	0.005
2456062.72329	14.958	0.005
2456062.9011	14.952	0.005
2456063.88067	14.957	0.005
2456064.81915	14.954	0.005
2456065.64945	14.954	0.005
2456065.82842	14.955	0.005
2456066.75257	14.947000000000001	0.005
2456066.92606	14.95	0.005
2456067.72789	14.956	0.005
2456067.90545	14.950999999999999	0.005
2456068.74423	14.956	0.005
2456069.7063700003	14.949000000000002	0.005
2456069.89528	14.950999999999999	0.005
2456070.69353	14.963	0.005
2456070.8705	14.956	0.005
2456071.6693599997	14.955	0.005
2456071.84901	14.950999999999999	0.005
2456075.64932	14.956	0.005
2456075.83273	14.957	0.005
2456076.69075	14.954	0.005
2456076.8750400003	14.958	0.005
2456077.8209700002	14.959000000000001	0.005
2456078.62385	14.956	0.005
2456078.80445	14.960999999999999	0.005
2456079.6016700002	14.95	0.005
2456079.79164	14.957	0.005
2456080.5718900003	14.954	0.005
2456080.73655	14.958	0.005
2456080.91798	14.953	0.005
2456081.68431	14.955	0.005
2456081.86742	14.963	0.005
2456082.6759099998	14.957	0.005
2456082.87845	14.963	0.006999999999999999
2456085.68544	14.96	0.005
2456085.85163	14.964	0.005
2456086.62462	14.958	0.005
2456086.80992	14.954	0.005
2456087.60359	14.974	0.005
2456088.57581	14.958	0.005
2456089.6562900003	14.95	0.005
2456089.87255	14.959000000000001	0.005
2456092.76984	14.947000000000001	0.005
2456093.6064400002	14.955	0.005
2456093.8048900003	14.957	0.005
2456094.6557	14.955	0.005
2456094.83029	14.950999999999999	0.005
2456096.64997	14.950999999999999	0.005
2456096.84416	14.944	0.005
2456097.77839	14.962	0.005
2456098.56782	14.965	0.005
2456098.75075	14.963	0.005
2456099.62971	14.953	0.005
2456100.60052	14.956	0.005
2456100.7749099997	14.963	0.005
2456101.55207	14.958	0.005
2456101.7297	14.954	0.005
2456102.6902400004	14.964	0.005
2456102.84795	14.959000000000001	0.005
2456103.59894	14.953	0.005
2456103.8036700003	14.959000000000001	0.005
2456104.59533	14.946	0.005
2456104.76166	14.948	0.005
2456105.51904	14.963	0.005
2456105.70909	14.955	0.005
2456108.51901	14.969000000000001	0.005
2456108.70409	14.960999999999999	0.005
2456108.86338	14.963	0.005
2456109.6943599996	14.965	0.005
2456109.8517	14.955	0.005
2456113.65805	14.960999999999999	0.005
2456113.81336	14.959000000000001	0.005
2456114.67298	14.962	0.005
2456114.83954	14.949000000000002	0.005
2456115.6115	14.947000000000001	0.005
2456116.48291	14.949000000000002	0.005
2456116.66131	14.957	0.005
2456116.82733	14.949000000000002	0.005
2456117.63154	14.950999999999999	0.005
2456117.79781	14.955	0.005
2456118.5734	14.955	0.005
2456118.7601099997	14.964	0.005
2456119.5371	14.955	0.005
2456119.71325	14.952	0.005
2456120.55075	14.956	0.005
2456120.74742	14.952	0.005
2456121.5408099997	14.952	0.005
2456121.7099	14.955	0.005
2456123.57904	14.955	0.005
2456123.75523	14.956	0.005
2456124.5606299997	14.956	0.005
2456124.76672	14.965	0.005
2456125.5737099997	14.955	0.005
2456125.77476	14.958	0.005
2456126.6063099997	14.955	0.005
2456127.50729	14.954	0.005
2456128.5309	14.952	0.005
2456128.7664	14.96	0.005
2456131.58843	14.957	0.005
2456132.62537	14.965	0.005
2456133.56776	14.960999999999999	0.005
2456133.7741099996	14.964	0.005
2456134.69015	14.952	0.005
2456135.6757900002	14.958	0.005
2456136.47954	14.96	0.005
2456136.4952	14.966	0.005
2456136.56164	14.969000000000001	0.005
2456136.59221	14.960999999999999	0.005
2456136.60347	14.972000000000001	0.005
2456136.61838	14.963	0.005
2456136.6229	14.965	0.005
2456136.63013	14.954	0.005
2456136.65337	14.963	0.005
2456136.6625200002	14.956	0.005
2456136.67752	14.962	0.005
2456136.69772	14.958	0.005
2456136.71428	14.955	0.005
2456136.7240299997	14.974	0.005
2456136.75073	14.958	0.005
2456136.76375	14.960999999999999	0.005
2456136.76604	14.960999999999999	0.005
2456136.76995	14.967	0.005
2456136.78207	14.963	0.005
2456140.49993	14.950999999999999	0.005
2456140.64831	14.957	0.005
2456140.69238	14.946	0.005
2456141.49672	14.950999999999999	0.005
2456141.66989	14.958	0.005
2456142.53635	14.96	0.005
2456147.54219	14.956	0.005
2456148.48391	14.953	0.005
2456148.66657	14.96	0.005
2456150.52477	14.957	0.005
2456151.5286	14.954	0.005
2456151.6910200003	14.964	0.005
2456152.56637	14.955	0.005
2456154.51449	14.964	0.005
2456157.66353	14.953	0.005
2456158.6054	14.96	0.005
2456159.50991	14.967	0.005
2456160.4915	14.958	0.005
2456160.6869200002	14.956	0.005
2456160.69966	14.952	0.005
2456161.59581	14.965	0.005
2456164.58329	14.953	0.005
2456166.64232	14.96	0.005
2456167.57681	14.966	0.005
2456168.57997	14.949000000000002	0.005
2456169.58285	14.96	0.005
2456171.53664	14.954	0.005
2456172.4956	14.956	0.005
2456172.67788	14.959000000000001	0.005
2456174.6354900002	14.959000000000001	0.005
2456175.62371	14.954	0.005
2456179.61641	14.966	0.005
2456180.60372	14.958	0.005
2456181.5616	14.956	0.005
2456182.56959	14.948	0.005
2456183.62055	14.955	0.005
2456185.56875	14.960999999999999	0.005
2456186.5783599997	14.958	0.005
2456190.61584	14.952	0.005
2456195.48074	14.953	0.005
2456195.5729900002	14.955	0.005
2456196.48345	14.962	0.005
2456196.5704900003	14.953	0.005
2456197.4838900003	14.955	0.005
2456197.5718799997	14.95	0.005
2456198.59143	14.970999999999998	0.005
2456200.61158	14.957	0.005
2456202.5520099998	14.957	0.005
2456203.54621	14.960999999999999	0.005
2456204.4931099997	14.960999999999999	0.005
2456204.5764200003	14.958	0.005
2456205.51935	14.960999999999999	0.005
2456205.59962	14.950999999999999	0.005
2456208.54027	14.967	0.005
2456210.49377	14.96	0.005
2456210.5708	14.956	0.005
2456211.52075	14.953	0.005
2456212.52011	14.96	0.005
2456212.5896400004	14.958	0.005
2456213.5492599998	14.962	0.005
2456214.5296400003	14.950999999999999	0.005
2456216.52929	14.962	0.005
2456217.56195	14.953	0.005
2456218.53736	14.966	0.005
2456223.51368	14.960999999999999	0.005
2456224.5007	14.970999999999998	0.005
2456226.53466	14.967	0.006999999999999999
2456231.5358599997	14.965	0.006999999999999999
2456234.50992	14.955	0.005
2456238.5386099997	14.963	0.005
2456334.8904	14.96	0.005
2456335.8678200003	14.953	0.005
2456337.88015	14.964	0.005
2456338.85772	14.959000000000001	0.005
2456339.86418	14.958	0.005
2456345.83399	14.963	0.005
2456347.84275	14.96	0.005
2456348.83672	14.958	0.005
2456349.84889	14.958	0.005
2456350.8492099997	14.960999999999999	0.005
2456351.85244	14.955	0.005
2456352.85214	14.955	0.005
2456353.82718	14.958	0.005
2456354.84306	14.954	0.005
2456358.84554	14.96	0.005
2456360.8357	14.963	0.005
2456361.82132	14.956	0.005
2456361.90174	14.957	0.005
2456362.84413	14.955	0.005
2456363.81306	14.95	0.005
2456367.82345	14.952	0.005
2456367.91028	14.953	0.005
2456368.86161	14.957	0.005
2456369.80081	14.955	0.005
2456369.89862	14.957	0.005
2456370.84385	14.957	0.005
2456371.76877	14.957	0.005
2456371.85692	14.957	0.005
2456372.76166	14.950999999999999	0.005
2456372.85025	14.95	0.005
2456373.7784599997	14.955	0.005
2456373.86717	14.958	0.005
2456374.7823099997	14.956	0.005
2456374.87352	14.949000000000002	0.005
2456375.78141	14.95	0.005
2456375.88877	14.957	0.005
2456376.79552	14.950999999999999	0.005
2456376.88688	14.96	0.005
2456377.81691	14.953	0.005
2456377.89729	14.954	0.005
2456378.81249	14.948	0.005
2456378.89298	14.959000000000001	0.005
2456379.78914	14.948	0.005
2456379.88019	14.955	0.005
2456380.78987	14.956	0.005
2456380.89421	14.953	0.005
2456381.82102	14.960999999999999	0.005
2456381.90007	14.954	0.005
2456382.80475	14.957	0.005
2456382.88462	14.956	0.005
2456386.7963900003	14.952	0.005
2456386.80485	14.95	0.005
2456386.81044	14.96	0.005
2456386.81924	14.958	0.005
2456386.82585	14.955	0.005
2456386.84329	14.96	0.005
2456386.8569400003	14.954	0.005
2456386.86687	14.962	0.005
2456386.87511	14.959000000000001	0.005
2456386.88358	14.952	0.005
2456386.89188	14.959000000000001	0.005
2456386.9012700003	14.955	0.005
2456386.9079400003	14.954	0.005
2456386.91318	14.958	0.005
2456386.92167	14.949000000000002	0.005
2456386.92875	14.955	0.006999999999999999
2456387.70548	14.963	0.005
2456387.7085599997	14.955	0.005
2456387.72367	14.954	0.005
2456387.74043	14.946	0.005
2456387.7810299997	14.954	0.005
2456387.80505	14.952	0.005
2456387.88895	14.960999999999999	0.005
2456387.92378	14.958	0.005
2456388.7763900002	14.954	0.005
2456388.80471	14.952	0.005
2456388.86626	14.956	0.005
2456388.91364	14.952	0.005
2456389.72438	14.96	0.005
2456389.7834900003	14.952	0.005
2456389.8859200003	14.956	0.005
2456390.74583	14.959000000000001	0.005
2456390.77985	14.952	0.005
2456390.8796599996	14.960999999999999	0.005
2456391.70425	14.96	0.005
2456391.77323	14.960999999999999	0.005
2456393.74662	14.956	0.005
2456393.88635	14.963	0.005
2456394.7652	14.949000000000002	0.005
2456394.8481900003	14.954	0.005
2456395.81134	14.964	0.005
2456395.89738	14.953	0.005
2456396.75831	14.953	0.005
2456396.7982900003	14.964	0.005
2456397.69931	14.964	0.005
2456397.74381	14.950999999999999	0.005
2456397.87459	14.959000000000001	0.005
2456398.77488	14.967	0.005
2456398.80622	14.955	0.005
2456399.71253	14.953	0.005
2456399.89455	14.964	0.005
2456400.68488	14.965	0.005
2456400.73674	14.952	0.005
2456400.76687	14.968	0.005
2456400.8862799997	14.96	0.005
2456401.82138	14.967	0.005
2456402.7327799997	14.949000000000002	0.005
2456402.90822	14.974	0.005
2456403.82211	14.95	0.005
2456404.75738	14.964	0.005
2456405.82766	14.95	0.005
2456406.7618	14.945	0.005
2456407.71447	14.957	0.005
2456407.88005	14.958	0.005
2456408.8248799997	14.958	0.005
2456415.71263	14.962	0.005
2456415.90556	14.956	0.005
2456416.79206	14.949000000000002	0.005
2456417.7162900004	14.958	0.005
2456417.89017	14.962	0.005
2456418.73866	14.96	0.005
2456418.91267	14.956	0.005
2456419.78939	14.958	0.005
2456420.65468	14.96	0.005
2456420.82572	14.954	0.005
2456421.83458	14.960999999999999	0.005
2456422.7760799997	14.944	0.005
2456423.75315	14.963	0.005
2456423.9325	14.955	0.005
2456424.80747	14.955	0.005
2456426.65593	14.953	0.005
2456426.8964299997	14.953	0.005
2456427.9002099996	14.954	0.005
2456428.69593	14.956	0.005
2456428.88451	14.950999999999999	0.005
2456431.68499	14.958	0.005
2456431.86963	14.958	0.005
2456432.70968	14.958	0.005
2456432.89164	14.960999999999999	0.005
2456432.93769	14.950999999999999	0.005
2456433.6962200003	14.960999999999999	0.005
2456434.617	14.945	0.005
2456434.80065	14.947000000000001	0.005
2456435.64766	14.953	0.005
2456435.8332599998	14.955	0.005
2456436.63366	14.957	0.005
2456436.8228700003	14.95	0.005
2456437.76669	14.958	0.005
2456437.9207599997	14.967	0.005
2456441.70392	14.948	0.005
2456441.86087	14.950999999999999	0.005
2456442.63923	14.952	0.005
2456442.8236599998	14.952	0.005
2456443.63469	14.954	0.005
2456443.7355299997	14.957	0.005
2456444.71119	14.958	0.005
2456444.84325	14.956	0.005
2456445.6453	14.95	0.005
2456445.8516700002	14.959000000000001	0.005
2456446.6334	14.96	0.005
2456446.8239700003	14.956	0.005
2456447.60992	14.962	0.005
2456447.79388	14.927999999999999	0.005
2456448.56095	14.963	0.005
2456448.73975	14.958	0.005
2456448.90547	14.957	0.005
2456449.6817099997	14.958	0.005
2456449.86547	14.955	0.005
2456450.63392	14.959000000000001	0.005
2456450.81617	14.959000000000001	0.005
2456451.5816099998	14.966	0.005
2456451.76848	14.96	0.005
2456452.5465	14.957	0.005
2456452.76013	14.955	0.005
2456454.55438	14.975	0.005
2456454.74026	14.953	0.005
2456454.9043	14.953	0.005
2456455.80612	14.96	0.005
2456456.69683	14.959000000000001	0.005
2456456.90685	14.954	0.005
2456457.8462099996	14.957	0.005
2456458.62988	14.953	0.005
2456458.81424	14.954	0.005
2456459.58315	14.95	0.005
2456459.7732599997	14.956	0.005
2456460.59423	14.958	0.005
2456460.89131	14.957	0.005
2456461.70248	14.952	0.005
2456462.59025	14.950999999999999	0.005
2456462.86033	14.958	0.005
2456463.63428	14.953	0.005
2456463.8259	14.952	0.005
2456464.64257	14.959000000000001	0.005
2456464.8347	14.95	0.005
2456468.6293200003	14.963	0.005
2456469.5301599996	14.949000000000002	0.005
2456469.71753	14.959000000000001	0.005
2456471.63707	14.962	0.005
2456472.6981099998	14.962	0.005
2456473.64858	14.949000000000002	0.005
2456473.833	14.962	0.005
2456474.6003	14.954	0.005
2456474.7859799997	14.950999999999999	0.005
2456475.56028	14.958	0.005
2456475.76195	14.958	0.005
2456476.5288	14.950999999999999	0.005
2456476.71749	14.958	0.005
2456477.5222099996	14.963	0.005
2456477.71057	14.958	0.005
2456478.56011	14.962	0.005
2456479.62228	14.960999999999999	0.005
2456480.53359	14.956	0.005
2456480.72028	14.957	0.005
2456481.52852	14.950999999999999	0.005
2456481.77273	14.957	0.005
2456485.50028	14.958	0.005
2456485.73217	14.958	0.005
2456486.47389	14.96	0.005
2456486.67385	14.959000000000001	0.005
2456487.4720900003	14.963	0.005
2456487.67631	14.953	0.005
2456489.51071	14.960999999999999	0.005
2456489.70698	14.957	0.005
2456490.53825	14.959000000000001	0.005
2456490.7252	14.957	0.005
2456491.59005	14.962	0.005
2456491.7894200003	14.960999999999999	0.005
2456492.61393	14.950999999999999	0.005
2456492.79471	14.957	0.005
2456496.78105	14.963	0.005
2456497.7297099996	14.959000000000001	0.005
2456498.56015	14.958	0.005
2456498.73771	14.956	0.005
2456499.57216	14.952	0.005
2456500.73421	14.950999999999999	0.005
2456501.70984	14.949000000000002	0.005
2456504.72565	14.956	0.005
2456505.65288	14.958	0.005
2456506.4887200003	14.960999999999999	0.005
2456506.7673299997	14.959000000000001	0.005
2456508.54278	14.96	0.005
2456508.73605	14.948	0.005
2456509.64138	14.952	0.005
2456510.51692	14.959000000000001	0.005
2456510.72757	14.956	0.005
2456511.67246	14.956	0.005
2456514.54145	14.954	0.005
2456515.49462	14.956	0.005
2456516.4821900004	14.964	0.005
2456518.5175	14.96	0.005
2456519.68585	14.962	0.005
2456523.59366	14.949000000000002	0.005
2456524.52255	14.949000000000002	0.005
2456525.52532	14.954	0.005
2456526.66702	14.958	0.005
2456529.5989	14.958	0.005
2456531.58439	14.947000000000001	0.005
2456533.59604	14.96	0.005
2456534.64026	14.950999999999999	0.005
2456536.53382	14.95	0.005
2456536.62169	14.953	0.005
2456539.51977	14.948	0.005
2456541.5156	14.954	0.005
2456543.58645	14.954	0.005
2456545.48484	14.954	0.005
2456546.49481	14.969000000000001	0.005
2456551.48807	14.969000000000001	0.005
2456555.60103	14.959000000000001	0.005
2456558.56843	14.954	0.005
2456559.6206	14.956	0.005
2456561.53221	14.956	0.005
2456562.62164	14.955	0.005
2456563.61832	14.957	0.005
2456564.55338	14.949000000000002	0.005
2456565.52484	14.958	0.005
2456565.61512	14.964	0.005
2456568.50214	14.956	0.005
2456568.5924299997	14.965	0.005
2456569.55027	14.956	0.005
2456570.52778	14.96	0.005
2456571.53464	14.963	0.005
2456572.4862	14.960999999999999	0.005
2456572.59545	14.962	0.005
2456573.54563	14.958	0.005
2456577.5271900003	14.958	0.005
2456578.50973	14.963	0.005
2456579.57955	14.950999999999999	0.005
2456581.52096	14.960999999999999	0.005
2456582.54189	14.956	0.005
2456583.52911	14.956	0.005
2456584.5254900004	14.968	0.005
2456585.5287099998	14.972000000000001	0.005
2456590.52399	14.958	0.005
2456590.55612	14.950999999999999	0.005
2456593.49977	14.95	0.005
2456595.52179	14.947000000000001	0.005
2456599.50923	14.97	0.005
2456692.87799	14.949000000000002	0.005
2456693.8700900003	14.956	0.005
2456694.8714	14.95	0.005
2456695.8815200003	14.950999999999999	0.005
2456696.8745	14.955	0.005
2456697.87098	14.945	0.005
2456699.86283	14.952	0.005
2456701.87428	14.965	0.005
2456704.8517299998	14.952	0.005
2456705.8939400003	14.953	0.005
2456708.84274	14.958	0.005
2456709.86313	14.950999999999999	0.005
2456710.87938	14.954	0.005
2456714.8601599997	14.955	0.005
2456715.87853	14.955	0.005
2456716.8703	14.949000000000002	0.005
2456717.88275	14.959000000000001	0.005
2456718.90279	14.950999999999999	0.005
2456719.8925900003	14.965	0.005
2456720.86933	14.948	0.005
2456721.8482	14.956	0.005
2456722.8299	14.968	0.005
2456723.80086	14.95	0.005
2456723.90313	14.960999999999999	0.005
2456724.88267	14.963	0.005
2456725.8596200002	14.953	0.005
2456726.82224	14.96	0.005
2456727.79423	14.954	0.005
2456727.88988	14.955	0.005
2456728.86227	14.948	0.005
2456729.81463	14.954	0.005
2456729.90881	14.953	0.005
2456730.86445	14.956	0.005
2456731.90851	14.956	0.005
2456732.87121	14.96	0.005
2456733.80967	14.962	0.005
2456733.90002	14.953	0.005
2456734.84284	14.955	0.005
2456735.7685599998	14.936	0.005
2456735.87982	14.953	0.005
2456736.81304	14.955	0.005
2456736.91512	14.965	0.005
2456737.7760799997	14.955	0.005
2456738.80463	14.962	0.005
2456742.77842	14.955	0.005
2456742.87007	14.960999999999999	0.005
2456744.78682	14.950999999999999	0.005
2456744.87945	14.962	0.005
2456746.77759	14.959000000000001	0.005
2456746.86766	14.954	0.005
2456747.88283	14.950999999999999	0.005
2456748.90264	14.954	0.005
2456749.8972	14.954	0.005
2456751.74042	14.957	0.005
2456752.72492	14.96	0.005
2456754.73534	14.956	0.005
2456754.91255	14.954	0.005
2456755.9281099997	14.947000000000001	0.005
2456756.8890299997	14.959000000000001	0.005
2456757.8464099998	14.95	0.005
2456758.87366	14.957	0.005
2456759.81592	14.962	0.005
2456760.7642200002	14.948	0.005
2456761.71006	14.955	0.005
2456761.8806	14.956	0.005
2456762.87836	14.963	0.005
2456763.80244	14.965	0.005
2456764.73371	14.959000000000001	0.005
2456764.90801	14.960999999999999	0.005
2456764.92261	14.96	0.005
2456765.8410400003	14.958	0.005
2456768.81011	14.955	0.005
2456769.72104	14.948	0.005
2456769.88613	14.956	0.005
2456770.78683	14.963	0.005
2456771.72002	14.966	0.005
2456771.91539	14.956	0.005
2456772.82835	14.948	0.005
2456773.74951	14.974	0.005
2456773.9331400003	14.957	0.005
2456774.83663	14.957	0.005
2456775.82808	14.953	0.005
2456776.7418	14.952	0.005
2456777.7300400003	14.957	0.005
2456777.94018	14.955	0.005
2456784.83376	14.956	0.005
2456785.81412	14.96	0.005
2456786.84808	14.953	0.005
2456787.74132	14.959000000000001	0.005
2456788.8500099997	14.956	0.005
2456789.76822	14.947000000000001	0.005
2456790.63883	14.954	0.005
2456790.80495	14.95	0.005
2456791.64585	14.953	0.005
2456791.81773	14.954	0.005
2456792.64457	14.96	0.005
2456792.80597	14.952	0.005
2456792.9391799998	14.952	0.005
2456796.75984	14.957	0.005
2456796.92964	14.955	0.005
2456797.79918	14.954	0.005
2456798.77204	14.958	0.005
2456799.8603	14.964	0.006999999999999999
2456803.7417599997	14.953	0.005
2456803.90715	14.949000000000002	0.005
2456804.6814099997	14.948	0.005
2456804.86872	14.95	0.005
2456805.67179	14.968	0.006999999999999999
2456805.8585	14.952	0.005
2456807.6241099997	14.954	0.005
2456807.81265	14.955	0.005
2456808.6002	14.948	0.005
2456808.79041	14.948	0.005
2456808.94719	14.960999999999999	0.006999999999999999
2456809.76425	14.943	0.005
2456810.5717599997	14.949000000000002	0.005
2456810.76185	14.956	0.005
2456810.93126	14.956	0.005
2456811.7178	14.952	0.005
2456811.90476	14.953	0.005
2456813.78448	14.959000000000001	0.005
2456814.6031	14.955	0.005
2456814.81422	14.953	0.005
2456815.5984400003	14.959000000000001	0.005
2456815.80148	14.952	0.005
2456816.62836	14.957	0.005
2456816.8454400003	14.957	0.005
2456817.68633	14.947000000000001	0.005
2456817.87427	14.958	0.005
2456818.85997	14.954	0.005
2456819.6713799997	14.949000000000002	0.005
2456819.83623	14.958	0.005
2456823.8446299997	14.947000000000001	0.005
2456824.63118	14.954	0.005
2456824.82823	14.955	0.005
2456825.60924	14.959000000000001	0.005
2456825.79617	14.963	0.005
2456826.5608200002	14.955	0.005
2456826.74698	14.952	0.005
2456827.54622	14.954	0.005
2456827.75583	14.956	0.005
2456827.90424	14.955	0.005
2456828.6953	14.952	0.005
2456828.88595	14.960999999999999	0.005
2456829.64557	14.96	0.005
2456829.82007	14.955	0.005
2456830.6138299997	14.95	0.005
2456830.80054	14.950999999999999	0.005
2456831.71616	14.947000000000001	0.005
2456832.50649	14.955	0.005
2456832.70291	14.956	0.005
2456833.52832	14.956	0.005
2456833.7225599997	14.95	0.005
2456834.49917	14.964	0.006999999999999999
2456834.67023	14.948	0.005
2456834.84326	14.950999999999999	0.006999999999999999
2456835.69037	14.956	0.005
2456835.84989	14.965	0.005
2456836.65289	14.954	0.005
2456836.82681	14.952	0.005
2456837.61147	14.955	0.005
2456837.79388	14.948	0.005
2456838.5660599996	14.952	0.005
2456838.74987	14.957	0.005
2456839.53288	14.953	0.005
2456839.72182	14.946	0.005
2456840.5359400003	14.952	0.005
2456840.7272099997	14.950999999999999	0.005
2456841.59523	14.949000000000002	0.005
2456841.77849	14.952	0.005
2456842.58011	14.962	0.005
2456842.76334	14.956	0.005
2456844.5507	14.952	0.005
2456844.73778	14.955	0.005
2456845.48207	14.960999999999999	0.005
2456845.65025	14.947000000000001	0.005
2456845.82021	14.954	0.005
2456847.58658	14.954	0.005
2456847.7294099997	14.963	0.005
2456848.74167	14.956	0.005
2456850.5214299997	14.964	0.006999999999999999
2456850.56261	14.963	0.006999999999999999
2456850.59582	14.956	0.005
2456850.69428	14.96	0.006999999999999999
2456850.7215400003	14.950999999999999	0.006999999999999999
2456850.73735	14.960999999999999	0.006999999999999999
2456850.74732	14.968	0.006999999999999999
2456850.77255	14.962	0.005
2456850.79772	14.958	0.006999999999999999
2456851.63208	14.937999999999999	0.006999999999999999
2456851.80503	14.958	0.005
2456852.6337	14.959000000000001	0.005
2456852.81523	14.960999999999999	0.006999999999999999
2456853.6098	14.957	0.005
2456855.5942599997	14.955	0.005
2456855.78243	14.956	0.005
2456856.5765	14.947000000000001	0.005
2456856.76222	14.948	0.005
2456857.57521	14.96	0.005
2456857.7688599997	14.958	0.005
2456858.59967	14.953	0.005
2456858.77496	14.959000000000001	0.005
2456859.73887	14.959000000000001	0.005
2456862.6889	14.954	0.005
2456863.53263	14.957	0.005
2456863.72482	14.960999999999999	0.005
2456864.5658	14.955	0.005
2456864.75701	14.956	0.005
2456866.7160099996	14.959000000000001	0.005
2456866.7554900004	14.962	0.005
2456867.64488	14.956	0.005
2456870.71006	14.959000000000001	0.005
2456872.5326799997	14.966	0.005
2456873.49954	14.968	0.005
2456874.68051	14.958	0.005
2456879.66628	14.956	0.006999999999999999
2456880.62299	14.960999999999999	0.005
2456881.53933	14.957	0.005
2456882.4931900003	14.959000000000001	0.005
2456882.6759	14.959000000000001	0.005
2456883.58475	14.946	0.005
2456885.57517	14.953	0.005
2456886.47693	14.953	0.005
2456886.67069	14.957	0.005
2456887.59425	14.957	0.005
2456888.51743	14.950999999999999	0.005
2456888.70528	14.957	0.005
2456889.65467	14.950999999999999	0.005
2456890.59563	14.956	0.005
2456891.53512	14.952	0.005
2456891.70299	14.954	0.005
2456895.66378	14.950999999999999	0.005
2456896.6269900003	14.948	0.005
2456907.48039	14.944	0.005
2456907.64674	14.95	0.005
2456908.53026	14.960999999999999	0.005
2456909.48231	14.962	0.006999999999999999
2456912.52104	14.960999999999999	0.005
2456915.53608	14.956	0.005
2456918.53386	14.962	0.005
2456919.57648	14.956	0.005
2456922.5569700003	14.952	0.005
2456923.5848	14.952	0.006999999999999999
2456924.61875	14.956	0.005
2456926.51658	14.96	0.005
2456927.57082	14.958	0.005
2456929.49353	14.96	0.005
2456930.54031	14.953	0.006999999999999999
2456936.50602	14.901	0.005
2456937.50518	14.950999999999999	0.005
2456938.50467	14.955	0.005
2456939.52815	14.960999999999999	0.005
2456940.55361	14.96	0.005
2456942.5232700002	14.956	0.005
2456943.52888	14.953	0.005
2456947.4892599997	14.958	0.005
2456949.52924	14.965	0.005
2456951.55014	14.949000000000002	0.005
2456954.5334900003	14.959000000000001	0.005
2456956.5409	14.949000000000002	0.005
2457061.87586	14.955	0.005
2457062.8730099997	14.95	0.005
2457065.8558	14.958	0.005
2457069.84575	14.957	0.005
2457070.8689900003	14.958	0.005
2457071.88129	14.953	0.005
2457072.88908	14.956	0.005
2457075.89495	14.958	0.005
2457076.89656	14.945	0.005
2457077.89263	14.960999999999999	0.005
2457078.8837599996	14.954	0.005
2457080.83207	14.96	0.005
2457081.89282	14.959000000000001	0.005
2457082.87334	14.949000000000002	0.005
2457083.85315	14.950999999999999	0.005
2457084.83335	14.956	0.005
2457085.8130799998	14.954	0.005
2457085.8961	14.947000000000001	0.005
2457086.8742400003	14.947000000000001	0.005
2457087.84174	14.957	0.005
2457088.81018	14.956	0.005
2457088.9012599997	14.956	0.005
2457089.8667900003	14.956	0.005
2457090.83384	14.954	0.005
2457091.80435	14.953	0.005
2457091.87617	14.952	0.005
2457092.8239	14.947000000000001	0.005
2457092.90204	14.954	0.005
2457097.7998	14.957	0.005
2457097.8879	14.956	0.005
2457098.83801	14.949000000000002	0.005
2457099.78746	14.952	0.005
2457099.8945400002	14.952	0.005
2457100.8281900003	14.96	0.005
2457101.80705	14.955	0.005
2457101.91659	14.95	0.005
2457102.8810799997	14.950999999999999	0.005
2457108.84171	14.955	0.005
2457109.79156	14.947000000000001	0.005
2457109.89444	14.954	0.005
2457110.80187	14.95	0.005
2457110.91335	14.95	0.005
2457111.8237799997	14.955	0.005
2457112.75586	14.959000000000001	0.005
2457112.83929	14.957	0.005
2457113.7677	14.95	0.005
2457114.76359	14.954	0.005
2457115.73622	14.949000000000002	0.005
2457115.90535	14.95	0.005
2457116.8790599997	14.950999999999999	0.005
2457117.84382	14.95	0.005
2457118.89585	14.958	0.005
2457119.8922900003	14.954	0.005
2457120.82757	14.947000000000001	0.005
2457125.7667099996	14.959000000000001	0.005
2457126.71538	14.955	0.005
2457126.92693	14.952	0.005
2457129.8583299997	14.949000000000002	0.005
2457130.77594	14.955	0.005
2457131.7042400003	14.956	0.005
2457131.89073	14.952	0.005
2457132.8084400003	14.954	0.005
2457133.9301	14.953	0.005
2457134.82472	14.952	0.005
2457135.74222	14.950999999999999	0.005
2457135.9282299997	14.954	0.005
2457136.83098	14.959000000000001	0.005
2457137.7286900003	14.956	0.005
2457137.91457	14.962	0.005
2457138.7884400003	14.955	0.005
2457139.72662	14.958	0.005
2457139.90822	14.95	0.005
2457140.78468	14.954	0.005
2457141.68829	14.96	0.005
2457141.87481	14.955	0.005
2457142.74332	14.959000000000001	0.005
2457142.92781	14.966	0.005
2457143.7999299997	14.954	0.005
2457144.68665	14.953	0.005
2457145.69124	14.955	0.005
2457145.88941	14.955	0.005
2457146.72833	14.949000000000002	0.005
2457146.86982	14.949000000000002	0.005
2457147.71056	14.955	0.005
2457147.85244	14.948	0.005
2457152.8489099997	14.957	0.005
2457153.68653	14.95	0.005
2457153.8509	14.949000000000002	0.005
2457154.73045	14.948	0.005
2457154.9196	14.96	0.005
2457155.75696	14.954	0.005
2457155.9424	14.945	0.005
2457156.80156	14.956	0.005
2457157.8091	14.950999999999999	0.005
2457158.68205	14.949000000000002	0.005
2457158.86613	14.953	0.005
2457159.68291	14.95	0.005
2457159.86711	14.958	0.005
2457160.70562	14.955	0.005
2457160.8936900003	14.953	0.005
2457161.73316	14.952	0.005
2457161.91877	14.95	0.005
2457162.73527	14.955	0.005
2457162.92215	14.956	0.005
2457163.74524	14.945	0.005
2457163.92752	14.955	0.005
2457164.85342	14.954	0.005
2457166.68952	14.950999999999999	0.005
2457166.87514	14.955	0.005
2457169.6186	14.948	0.005
2457169.8036700003	14.948	0.005
2457170.6060200003	14.950999999999999	0.005
2457170.79353	14.952	0.005
2457172.60837	14.949000000000002	0.005
2457172.79243	14.956	0.005
2457173.5753200003	14.955	0.005
2457173.77827	14.959000000000001	0.005
2457173.9404700003	14.959000000000001	0.005
2457174.7114	14.944	0.005
2457174.88579	14.956	0.005
2457175.66672	14.954	0.005
2457175.89046	14.957	0.005
2457176.83343	14.962	0.005
2457176.9416099996	14.966	0.005
2457178.6965900003	14.956	0.005
2457178.81176	14.947000000000001	0.005
2457178.94544	14.955	0.005
2457179.70895	14.96	0.005
2457179.8791099996	14.958	0.005
2457180.66021	14.960999999999999	0.005
2457180.83557	14.953	0.005
2457181.5981799997	14.950999999999999	0.005
2457181.78852	14.948	0.005
2457182.5581099996	14.952	0.005
2457182.749	14.962	0.005
2457182.91452	14.952	0.005
2457183.67115	14.965	0.005
2457183.85865	14.966	0.005
2457184.6627599997	14.959000000000001	0.005
2457184.85	14.95	0.005
2457185.62704	14.957	0.005
2457185.80975	14.953	0.005
2457186.6612	14.959000000000001	0.005
2457187.5531599997	14.956	0.005
2457187.73611	14.954	0.005
2457187.90167	14.95	0.005
2457188.68299	14.950999999999999	0.005
2457189.55549	14.952	0.005
2457189.74383	14.953	0.005
2457189.91206	14.955	0.005
2457190.72766	14.964	0.005
2457190.901	14.96	0.005
2457191.8245200003	14.959000000000001	0.005
2457193.6292	14.963	0.005
2457193.76812	14.959000000000001	0.005
2457194.53805	14.954	0.005
2457194.73308	14.943	0.005
2457197.57202	14.954	0.005
2457197.75804	14.962	0.005
2457198.5545099997	14.949000000000002	0.005
2457198.74032	14.950999999999999	0.005
2457199.51662	14.956	0.005
2457199.68897	14.950999999999999	0.005
2457199.85995	14.953	0.005
2457200.62883	14.947000000000001	0.005
2457200.79937	14.959000000000001	0.005
2457202.77563	14.953	0.005
2457206.5910400003	14.962	0.005
2457206.76478	14.962	0.005
2457207.5736700003	14.954	0.005
2457207.73847	14.957	0.005
2457209.66983	14.953	0.005
2457209.82908	14.957	0.005
2457211.6063	14.950999999999999	0.005
2457211.79022	14.955	0.005
2457214.56731	14.958	0.005
2457214.76187	14.969000000000001	0.005
2457217.77895	14.962	0.005
2457219.63622	14.952	0.005
2457220.52959	14.947000000000001	0.005
2457220.7133299997	14.954	0.005
2457221.51692	14.949000000000002	0.005
2457221.6990099996	14.960999999999999	0.005
2457222.47653	14.954	0.005
2457222.69465	14.950999999999999	0.005
2457223.53435	14.96	0.005
2457223.71507	14.958	0.005
2457224.5599	14.953	0.005
2457224.76185	14.962	0.005
2457225.58673	14.954	0.005
2457226.61922	14.954	0.005
2457226.78755	14.953	0.005
2457227.57208	14.948	0.005
2457227.7554200003	14.958	0.005
2457228.57517	14.945	0.005
2457228.76842	14.957	0.005
2457229.60249	14.952	0.005
2457229.76652	14.947000000000001	0.005
2457235.543	14.950999999999999	0.005
2457236.64382	14.957	0.005
2457249.63863	14.952	0.005
2457250.61944	14.946	0.005
2457252.67338	14.956	0.005
2457253.6054700003	14.95	0.005
2457255.57296	14.949000000000002	0.005
2457256.58109	14.953	0.005
2457257.64324	14.955	0.005
2457258.48502	14.949000000000002	0.005
2457258.50905	14.957	0.005
2457258.58949	14.96	0.005
2457258.65806	14.956	0.005
2457261.60336	14.95	0.005
2457263.56132	14.948	0.005
2457264.5065599997	14.953	0.005
2457264.6952	14.953	0.005
2457265.6461400003	14.949000000000002	0.005
2457267.5949	14.952	0.005
2457268.6099799997	14.953	0.005
2457269.57325	14.947000000000001	0.005
2457270.52632	14.943	0.005
2457270.7001900002	14.946	0.005
2457272.51772	14.954	0.005
2457273.63697	14.953	0.005
2457275.63933	14.944	0.005
2457277.62502	14.95	0.005
2457278.6139	14.948	0.005
2457283.59382	14.952	0.005
2457291.53351	14.954	0.005
2457292.56177	14.96	0.006999999999999999
2457293.52314	14.948	0.005
2457294.53412	14.96	0.005
2457295.50827	14.954	0.005
2457296.5739	14.958	0.005
2457299.5473	14.952	0.005
2457300.55077	14.953	0.005
2457311.49168	14.946	0.005
2457312.51386	14.949000000000002	0.005
2457317.51412	14.949000000000002	0.005
2457320.51549	14.95	0.006999999999999999
2457324.5287599997	14.946	0.005
2457329.51075	14.955	0.005
2457333.50619	14.962	0.005
2457435.8804599997	14.952	0.005
2457437.84227	14.944	0.005
2457438.85574	14.948	0.005
2457439.87928	14.945	0.005
2457441.83697	14.958	0.005
2457442.8475	14.942	0.005
2457445.83022	14.940999999999999	0.005
2457446.83555	14.949000000000002	0.005
2457447.83628	14.945	0.005
2457448.83844	14.950999999999999	0.005
2457449.86939	14.943	0.005
2457451.8229099996	14.940999999999999	0.005
2457451.87591	14.942	0.005
2457452.80193	14.934000000000001	0.005
2457453.80428	14.950999999999999	0.005
2457454.8764	14.94	0.005
2457455.87972	14.937999999999999	0.005
2457456.8956	14.943	0.005
2457458.88597	14.939	0.005
2457460.88779	14.944	0.005
2457461.8947400004	14.954	0.005
2457462.87677	14.946	0.005
2457463.90788	14.95	0.005
2457465.83168	14.936	0.005
2457466.89239	14.937999999999999	0.005
2457467.89505	14.94	0.005
2457470.85096	14.942	0.005
2457471.81502	14.935	0.005
2457472.76605	14.943	0.005
2457472.89703	14.945	0.005
2457474.77232	14.936	0.005
2457474.87518	14.94	0.005
2457475.80416	14.940999999999999	0.005
2457475.90881	14.937999999999999	0.005
2457476.7680900004	14.935	0.005
2457476.8473400003	14.939	0.005
2457484.8864	14.939	0.005
2457486.8100099997	14.947000000000001	0.005
2457487.9201700003	14.942	0.005
2457491.71813	14.946	0.005
2457492.76599	14.937999999999999	0.005
2457493.75374	14.94	0.005
2457494.74639	14.935	0.005
2457495.72054	14.935	0.005
2457497.86414	14.932	0.005
2457498.8738700002	14.937000000000001	0.005
2457499.82713	14.937999999999999	0.005
2457500.76829	14.937000000000001	0.005
2457507.8027	14.93	0.005
2457508.85296	14.934000000000001	0.005
2457511.70053	14.929	0.005
2457512.903	14.936	0.005
2457523.8552200003	14.933	0.005
2457526.8687299998	14.929	0.005
2457530.72309	14.932	0.005
2457534.85879	14.924000000000001	0.005
2457536.85493	14.933	0.005
2457546.7060599998	14.915	0.005
2457547.63216	14.924000000000001	0.005
2457548.7812	14.915	0.005
2457549.89599	14.919	0.005
2457550.87491	14.925999999999998	0.005
2457555.61549	14.919	0.005
2457557.5553099997	14.919	0.005
2457557.91622	14.921	0.005
2457566.5659	14.905999999999999	0.005
2457567.5087900003	14.914000000000001	0.005
2457567.82933	14.915	0.005
2457568.8511900003	14.902999999999999	0.005
2457570.64869	14.9	0.005
2457570.8355	14.905999999999999	0.005
2457573.72512	14.908	0.005
2457575.66365	14.905	0.005
2457575.8070900002	14.892999999999999	0.005
2457576.6116	14.905999999999999	0.005
2457576.76534	14.904000000000002	0.005
2457577.5919	14.902999999999999	0.005
2457581.7121599996	14.890999999999998	0.005
2457583.74629	14.89	0.005
2457584.5935299997	14.895	0.005
2457584.7360799997	14.886	0.005
2457589.54746	14.883	0.005
2457589.70111	14.883	0.005
2457590.50036	14.876	0.005
2457590.6480099997	14.88	0.005
2457591.5098900003	14.892000000000001	0.005
2457593.5825900002	14.879000000000001	0.005
2457593.7291900003	14.88	0.005
2457596.48809	14.869000000000002	0.005
2457599.5551400003	14.885	0.005
2457599.7746200003	14.878	0.005
2457600.6813	14.866	0.005
2457602.48819	14.873	0.005
2457602.65526	14.87	0.005
2457603.47591	14.872	0.005
2457603.63352	14.868	0.005
2457603.7733299998	14.868	0.005
2457604.60171	14.872	0.005
2457604.74151	14.87	0.005
2457605.60648	14.872	0.005
2457605.7442400004	14.867	0.005
2457607.49072	14.863	0.005
2457607.67507	14.864	0.005
2457608.58977	14.860999999999999	0.005
2457608.75477	14.868	0.005
2457609.63336	14.863	0.005
2457610.47676	14.865	0.005
2457610.66603	14.855	0.005
2457611.66689	14.857999999999999	0.005
2457612.59075	14.843	0.005
2457612.72907	14.850999999999999	0.005
2457616.6121	14.839	0.005
2457617.56257	14.854000000000001	0.005
2457617.72298	14.854000000000001	0.005
2457618.61293	14.842	0.005
2457619.54429	14.845	0.005
2457621.62384	14.839	0.005
2457622.56275	14.842	0.005
2457623.47655	14.83	0.005
2457623.6609	14.829	0.005
2457624.6082099997	14.819	0.005
2457625.5838099997	14.825	0.005
2457626.5460599996	14.831	0.005
2457630.55018	14.815	0.005
2457631.52731	14.812999999999999	0.005
2457632.50142	14.808	0.005
2457633.5537099997	14.821	0.005
2457634.5606	14.805	0.005
2457636.51503	14.807	0.005
2457637.5090799998	14.799000000000001	0.005
2457638.50877	14.793	0.005
2457639.5775200003	14.795	0.005
2457644.50595	14.793	0.005
2457645.53475	14.785	0.005
2457648.51707	14.772	0.005
2457649.5413599997	14.765	0.005
2457650.58929	14.761	0.005
2457652.4829700002	14.759	0.005
2457653.55841	14.743	0.005
2457655.5563	14.74	0.005
2457656.59828	14.744000000000002	0.005
2457659.5888099996	14.735999999999999	0.005
2457661.53303	14.735999999999999	0.005
2457664.4861	14.725999999999999	0.005
2457667.5675	14.72	0.005
2457675.52233	14.694	0.005
2457682.51914	14.667	0.005
2457790.88129	14.772	0.005
2457791.87637	14.769	0.005
2457792.87335	14.780999999999999	0.005
2457793.87004	14.780999999999999	0.005
2457794.87722	14.790999999999999	0.005
2457795.88296	14.789000000000001	0.005
2457796.8706799997	14.792	0.005
2457798.8771	14.787	0.005
2457800.86838	14.804	0.005
2457802.84829	14.812000000000001	0.005
2457803.8889200003	14.800999999999998	0.005
2457807.87509	14.807	0.005
2457809.84026	14.812000000000001	0.005
2457810.83681	14.819	0.005
2457811.85596	14.823	0.005
2457812.88703	14.823	0.005
2457814.85646	14.827	0.005
2457815.8848900003	14.828	0.005
2457816.87481	14.827	0.005
2457817.8713599998	14.828	0.005
2457818.85759	14.835	0.005
2457819.83742	14.837	0.005
2457820.84615	14.835	0.005
2457821.8448799998	14.844000000000001	0.005
2457822.84065	14.845	0.005
2457823.82615	14.842	0.005
2457824.8206599997	14.86	0.006999999999999999
2457825.81369	14.841	0.005
2457825.90286	14.845999999999998	0.005
2457826.86174	14.845999999999998	0.005
2457827.8371599996	14.844000000000001	0.005
2457828.80631	14.843	0.005
2457828.8956400002	14.845	0.005
2457830.80347	14.844000000000001	0.005
2457830.88258	14.847999999999999	0.005
2457834.8678900003	14.856	0.005
2457835.83515	14.870999999999999	0.005
2457836.78593	14.863	0.005
2457836.89927	14.866	0.005
2457837.83248	14.867	0.005
2457838.77096	14.870999999999999	0.005
2457838.8889099997	14.863	0.005
2457839.83674	14.866	0.005
2457840.7625700003	14.869000000000002	0.005
2457840.8805	14.862	0.005
2457841.82102	14.865	0.005
2457842.7376900003	14.87	0.005
2457842.84577	14.866	0.005
2457843.7696599998	14.872	0.005
2457843.8876099996	14.866	0.005
2457844.8062	14.874	0.005
2457844.91647	14.87	0.005
2457845.83044	14.865	0.005
2457846.76119	14.878	0.005
2457846.8686900004	14.866	0.005
2457847.7716200002	14.872	0.005
2457847.88784	14.879000000000001	0.005
2457848.78534	14.872	0.005
2457848.90533	14.868	0.005
2457849.7985400003	14.874	0.005
2457849.91904	14.875	0.005
2457850.81072	14.877	0.005
2457851.72487	14.878	0.005
2457851.8284299998	14.875	0.005
2457852.82454	14.886	0.005
2457853.8952	14.883	0.005
2457854.75142	14.892999999999999	0.005
2457854.87132	14.884	0.005
2457855.7815900003	14.880999999999998	0.005
2457855.90403	14.879000000000001	0.005
2457856.79202	14.885	0.005
2457856.91462	14.888	0.005
2457858.86076	14.887	0.005
2457862.7508	14.882	0.005
2457862.862	14.892000000000001	0.005
2457863.8155	14.889000000000001	0.005
2457864.78933	14.884	0.005
2457864.92403	14.887	0.005
2457865.7678	14.892000000000001	0.005
2457865.90787	14.897	0.005
2457866.76456	14.892000000000001	0.005
2457866.89759	14.89	0.005
2457867.76821	14.899000000000001	0.005
2457867.89977	14.895	0.005
2457868.83819	14.904000000000002	0.005
2457869.71564	14.9	0.005
2457869.83369	14.894	0.005
2457870.7263700003	14.89	0.005
2457870.8563200003	14.895	0.005
2457871.7409099997	14.895999999999999	0.005
2457871.88132	14.901	0.005
2457872.74087	14.899000000000001	0.005
2457872.88749	14.899000000000001	0.005
2457873.72049	14.895999999999999	0.005
2457873.8414	14.905999999999999	0.005
2457874.68058	14.911	0.005
2457874.80801	14.907	0.005
2457874.92082	14.902000000000001	0.005
2457875.88809	14.913	0.005
2457876.69243	14.897	0.005
2457876.8151700003	14.901	0.005
2457877.65446	14.907	0.005
2457877.78236	14.905	0.005
2457877.92543	14.902000000000001	0.005
2457878.81321	14.902999999999999	0.005
2457878.93536	14.895	0.005
2457879.75937	14.908	0.005
2457880.68082	14.899000000000001	0.005
2457880.7905	14.904000000000002	0.005
2457881.74715	14.912	0.005
2457881.87085	14.9	0.005
2457882.74537	14.899000000000001	0.005
2457882.87662	14.905	0.005
2457889.91963	14.91	0.005
2457890.78007	14.905999999999999	0.005
2457893.63421	14.917	0.006999999999999999
2457893.7378599998	14.913	0.005
2457893.86805	14.919	0.005
2457894.61918	14.914000000000001	0.005
2457894.7305799997	14.918	0.005
2457894.85021	14.905	0.005
2457895.6066	14.917	0.005
2457897.6551599996	14.922	0.005
2457897.8243299997	14.92	0.005
2457900.94053	14.921	0.006999999999999999
2457901.7064799997	14.924000000000001	0.005
2457902.58482	14.919	0.005
2457902.6901700003	14.918	0.005
2457902.82139	14.927999999999999	0.005
2457903.7557900003	14.932	0.006999999999999999
2457903.86767	14.925999999999998	0.005
2457904.61021	14.917	0.005
2457904.72463	14.913	0.005
2457904.84744	14.925	0.005
2457905.57521	14.934000000000001	0.005
2457905.69345	14.914000000000001	0.005
2457905.81409	14.923	0.005
2457905.93346	14.92	0.005
2457906.63209	14.921	0.005
2457906.76358	14.919	0.005
2457906.87406	14.915999999999999	0.005
2457907.64747	14.923	0.005
2457907.7428099997	14.92	0.005
2457908.58861	14.929	0.005
2457908.70546	14.92	0.005
2457908.82664	14.919	0.005
2457908.92815	14.922	0.005
2457909.6288	14.922	0.005
2457909.74937	14.915999999999999	0.005
2457909.85155	14.918	0.005
2457909.94255	14.918	0.005
2457910.644	14.919	0.005
2457910.77674	14.917	0.005
2457910.89414	14.915999999999999	0.005
2457911.61105	14.925999999999998	0.006999999999999999
2457911.7187	14.925999999999998	0.005
2457916.76682	14.925999999999998	0.005
2457917.5921400003	14.927	0.005
2457917.70667	14.93	0.005
2457917.81867	14.925999999999998	0.005
2457917.92318	14.937000000000001	0.006999999999999999
2457922.69015	14.923	0.005
2457923.57242	14.93	0.005
2457923.70878	14.935	0.005
2457923.81886	14.937999999999999	0.005
2457923.9013400003	14.945	0.005
2457924.60224	14.935	0.005
2457924.72823	14.939	0.005
2457924.83658	14.944	0.005
2457925.62603	14.924000000000001	0.005
2457925.7623	14.937000000000001	0.005
2457925.88308	14.934000000000001	0.005
2457926.65178	14.923	0.005
2457926.79709	14.927999999999999	0.005
2457928.64147	14.931	0.005
2457932.6814900003	14.935	0.005
2457932.80329	14.946	0.005
2457933.6617099997	14.935	0.005
2457933.7936299997	14.94	0.005
2457933.8392	14.939	0.005
2457933.85315	14.940999999999999	0.006999999999999999
2457934.5954	14.927999999999999	0.005
2457934.71748	14.927	0.005
2457934.8261	14.937999999999999	0.005
2457935.56623	14.936	0.005
2457935.69792	14.937999999999999	0.005
2457935.8073	14.929	0.005
2457935.88627	14.934000000000001	0.005
2457936.55837	14.931	0.005
2457936.6854	14.933	0.005
2457936.81505	14.934000000000001	0.005
2457937.5001	14.937000000000001	0.005
2457937.6113400003	14.93	0.005
2457937.7332	14.93	0.005
2457938.52362	14.927999999999999	0.005
2457938.6397	14.940999999999999	0.006999999999999999
2457944.49701	14.933	0.005
2457944.54761	14.931	0.005
2457944.58919	14.937000000000001	0.005
2457944.7002	14.936	0.005
2457944.7579099997	14.939	0.005
2457944.8006599997	14.936	0.005
2457944.8405299997	14.945	0.006999999999999999
2457945.5323799998	14.937999999999999	0.005
2457945.64241	14.93	0.005
2457945.75453	14.929	0.005
2457946.47469	14.940999999999999	0.005
2457946.5866900003	14.934000000000001	0.005
2457946.71558	14.944	0.005
2457946.82768	14.925	0.005
2457947.57007	14.934000000000001	0.005
2457947.73147	14.939	0.005
2457948.47216	14.937999999999999	0.006999999999999999
2457948.59081	14.935	0.005
2457948.70545	14.932	0.005
2457948.83616	14.929	0.005
2457949.63673	14.935	0.005
2457949.75779	14.937000000000001	0.005
2457952.78313	14.952	0.005
2457953.54152	14.932	0.005
2457953.68346	14.937999999999999	0.005
2457953.80032	14.936	0.005
2457954.5587299997	14.937999999999999	0.005
2457954.70405	14.946	0.005
2457955.76423	14.947000000000001	0.005
2457956.54784	14.939	0.005
2457956.68748	14.940999999999999	0.005
2457956.80393	14.937000000000001	0.005
2457957.72713	14.939	0.005
2457958.62935	14.945	0.005
2457958.73564	14.944	0.005
2457959.49144	14.939	0.005
2457959.59937	14.943	0.005
2457959.71581	14.943	0.005
2457959.80968	14.945	0.005
2457960.59989	14.937999999999999	0.005
2457960.72151	14.947000000000001	0.005
2457961.54772	14.937999999999999	0.005
2457961.64895	14.943	0.005
2457962.4879099997	14.935	0.005
2457962.6623400003	14.937999999999999	0.005
2457964.55057	14.942	0.005
2457964.6600200003	14.937000000000001	0.005
2457965.64236	14.937999999999999	0.005
2457966.49827	14.945	0.006999999999999999
2457966.60134	14.943	0.005
2457966.71301	14.94	0.005
2457967.6334	14.937999999999999	0.005
2457967.72325	14.942	0.005
2457971.4879799997	14.946	0.005
2457971.54077	14.946	0.005
2457971.58372	14.943	0.005
2457971.6289	14.944	0.005
2457971.66758	14.947000000000001	0.005
2457971.71991	14.95	0.005
2457972.5026	14.953	0.006999999999999999
2457972.54895	14.956	0.006999999999999999
2457972.5918400004	14.937999999999999	0.005
2457972.64583	14.947000000000001	0.005
2457972.69858	14.94	0.005
2457972.74461	14.944	0.006999999999999999
2457973.6195	14.943	0.005
2457974.4766599997	14.948	0.005
2457974.5978	14.943	0.005
2457974.71344	14.94	0.005
2457975.6597	14.944	0.005
2457979.5957299997	14.940999999999999	0.005
2457980.519	14.952	0.005
2457980.6446	14.95	0.005
2457981.58543	14.948	0.005
2457982.4770299997	14.940999999999999	0.005
2457982.60729	14.947000000000001	0.005
2457983.53251	14.949000000000002	0.005
2457983.64238	14.945	0.005
2457984.55987	14.946	0.005
2457984.67023	14.946	0.005
2457985.60611	14.944	0.005
2457986.5833	14.94	0.005
2457987.49422	14.946	0.005
2457987.63251	14.94	0.005
2457990.56236	14.944	0.005
2457991.4802200003	14.937000000000001	0.005
2457991.61412	14.948	0.006999999999999999
2457992.5302	14.943	0.005
2457992.64704	14.947000000000001	0.005
2457993.57684	14.943	0.005
2457994.51072	14.949000000000002	0.005
2457994.6228400003	14.947000000000001	0.005
2457998.5093799997	14.949000000000002	0.006999999999999999
2457998.54937	14.942	0.005
2457998.60044	14.944	0.005
2458000.47977	14.943	0.005
2458000.5217	14.950999999999999	0.005
2458000.57533	14.950999999999999	0.006999999999999999
2458000.62175	14.953	0.005
2458001.54553	14.942	0.005
2458002.51588	14.949000000000002	0.006999999999999999
2458003.53625	14.958	0.006999999999999999
2458004.54777	14.952	0.005
2458005.59532	14.956	0.006999999999999999
2458008.52044	14.950999999999999	0.005
2458010.55072	14.950999999999999	0.005
2458012.4853	14.940999999999999	0.005
2458013.48917	14.945	0.005
2458014.49874	14.950999999999999	0.005
2458015.49638	14.946	0.005
2458016.51416	14.943	0.005
2458017.5394200003	14.942	0.005
2458018.56488	14.947000000000001	0.005
2458020.51406	14.95	0.005
2458021.55823	14.947000000000001	0.005
2458026.50157	14.948	0.005
2458026.5543	14.940999999999999	0.005
2458029.5630200002	14.943	0.005
2458032.53452	14.959000000000001	0.005
2458035.54921	14.945	0.005
2458039.51778	14.958	0.005
2458040.56409	14.955	0.005
2458048.50238	14.94	0.005
2458054.50833	14.958	0.005
