2455377.7047900003	18.698	0.055999999999999994
2455378.5411900003	18.653	0.054000000000000006
2455378.8293	18.649	0.059000000000000004
2455379.74585	18.618	0.046
2455380.5601	18.703	0.053
2455380.82785	18.613	0.076
2455381.70297	18.660999999999998	0.066
2455382.56654	18.658	0.09699999999999999
2455382.7733299998	18.614	0.1
2455385.56927	18.660999999999998	0.040999999999999995
2455386.50175	18.64	0.051
2455386.5838599997	18.669	0.046
2455386.66813	18.641	0.046
2455386.79862	18.667	0.049
2455387.7823900003	18.627	0.048
2455388.7157099997	18.688	0.049
2455389.58574	18.719	0.051
2455390.56787	18.664	0.069
2455390.8247700003	18.74	0.066
2455391.81073	18.597	0.055999999999999994
2455392.70623	18.657	0.054000000000000006
2455393.71913	18.605999999999998	0.067
2455396.61586	18.68	0.061
2455397.67859	18.61	0.071
2455402.68351	18.864	0.237
2455403.65106	18.641	0.059000000000000004
2455404.52218	18.62	0.063
2455404.71944	18.754	0.086
2455405.73506	18.68	0.064
2455407.58873	18.656	0.064
2455408.50459	18.680999999999997	0.066
2455408.71171	18.692	0.066
2455409.66836	18.689	0.045
2455410.67178	18.655	0.059000000000000004
2455411.70732	18.621	0.043
2455412.64542	18.574	0.057999999999999996
2455413.70023	18.645	0.053
2455414.74719	18.637999999999998	0.055999999999999994
2455418.61423	18.665	0.049
2455421.64272	18.613	0.051
2455422.7188	18.64	0.048
2455425.55186	18.660999999999998	0.048
2455430.55173	18.529	0.064
2455431.54698	18.679000000000002	0.057999999999999996
2455434.51134	18.66	0.077
2455435.4829599997	18.749000000000002	0.07200000000000001
2455436.4809	18.656	0.077
2455438.51618	18.636	0.067
2455439.5843599997	18.602	0.067
2455443.5986200003	18.645	0.061
2455444.6239099996	18.616	0.071
2455446.50561	18.518	0.049
2455447.52211	18.711	0.064
2455448.62047	18.629	0.054000000000000006
2455450.53453	18.655	0.069
2455451.66433	18.748	0.069
2455457.55991	18.723	0.053
2455458.59005	18.713	0.076
2455459.6211900003	18.73	0.07200000000000001
2455461.50331	18.676	0.081
2455462.51816	18.721	0.066
2455465.52427	18.737000000000002	0.084
2455467.5041	18.707	0.059000000000000004
2455468.57762	18.649	0.079
2455470.52849	18.655	0.063
2455471.53583	18.744	0.067
2455471.60059	18.658	0.057999999999999996
2455472.56727	18.657	0.063
2455473.51741	18.607	0.069
2455476.50696	18.654	0.061
2455478.49507	18.692999999999998	0.067
2455479.52266	18.604	0.069
2455480.51892	18.647000000000002	0.071
2455481.4877400002	18.589000000000002	0.113
2455485.5345900003	18.723	0.081
2455486.52093	18.692999999999998	0.081
2455487.50391	18.598	0.054000000000000006
2455488.48785	18.672	0.113
2455488.55413	18.72	0.09699999999999999
2455489.54476	18.747	0.09699999999999999
2455490.5408	18.695999999999998	0.109
2455492.53758	18.669	0.11199999999999999
2455495.49118	18.822	0.11699999999999999
2455497.49388	18.674	0.133
2455499.4983	18.739	0.133
2455502.5104900002	18.598	0.07400000000000001
2455598.87579	18.71	0.076
2455599.88395	18.747	0.076
2455600.87453	18.642	0.053
2455616.89161	18.659000000000002	0.081
2455622.89088	18.653	0.040999999999999995
2455625.82454	18.643	0.057999999999999996
2455627.8174900003	18.590999999999998	0.055999999999999994
2455628.90066	18.688	0.051
2455629.82804	18.634	0.057999999999999996
2455631.85673	18.677	0.057999999999999996
2455632.9073400004	18.647000000000002	0.066
2455633.81182	18.703	0.051
2455634.80557	18.582	0.054000000000000006
2455637.84084	18.663	0.086
2455639.80502	18.544	0.063
2455639.8805299997	18.774	0.061
2455640.7777299997	18.721	0.09
2455640.85414	18.759	0.07400000000000001
2455641.76908	18.678	0.067
2455641.89388	18.734	0.066
2455642.83341	18.653	0.063
2455643.7602	18.735	0.07200000000000001
2455643.85824	18.73	0.055999999999999994
2455644.7641	18.749000000000002	0.14300000000000002
2455644.87908	18.652	0.057999999999999996
2455648.74991	18.649	0.077
2455648.85646	18.743	0.054000000000000006
2455649.75573	18.598	0.053
2455649.86237	18.627	0.049
2455650.7478	18.727999999999998	0.054000000000000006
2455650.84923	18.624000000000002	0.046
2455651.76846	18.667	0.051
2455651.8818599996	18.611	0.054000000000000006
2455652.81005	18.669	0.040999999999999995
2455653.7785	18.644000000000002	0.043
2455654.7814700003	18.645	0.051
2455654.87162	18.672	0.048
2455655.7828	18.615	0.054000000000000006
2455655.8656099997	18.705	0.046
2455656.81685	18.766	0.051
2455657.77922	18.601	0.04
2455657.86335	18.624000000000002	0.051
2455658.77442	18.668	0.064
2455658.87122	18.559	0.046
2455659.72803	18.72	0.057999999999999996
2455659.8048900003	18.643	0.048
2455659.89389	18.692	0.048
2455660.7774900002	18.659000000000002	0.053
2455660.87651	18.678	0.063
2455662.76959	18.648	0.064
2455662.8696	18.628	0.048
2455663.7722	18.961	0.07400000000000001
2455664.8154599997	18.6	0.053
2455664.91953	18.645	0.059000000000000004
2455665.80211	18.704	0.049
2455665.91395	18.732	0.049
2455667.8801	18.618	0.045
2455668.8884799997	18.669	0.07200000000000001
2455669.8783400003	18.666	0.057999999999999996
2455670.85615	18.702	0.067
2455675.73566	18.671	0.057999999999999996
2455675.9259900004	18.725	0.07200000000000001
2455676.82905	18.705	0.046
2455677.77836	18.611	0.046
2455679.69916	18.707	0.064
2455679.88491	18.646	0.049
2455680.77322	18.664	0.059000000000000004
2455681.67655	18.674	0.061
2455681.8599900003	18.69	0.076
2455682.7519900003	18.675	0.049
2455683.69899	18.665	0.051
2455683.9208	18.674	0.048
2455684.83447	18.676	0.053
2455685.80774	18.7	0.04
2455686.71848	18.69	0.049
2455686.90419	18.669	0.064
2455687.79641	18.657	0.053
2455689.70224	18.712	0.049
2455690.70623	18.662	0.049
2455691.62538	18.776	0.092
2455691.84135	18.567999999999998	0.049
2455692.74405	18.627	0.051
2455692.89877	18.746	0.063
2455693.76785	18.727	0.045
2455693.9241400003	18.589000000000002	0.063
2455694.76842	18.703	0.057999999999999996
2455694.92746	18.692	0.069
2455695.81537	18.627	0.049
2455696.6201	18.698	0.084
2455696.7996	18.733	0.059000000000000004
2455697.6294	18.826	0.084
2455697.807	18.71	0.061
2455698.63461	18.644000000000002	0.087
2455698.80413	18.762999999999998	0.081
2455703.73295	18.678	0.087
2455705.7691599997	18.586	0.057999999999999996
2455706.66051	18.577	0.079
2455707.60458	18.612000000000002	0.061
2455707.77798	18.678	0.059000000000000004
2455708.57738	18.655	0.087
2455708.77151	18.635	0.055999999999999994
2455709.61385	18.615	0.063
2455709.62651	18.671	0.059000000000000004
2455712.6718200003	18.6	0.053
2455712.6844200003	18.7	0.053
2455712.84553	18.678	0.059000000000000004
2455713.86145	18.596	0.061
2455715.62142	18.618	0.046
2455715.8064200003	18.676	0.048
2455716.69208	18.684	0.055999999999999994
2455716.86902	18.722	0.067
2455721.781	18.624000000000002	0.048
2455722.59222	18.798	0.055999999999999994
2455722.80648	18.723	0.054000000000000006
2455723.68532	18.648	0.055999999999999994
2455723.84308	18.729	0.055999999999999994
2455724.7250200002	18.73	0.063
2455725.6332799997	18.558	0.053
2455726.5497	18.764	0.10400000000000001
2455726.72852	18.625999999999998	0.094
2455734.70665	18.635	0.07200000000000001
2455734.89047	18.659000000000002	0.095
2455735.83892	18.685	0.064
2455736.57962	18.674	0.055999999999999994
2455736.78865	18.69	0.048
2455737.5775	18.706	0.048
2455737.76646	18.703	0.048
2455738.6057700003	18.642	0.057999999999999996
2455739.69032	18.622	0.051
2455739.86424	18.7	0.07400000000000001
2455740.6664	18.697	0.063
2455740.8498	18.742	0.077
2455741.6198299997	18.612000000000002	0.048
2455741.79908	18.669	0.048
2455742.5519	18.750999999999998	0.064
2455742.73235	18.766	0.048
2455743.60438	18.629	0.067
2455743.78155	18.582	0.057999999999999996
2455744.53928	18.659000000000002	0.07200000000000001
2455744.75166	18.643	0.051
2455745.5287900004	18.718	0.076
2455745.71484	18.665	0.053
2455746.5455400003	18.734	0.077
2455746.74291	18.687	0.059000000000000004
2455747.6321900003	18.563	0.064
2455748.60784	18.672	0.064
2455749.5789799998	18.723	0.067
2455749.7459299997	18.67	0.063
2455752.639	18.619	0.066
2455753.52508	18.54	0.161
2455753.78874	18.701	0.09
2455759.84013	18.656	0.09699999999999999
2455760.51863	18.703	0.079
2455760.7261900003	18.798	0.07200000000000001
2455761.53716	18.839000000000002	0.045
2455762.57839	18.747	0.069
2455762.73475	18.633	0.066
2455763.80025	18.78	0.094
2455764.62875	18.715	0.046
2455765.49821	18.732	0.061
2455765.6935	18.644000000000002	0.057999999999999996
2455766.56447	18.7	0.057999999999999996
2455766.7399	18.647000000000002	0.059000000000000004
2455767.6352	18.726	0.066
2455768.4895900004	18.691	0.054000000000000006
2455768.68143	18.624000000000002	0.040999999999999995
2455769.5132400002	18.726	0.057999999999999996
2455769.72707	18.64	0.055999999999999994
2455775.5964900004	18.57	0.059000000000000004
2455776.65015	18.671	0.061
2455777.57821	18.590999999999998	0.053
2455778.50637	18.586	0.07200000000000001
2455779.64514	18.641	0.049
2455783.56734	18.505	0.09699999999999999
2455784.5913400003	18.773	0.069
2455785.6707200003	18.778	0.084
2455786.61639	18.708	0.071
2455787.6507599996	18.667	0.059000000000000004
2455788.57183	18.78	0.076
2455788.7347	18.617	0.09699999999999999
2455790.6301	18.713	0.07200000000000001
2455791.52757	18.646	0.063
2455793.4827099997	18.688	0.077
2455793.5482099997	18.632	0.048
2455793.60289	18.605999999999998	0.054000000000000006
2455793.63882	18.635	0.059000000000000004
2455793.69601	18.637	0.066
2455793.73036	18.808	0.087
2455794.48567	18.579	0.066
2455794.53988	18.631	0.055999999999999994
2455794.6359099997	18.6	0.053
2455795.5303599997	18.712	0.076
2455796.50366	18.58	0.053
2455796.69562	18.631	0.069
2455801.61212	18.687	0.064
2455802.64489	18.685	0.079
2455804.5978900003	18.553	0.046
2455805.55963	18.675	0.045
2455806.55677	18.659000000000002	0.08199999999999999
2455812.50025	18.583	0.086
2455812.65944	18.766	0.133
2455813.6411099997	18.618	0.055999999999999994
2455815.61881	18.58	0.049
2455816.59033	18.682000000000002	0.067
2455817.59219	18.817	0.076
2455818.5724299997	18.695999999999998	0.071
2455819.58073	18.779	0.067
2455820.55879	18.618	0.059000000000000004
2455822.52844	18.674	0.07200000000000001
2455822.6169	18.614	0.055999999999999994
2455823.54832	18.781	0.08900000000000001
2455823.63235	18.53	0.077
2455824.56991	18.718	0.061
2455825.49071	18.599	0.071
2455825.5865599997	18.664	0.063
2455826.50974	18.706	0.077
2455826.5979299997	18.628	0.076
2455827.5358	18.683	0.084
2455827.6162099997	18.737000000000002	0.081
2455828.54917	18.718	0.054000000000000006
2455828.62156	18.695999999999998	0.064
2455829.5599599998	18.572	0.053
2455830.48589	18.616	0.049
2455830.57288	18.611	0.055999999999999994
2455831.54506	18.766	0.063
2455831.61817	18.637	0.07400000000000001
2455832.56806	18.612000000000002	0.059000000000000004
2455833.52635	18.658	0.054000000000000006
2455833.60384	18.733	0.079
2455834.5633099996	18.67	0.054000000000000006
2455835.54673	18.57	0.079
2455836.54238	18.645	0.087
2455839.48892	18.715	0.086
2455839.5677900002	18.76	0.086
2455840.51879	18.756	0.076
2455840.61312	18.680999999999997	0.079
2455841.5416900003	18.632	0.079
2455842.49785	18.634	0.113
2455842.59032	18.667	0.092
2455843.54459	18.644000000000002	0.07400000000000001
2455844.48826	18.628	0.095
2455844.56918	18.753	0.095
2455845.5301599996	18.705	0.105
2455846.4907400003	18.74	0.12300000000000001
2455846.57114	18.7	0.14
2455847.54658	18.72	0.122
2455850.51773	18.759	0.071
2455850.57755	18.735	0.061
2455851.55744	18.649	0.066
2455852.50865	18.721	0.09699999999999999
2455854.4980200003	18.557000000000002	0.084
2455854.56164	18.527	0.102
2455855.55657	18.673	0.084
2455857.5005900003	18.613	0.10400000000000001
2455859.5093400003	18.67	0.077
2455860.52483	18.723	0.09
2455861.53737	18.664	0.08900000000000001
2455866.51375	18.563	0.107
2455867.5172599996	18.822	0.084
2455868.51826	18.655	0.105
2455869.50919	18.68	0.095
2455870.51485	18.667	0.07400000000000001
2455970.87732	18.680999999999997	0.064
2455976.85662	18.697	0.059000000000000004
2455977.8486599997	18.706	0.071
2455978.8668400003	18.609	0.054000000000000006
2455979.87129	18.714000000000002	0.057999999999999996
2455982.81857	18.694000000000003	0.059000000000000004
2455983.8206700003	18.776	0.077
2455984.82003	18.707	0.069
2455984.90128	18.646	0.07200000000000001
2455985.876	18.726	0.049
2455986.8572299997	18.679000000000002	0.053
2455987.83359	18.633	0.055999999999999994
2455988.82091	18.729	0.066
2455989.80639	18.641	0.071
2455989.88436	18.754	0.067
2455990.85047	18.694000000000003	0.061
2455991.8251099996	18.651	0.053
2455992.79735	18.793	0.084
2455992.88417	18.749000000000002	0.048
2455993.8634200003	18.679000000000002	0.079
2455994.83232	18.639	0.061
2455995.78905	18.631	0.059000000000000004
2455995.84658	18.702	0.057999999999999996
2455996.80017	18.893	0.07200000000000001
2455996.88449	18.707	0.046
2455997.8316	18.637999999999998	0.059000000000000004
2455998.7823	18.858	0.09
2455998.87256	18.672	0.054000000000000006
2455999.8048	18.717	0.066
2455999.8917	18.73	0.053
2456003.88852	18.607	0.059000000000000004
2456004.82144	18.628	0.054000000000000006
2456004.90763	18.742	0.054000000000000006
2456005.83146	18.768	0.066
2456006.76388	18.627	0.048
2456006.86655	18.738	0.045
2456007.7699	18.614	0.053
2456007.86534	18.62	0.045
2456008.7635	18.718	0.057999999999999996
2456008.86082	18.722	0.053
2456009.76113	18.771	0.059000000000000004
2456009.8610799997	18.609	0.048
2456010.75413	18.66	0.067
2456010.8547900002	18.641	0.040999999999999995
2456011.7387900003	18.787	0.076
2456011.85101	18.614	0.059000000000000004
2456012.7524	18.704	0.057999999999999996
2456012.84957	18.679000000000002	0.046
2456013.7559	18.748	0.064
2456013.83476	18.584	0.045
2456014.7319900002	18.651	0.063
2456014.8089	18.692	0.046
2456014.90831	18.609	0.053
2456015.78712	18.658	0.04
2456015.87543	18.655	0.04
2456016.76874	18.608	0.040999999999999995
2456016.87184	18.69	0.043
2456017.75677	18.602999999999998	0.040999999999999995
2456017.8341599996	18.691	0.036000000000000004
2456018.82255	18.684	0.049
2456019.72321	18.701	0.07200000000000001
2456019.81962	18.744	0.054000000000000006
2456019.8966900003	18.643	0.04
2456020.7554900004	18.634	0.053
2456020.84977	18.641	0.038
2456021.71134	18.76	0.092
2456021.7883099997	18.64	0.057999999999999996
2456021.8854	18.635	0.043
2456022.73687	18.752	0.061
2456022.8134	18.721	0.048
2456022.91313	18.627	0.046
2456023.7707700003	18.737000000000002	0.054000000000000006
2456023.85151	18.57	0.049
2456024.72743	18.624000000000002	0.07200000000000001
2456024.82896	18.692999999999998	0.055999999999999994
2456024.9199200002	18.61	0.059000000000000004
2456025.70305	18.537	0.084
2456025.78111	18.660999999999998	0.08199999999999999
2456025.8853	18.684	0.071
2456029.90937	18.71	0.064
2456031.7691099998	18.705	0.061
2456032.69793	18.721	0.077
2456032.87773	18.657	0.040999999999999995
2456033.8158	18.665	0.055999999999999994
2456034.75565	18.73	0.048
2456035.89898	18.612000000000002	0.051
2456036.8807	18.706	0.040999999999999995
2456037.85262	18.611	0.045
2456038.80217	18.598	0.045
2456039.79299	18.755	0.061
2456040.77948	18.671	0.054000000000000006
2456041.72625	18.567999999999998	0.064
2456041.91623	18.74	0.049
2456047.69583	18.683	0.055999999999999994
2456047.88695	18.598	0.049
2456048.81489	18.726	0.049
2456049.73527	18.707	0.046
2456049.9159	18.653	0.046
2456050.82062	18.596	0.046
2456051.74342	18.724	0.054000000000000006
2456052.8043400003	18.698	0.053
2456053.66077	18.745	0.087
2456053.84955	18.604	0.059000000000000004
2456058.6929	18.689	0.059000000000000004
2456058.86362	18.757	0.059000000000000004
2456059.7493	18.601	0.053
2456059.92608	18.651	0.051
2456061.82761	18.647000000000002	0.051
2456062.6968900003	18.602	0.053
2456062.87571	18.664	0.054000000000000006
2456063.8448400004	18.645	0.053
2456064.7774799997	18.660999999999998	0.036000000000000004
2456065.62173	18.734	0.059000000000000004
2456065.8024	18.667	0.051
2456066.7151900004	18.623	0.049
2456066.90041	18.704	0.046
2456067.7022	18.637999999999998	0.043
2456067.8801700003	18.679000000000002	0.046
2456068.71407	18.68	0.046
2456068.93338	18.667	0.054000000000000006
2456069.6790400003	18.735	0.051
2456069.86998	18.664	0.040999999999999995
2456070.66658	18.78	0.061
2456070.8431599997	18.724	0.051
2456071.82234	18.645	0.048
2456075.62373	18.633	0.043
2456075.8061	18.668	0.040999999999999995
2456076.6568	18.64	0.055999999999999994
2456076.83838	18.631	0.055999999999999994
2456077.77676	18.725	0.053
2456078.59908	18.644000000000002	0.063
2456078.77728	18.64	0.045
2456079.5748799997	18.715	0.061
2456079.76365	18.665	0.046
2456079.93315	18.730999999999998	0.059000000000000004
2456080.70895	18.59	0.049
2456080.88581	18.654	0.064
2456081.65895	18.675	0.067
2456081.84009	18.748	0.057999999999999996
2456082.65073	18.75	0.115
2456082.85438	18.669	0.105
2456085.66317	18.602	0.067
2456085.82606	18.793	0.079
2456086.5991599998	18.636	0.055999999999999994
2456086.78265	18.782	0.061
2456087.57816	18.675	0.054000000000000006
2456087.86228	18.756	0.1
2456089.63051	18.667	0.046
2456089.81882	18.777	0.059000000000000004
2456092.6651	18.72	0.057999999999999996
2456093.57981	18.726	0.057999999999999996
2456093.77967	18.659000000000002	0.067
2456094.63055	18.711	0.063
2456094.80336	18.643	0.054000000000000006
2456096.6212	18.613	0.049
2456096.81582	18.645	0.063
2456097.75231	18.616	0.069
2456097.90545	18.737000000000002	0.08199999999999999
2456098.71339	18.787	0.071
2456098.88061	18.719	0.071
2456100.57302	18.642	0.064
2456100.7497799997	18.721	0.055999999999999994
2456101.5266299997	18.685	0.059000000000000004
2456101.68024	18.627	0.040999999999999995
2456101.86716	18.668	0.069
2456102.66324	18.67	0.049
2456102.82125	18.625999999999998	0.054000000000000006
2456103.57179	18.627	0.057999999999999996
2456103.7508400003	18.62	0.049
2456104.57039	18.665	0.046
2456104.7354599996	18.715999999999998	0.040999999999999995
2456105.48696	18.523	0.09
2456105.68353	18.637	0.048
2456106.69776	18.554000000000002	0.07200000000000001
2456108.67485	18.723	0.059000000000000004
2456108.837	18.819000000000003	0.061
2456109.6667400002	18.7	0.086
2456109.82767	18.772000000000002	0.08900000000000001
2456113.6297299997	18.695	0.069
2456113.78791	18.737000000000002	0.064
2456114.63859	18.794	0.079
2456114.8105599997	18.647000000000002	0.064
2456115.5740799997	18.762999999999998	0.063
2456115.8037799997	18.666	0.076
2456116.62516	18.623	0.043
2456116.80003	18.768	0.061
2456117.59326	18.712	0.045
2456117.7728	18.715	0.054000000000000006
2456118.54651	18.702	0.049
2456118.73508	18.75	0.046
2456119.5091	18.654	0.069
2456119.6878	18.779	0.051
2456120.52378	18.635	0.066
2456120.71866	18.613	0.051
2456121.51555	18.654	0.045
2456123.55409	18.753	0.059000000000000004
2456123.7294099997	18.695	0.054000000000000006
2456124.5274799997	18.679000000000002	0.055999999999999994
2456124.73797	18.608	0.045
2456125.5415	18.616	0.054000000000000006
2456125.7453799997	18.64	0.045
2456126.57637	18.557000000000002	0.063
2456127.47906	18.678	0.07400000000000001
2456127.75502	18.63	0.054000000000000006
2456128.6825900003	18.865	0.057999999999999996
2456131.55281	18.658	0.059000000000000004
2456132.5550599997	18.687	0.059000000000000004
2456133.5389799997	18.648	0.07400000000000001
2456133.74199	18.671	0.059000000000000004
2456134.66172	18.673	0.067
2456135.64106	18.532	0.07400000000000001
2456136.48852	18.66	0.087
2456140.62279	18.649	0.07200000000000001
2456140.78038	18.748	0.268
2456141.64473	18.729	0.07200000000000001
2456142.49277	18.592	0.084
2456147.50613	18.605	0.059000000000000004
2456147.70395	18.718	0.07200000000000001
2456148.64011	18.687	0.043
2456150.48438	18.759	0.07200000000000001
2456150.6798	18.712	0.066
2456151.6622099997	18.74	0.057999999999999996
2456152.53882	18.639	0.057999999999999996
2456154.48712	18.732	0.061
2456154.7228200003	18.667	0.066
2456158.57601	18.616	0.055999999999999994
2456158.73506	18.622	0.063
2456159.70199	18.759	0.066
2456160.66115	18.557000000000002	0.046
2456161.55782	18.858	0.079
2456164.55676	18.73	0.07200000000000001
2456167.54005	18.652	0.066
2456168.54183	18.74	0.053
2456169.54544	18.646	0.071
2456171.49707	18.667	0.046
2456171.6882599997	18.742	0.069
2456172.6483299998	18.625999999999998	0.048
2456175.59829	18.65	0.055999999999999994
2456179.51215	18.607	0.063
2456179.58959	18.715999999999998	0.079
2456180.57523	18.64	0.057999999999999996
2456181.5359099996	18.672	0.053
2456182.5373299997	18.637	0.054000000000000006
2456183.59534	18.595	0.043
2456184.4779	18.605	0.069
2456184.50522	18.586	0.046
2456184.52101	18.623	0.048
2456184.565	18.676	0.043
2456184.59521	18.687	0.049
2456184.59963	18.753	0.054000000000000006
2456184.63447	18.708	0.054000000000000006
2456185.4751	18.619	0.067
2456185.5418	18.688	0.043
2456185.6023	18.69	0.049
2456186.5523099997	18.687	0.054000000000000006
2456190.59018	18.649	0.046
2456191.6263200003	18.668	0.053
2456195.55994	18.768	0.067
2456195.6364599997	18.699	0.064
2456196.5569599997	18.628	0.066
2456196.6335400003	18.549	0.07200000000000001
2456197.5587	18.55	0.07400000000000001
2456198.56512	18.559	0.07400000000000001
2456200.6	18.897000000000002	0.13
2456201.58046	18.624000000000002	0.105
2456203.5208799997	18.669	0.07200000000000001
2456203.61235	18.645	0.10400000000000001
2456204.56376	18.564	0.061
2456205.50509	18.704	0.059000000000000004
2456205.58619	18.553	0.051
2456208.53207	18.590999999999998	0.059000000000000004
2456209.5814099996	18.9	0.094
2456210.5572	18.68	0.069
2456211.5079099997	18.685	0.055999999999999994
2456211.58871	18.655	0.059000000000000004
2456212.5073700002	18.741	0.061
2456212.58278	18.701	0.061
2456213.53664	18.682000000000002	0.064
2456214.5157	18.657	0.059000000000000004
2456214.57662	18.743	0.079
2456216.51646	18.702	0.064
2456216.57815	18.857	0.094
2456217.54907	18.634	0.049
2456218.52415	18.685	0.069
2456219.55574	18.683	0.061
2456221.5303599997	18.750999999999998	0.161
2456221.55625	18.502	0.12300000000000001
2456223.58213	18.471	0.076
2456226.5180200003	18.89	0.122
2456231.52303	18.635	0.087
2456233.55194	18.764	0.094
2456238.5273	18.642	0.08900000000000001
2456334.88745	18.639	0.066
2456335.86443	18.631	0.054000000000000006
2456337.8772299998	18.691	0.077
2456338.8548	18.826	0.077
2456339.85004	18.673	0.054000000000000006
2456340.86977	18.684	0.053
2456342.83704	18.785999999999998	0.08199999999999999
2456343.88191	18.734	0.071
2456344.8867099998	18.738	0.049
2456347.8284299998	18.613	0.061
2456348.8234900003	18.75	0.066
2456349.83486	18.781	0.076
2456350.83666	18.769000000000002	0.067
2456351.83673	18.563	0.061
2456352.83607	18.714000000000002	0.063
2456353.80955	18.679000000000002	0.055999999999999994
2456354.78212	18.473	0.069
2456358.83198	18.643	0.046
2456360.8234599996	18.754	0.046
2456361.80849	18.619	0.045
2456361.88732	18.682000000000002	0.051
2456362.87041	18.726	0.049
2456363.79875	18.618	0.055999999999999994
2456363.89844	18.628	0.045
2456367.89762	18.694000000000003	0.040999999999999995
2456368.84882	18.641	0.049
2456369.7877599997	18.65	0.054000000000000006
2456369.88226	18.7	0.046
2456370.8309	18.705	0.049
2456370.91405	18.71	0.057999999999999996
2456371.8440799997	18.747	0.051
2456372.83654	18.651	0.040999999999999995
2456373.76021	18.525	0.055999999999999994
2456373.85375	18.807000000000002	0.054000000000000006
2456374.7708099997	18.551	0.064
2456374.86072	18.609	0.048
2456375.76848	18.649	0.048
2456375.87574	18.708	0.048
2456376.7792599997	18.592	0.049
2456376.8738700002	18.699	0.043
2456377.7938099997	18.627	0.043
2456377.88435	18.695	0.038
2456378.7901	18.62	0.049
2456378.88014	18.647000000000002	0.040999999999999995
2456379.77632	18.753	0.069
2456379.86502	18.622	0.053
2456380.77725	18.555	0.046
2456380.88057	18.705	0.053
2456381.79845	18.57	0.046
2456381.88639	18.769000000000002	0.045
2456382.7921	18.54	0.113
2456382.87162	18.639	0.092
2456386.78511	18.712	0.054000000000000006
2456386.89021	18.666	0.064
2456387.7740700003	18.662	0.046
2456387.8574	18.778	0.053
2456388.7980400003	18.713	0.053
2456388.91157	18.613	0.048
2456389.79055	18.789	0.053
2456389.86586	18.629	0.054000000000000006
2456390.73176	18.759	0.057999999999999996
2456390.81373	18.703	0.051
2456390.9052	18.715999999999998	0.053
2456391.86275	18.637	0.061
2456393.8596	18.698	0.059000000000000004
2456394.82246	18.653	0.055999999999999994
2456395.77468	18.698	0.048
2456396.72409	18.768	0.049
2456396.9056	18.682000000000002	0.046
2456397.84945	18.685	0.040999999999999995
2456398.76952	18.697	0.045
2456399.68622	18.680999999999997	0.064
2456399.85955	18.623	0.055999999999999994
2456400.85439	18.712	0.049
2456401.78706	18.719	0.046
2456402.70765	18.625999999999998	0.059000000000000004
2456402.88143	18.68	0.076
2456403.78791	18.617	0.036000000000000004
2456404.7307	18.624000000000002	0.046
2456404.90735	18.647000000000002	0.046
2456405.8330099997	18.686	0.066
2456405.9172099996	18.665	0.040999999999999995
2456407.65822	18.497	0.08900000000000001
2456407.85292	18.646	0.051
2456408.79726	18.767	0.094
2456409.91065	18.649	0.08199999999999999
2456415.86939	18.692	0.07400000000000001
2456416.76686	18.58	0.043
2456417.69146	18.59	0.059000000000000004
2456417.85523	18.593	0.051
2456418.71362	18.739	0.053
2456418.87817	18.657	0.04
2456419.76334	18.719	0.054000000000000006
2456420.6279599997	18.749000000000002	0.055999999999999994
2456420.7785799997	18.701	0.040999999999999995
2456421.80719	18.743	0.049
2456422.75093	18.691	0.048
2456423.71033	18.679000000000002	0.055999999999999994
2456423.90721	18.676	0.049
2456424.76956	18.749000000000002	0.045
2456426.62921	18.725	0.059000000000000004
2456426.8695	18.623	0.049
2456427.9057400003	18.784000000000002	0.051
2456428.65996	18.675	0.064
2456428.85677	18.685	0.054000000000000006
2456431.6582299997	18.553	0.053
2456431.84275	18.624000000000002	0.043
2456432.68207	18.87	0.071
2456432.86472	18.653	0.048
2456433.66901	18.723	0.061
2456433.86932	18.585	0.053
2456434.77209	18.727	0.061
2456435.61912	18.584	0.077
2456435.80558	18.64	0.054000000000000006
2456436.6052099997	18.813	0.076
2456436.79591	18.574	0.051
2456437.7367	18.776	0.099
2456437.89334	18.717	0.113
2456441.71118	18.79	0.087
2456441.83256	18.588	0.076
2456442.61263	18.726	0.054000000000000006
2456442.79654	18.701	0.040999999999999995
2456443.5973400003	19.007	0.077
2456443.62945	18.904	0.061
2456443.67635	18.807000000000002	0.054000000000000006
2456444.7072900003	18.653	0.057999999999999996
2456444.81582	18.557000000000002	0.053
2456445.61552	18.629	0.053
2456445.82157	18.663	0.053
2456446.6052200003	18.617	0.043
2456446.79526	18.724	0.038
2456447.5825	18.631	0.051
2456447.76694	18.663	0.046
2456447.93002	18.674	0.051
2456448.69301	18.615	0.053
2456448.87844	18.702	0.064
2456449.6548200003	18.664	0.053
2456449.83852	18.727	0.051
2456450.6047900002	18.695999999999998	0.051
2456450.78857	18.648	0.043
2456451.5485900003	18.715999999999998	0.08900000000000001
2456451.72973	18.697	0.046
2456451.9075	18.663	0.059000000000000004
2456452.68271	18.692999999999998	0.04
2456452.91843	18.682000000000002	0.054000000000000006
2456454.70157	18.674	0.043
2456454.87685	18.654	0.049
2456455.7393	18.699	0.048
2456456.65873	18.625999999999998	0.035
2456456.8799400004	18.729	0.040999999999999995
2456457.8188400003	18.676	0.046
2456458.60219	18.709	0.064
2456458.78725	18.709	0.046
2456459.5542599997	18.695	0.061
2456459.74632	18.69	0.038
2456459.9062	18.684	0.069
2456460.84113	18.694000000000003	0.049
2456461.6702900003	18.73	0.057999999999999996
2456461.89231	18.679000000000002	0.055999999999999994
2456462.83289	18.669	0.061
2456463.6069400003	18.572	0.064
2456463.79823	18.836	0.066
2456464.61567	18.631	0.067
2456464.8068	18.7	0.064
2456468.60178	18.72	0.071
2456468.81568	18.758	0.066
2456469.68785	18.721	0.069
2456471.6097	18.628	0.064
2456472.65905	18.739	0.064
2456472.8447	18.745	0.08199999999999999
2456473.6214099997	18.667	0.040999999999999995
2456473.80606	18.707	0.061
2456474.56837	18.736	0.063
2456474.75914	18.65	0.057999999999999996
2456475.53156	18.699	0.066
2456475.73512	18.680999999999997	0.049
2456476.5016099997	18.611	0.071
2456476.6901599998	18.692999999999998	0.057999999999999996
2456477.68338	18.667	0.054000000000000006
2456478.53318	18.604	0.063
2456479.59531	18.629	0.055999999999999994
2456480.69337	18.655	0.045
2456481.50072	18.679000000000002	0.071
2456481.74416	18.651	0.059000000000000004
2456483.61292	18.491	0.038
2456485.47191	18.590999999999998	0.059000000000000004
2456485.70456	18.663	0.043
2456486.62775	18.722	0.045
2456486.82716	18.566	0.049
2456487.62827	18.639	0.040999999999999995
2456487.8212	18.609	0.053
2456490.51118	18.675	0.055999999999999994
2456490.69801	18.675	0.046
2456491.54429	18.664	0.063
2456491.7604099996	18.654	0.051
2456492.58277	18.688	0.054000000000000006
2456492.76185	18.631	0.069
2456496.59658	18.891	0.132
2456497.70203	18.664	0.07400000000000001
2456498.52929	18.727	0.043
2456498.7093	18.752	0.055999999999999994
2456499.5433400003	18.715	0.046
2456500.69826	18.687	0.077
2456501.68111	18.621	0.043
2456504.6965900003	18.684	0.051
2456505.62563	18.709	0.066
2456505.78636	18.825	0.1
2456506.7397	18.663	0.07200000000000001
2456508.49716	18.752	0.066
2456508.6894	18.656	0.048
2456509.6131700003	18.602999999999998	0.038
2456510.47741	18.655	0.045
2456510.6993400003	18.643	0.045
2456511.64076	18.69	0.046
2456514.49827	18.635	0.061
2456514.75325	18.62	0.054000000000000006
2456515.7363	18.682000000000002	0.048
2456516.6910900003	18.598	0.061
2456518.6957099997	18.623	0.043
2456519.65389	18.562	0.040999999999999995
2456523.56815	18.585	0.048
2456524.49104	18.652	0.054000000000000006
2456525.4918299997	18.644000000000002	0.079
2456526.63515	18.755	0.07200000000000001
2456529.5709599997	18.643	0.061
2456531.5386200002	18.668	0.053
2456532.53687	18.707	0.046
2456533.55105	18.566	0.051
2456534.61327	18.63	0.048
2456536.59384	18.726	0.045
2456539.48192	18.599	0.049
2456541.48009	18.73	0.051
2456543.55847	18.779	0.057999999999999996
2456544.58645	18.633	0.054000000000000006
2456545.63504	18.658	0.049
2456547.60383	18.590999999999998	0.08199999999999999
2456555.574	18.76	0.071
2456558.54135	18.819000000000003	0.057999999999999996
2456559.5808099997	18.646	0.057999999999999996
2456560.63971	18.604	0.064
2456562.59479	18.706	0.048
2456563.60612	18.618	0.057999999999999996
2456564.5395400003	18.680999999999997	0.054000000000000006
2456565.5112400004	18.707	0.064
2456565.60624	18.615	0.053
2456567.5794599997	18.775	0.071
2456568.57549	18.617	0.064
2456569.5365299997	18.645	0.045
2456570.4909	18.727999999999998	0.07400000000000001
2456571.52218	18.743	0.07400000000000001
2456571.60645	18.730999999999998	0.076
2456572.58129	18.7	0.071
2456573.53196	18.666	0.054000000000000006
2456577.51322	18.632	0.105
2456578.49145	18.54	0.07200000000000001
2456578.58513	18.643	0.064
2456579.56879	18.625999999999998	0.079
2456581.50648	18.676	0.059000000000000004
2456582.5198	18.589000000000002	0.067
2456583.51725	19.117	0.161
2456584.5126400003	18.546	0.071
2456585.5131099997	18.862000000000002	0.092
2456586.53405	18.655	0.086
2456590.51932	18.641	0.087
2456590.5465700002	18.65	0.071
2456593.49512	18.605	0.115
2456593.50929	18.655	0.07400000000000001
2456593.51412	18.636	0.07200000000000001
2456595.51716	18.705	0.08199999999999999
2456600.50453	18.55	0.086
2456695.8834	18.694000000000003	0.059000000000000004
2456696.87637	18.774	0.059000000000000004
2456699.84414	18.512999999999998	0.057999999999999996
2456701.85841	18.562	0.054000000000000006
2456703.85916	18.565	0.09
2456705.87971	18.601	0.061
2456707.89159	18.682000000000002	0.059000000000000004
2456709.8488	18.714000000000002	0.059000000000000004
2456710.8650599997	18.688	0.049
2456711.88667	18.703	0.053
2456715.86423	18.622	0.040999999999999995
2456716.85595	18.777	0.051
2456717.8684	18.63	0.067
2456718.885	18.607	0.057999999999999996
2456719.87819	18.637	0.051
2456720.8533099997	18.691	0.045
2456721.83325	18.704	0.061
2456722.81355	18.738	0.08199999999999999
2456722.9076900003	18.733	0.071
2456723.8886599997	18.629	0.043
2456724.86842	18.68	0.057999999999999996
2456725.84332	18.782	0.057999999999999996
2456726.8059799997	18.613	0.049
2456726.9027	18.623	0.045
2456727.87557	18.578	0.035
2456728.8459400004	18.7	0.040999999999999995
2456729.7984599997	18.643	0.049
2456729.89417	18.654	0.043
2456730.84835	18.605	0.069
2456731.8941	18.643	0.07200000000000001
2456732.8567	18.62	0.095
2456733.79348	18.77	0.066
2456733.8856599997	18.672	0.049
2456734.8263	18.675	0.053
2456734.9161	18.628	0.055999999999999994
2456735.86547	18.730999999999998	0.064
2456736.7969299997	18.463	0.063
2456736.89866	18.785	0.059000000000000004
2456737.85387	18.665	0.040999999999999995
2456738.79592	18.742	0.10400000000000001
2456741.85088	18.668	0.055999999999999994
2456742.7695299997	18.587	0.046
2456742.8559	18.672	0.043
2456744.77079	18.598	0.054000000000000006
2456744.8651099997	18.648	0.043
2456745.75336	18.651	0.053
2456745.85979	18.633	0.043
2456746.76167	18.497	0.051
2456746.85327	18.725	0.048
2456747.86662	18.755	0.045
2456748.88842	18.698	0.049
2456749.88283	18.648	0.040999999999999995
2456750.90122	18.671	0.038
2456751.9234700003	18.748	0.063
2456752.9205099996	18.697	0.054000000000000006
2456754.8974	18.55	0.053
2456755.91376	18.64	0.045
2456756.86493	18.669	0.046
2456757.8317299997	18.629	0.049
2456758.85654	18.602	0.059000000000000004
2456759.8015799997	18.621	0.040999999999999995
2456760.74766	18.708	0.049
2456761.6970599997	18.667	0.081
2456761.86453	18.649	0.053
2456762.86385	18.605999999999998	0.033
2456763.78712	18.667	0.053
2456764.71773	18.6	0.057999999999999996
2456764.8936	18.66	0.049
2456765.82834	18.616	0.048
2456768.79475	18.608	0.054000000000000006
2456769.70477	18.678	0.043
2456769.87133	18.709	0.046
2456770.77243	18.695	0.053
2456771.7058	18.572	0.043
2456771.9010400004	18.622	0.040999999999999995
2456772.81384	18.647000000000002	0.038
2456773.73327	18.754	0.061
2456773.9190599998	18.651	0.048
2456774.82222	18.635	0.069
2456775.81351	18.526	0.038
2456776.72156	18.843	0.059000000000000004
2456776.93609	18.581	0.067
2456777.92392	18.73	0.055999999999999994
2456784.8086900003	18.635	0.045
2456785.78801	18.683	0.040999999999999995
2456786.80757	18.61	0.04
2456786.83323	18.72	0.049
2456787.74579	18.647000000000002	0.046
2456788.84832	18.561	0.054000000000000006
2456789.7537700003	18.668	0.051
2456790.62363	18.632	0.084
2456790.78782	18.724	0.054000000000000006
2456791.6313400003	18.635	0.084
2456791.80107	18.713	0.059000000000000004
2456792.6318	18.777	0.1
2456792.7935099998	18.7	0.064
2456792.93109	18.789	0.08199999999999999
2456796.74355	18.727999999999998	0.059000000000000004
2456796.91492	18.645	0.061
2456797.78297	18.659000000000002	0.055999999999999994
2456797.93722	18.823	0.113
2456799.8308900003	18.579	0.079
2456803.72616	18.729	0.045
2456803.8945299997	18.799	0.066
2456804.66682	18.609	0.046
2456804.85319	18.655	0.067
2456805.65465	18.703	0.07200000000000001
2456805.84402	18.629	0.061
2456806.91136	18.583	0.079
2456807.798	18.660999999999998	0.064
2456808.57496	18.492	0.07200000000000001
2456808.77561	18.660999999999998	0.046
2456808.9347900003	18.706	0.076
2456809.74708	18.664	0.038
2456809.9284	18.730999999999998	0.092
2456810.7362	18.634	0.043
2456810.9185200003	18.649	0.069
2456811.6932099997	18.665	0.059000000000000004
2456811.8900900004	18.608	0.066
2456813.76625	18.63	0.048
2456813.94344	18.608	0.08199999999999999
2456814.7993099997	18.617	0.049
2456815.5838599997	18.623	0.069
2456815.78658	18.677	0.054000000000000006
2456816.60925	18.695999999999998	0.08199999999999999
2456816.82545	18.632	0.054000000000000006
2456817.6696	18.726	0.069
2456817.85957	18.619	0.064
2456818.6873	18.628	0.1
2456819.65655	18.695	0.11800000000000001
2456819.8239	18.8	0.109
2456823.8315	18.694000000000003	0.066
2456824.61693	18.730999999999998	0.09
2456824.81351	18.715999999999998	0.07400000000000001
2456825.59457	18.656	0.051
2456825.7812	18.702	0.07200000000000001
2456826.54556	18.624000000000002	0.063
2456826.7316099997	18.654	0.054000000000000006
2456827.53118	18.631	0.059000000000000004
2456827.74078	18.683	0.051
2456827.89728	18.697	0.066
2456828.67774	18.686	0.048
2456828.87334	18.648	0.063
2456829.62046	18.602999999999998	0.059000000000000004
2456829.8056	18.602	0.055999999999999994
2456830.59914	18.67	0.053
2456830.7853900003	18.84	0.049
2456831.68915	18.64	0.038
2456831.86633	18.680999999999997	0.084
2456832.68769	18.686	0.064
2456833.5139099997	18.543	0.08199999999999999
2456833.70789	18.635	0.063
2456833.86467	18.655	0.087
2456834.64536	18.673	0.059000000000000004
2456834.83073	18.616	0.08199999999999999
2456835.66335	18.607	0.054000000000000006
2456835.83761	18.678	0.076
2456836.63129	18.689	0.063
2456836.81212	18.694000000000003	0.066
2456837.59698	18.7	0.059000000000000004
2456837.77917	18.706	0.057999999999999996
2456838.54997	18.789	0.08199999999999999
2456838.73535	18.715999999999998	0.057999999999999996
2456839.51812	18.689	0.066
2456839.70715	18.677	0.064
2456840.48217	18.727	0.11
2456840.71268	18.730999999999998	0.077
2456841.5818	18.749000000000002	0.059000000000000004
2456841.76359	18.749000000000002	0.063
2456842.56557	18.692999999999998	0.079
2456842.74875	18.674	0.055999999999999994
2456844.5361900004	18.665	0.054000000000000006
2456844.72303	18.676	0.053
2456845.4690400003	18.599	0.063
2456845.6258900003	18.684	0.048
2456845.80748	18.67	0.053
2456847.5743	18.633	0.057999999999999996
2456847.7168	18.623	0.053
2456851.61483	18.645	0.069
2456851.78782	18.615	0.081
2456852.61554	18.785999999999998	0.087
2456855.5797599996	18.654	0.067
2456855.76724	18.664	0.066
2456856.56157	18.67	0.054000000000000006
2456856.74727	18.688	0.054000000000000006
2456857.56033	18.711	0.055999999999999994
2456857.75226	18.652	0.049
2456858.57537	18.632	0.040999999999999995
2456858.76243	18.653	0.055999999999999994
2456859.7226299997	18.639	0.061
2456862.67449	18.703	0.063
2456863.51763	18.644000000000002	0.043
2456863.70804	18.642	0.048
2456864.5504099997	18.644000000000002	0.054000000000000006
2456864.74397	18.613	0.055999999999999994
2456866.54976	18.761	0.077
2456866.55907	18.56	0.061
2456866.56991	18.726	0.07400000000000001
2456866.64979	18.607	0.045
2456866.6779	18.685	0.051
2456866.6935400004	18.674	0.059000000000000004
2456866.70109	18.651	0.063
2456866.70872	18.692	0.057999999999999996
2456866.7179099997	18.676	0.054000000000000006
2456866.72132	18.637999999999998	0.053
2456866.72732	18.665	0.054000000000000006
2456866.73368	18.656	0.059000000000000004
2456866.73965	18.705	0.064
2456866.74494	18.642	0.066
2456866.75091	18.616	0.063
2456866.75716	18.611	0.054000000000000006
2456866.76317	18.629	0.057999999999999996
2456866.76799	18.641	0.066
2456866.77401	18.675	0.066
2456866.7790599996	18.652	0.066
2456866.78504	18.655	0.066
2456866.7913599997	18.702	0.079
2456866.7973599997	18.651	0.069
2456866.8020599997	18.654	0.076
2456866.80658	18.694000000000003	0.07400000000000001
2456866.81369	18.547	0.07200000000000001
2456867.63565	18.749000000000002	0.057999999999999996
2456870.6922299997	18.672	0.071
2456872.516	18.663	0.061
2456873.47763	18.692	0.079
2456874.66156	18.715	0.059000000000000004
2456879.64895	18.642	0.08199999999999999
2456880.60497	18.557000000000002	0.09
2456881.4996	18.748	0.076
2456882.47833	18.637	0.066
2456882.65743	18.619	0.048
2456883.5704900003	18.653	0.045
2456885.5594599997	18.629	0.051
2456885.72867	18.590999999999998	0.066
2456886.65499	18.679000000000002	0.057999999999999996
2456887.57872	18.677	0.043
2456888.49141	18.707	0.045
2456888.6924400004	18.62	0.066
2456889.6392599996	18.72	0.055999999999999994
2456890.57853	18.641	0.053
2456891.5068599996	18.611	0.055999999999999994
2456891.69014	18.567999999999998	0.064
2456895.64766	18.648	0.049
2456896.61234	18.646	0.053
2456900.54211	18.662	0.046
2456907.6321900003	18.575	0.071
2456908.5433400003	18.729	0.07200000000000001
2456908.6316400003	18.688	0.07200000000000001
2456912.49715	18.63	0.064
2456915.52159	18.675	0.055999999999999994
2456918.5057599996	18.631	0.07400000000000001
2456919.562	18.598	0.055999999999999994
2456922.5419	18.678	0.066
2456923.56481	18.815	0.09
2456924.60421	18.647000000000002	0.071
2456926.49981	18.604	0.08199999999999999
2456927.55572	18.619	0.069
2456928.59809	18.754	0.086
2456930.52256	18.648	0.09699999999999999
2456936.48914	18.632	0.067
2456937.49015	18.675	0.081
2456938.48993	18.727	0.092
2456938.57656	18.581	0.087
2456940.53881	18.624000000000002	0.086
2456942.50856	18.648	0.071
2456943.50715	18.63	0.09
2456944.54471	18.652	0.066
2456948.51815	18.682000000000002	0.084
2456951.53308	18.741	0.08900000000000001
2456954.49791	18.597	0.086
2456956.52625	18.64	0.081
2456959.52618	18.644000000000002	0.125
2456962.50878	19.027	0.21
2457064.8766400004	18.593	0.054000000000000006
2457066.88708	18.597	0.081
2457070.8565	18.67	0.049
2457071.86887	18.665	0.046
2457072.87649	18.62	0.053
2457075.88255	18.553	0.061
2457076.88282	18.743	0.048
2457077.88007	18.639	0.063
2457078.87125	18.649	0.045
2457080.82462	18.623	0.071
2457081.88191	18.631	0.063
2457082.86043	18.657	0.043
2457083.83857	18.678	0.07400000000000001
2457084.82043	18.617	0.055999999999999994
2457084.9077	18.687	0.064
2457085.8810099997	18.683	0.051
2457086.85974	18.668	0.057999999999999996
2457087.8254400003	18.655	0.063
2457088.801	18.636	0.054000000000000006
2457088.88641	18.665	0.059000000000000004
2457089.8522200002	18.775	0.063
2457090.8188	18.55	0.057999999999999996
2457090.9076099996	18.67	0.063
2457091.8613400003	18.596	0.053
2457092.81125	18.599	0.049
2457092.88962	18.761	0.059000000000000004
2457097.78057	18.697	0.054000000000000006
2457097.87341	18.701	0.040999999999999995
2457098.8233	18.718	0.049
2457099.77342	18.665	0.051
2457099.86682	18.664	0.057999999999999996
2457100.81183	18.757	0.054000000000000006
2457100.90545	18.599	0.048
2457101.8872700003	18.578	0.07200000000000001
2457102.85899	18.607	0.063
2457108.82698	18.680999999999997	0.063
2457109.87837	18.643	0.051
2457110.78683	18.725	0.043
2457110.89814	18.73	0.043
2457111.8075599996	18.659000000000002	0.049
2457111.92086	18.689	0.092
2457112.82474	18.687	0.057999999999999996
2457113.7516	18.709	0.057999999999999996
2457114.7393099996	18.566	0.087
2457114.923	18.532	0.069
2457115.86565	18.705	0.048
2457116.85486	18.692	0.059000000000000004
2457117.82943	18.667	0.057999999999999996
2457118.8790700003	18.608	0.046
2457119.87684	18.651	0.057999999999999996
2457120.81542	18.711	0.057999999999999996
2457125.74874	18.607	0.071
2457126.70104	18.725	0.057999999999999996
2457126.9141599997	18.702	0.045
2457129.8429799997	18.602	0.04
2457130.76149	18.711	0.059000000000000004
2457131.6899099997	18.590999999999998	0.051
2457131.8755799998	18.658	0.040999999999999995
2457132.794	18.584	0.043
2457133.9158900003	18.673	0.059000000000000004
2457134.7995700003	18.714000000000002	0.053
2457135.72764	18.683	0.043
2457135.9138599997	18.59	0.038
2457136.80648	18.590999999999998	0.046
2457137.71394	18.637	0.040999999999999995
2457137.90004	18.498	0.051
2457138.77392	18.765	0.054000000000000006
2457139.71451	18.685	0.064
2457139.89305	18.679000000000002	0.054000000000000006
2457140.77058	18.646	0.049
2457141.67366	18.746	0.054000000000000006
2457141.85967	18.637999999999998	0.040999999999999995
2457142.72863	18.602999999999998	0.040999999999999995
2457142.91341	18.655	0.049
2457143.7845099997	18.725	0.063
2457144.67404	18.605	0.07200000000000001
2457144.8851799998	18.574	0.063
2457145.87328	18.624000000000002	0.055999999999999994
2457146.71607	18.597	0.063
2457146.85715	18.611	0.061
2457147.69803	18.648	0.069
2457147.83828	18.746	0.066
2457152.83406	18.68	0.059000000000000004
2457153.67205	18.658	0.048
2457153.83665	18.654	0.040999999999999995
2457154.71606	18.65	0.040999999999999995
2457154.90525	18.668	0.046
2457155.7422700003	18.639	0.040999999999999995
2457155.9281099997	18.623	0.049
2457156.7749900003	18.646	0.040999999999999995
2457157.75416	18.660999999999998	0.045
2457158.66761	18.659000000000002	0.048
2457158.85175	18.667	0.053
2457159.66837	18.637	0.045
2457159.85268	18.7	0.048
2457160.69117	18.589000000000002	0.053
2457160.8748	18.672	0.048
2457161.7187	18.679000000000002	0.046
2457161.90392	18.685	0.051
2457162.72063	18.543	0.049
2457162.90765	18.686	0.055999999999999994
2457163.73063	18.71	0.069
2457163.91292	18.566	0.055999999999999994
2457164.83886	18.618	0.051
2457166.67518	18.669	0.064
2457166.86045	18.695	0.055999999999999994
2457169.60402	18.682000000000002	0.057999999999999996
2457169.7891	18.717	0.045
2457170.59167	18.657	0.053
2457170.779	18.726	0.055999999999999994
2457172.59381	18.651	0.077
2457172.7777	18.694000000000003	0.061
2457172.94433	18.641	0.084
2457173.75325	18.735	0.063
2457173.9279099996	18.621	0.057999999999999996
2457174.6967700003	18.635	0.059000000000000004
2457174.871	18.526	0.071
2457175.6486400003	18.767	0.08900000000000001
2457175.87676	18.675	0.08199999999999999
2457176.9177900003	18.698	0.107
2457178.72655	18.61	0.063
2457179.69437	18.601	0.066
2457179.8645099998	18.642	0.069
2457180.64601	18.668	0.064
2457180.82116	18.639	0.054000000000000006
2457181.58396	18.63	0.045
2457181.77405	18.695	0.053
2457181.9383099996	18.698	0.076
2457182.72291	18.627	0.046
2457182.8998	18.604	0.055999999999999994
2457183.65667	18.698	0.064
2457183.84435	18.69	0.055999999999999994
2457184.64843	18.677	0.076
2457184.8355900003	18.69	0.055999999999999994
2457185.61264	18.589000000000002	0.059000000000000004
2457185.79553	18.644000000000002	0.055999999999999994
2457186.6466099997	18.621	0.09
2457186.9174	18.78	0.08900000000000001
2457187.72096	18.625999999999998	0.048
2457187.8873400004	18.706	0.063
2457188.6681	18.704	0.071
2457189.54085	18.619	0.061
2457189.72897	18.771	0.054000000000000006
2457189.89514	18.682000000000002	0.069
2457190.70255	18.643	0.045
2457190.88521	18.694000000000003	0.079
2457191.8077	18.684	0.064
2457193.63067	18.659000000000002	0.040999999999999995
2457194.52226	18.695	0.040999999999999995
2457194.71616	18.66	0.046
2457196.8793900004	18.651	0.066
2457197.55772	18.623	0.066
2457197.7431900003	18.660999999999998	0.049
2457198.54021	18.586	0.053
2457198.72568	18.645	0.051
2457198.8958	18.583	0.079
2457199.66206	18.663	0.040999999999999995
2457199.8449	18.605	0.051
2457200.61432	18.657	0.045
2457200.78338	18.643	0.051
2457202.76127	18.612000000000002	0.067
2457206.5764	18.586	0.08199999999999999
2457206.75017	18.676	0.071
2457207.55925	18.625999999999998	0.071
2457207.72385	18.635	0.07200000000000001
2457209.65611	18.811	0.077
2457209.81506	18.596	0.08199999999999999
2457211.5918900003	18.675	0.046
2457211.77568	18.585	0.054000000000000006
2457214.5469	18.858	0.081
2457214.74496	18.698	0.057999999999999996
2457217.76478	18.713	0.057999999999999996
2457219.6099400003	18.694000000000003	0.048
2457220.51529	18.597	0.057999999999999996
2457220.69891	18.679000000000002	0.043
2457221.50208	18.7	0.061
2457221.6845	18.666	0.048
2457221.82716	18.590999999999998	0.066
2457222.64747	18.64	0.055999999999999994
2457222.66719	18.692999999999998	0.055999999999999994
2457223.5185599998	18.558	0.077
2457223.70079	18.727	0.066
2457224.5422799997	18.642	0.055999999999999994
2457224.74749	18.565	0.066
2457225.57208	18.642	0.048
2457226.60293	18.712	0.048
2457226.7732700002	18.647000000000002	0.064
2457227.5575599996	18.667	0.046
2457227.74095	18.665	0.057999999999999996
2457228.56021	18.615	0.046
2457228.75561	18.643	0.053
2457229.5874099997	18.656	0.040999999999999995
2457229.75207	18.675	0.059000000000000004
2457235.52468	18.649	0.09
2457235.7854400002	18.762	0.095
2457236.62878	18.78	0.069
2457249.6258799997	18.582	0.051
2457250.592	18.945	0.077
2457252.65223	18.582	0.053
2457253.58941	18.695	0.049
2457255.5578900003	18.657	0.057999999999999996
2457256.55584	18.627	0.08199999999999999
2457257.61714	18.632	0.053
2457258.64304	18.592	0.076
2457261.58801	18.574	0.08199999999999999
2457263.54628	18.572	0.059000000000000004
2457264.48094	18.715999999999998	0.079
2457264.68057	18.742	0.084
2457265.62113	18.707	0.054000000000000006
2457265.62288	18.635	0.051
2457267.57986	18.655	0.054000000000000006
2457268.57604	18.745	0.045
2457269.55858	18.648	0.048
2457270.5110400002	18.682000000000002	0.049
2457270.69686	18.66	0.053
2457272.50204	18.707	0.077
2457273.6209	18.634	0.055999999999999994
2457275.62453	18.646	0.086
2457277.6102299998	18.671	0.071
2457278.59964	18.657	0.057999999999999996
2457283.57692	18.64	0.08900000000000001
2457291.51683	18.775	0.11800000000000001
2457292.52343	18.773	0.113
2457293.508	18.648	0.071
2457294.4859700003	18.685	0.094
2457295.48438	18.648	0.095
2457296.52968	18.578	0.081
2457299.53295	18.765	0.079
2457300.5108	18.599	0.076
2457307.56878	18.730999999999998	0.079
2457312.49873	18.578	0.076
2457317.49927	18.697	0.102
2457319.5051	18.612000000000002	0.09699999999999999
2457324.51372	18.531	0.07400000000000001
2457328.51378	18.554000000000002	0.11699999999999999
2457435.86952	18.712	0.059000000000000004
2457436.88835	18.685	0.066
2457438.84263	18.709	0.066
2457439.86627	18.687	0.067
2457440.88985	18.616	0.053
2457442.83517	18.590999999999998	0.081
2457445.8174	18.673	0.064
2457446.82461	18.717	0.053
2457447.82212	18.590999999999998	0.054000000000000006
2457448.82373	18.653	0.053
2457449.86386	18.631	0.095
2457451.89498	18.756	0.071
2457452.9086	18.666	0.053
2457454.86193	18.647000000000002	0.054000000000000006
2457455.86455	18.692	0.053
2457456.88091	18.549	0.051
2457457.87739	18.672	0.055999999999999994
2457458.87115	18.614	0.053
2457460.87268	18.671	0.046
2457461.87051	18.674	0.043
2457462.84895	18.623	0.046
2457463.8920299998	18.61	0.043
2457465.81688	18.719	0.055999999999999994
2457466.87744	18.678	0.054000000000000006
2457467.8804099998	18.63	0.053
2457470.83665	18.706	0.064
2457471.80063	18.729	0.069
2457472.75099	18.663	0.071
2457472.88124	18.674	0.063
2457474.75973	18.759	0.077
2457474.8626900003	18.752	0.064
2457475.79195	18.664	0.11199999999999999
2457475.89566	18.758	0.059000000000000004
2457476.7774	18.635	0.064
2457484.8625	18.596	0.051
2457486.79613	18.69	0.069
2457487.90615	18.662	0.057999999999999996
2457491.70433	18.634	0.064
2457492.76304	18.667	0.048
2457493.75079	18.688	0.051
2457494.73353	18.692999999999998	0.046
2457495.71759	18.684	0.061
2457497.86034	18.675	0.055999999999999994
2457498.8598599997	18.689	0.066
2457499.82416	18.738	0.067
2457500.7653200002	18.572	0.071
2457507.78883	18.636	0.055999999999999994
2457508.83777	18.633	0.04
2457511.68652	18.72	0.055999999999999994
2457512.88893	18.692999999999998	0.045
2457522.94201	18.486	0.11800000000000001
2457526.8547099996	18.680999999999997	0.063
2457530.7045	18.765	0.087
2457534.84442	18.789	0.064
2457536.84095	18.722	0.057999999999999996
2457546.6743400004	18.781	0.063
2457547.61833	18.794	0.063
2457548.75209	18.707	0.038
2457549.882	18.649	0.055999999999999994
2457550.8609700003	18.627	0.066
2457555.60127	18.712	0.066
2457557.54013	18.637	0.095
2457557.90475	18.73	0.09
2457561.6949	18.617	0.061
2457566.55185	18.715	0.066
2457566.8715	18.664	0.095
2457567.81532	18.644000000000002	0.055999999999999994
2457568.83636	18.67	0.09
2457569.83278	18.695	0.067
2457570.8219	18.656	0.063
2457573.7124400004	18.677	0.057999999999999996
2457575.64062	18.734	0.059000000000000004
2457575.79415	18.680999999999997	0.051
2457576.58907	18.641	0.045
2457576.75268	18.631	0.048
2457577.5772	18.623	0.061
2457579.75398	18.609	0.051
2457582.73306	18.729	0.071
2457584.58088	18.6	0.063
2457584.7231900003	18.820999999999998	0.079
2457589.68821	18.669	0.061
2457590.48763	18.741	0.084
2457590.6324	18.692999999999998	0.054000000000000006
2457591.4891	18.705	0.066
2457593.57009	18.639	0.043
2457593.7165200002	18.668	0.046
2457596.4755599997	18.611	0.049
2457599.54263	18.732	0.077
2457599.76198	18.714000000000002	0.055999999999999994
2457600.6592900003	18.746	0.063
2457602.47555	18.578	0.07200000000000001
2457602.6428900003	18.637	0.055999999999999994
2457602.7812	18.612000000000002	0.079
2457603.62085	18.69	0.051
2457603.7609	18.695	0.059000000000000004
2457604.5887	18.715999999999998	0.048
2457604.72829	18.669	0.046
2457605.5849599997	18.575	0.049
2457605.7316099997	18.781	0.061
2457607.47555	18.686	0.07400000000000001
2457607.66051	18.664	0.049
2457608.56508	18.718	0.046
2457608.74213	18.699	0.053
2457609.61868	18.725	0.054000000000000006
2457609.76223	18.61	0.09
2457610.65114	18.653	0.051
2457611.65188	18.722	0.059000000000000004
2457612.5781900003	18.755	0.066
2457612.71643	18.569000000000003	0.053
2457616.59723	18.746	0.109
2457617.5468200003	18.737000000000002	0.094
2457617.70876	18.761	0.09699999999999999
2457618.59823	18.718	0.081
2457619.5268200003	18.752	0.086
2457621.6061	18.671	0.064
2457622.54463	18.59	0.045
2457622.72359	18.678	0.054000000000000006
2457623.64617	18.635	0.051
2457624.59001	18.727	0.061
2457625.5592900002	18.654	0.055999999999999994
2457626.53089	18.57	0.051
2457630.5353	18.702	0.054000000000000006
2457631.50192	18.668	0.051
2457632.4811299997	18.713	0.066
2457632.65909	18.605999999999998	0.054000000000000006
2457634.54506	18.615	0.061
2457636.5001	18.699	0.077
2457637.4835099997	18.713	0.057999999999999996
2457638.49087	18.497	0.071
2457639.5621700003	18.628	0.055999999999999994
2457643.63717	18.576	0.14800000000000002
2457645.5138	18.651	0.094
2457648.5021599997	18.785999999999998	0.095
2457649.5265	18.637999999999998	0.051
2457650.57438	18.72	0.057999999999999996
2457651.60382	18.61	0.076
2457653.5258299997	18.633	0.043
2457655.5391	18.724	0.063
2457656.58374	18.602	0.057999999999999996
2457659.55803	18.648	0.063
2457661.48682	18.785	0.09699999999999999
2457662.57086	18.525	0.066
2457667.55699	18.635	0.059000000000000004
2457673.54454	18.736	0.099
2457681.51682	18.730999999999998	0.081
2457791.88744	18.267	0.071
2457793.8816400003	18.217	0.040999999999999995
2457794.88864	18.187	0.061
2457795.89267	18.218	0.066
2457798.86256	18.146	0.038
2457800.8533799998	18.032	0.043
2457801.89227	18.061	0.049
2457803.8737	17.989	0.045
2457807.8598700003	18.063	0.033
2457809.82237	18.14	0.043
2457810.82145	18.171	0.040999999999999995
2457811.84105	18.129	0.036000000000000004
2457812.87225	18.215999999999998	0.033
2457814.84127	18.227999999999998	0.036000000000000004
2457815.87022	18.273	0.038
2457816.86002	18.305	0.038
2457817.85653	18.32	0.036000000000000004
2457818.84275	18.42	0.040999999999999995
2457819.82251	18.359	0.043
2457820.83117	18.37	0.043
2457821.83035	18.432000000000002	0.054000000000000006
2457822.82577	18.37	0.059000000000000004
2457823.8114099996	18.428	0.053
2457823.90037	18.444000000000003	0.043
2457824.89638	18.413	0.059000000000000004
2457825.8878900004	18.509	0.049
2457826.8470900003	18.477	0.054000000000000006
2457827.82242	18.532	0.055999999999999994
2457827.91164	18.583	0.063
2457828.88083	18.502	0.048
2457830.7834799998	18.564	0.066
2457830.87072	18.597	0.053
2457834.83629	18.590999999999998	0.053
2457835.7729	18.58	0.061
2457835.9135	18.516	0.059000000000000004
2457836.86821	18.567999999999998	0.059000000000000004
2457837.8023	18.534000000000002	0.046
2457837.91191	18.584	0.067
2457838.85752	18.616	0.043
2457839.80608	18.598	0.04
2457839.91982	18.515	0.061
2457840.85018	18.649	0.051
2457841.7900799997	18.609	0.076
2457841.9003	18.648	0.059000000000000004
2457842.81477	18.698	0.054000000000000006
2457843.7392	18.566	0.055999999999999994
2457843.85616	18.651	0.055999999999999994
2457844.76634	18.654	0.048
2457844.88305	18.633	0.061
2457845.7996	18.599	0.043
2457845.90937	18.618	0.046
2457846.8376599997	18.599	0.045
2457847.7409900003	18.601	0.054000000000000006
2457847.8585099997	18.616	0.055999999999999994
2457848.75479	18.582	0.055999999999999994
2457848.8729	18.613	0.043
2457849.76748	18.623	0.046
2457849.88664	18.607	0.036000000000000004
2457850.78076	18.627	0.067
2457850.90038	18.558	0.046
2457851.7974900003	18.625999999999998	0.063
2457851.9205099996	18.6	0.055999999999999994
2457853.87462	18.667	0.07400000000000001
2457854.7206099997	18.552	0.069
2457854.83781	18.662	0.061
2457855.7502099997	18.667	0.057999999999999996
2457855.8611	18.617	0.054000000000000006
2457856.75914	18.576	0.076
2457856.8730099997	18.604	0.09
2457858.84722	18.644000000000002	0.064
2457862.71962	18.599	0.063
2457862.82958	18.570999999999998	0.053
2457863.77539	18.712	0.066
2457863.92334	18.671	0.049
2457864.73397	18.667	0.043
2457864.88495	18.679000000000002	0.043
2457865.73729	18.652	0.048
2457865.87546	18.648	0.045
2457866.73371	18.613	0.046
2457866.8662799997	18.649	0.04
2457867.73708	18.616	0.038
2457867.86807	18.7	0.048
2457868.79409	18.677	0.061
2457869.67614	18.704	0.061
2457869.7925299997	18.674	0.043
2457869.9245700003	18.619	0.040999999999999995
2457870.8139400003	18.656	0.043
2457871.70962	18.586	0.040999999999999995
2457871.84415	18.680999999999997	0.040999999999999995
2457872.68869	18.646	0.043
2457872.84264	18.669	0.04
2457873.68997	18.653	0.046
2457873.79805	18.647000000000002	0.045
2457873.93237	18.570999999999998	0.057999999999999996
2457874.76645	18.669	0.067
2457874.88989	18.617	0.048
2457875.8448900003	18.62	0.045
2457876.66115	18.674	0.077
2457876.78161	18.658	0.046
2457876.90851	18.566	0.046
2457877.74182	18.671	0.040999999999999995
2457877.86521	18.680999999999997	0.049
2457878.78032	18.72	0.045
2457878.90463	18.608	0.043
2457879.72902	18.706	0.09
2457879.88201	18.592	0.071
2457880.7575	18.704	0.064
2457880.88788	18.767	0.092
2457881.83816	18.625999999999998	0.064
2457882.71478	18.508	0.066
2457882.8457299997	18.495	0.054000000000000006
2457883.86527	18.637999999999998	0.102
2457890.72976	18.703	0.063
2457890.88749	18.655	0.086
2457893.70668	18.602999999999998	0.061
2457893.83635	18.637	0.051
2457893.9421599996	18.511	0.099
2457894.69064	18.644000000000002	0.043
2457894.81875	18.622	0.045
2457894.92741	18.624000000000002	0.067
2457895.79105	18.648	0.049
2457897.73355	18.774	0.069
2457900.93213	18.538	0.077
2457901.66755	18.699	0.057999999999999996
2457901.82457	18.67	0.054000000000000006
2457902.6595900003	18.668	0.061
2457902.79095	18.709	0.053
2457902.94085	18.538	0.09699999999999999
2457903.82786	18.675	0.054000000000000006
2457903.94427	18.675	0.109
2457904.6844900004	18.66	0.046
2457904.81687	18.702	0.043
2457904.93415	18.579	0.066
2457905.6534700003	18.69	0.045
2457905.7831099997	18.646	0.043
2457905.8935	18.754	0.057999999999999996
2457906.60152	18.692	0.064
2457906.71976	18.664	0.043
2457906.8426200002	18.668	0.054000000000000006
2457906.94197	18.574	0.081
2457907.7143900003	18.652	0.061
2457908.56966	18.643	0.087
2457908.66586	18.680999999999997	0.057999999999999996
2457908.79561	18.677	0.057999999999999996
2457908.9046	18.704	0.069
2457909.5959799998	18.701	0.07400000000000001
2457909.71637	18.725	0.053
2457909.82817	18.643	0.049
2457909.92513	18.627	0.069
2457910.61334	18.695999999999998	0.069
2457910.74485	18.669	0.051
2457910.86199	18.639	0.057999999999999996
2457911.58637	18.632	0.1
2457911.68981	18.664	0.063
2457911.9056599997	18.58	0.094
2457916.63807	18.713	0.061
2457916.7379400004	18.673	0.061
2457917.56126	18.708	0.084
2457917.67368	18.651	0.064
2457917.78783	18.609	0.051
2457917.89546	18.578	0.07200000000000001
2457918.6729599996	18.563	0.061
2457922.6496900003	18.705	0.061
2457923.5424099998	18.723	0.07400000000000001
2457923.6490700003	18.692999999999998	0.063
2457923.78817	18.753	0.071
2457923.89459	18.735	0.084
2457924.57165	18.63	0.053
2457924.68664	18.601	0.046
2457924.80602	18.637	0.048
2457925.59559	18.75	0.063
2457925.72175	18.62	0.053
2457925.84668	18.694000000000003	0.059000000000000004
2457926.61494	18.791	0.077
2457926.76113	18.76	0.064
2457928.60925	18.637999999999998	0.057999999999999996
2457932.6392	18.685	0.076
2457932.77295	18.73	0.063
2457933.62993	18.712	0.064
2457933.762	18.625999999999998	0.059000000000000004
2457934.56489	18.675	0.051
2457934.7017200002	18.709	0.046
2457934.79541	18.698	0.063
2457935.53517	18.631	0.054000000000000006
2457935.66499	18.651	0.049
2457935.77623	18.653	0.04
2457935.87676	18.635	0.053
2457936.5274400003	18.634	0.064
2457936.65243	18.697	0.054000000000000006
2457936.7829400003	18.694000000000003	0.054000000000000006
2457936.8761400003	18.627	0.07200000000000001
2457937.57963	18.621	0.059000000000000004
2457937.70102	18.654	0.051
2457937.82139	18.625	0.069
2457938.60351	18.68	0.076
2457944.48397	18.7	0.084
2457944.53462	18.692	0.07400000000000001
2457944.57638	18.549	0.055999999999999994
2457944.62656	18.641	0.066
2457944.6764	18.588	0.064
2457944.7452700003	18.624000000000002	0.066
2457944.7867099997	18.714000000000002	0.087
2457944.82991	18.611	0.099
2457945.5003400003	18.673	0.07200000000000001
2457945.61089	18.684	0.049
2457945.72325	18.649	0.048
2457945.8325900002	18.678	0.07400000000000001
2457946.5546	18.664	0.061
2457946.68401	18.719	0.055999999999999994
2457946.79648	18.658	0.067
2457947.5372200003	18.632	0.063
2457947.65287	18.679000000000002	0.064
2457947.80007	18.511	0.09699999999999999
2457948.54925	18.658	0.051
2457948.6745	18.632	0.059000000000000004
2457948.80693	18.587	0.061
2457949.5956599996	18.702	0.069
2457949.72917	18.614	0.08900000000000001
2457952.7429400003	18.667	0.055999999999999994
2457953.50804	18.695999999999998	0.054000000000000006
2457953.6485599997	18.718	0.055999999999999994
2457953.7678799997	18.697	0.061
2457954.52481	18.749000000000002	0.055999999999999994
2457954.67137	18.62	0.038
2457955.72078	18.7	0.046
2457956.51084	18.659000000000002	0.055999999999999994
2457956.65352	18.662	0.045
2457956.76926	18.618	0.054000000000000006
2457957.69489	18.699	0.063
2457958.6071599997	18.589000000000002	0.063
2457958.70126	18.673	0.059000000000000004
2457958.80609	18.584	0.069
2457959.56563	18.673	0.046
2457959.68246	18.668	0.045
2457959.7932700003	18.588	0.067
2457960.55203	18.602999999999998	0.043
2457960.6874700002	18.644000000000002	0.053
2457960.7945	18.618	0.059000000000000004
2457961.62615	18.647000000000002	0.049
2457961.75013	18.646	0.064
2457962.56099	18.635	0.043
2457964.52825	18.759	0.071
2457964.6282099998	18.7	0.057999999999999996
2457964.78636	18.799	0.087
2457965.69783	18.64	0.055999999999999994
2457966.57165	18.62	0.059000000000000004
2457966.68194	18.692	0.063
2457967.6132400003	18.677	0.069
2457967.70301	18.668	0.087
2457971.47485	18.522000000000002	0.094
2457971.52758	18.712	0.079
2457971.5693	18.652	0.07200000000000001
2457971.61606	18.618	0.076
2457971.6564	18.615	0.059000000000000004
2457972.47547	18.795	0.12300000000000001
2457972.57831	18.711	0.08900000000000001
2457972.63222	18.609	0.07400000000000001
2457972.68008	18.572	0.081
2457972.73594	18.655	0.11199999999999999
2457973.57694	18.727	0.079
2457973.70903	18.555999999999997	0.087
2457974.56455	18.715	0.069
2457974.6803200003	18.659000000000002	0.079
2457975.62854	18.625999999999998	0.076
2457979.5608099997	18.673	0.046
2457980.47841	18.662	0.08199999999999999
2457980.61199	18.663	0.066
2457981.51973	18.634	0.063
2457981.66463	18.686	0.067
2457982.5740900002	18.682000000000002	0.053
2457983.5007599997	18.666	0.071
2457983.61203	18.666	0.053
2457984.52507	18.627	0.061
2457984.63884	18.637	0.053
2457985.57512	18.78	0.077
2457986.53686	18.637999999999998	0.045
2457986.6653400003	18.665	0.051
2457987.5959799998	18.675	0.049
2457990.5110400002	18.703	0.067
2457990.64181	18.596	0.076
2457991.5718400003	18.608	0.066
2457992.4959	18.651	0.051
2457992.61655	18.628	0.054000000000000006
2457993.54589	18.657	0.053
2457993.65488	18.589000000000002	0.057999999999999996
2457994.58905	18.64	0.063
2457998.4950599996	18.660999999999998	0.061
2457998.53578	18.553	0.08199999999999999
2457998.58468	18.624000000000002	0.07400000000000001
2457998.62816	18.652	0.12300000000000001
2458000.5090900003	18.585	0.07400000000000001
2458000.5622799997	18.688	0.07400000000000001
2458000.60899	18.589000000000002	0.08900000000000001
2458001.51358	18.660999999999998	0.055999999999999994
2458001.6225099997	18.656	0.066
2458002.63551	18.708	0.113
2458004.49737	18.735	0.07400000000000001
2458005.4805	18.662	0.105
2458007.59358	18.783	0.079
2458010.50607	18.660999999999998	0.077
2458011.57253	18.59	0.079
2458012.57329	18.737000000000002	0.059000000000000004
2458013.57757	18.725	0.063
2458014.58663	18.677	0.063
2458016.48291	18.798	0.099
2458017.49838	18.586	0.057999999999999996
2458018.53427	18.703	0.064
2458019.56122	18.727999999999998	0.057999999999999996
2458021.5057200002	18.595	0.067
2458026.54015	18.657	0.079
2458029.5271900003	18.746	0.102
2458032.56506	18.561	0.08199999999999999
2458036.52472	18.755	0.092
2458037.56683	18.707	0.094
2458040.53232	18.682000000000002	0.084
2458046.52696	18.458	0.08900000000000001
2458053.53072	18.783	0.125
2458057.51196	18.535	0.08900000000000001
