2455380.5601	16.794	0.013000000000000001
2455382.56654	16.787	0.019
2455386.50175	16.778	0.013000000000000001
2455393.71913	16.775	0.016
2455402.68351	16.773	0.033
2455404.71944	16.773	0.016
2455408.50459	16.755	0.013999999999999999
2455408.71171	16.784000000000002	0.013999999999999999
2455409.66836	16.784000000000002	0.011000000000000001
2455410.67178	16.787	0.013999999999999999
2455412.64542	16.776	0.013999999999999999
2455413.70023	16.766	0.013000000000000001
2455418.61423	16.788	0.011000000000000001
2455421.64272	16.785	0.013000000000000001
2455425.55186	16.791	0.013000000000000001
2455434.51134	16.798	0.016
2455435.4829599997	16.788	0.013999999999999999
2455436.4809	16.782	0.016
2455438.51618	16.812	0.016
2455439.5843599997	16.788	0.016
2455443.5986200003	16.791	0.013999999999999999
2455447.52211	16.794	0.013999999999999999
2455450.53453	16.795	0.016
2455458.59005	16.79	0.016
2455459.6211900003	16.771	0.013999999999999999
2455461.50331	16.78	0.016
2455462.51816	16.779	0.013999999999999999
2455465.52427	16.782	0.016
2455467.5041	16.784000000000002	0.013000000000000001
2455470.52849	16.784000000000002	0.013999999999999999
2455471.53583	16.794	0.013999999999999999
2455471.60059	16.794	0.013000000000000001
2455472.56727	16.768	0.013000000000000001
2455473.51741	16.79	0.016
2455476.50696	16.79	0.013999999999999999
2455478.49507	16.8	0.013999999999999999
2455479.52266	16.773	0.013999999999999999
2455480.51892	16.781	0.016
2455481.4877400002	16.779	0.022000000000000002
2455485.5345900003	16.777	0.016
2455486.52093	16.774	0.016
2455487.50391	16.748	0.013000000000000001
2455488.48785	16.785999999999998	0.021
2455488.55413	16.789	0.017
2455489.54476	16.820999999999998	0.019
2455490.5408	16.795	0.021
2455492.53758	16.778	0.021
2455495.49118	16.805	0.019
2455497.49388	16.789	0.024
2455499.4983	16.771	0.022000000000000002
2455502.5104900002	16.792	0.016
2455598.87579	16.798	0.016
2455599.88395	16.79	0.013999999999999999
2455600.87453	16.768	0.013000000000000001
2455616.89161	16.787	0.017
2455622.89088	16.802	0.011000000000000001
2455625.82454	16.78	0.013000000000000001
2455627.8174900003	16.792	0.013999999999999999
2455631.85673	16.787	0.013000000000000001
2455633.81182	16.778	0.013000000000000001
2455634.80557	16.774	0.013000000000000001
2455639.80502	16.766	0.013999999999999999
2455640.7777299997	16.779	0.017
2455640.85414	16.781	0.013999999999999999
2455641.76908	16.779	0.013999999999999999
2455643.7602	16.787	0.013999999999999999
2455644.7641	16.781	0.025
2455648.74991	16.793	0.016
2455649.75573	16.775	0.013000000000000001
2455649.86237	16.757	0.013999999999999999
2455650.7478	16.785	0.013000000000000001
2455651.76846	16.788	0.013000000000000001
2455652.81005	16.791	0.011000000000000001
2455654.7814700003	16.801	0.013000000000000001
2455655.7828	16.782	0.013000000000000001
2455655.8656099997	16.797	0.011000000000000001
2455656.81685	16.778	0.011000000000000001
2455657.77922	16.805999999999997	0.011000000000000001
2455657.86335	16.809	0.013000000000000001
2455658.77442	16.792	0.013999999999999999
2455658.87122	16.793	0.013000000000000001
2455659.72803	16.788	0.013000000000000001
2455659.8048900003	16.8	0.013000000000000001
2455660.87651	16.809	0.013999999999999999
2455662.76959	16.8	0.013999999999999999
2455663.7722	16.779	0.01
2455664.8154599997	16.801	0.013000000000000001
2455664.91953	16.773	0.013000000000000001
2455665.80211	16.792	0.011000000000000001
2455665.91395	16.798	0.011000000000000001
2455675.73566	16.778	0.013000000000000001
2455675.9259900004	16.805999999999997	0.013999999999999999
2455677.77836	16.774	0.011000000000000001
2455679.69916	16.801	0.013999999999999999
2455679.88491	16.796	0.013000000000000001
2455680.77322	16.795	0.013000000000000001
2455681.67655	16.798	0.013999999999999999
2455681.8599900003	16.811	0.016
2455682.7519900003	16.8	0.013000000000000001
2455683.69899	16.779	0.013000000000000001
2455683.9208	16.793	0.011000000000000001
2455684.83447	16.79	0.013000000000000001
2455685.80774	16.788	0.011000000000000001
2455686.90419	16.794	0.013999999999999999
2455687.79641	16.781	0.013000000000000001
2455689.70224	16.78	0.01
2455691.62538	16.784000000000002	0.017
2455691.84135	16.81	0.013000000000000001
2455692.89877	16.787	0.013000000000000001
2455693.76785	16.799	0.011000000000000001
2455693.9241400003	16.795	0.013999999999999999
2455694.92746	16.811	0.013999999999999999
2455696.6201	16.784000000000002	0.017
2455697.6294	16.793	0.016
2455698.63461	16.789	0.017
2455703.73295	16.784000000000002	0.016
2455705.7691599997	16.77	0.013999999999999999
2455706.66051	16.791	0.017
2455707.60458	16.779	0.013999999999999999
2455708.57738	16.787	0.017
2455708.77151	16.755	0.013000000000000001
2455709.61385	16.767	0.013000000000000001
2455709.62651	16.791	0.013000000000000001
2455712.84553	16.824	0.013000000000000001
2455713.86145	16.767	0.013000000000000001
2455715.62142	16.785999999999998	0.011000000000000001
2455715.8064200003	16.793	0.011000000000000001
2455716.69208	16.778	0.013000000000000001
2455716.86902	16.798	0.013999999999999999
2455721.781	16.774	0.011000000000000001
2455722.59222	16.749000000000002	0.011000000000000001
2455722.80648	16.775	0.013000000000000001
2455726.5497	16.782	0.017
2455734.70665	16.788	0.016
2455734.89047	16.8	0.019
2455735.83892	16.787	0.013999999999999999
2455736.57962	16.793	0.013000000000000001
2455736.78865	16.79	0.011000000000000001
2455737.5775	16.798	0.011000000000000001
2455738.6057700003	16.792	0.013000000000000001
2455739.69032	16.785	0.013000000000000001
2455739.86424	16.798	0.016
2455740.8498	16.79	0.016
2455741.6198299997	16.775	0.013000000000000001
2455741.79908	16.778	0.011000000000000001
2455742.5519	16.784000000000002	0.013999999999999999
2455742.73235	16.78	0.011000000000000001
2455743.60438	16.755	0.013999999999999999
2455743.78155	16.811	0.013999999999999999
2455744.53928	16.789	0.016
2455744.75166	16.793	0.013000000000000001
2455745.5287900004	16.774	0.016
2455745.71484	16.791	0.013000000000000001
2455746.5455400003	16.775	0.013999999999999999
2455746.74291	16.78	0.013000000000000001
2455747.6321900003	16.776	0.016
2455748.60784	16.799	0.013999999999999999
2455749.5789799998	16.792	0.013999999999999999
2455752.639	16.789	0.013999999999999999
2455753.52508	16.81	0.031
2455753.78874	16.775	0.017
2455759.84013	16.784000000000002	0.019
2455760.51863	16.788	0.016
2455760.7261900003	16.774	0.013999999999999999
2455761.53716	16.733	0.006999999999999999
2455762.57839	16.801	0.013999999999999999
2455762.73475	16.785	0.013999999999999999
2455763.80025	16.797	0.017
2455764.62875	16.773	0.011000000000000001
2455765.6935	16.795	0.013999999999999999
2455769.5132400002	16.774	0.013000000000000001
2455769.72707	16.791	0.013000000000000001
2455775.5964900004	16.778	0.013999999999999999
2455776.65015	16.785999999999998	0.013999999999999999
2455778.50637	16.799	0.016
2455779.64514	16.82	0.013000000000000001
2455783.56734	16.779	0.021
2455784.5913400003	16.771	0.013000000000000001
2455785.6707200003	16.787	0.016
2455786.61639	16.811	0.013999999999999999
2455787.6507599996	16.785999999999998	0.013000000000000001
2455788.57183	16.775	0.013999999999999999
2455788.7347	16.781	0.019
2455790.6301	16.779	0.013999999999999999
2455791.52757	16.799	0.013999999999999999
2455793.4827099997	16.801	0.016
2455793.5482099997	16.773	0.013000000000000001
2455793.60289	16.802	0.013000000000000001
2455793.63882	16.799	0.013999999999999999
2455793.69601	16.765	0.013999999999999999
2455793.73036	16.805	0.016
2455794.48567	16.822	0.016
2455794.53988	16.792	0.013999999999999999
2455794.6359099997	16.804000000000002	0.013000000000000001
2455795.5303599997	16.791	0.016
2455796.50366	16.79	0.013000000000000001
2455796.69562	16.808	0.016
2455801.61212	16.798	0.013999999999999999
2455802.64489	16.823	0.016
2455804.5978900003	16.794	0.013000000000000001
2455805.55963	16.782	0.011000000000000001
2455806.55677	16.816	0.017
2455812.50025	16.778	0.017
2455812.65944	16.805999999999997	0.022000000000000002
2455813.6411099997	16.791	0.013000000000000001
2455815.61881	16.779	0.013000000000000001
2455816.59033	16.802	0.013999999999999999
2455817.59219	16.81	0.013999999999999999
2455818.5724299997	16.775	0.013999999999999999
2455819.58073	16.804000000000002	0.013999999999999999
2455820.55879	16.81	0.013999999999999999
2455822.52844	16.791	0.016
2455822.6169	16.778	0.013000000000000001
2455823.54832	16.804000000000002	0.017
2455823.63235	16.797	0.017
2455824.56991	16.785	0.013000000000000001
2455825.49071	16.792	0.016
2455825.5865599997	16.779	0.013000000000000001
2455826.50974	16.772000000000002	0.016
2455826.5979299997	16.823	0.016
2455827.5358	16.791	0.017
2455827.6162099997	16.768	0.016
2455828.54917	16.775	0.013000000000000001
2455828.62156	16.79	0.013999999999999999
2455829.5599599998	16.784000000000002	0.013000000000000001
2455830.48589	16.794	0.013000000000000001
2455830.57288	16.777	0.013000000000000001
2455831.54506	16.783	0.013000000000000001
2455831.61817	16.774	0.016
2455832.56806	16.788	0.013999999999999999
2455833.52635	16.767	0.013000000000000001
2455833.60384	16.788	0.016
2455834.5633099996	16.773	0.013000000000000001
2455835.54673	16.778	0.017
2455836.54238	16.783	0.017
2455839.48892	16.781	0.016
2455839.5677900002	16.81	0.016
2455840.51879	16.778	0.013999999999999999
2455840.61312	16.787	0.016
2455841.5416900003	16.766	0.016
2455842.49785	16.788	0.022000000000000002
2455842.59032	16.759	0.017
2455843.54459	16.793	0.016
2455844.48826	16.787	0.019
2455844.56918	16.803	0.017
2455845.5301599996	16.78	0.019
2455846.4907400003	16.753	0.021
2455846.57114	16.796	0.024
2455847.54658	16.816	0.022000000000000002
2455850.51773	16.781	0.013999999999999999
2455850.57755	16.78	0.013000000000000001
2455851.55744	16.769000000000002	0.013999999999999999
2455852.50865	16.767	0.017
2455854.4980200003	16.858	0.019
2455854.56164	16.736	0.021
2455855.55657	16.792	0.016
2455857.5005900003	16.774	0.019
2455859.5093400003	16.794	0.016
2455860.52483	16.784000000000002	0.017
2455866.51375	16.746	0.021
2455867.5172599996	16.792	0.013999999999999999
2455868.51826	16.801	0.019
2455869.50919	16.773	0.017
2455870.51485	16.794	0.013999999999999999
2455970.87732	16.775	0.013000000000000001
2455976.85662	16.794	0.013000000000000001
2455977.8486599997	16.814	0.013999999999999999
2455978.8668400003	16.809	0.013000000000000001
2455979.87129	16.804000000000002	0.013000000000000001
2455982.81857	16.771	0.013000000000000001
2455983.8206700003	16.789	0.013999999999999999
2455984.82003	16.792	0.013999999999999999
2455984.90128	16.778	0.013999999999999999
2455985.876	16.779	0.011000000000000001
2455986.8572299997	16.767	0.011000000000000001
2455987.83359	16.769000000000002	0.013000000000000001
2455988.82091	16.797	0.013999999999999999
2455989.80639	16.771	0.016
2455989.88436	16.78	0.013000000000000001
2455990.85047	16.789	0.013000000000000001
2455991.8251099996	16.796	0.013000000000000001
2455992.79735	16.793	0.016
2455992.88417	16.775	0.011000000000000001
2455993.8634200003	16.801	0.016
2455994.83232	16.773	0.013000000000000001
2455995.78905	16.789	0.013000000000000001
2455995.84658	16.771	0.013000000000000001
2455996.80017	16.775	0.013000000000000001
2455996.88449	16.794	0.011000000000000001
2455997.8316	16.796	0.013000000000000001
2455998.7823	16.771	0.013999999999999999
2455999.8048	16.771	0.013000000000000001
2456003.88852	16.785999999999998	0.013000000000000001
2456004.82144	16.788	0.013000000000000001
2456005.83146	16.788	0.013000000000000001
2456006.76388	16.797	0.011000000000000001
2456006.86655	16.777	0.011000000000000001
2456007.7699	16.796	0.013000000000000001
2456007.86534	16.78	0.011000000000000001
2456008.7635	16.778	0.013000000000000001
2456008.86082	16.792	0.011000000000000001
2456009.76113	16.78	0.013000000000000001
2456009.8610799997	16.776	0.011000000000000001
2456010.75413	16.796	0.013999999999999999
2456010.8547900002	16.783	0.011000000000000001
2456011.7387900003	16.796	0.013999999999999999
2456011.85101	16.762	0.013000000000000001
2456012.7524	16.792	0.013000000000000001
2456012.84957	16.802	0.011000000000000001
2456013.7559	16.778	0.013000000000000001
2456013.83476	16.778	0.011000000000000001
2456014.7319900002	16.782	0.013000000000000001
2456015.78712	16.776	0.01
2456015.87543	16.783	0.01
2456016.76874	16.797	0.011000000000000001
2456016.87184	16.772000000000002	0.011000000000000001
2456017.75677	16.769000000000002	0.01
2456017.8341599996	16.785999999999998	0.01
2456019.72321	16.837	0.013999999999999999
2456019.81962	16.784000000000002	0.013999999999999999
2456019.8966900003	16.773	0.01
2456020.7554900004	16.785999999999998	0.013000000000000001
2456021.71134	16.793	0.016
2456021.8854	16.781	0.011000000000000001
2456022.73687	16.788	0.013000000000000001
2456023.7707700003	16.746	0.013000000000000001
2456023.85151	16.783	0.013000000000000001
2456024.72743	16.801	0.016
2456024.9199200002	16.781	0.013000000000000001
2456025.70305	16.792	0.017
2456025.78111	16.794	0.016
2456025.8853	16.779	0.013999999999999999
2456029.90937	16.787	0.013000000000000001
2456031.7691099998	16.779	0.013000000000000001
2456032.69793	16.78	0.013999999999999999
2456032.87773	16.779	0.011000000000000001
2456034.75565	16.772000000000002	0.011000000000000001
2456035.89898	16.801	0.013000000000000001
2456040.77948	16.769000000000002	0.013000000000000001
2456041.72625	16.796	0.013999999999999999
2456041.91623	16.797	0.011000000000000001
2456047.69583	16.791	0.013000000000000001
2456047.88695	16.784000000000002	0.011000000000000001
2456049.73527	16.789	0.011000000000000001
2456049.9159	16.783	0.011000000000000001
2456053.66077	16.749000000000002	0.016
2456059.7493	16.808	0.013000000000000001
2456059.92608	16.771	0.011000000000000001
2456061.82761	16.796	0.013000000000000001
2456062.6968900003	16.787	0.013000000000000001
2456062.87571	16.783	0.013000000000000001
2456063.8448400004	16.777	0.013000000000000001
2456064.7774799997	16.766	0.01
2456065.62173	16.762	0.013000000000000001
2456066.7151900004	16.783	0.011000000000000001
2456066.90041	16.781	0.011000000000000001
2456067.7022	16.762999999999998	0.011000000000000001
2456067.8801700003	16.754	0.011000000000000001
2456068.71407	16.77	0.011000000000000001
2456068.93338	16.831	0.013000000000000001
2456069.6790400003	16.793	0.011000000000000001
2456069.86998	16.774	0.01
2456070.66658	16.808	0.013000000000000001
2456070.8431599997	16.779	0.011000000000000001
2456071.82234	16.802	0.011000000000000001
2456075.62373	16.774	0.011000000000000001
2456075.8061	16.78	0.01
2456076.6568	16.789	0.013000000000000001
2456076.83838	16.782	0.013000000000000001
2456077.77676	16.782	0.011000000000000001
2456078.59908	16.819000000000003	0.013999999999999999
2456079.5748799997	16.788	0.013000000000000001
2456079.93315	16.778	0.011000000000000001
2456080.70895	16.762	0.011000000000000001
2456081.65895	16.808	0.013999999999999999
2456081.84009	16.771	0.011000000000000001
2456082.65073	16.838	0.021
2456082.85438	16.808	0.021
2456085.66317	16.78	0.013999999999999999
2456085.82606	16.783	0.013999999999999999
2456086.5991599998	16.771	0.013000000000000001
2456086.78265	16.795	0.013000000000000001
2456087.57816	16.840999999999998	0.011000000000000001
2456089.63051	16.785999999999998	0.01
2456089.81882	16.776	0.011000000000000001
2456092.6651	16.781	0.013000000000000001
2456093.57981	16.799	0.013000000000000001
2456093.77967	16.819000000000003	0.013999999999999999
2456094.63055	16.82	0.013000000000000001
2456094.80336	16.805999999999997	0.013000000000000001
2456096.6212	16.785999999999998	0.013000000000000001
2456096.81582	16.797	0.013999999999999999
2456097.75231	16.803	0.016
2456097.90545	16.793	0.016
2456098.71339	16.788	0.013999999999999999
2456098.88061	16.793	0.013999999999999999
2456100.57302	16.79	0.013999999999999999
2456100.7497799997	16.787	0.013000000000000001
2456101.5266299997	16.79	0.013000000000000001
2456101.68024	16.803	0.013000000000000001
2456101.86716	16.782	0.013999999999999999
2456102.66324	16.798	0.011000000000000001
2456102.82125	16.79	0.013000000000000001
2456103.57179	16.792	0.013000000000000001
2456103.7508400003	16.784000000000002	0.011000000000000001
2456104.7354599996	16.77	0.01
2456105.48696	16.788	0.019
2456105.68353	16.79	0.011000000000000001
2456106.69776	16.767	0.013999999999999999
2456108.67485	16.784000000000002	0.013000000000000001
2456108.837	16.778	0.011000000000000001
2456109.6667400002	16.795	0.016
2456109.82767	16.791	0.016
2456113.6297299997	16.779	0.013999999999999999
2456113.78791	16.789	0.013000000000000001
2456114.63859	16.77	0.013999999999999999
2456114.8105599997	16.775	0.013999999999999999
2456115.5740799997	16.785999999999998	0.013000000000000001
2456115.8037799997	16.788	0.016
2456116.62516	16.789	0.011000000000000001
2456116.80003	16.778	0.013000000000000001
2456117.59326	16.785	0.011000000000000001
2456117.7728	16.78	0.013000000000000001
2456118.54651	16.773	0.011000000000000001
2456118.73508	16.781	0.011000000000000001
2456119.5091	16.776	0.013999999999999999
2456119.6878	16.777	0.011000000000000001
2456120.52378	16.801	0.013999999999999999
2456120.71866	16.788	0.013000000000000001
2456121.51555	16.787	0.011000000000000001
2456123.55409	16.762	0.013000000000000001
2456123.7294099997	16.750999999999998	0.013000000000000001
2456124.5274799997	16.768	0.013000000000000001
2456124.73797	16.762	0.011000000000000001
2456125.5415	16.774	0.013000000000000001
2456125.7453799997	16.768	0.011000000000000001
2456126.57637	16.795	0.013999999999999999
2456127.47906	16.802	0.013999999999999999
2456128.6825900003	16.742	0.011000000000000001
2456131.55281	16.796	0.013000000000000001
2456133.5389799997	16.768	0.013999999999999999
2456133.74199	16.781	0.013000000000000001
2456134.66172	16.789	0.013999999999999999
2456135.64106	16.788	0.016
2456136.48852	16.756	0.017
2456140.62279	16.785	0.013999999999999999
2456140.78038	16.805999999999997	0.040999999999999995
2456141.64473	16.765	0.013999999999999999
2456142.49277	16.765	0.017
2456147.50613	16.801	0.013999999999999999
2456147.70395	16.761	0.013999999999999999
2456148.64011	16.805999999999997	0.011000000000000001
2456150.48438	16.809	0.013999999999999999
2456150.6798	16.791	0.013000000000000001
2456151.6622099997	16.791	0.013000000000000001
2456152.53882	16.756	0.013000000000000001
2456154.48712	16.783	0.013000000000000001
2456154.7228200003	16.778	0.013000000000000001
2456158.57601	16.792	0.013000000000000001
2456158.73506	16.787	0.013999999999999999
2456159.70199	16.774	0.013000000000000001
2456160.66115	16.784000000000002	0.011000000000000001
2456161.55782	16.79	0.013999999999999999
2456164.55676	16.781	0.013999999999999999
2456167.54005	16.776	0.013999999999999999
2456168.54183	16.755	0.011000000000000001
2456169.54544	16.8	0.016
2456171.49707	16.779	0.011000000000000001
2456171.6882599997	16.785	0.013999999999999999
2456172.6483299998	16.777	0.011000000000000001
2456175.59829	16.79	0.013000000000000001
2456179.51215	16.584	0.013000000000000001
2456179.58959	16.746	0.013999999999999999
2456180.57523	16.767	0.013000000000000001
2456181.5359099996	16.779	0.011000000000000001
2456182.5373299997	16.793	0.013000000000000001
2456183.59534	16.773	0.011000000000000001
2456184.4779	16.784000000000002	0.013999999999999999
2456184.50522	16.794	0.011000000000000001
2456184.52101	16.785	0.011000000000000001
2456184.565	16.798	0.011000000000000001
2456184.59521	16.776	0.011000000000000001
2456184.59963	16.795	0.011000000000000001
2456184.63447	16.769000000000002	0.011000000000000001
2456185.4751	16.768	0.013999999999999999
2456185.5418	16.773	0.011000000000000001
2456185.6023	16.812	0.011000000000000001
2456186.5523099997	16.783	0.011000000000000001
2456190.59018	16.774	0.011000000000000001
2456191.6263200003	16.783	0.013000000000000001
2456195.55994	16.793	0.013000000000000001
2456195.6364599997	16.782	0.013000000000000001
2456196.5569599997	16.789	0.013999999999999999
2456196.6335400003	16.76	0.016
2456197.5587	16.797	0.016
2456198.56512	16.79	0.016
2456200.6	16.8	0.019
2456201.58046	16.822	0.021
2456203.5208799997	16.829	0.016
2456203.61235	16.77	0.019
2456204.56376	16.797	0.013999999999999999
2456205.50509	16.799	0.013000000000000001
2456205.58619	16.796	0.013000000000000001
2456208.53207	16.797	0.013999999999999999
2456209.5814099996	16.773	0.016
2456210.5572	16.795	0.013999999999999999
2456211.5079099997	16.805	0.013000000000000001
2456211.58871	16.788	0.013000000000000001
2456212.5073700002	16.766	0.013000000000000001
2456212.58278	16.812	0.013000000000000001
2456213.53664	16.78	0.013999999999999999
2456214.5157	16.795	0.013000000000000001
2456214.57662	16.768	0.013999999999999999
2456216.51646	16.785	0.013000000000000001
2456216.57815	16.805	0.016
2456217.54907	16.778	0.011000000000000001
2456218.52415	16.79	0.013999999999999999
2456219.55574	16.809	0.013000000000000001
2456221.5303599997	16.815	0.027000000000000003
2456221.55625	16.74	0.024
2456223.58213	16.802	0.017
2456226.5180200003	16.776	0.019
2456231.52303	16.772000000000002	0.017
2456233.55194	16.798	0.016
2456238.5273	16.803	0.017
2456334.88745	16.767	0.013999999999999999
2456335.86443	16.785	0.013000000000000001
2456338.8548	16.817999999999998	0.013999999999999999
2456339.85004	16.785	0.011000000000000001
2456340.86977	16.789	0.013000000000000001
2456342.83704	16.777	0.013999999999999999
2456347.8284299998	16.787	0.013000000000000001
2456348.8234900003	16.792	0.013000000000000001
2456349.83486	16.795	0.013999999999999999
2456350.83666	16.79	0.013999999999999999
2456351.83673	16.794	0.013999999999999999
2456352.83607	16.795	0.013000000000000001
2456353.80955	16.805999999999997	0.013000000000000001
2456354.78212	16.742	0.016
2456358.83198	16.785999999999998	0.011000000000000001
2456360.8234599996	16.784000000000002	0.01
2456361.80849	16.799	0.011000000000000001
2456363.79875	16.775	0.013000000000000001
2456369.7877599997	16.804000000000002	0.011000000000000001
2456373.76021	16.77	0.013000000000000001
2456374.7708099997	16.787	0.013999999999999999
2456375.76848	16.789	0.011000000000000001
2456376.7792599997	16.764	0.011000000000000001
2456376.8738700002	16.776	0.01
2456377.88435	16.757	0.01
2456380.77725	16.76	0.011000000000000001
2456382.87162	16.789	0.017
2456387.8574	16.781	0.011000000000000001
2456388.7980400003	16.762999999999998	0.011000000000000001
2456388.91157	16.787	0.011000000000000001
2456389.79055	16.795	0.011000000000000001
2456390.73176	16.793	0.011000000000000001
2456390.81373	16.779	0.011000000000000001
2456390.9052	16.819000000000003	0.011000000000000001
2456391.86275	16.820999999999998	0.013000000000000001
2456394.82246	16.781	0.013000000000000001
2456396.72409	16.792	0.011000000000000001
2456396.9056	16.788	0.011000000000000001
2456399.68622	16.793	0.013000000000000001
2456401.78706	16.779	0.01
2456402.70765	16.805999999999997	0.013000000000000001
2456405.9172099996	16.767	0.008
2456407.65822	16.745	0.019
2456407.85292	16.803	0.011000000000000001
2456409.91065	16.798	0.016
2456415.86939	16.798	0.013999999999999999
2456420.6279599997	16.761	0.011000000000000001
2456421.80719	16.767	0.011000000000000001
2456422.75093	16.755	0.011000000000000001
2456423.71033	16.754	0.011000000000000001
2456423.90721	16.762	0.011000000000000001
2456426.62921	16.768	0.011000000000000001
2456426.8695	16.775	0.011000000000000001
2456427.9057400003	16.788	0.01
2456428.65996	16.773	0.016
2456428.85677	16.78	0.011000000000000001
2456431.84275	16.8	0.011000000000000001
2456432.86472	16.774	0.011000000000000001
2456433.86932	16.815	0.011000000000000001
2456434.77209	16.793	0.013000000000000001
2456435.61912	16.768	0.016
2456435.80558	16.785	0.011000000000000001
2456436.6052099997	16.785	0.013999999999999999
2456436.79591	16.782	0.013000000000000001
2456437.7367	16.785999999999998	0.017
2456437.89334	16.799	0.021
2456441.83256	16.829	0.016
2456442.79654	16.791	0.01
2456443.5973400003	16.804000000000002	0.011000000000000001
2456443.62945	16.781	0.01
2456444.81582	16.785999999999998	0.013000000000000001
2456445.61552	16.755	0.013000000000000001
2456445.82157	16.802	0.011000000000000001
2456446.6052200003	16.794	0.013000000000000001
2456446.79526	16.783	0.01
2456447.76694	16.8	0.011000000000000001
2456447.93002	16.762999999999998	0.011000000000000001
2456448.87844	16.779	0.013000000000000001
2456449.6548200003	16.793	0.011000000000000001
2456449.83852	16.794	0.011000000000000001
2456450.78857	16.795	0.011000000000000001
2456451.5485900003	16.769000000000002	0.016
2456451.72973	16.797	0.011000000000000001
2456451.9075	16.783	0.013000000000000001
2456452.91843	16.79	0.011000000000000001
2456454.87685	16.799	0.011000000000000001
2456455.7393	16.772000000000002	0.01
2456456.8799400004	16.765	0.01
2456457.8188400003	16.789	0.011000000000000001
2456458.78725	16.784000000000002	0.011000000000000001
2456459.5542599997	16.781	0.013000000000000001
2456459.74632	16.777	0.01
2456459.9062	16.822	0.013999999999999999
2456460.84113	16.772000000000002	0.011000000000000001
2456461.6702900003	16.792	0.013000000000000001
2456461.89231	16.757	0.011000000000000001
2456462.83289	16.789	0.013000000000000001
2456463.6069400003	16.782	0.013999999999999999
2456463.79823	16.804000000000002	0.013000000000000001
2456464.61567	16.805999999999997	0.013999999999999999
2456464.8068	16.778	0.013000000000000001
2456468.60178	16.814	0.013999999999999999
2456468.81568	16.793	0.013000000000000001
2456469.68785	16.8	0.013999999999999999
2456471.6097	16.782	0.013000000000000001
2456472.8447	16.781	0.016
2456473.80606	16.789	0.013000000000000001
2456474.56837	16.791	0.013000000000000001
2456474.75914	16.782	0.013000000000000001
2456475.53156	16.79	0.013999999999999999
2456475.73512	16.776	0.011000000000000001
2456476.5016099997	16.78	0.013999999999999999
2456477.68338	16.794	0.013000000000000001
2456478.53318	16.77	0.013000000000000001
2456479.59531	16.765	0.013000000000000001
2456480.69337	16.785999999999998	0.011000000000000001
2456481.50072	16.793	0.013999999999999999
2456481.74416	16.79	0.013000000000000001
2456483.61292	16.743	0.008
2456485.47191	16.773	0.013000000000000001
2456485.70456	16.761	0.01
2456486.62775	16.779	0.01
2456486.82716	16.808	0.013000000000000001
2456487.8212	16.762999999999998	0.011000000000000001
2456490.69801	16.801	0.011000000000000001
2456492.76185	16.762999999999998	0.013999999999999999
2456497.70203	16.809	0.013999999999999999
2456498.7093	16.756	0.011000000000000001
2456500.69826	16.808	0.013999999999999999
2456501.68111	16.785	0.011000000000000001
2456504.6965900003	16.778	0.011000000000000001
2456505.62563	16.762999999999998	0.013000000000000001
2456505.78636	16.768	0.016
2456506.7397	16.803	0.013999999999999999
2456508.49716	16.784000000000002	0.013000000000000001
2456508.6894	16.767	0.011000000000000001
2456509.6131700003	16.795	0.01
2456510.47741	16.791	0.011000000000000001
2456510.6993400003	16.789	0.011000000000000001
2456511.64076	16.804000000000002	0.01
2456514.49827	16.811	0.013999999999999999
2456514.75325	16.798	0.013000000000000001
2456515.7363	16.782	0.011000000000000001
2456516.6910900003	16.768	0.013000000000000001
2456518.6957099997	16.798	0.011000000000000001
2456519.65389	16.783	0.011000000000000001
2456523.56815	16.785999999999998	0.011000000000000001
2456524.49104	16.759	0.011000000000000001
2456525.4918299997	16.766	0.016
2456526.63515	16.765	0.013999999999999999
2456529.5709599997	16.793	0.013000000000000001
2456531.5386200002	16.775	0.011000000000000001
2456532.53687	16.769000000000002	0.011000000000000001
2456533.55105	16.773	0.013000000000000001
2456534.61327	16.762999999999998	0.011000000000000001
2456539.48192	16.820999999999998	0.011000000000000001
2456541.48009	16.774	0.011000000000000001
2456543.55847	16.774	0.011000000000000001
2456544.58645	16.794	0.011000000000000001
2456545.63504	16.764	0.011000000000000001
2456547.60383	16.792	0.016
2456555.574	16.789	0.013000000000000001
2456558.54135	16.778	0.011000000000000001
2456559.5808099997	16.803	0.013000000000000001
2456560.63971	16.78	0.013000000000000001
2456562.59479	16.798	0.011000000000000001
2456563.60612	16.789	0.013000000000000001
2456564.5395400003	16.762999999999998	0.011000000000000001
2456565.5112400004	16.793	0.013000000000000001
2456565.60624	16.769000000000002	0.011000000000000001
2456567.5794599997	16.844	0.013000000000000001
2456568.57549	16.805	0.013999999999999999
2456569.5365299997	16.796	0.011000000000000001
2456570.4909	16.776	0.013999999999999999
2456571.52218	16.803	0.013999999999999999
2456571.60645	16.788	0.013999999999999999
2456572.58129	16.799	0.013999999999999999
2456573.53196	16.765	0.011000000000000001
2456577.51322	16.772000000000002	0.019
2456579.56879	16.803	0.016
2456581.50648	16.773	0.013000000000000001
2456582.5198	16.805	0.013999999999999999
2456584.5126400003	16.827	0.016
2456585.5131099997	16.788	0.016
2456586.53405	16.792	0.017
2456590.51932	16.757	0.017
2456590.5465700002	16.785999999999998	0.013999999999999999
2456593.49512	16.766	0.022000000000000002
2456593.50929	16.783	0.013999999999999999
2456593.51412	16.762	0.013999999999999999
2456595.51716	16.779	0.013999999999999999
2456695.8834	16.756	0.013000000000000001
2456696.87637	16.774	0.011000000000000001
2456699.84414	16.773	0.013000000000000001
2456701.85841	16.773	0.013000000000000001
2456703.85916	16.76	0.017
2456705.87971	16.775	0.013000000000000001
2456709.8488	16.787	0.013000000000000001
2456721.83325	16.74	0.011000000000000001
2456722.81355	16.785999999999998	0.016
2456726.8059799997	16.745	0.011000000000000001
2456729.7984599997	16.755	0.011000000000000001
2456733.79348	16.723	0.011000000000000001
2456738.79592	16.713	0.016
2456741.85088	16.732	0.011000000000000001
2456742.7695299997	16.75	0.01
2456744.77079	16.759	0.011000000000000001
2456746.76167	16.781	0.013000000000000001
2456754.8974	16.762999999999998	0.013000000000000001
2456756.86493	16.748	0.01
2456757.8317299997	16.744	0.011000000000000001
2456760.74766	16.72	0.011000000000000001
2456761.6970599997	16.762999999999998	0.016
2456763.78712	16.736	0.011000000000000001
2456764.71773	16.718	0.011000000000000001
2456764.8936	16.734	0.011000000000000001
2456765.82834	16.734	0.01
2456768.79475	16.708	0.011000000000000001
2456769.70477	16.719	0.01
2456769.87133	16.732	0.01
2456770.77243	16.71	0.011000000000000001
2456771.7058	16.725	0.01
2456771.9010400004	16.743	0.01
2456776.93609	16.754	0.013999999999999999
2456777.92392	16.724	0.011000000000000001
2456787.74579	16.708	0.01
2456788.84832	16.704	0.013000000000000001
2456790.62363	16.705	0.016
2456791.6313400003	16.718	0.016
2456792.6318	16.703	0.017
2456792.93109	16.697	0.013999999999999999
2456796.91492	16.706	0.013000000000000001
2456797.78297	16.678	0.011000000000000001
2456797.93722	16.724	0.017
2456799.8308900003	16.726	0.016
2456803.8945299997	16.698	0.013000000000000001
2456804.85319	16.695	0.013999999999999999
2456805.84402	16.708	0.013000000000000001
2456806.91136	16.688	0.016
2456807.798	16.668	0.013000000000000001
2456808.57496	16.707	0.016
2456808.77561	16.69	0.011000000000000001
2456808.9347900003	16.692	0.013999999999999999
2456809.74708	16.674	0.01
2456809.9284	16.699	0.016
2456813.76625	16.692999999999998	0.011000000000000001
2456813.94344	16.698	0.016
2456814.7993099997	16.667	0.011000000000000001
2456815.5838599997	16.657	0.013999999999999999
2456815.78658	16.674	0.011000000000000001
2456816.60925	16.657	0.013999999999999999
2456816.82545	16.673	0.013000000000000001
2456819.8239	16.657	0.017
2456823.8315	16.663	0.013000000000000001
2456826.54556	16.652	0.013000000000000001
2456827.53118	16.637999999999998	0.013000000000000001
2456829.8056	16.65	0.013000000000000001
2456830.7853900003	16.627	0.008
2456831.68915	16.639	0.01
2456831.86633	16.652	0.013999999999999999
2456833.5139099997	16.636	0.016
2456833.70789	16.623	0.013000000000000001
2456833.86467	16.635	0.016
2456834.83073	16.652	0.016
2456835.83761	16.663	0.013999999999999999
2456836.81212	16.639	0.013000000000000001
2456837.77917	16.625999999999998	0.011000000000000001
2456838.73535	16.622	0.011000000000000001
2456839.51812	16.622	0.013000000000000001
2456839.70715	16.621	0.013000000000000001
2456840.48217	16.554000000000002	0.016
2456840.71268	16.628	0.013999999999999999
2456841.76359	16.62	0.011000000000000001
2456842.74875	16.609	0.011000000000000001
2456844.5361900004	16.601	0.011000000000000001
2456844.72303	16.6	0.011000000000000001
2456845.4690400003	16.598	0.013000000000000001
2456845.80748	16.608	0.011000000000000001
2456847.7168	16.59	0.011000000000000001
2456851.78782	16.577	0.013999999999999999
2456855.5797599996	16.561	0.013000000000000001
2456855.76724	16.569000000000003	0.013000000000000001
2456856.74727	16.569000000000003	0.011000000000000001
2456857.75226	16.544	0.01
2456858.76243	16.555	0.011000000000000001
2456859.7226299997	16.555999999999997	0.011000000000000001
2456862.67449	16.558	0.011000000000000001
2456863.51763	16.535	0.01
2456863.70804	16.527	0.01
2456864.5504099997	16.51	0.013000000000000001
2456864.74397	16.522000000000002	0.011000000000000001
2456866.54976	16.52	0.013000000000000001
2456866.55907	16.53	0.011000000000000001
2456866.56991	16.532	0.013000000000000001
2456866.64979	16.512	0.008
2456866.6779	16.537	0.011000000000000001
2456866.6935400004	16.52	0.011000000000000001
2456866.70109	16.524	0.011000000000000001
2456866.70872	16.531	0.011000000000000001
2456866.7179099997	16.528	0.01
2456866.72132	16.512999999999998	0.01
2456866.72732	16.518	0.011000000000000001
2456866.73368	16.533	0.011000000000000001
2456866.73965	16.528	0.011000000000000001
2456866.74494	16.549	0.013000000000000001
2456866.75091	16.521	0.011000000000000001
2456866.75716	16.524	0.011000000000000001
2456866.76317	16.547	0.011000000000000001
2456866.76799	16.51	0.011000000000000001
2456866.77401	16.525	0.011000000000000001
2456866.7790599996	16.523	0.011000000000000001
2456866.78504	16.534000000000002	0.011000000000000001
2456866.7913599997	16.53	0.013000000000000001
2456866.7973599997	16.539	0.013000000000000001
2456866.8020599997	16.532	0.013000000000000001
2456866.80658	16.543	0.011000000000000001
2456866.81369	16.514	0.013000000000000001
2456867.63565	16.531	0.011000000000000001
2456870.6922299997	16.511	0.013000000000000001
2456872.516	16.486	0.011000000000000001
2456873.47763	16.494	0.013000000000000001
2456874.66156	16.499000000000002	0.011000000000000001
2456879.64895	16.476	0.013000000000000001
2456880.60497	16.491	0.016
2456881.4996	16.447	0.011000000000000001
2456882.47833	16.483	0.011000000000000001
2456882.65743	16.464000000000002	0.01
2456883.5704900003	16.458	0.01
2456885.5594599997	16.442	0.01
2456885.72867	16.449	0.011000000000000001
2456886.65499	16.447	0.011000000000000001
2456887.57872	16.454	0.01
2456888.49141	16.439	0.01
2456888.6924400004	16.452	0.011000000000000001
2456889.6392599996	16.427	0.01
2456890.57853	16.437	0.01
2456891.5068599996	16.418	0.01
2456891.69014	16.425	0.011000000000000001
2456895.64766	16.396	0.01
2456896.61234	16.387999999999998	0.01
2456900.54211	16.384	0.01
2456907.6321900003	16.367	0.011000000000000001
2456908.5433400003	16.381	0.011000000000000001
2456908.6316400003	16.355	0.011000000000000001
2456912.49715	16.359	0.011000000000000001
2456915.52159	16.355	0.01
2456918.5057599996	16.364	0.011000000000000001
2456919.562	16.361	0.01
2456922.5419	16.349	0.011000000000000001
2456923.56481	16.387999999999998	0.013000000000000001
2456924.60421	16.361	0.011000000000000001
2456926.49981	16.37	0.013000000000000001
2456927.55572	16.363	0.011000000000000001
2456928.59809	16.387999999999998	0.013000000000000001
2456930.52256	16.405	0.013999999999999999
2456936.48914	16.398	0.011000000000000001
2456937.49015	16.395	0.013000000000000001
2456938.48993	16.408	0.013000000000000001
2456938.57656	16.403	0.013999999999999999
2456940.53881	16.406	0.013000000000000001
2456942.50856	16.397000000000002	0.011000000000000001
2456943.50715	16.464000000000002	0.013999999999999999
2456948.51815	16.438	0.013000000000000001
2456951.53308	16.48	0.013000000000000001
2456954.49791	16.491	0.013999999999999999
2456959.52618	16.499000000000002	0.019
2456962.50878	16.458	0.019
2457064.8766400004	16.768	0.013000000000000001
2457066.88708	16.756	0.016
2457070.8565	16.769000000000002	0.011000000000000001
2457071.86887	16.748	0.011000000000000001
2457072.87649	16.764	0.013000000000000001
2457080.82462	16.78	0.016
2457081.88191	16.777	0.013999999999999999
2457083.83857	16.775	0.013999999999999999
2457084.82043	16.754	0.013000000000000001
2457087.8254400003	16.762999999999998	0.013999999999999999
2457088.801	16.762999999999998	0.013000000000000001
2457089.8522200002	16.781	0.013000000000000001
2457090.8188	16.78	0.013999999999999999
2457092.81125	16.749000000000002	0.011000000000000001
2457097.78057	16.79	0.013000000000000001
2457099.77342	16.773	0.011000000000000001
2457101.8872700003	16.771	0.016
2457108.82698	16.785999999999998	0.013000000000000001
2457113.7516	16.769000000000002	0.013000000000000001
2457114.7393099996	16.788	0.019
2457114.923	16.769000000000002	0.013999999999999999
2457115.86565	16.766	0.011000000000000001
2457125.74874	16.798	0.016
2457126.70104	16.782	0.013000000000000001
2457131.6899099997	16.767	0.013000000000000001
2457133.9158900003	16.785999999999998	0.013000000000000001
2457135.72764	16.762	0.011000000000000001
2457135.9138599997	16.749000000000002	0.01
2457137.71394	16.777	0.011000000000000001
2457137.90004	16.783	0.013000000000000001
2457139.71451	16.77	0.013999999999999999
2457139.89305	16.773	0.013000000000000001
2457141.67366	16.768	0.013000000000000001
2457142.91341	16.778	0.011000000000000001
2457144.67404	16.769000000000002	0.016
2457144.8851799998	16.758	0.013000000000000001
2457145.87328	16.766	0.013000000000000001
2457146.85715	16.791	0.013999999999999999
2457147.83828	16.765	0.013000000000000001
2457152.83406	16.738	0.013000000000000001
2457153.67205	16.772000000000002	0.011000000000000001
2457153.83665	16.777	0.01
2457158.66761	16.781	0.011000000000000001
2457159.66837	16.775	0.013000000000000001
2457169.60402	16.791	0.013000000000000001
2457170.59167	16.772000000000002	0.013000000000000001
2457172.59381	16.785	0.016
2457179.8645099998	16.783	0.013999999999999999
2457181.77405	16.785999999999998	0.013000000000000001
2457181.9383099996	16.793	0.016
2457183.84435	16.797	0.013000000000000001
2457184.64843	16.767	0.013999999999999999
2457184.8355900003	16.787	0.013000000000000001
2457186.6466099997	16.789	0.017
2457186.9174	16.8	0.016
2457187.8873400004	16.778	0.013000000000000001
2457189.54085	16.791	0.013999999999999999
2457189.89514	16.781	0.013999999999999999
2457190.70255	16.79	0.011000000000000001
2457190.88521	16.79	0.016
2457191.8077	16.789	0.013999999999999999
2457194.52226	16.772000000000002	0.01
2457194.71616	16.795	0.011000000000000001
2457196.8793900004	16.78	0.013999999999999999
2457197.55772	16.775	0.013999999999999999
2457197.7431900003	16.789	0.013000000000000001
2457198.54021	16.782	0.013000000000000001
2457198.72568	16.771	0.013000000000000001
2457198.8958	16.819000000000003	0.017
2457199.8449	16.781	0.013000000000000001
2457200.78338	16.774	0.011000000000000001
2457202.76127	16.785999999999998	0.013999999999999999
2457206.75017	16.783	0.013999999999999999
2457207.72385	16.746	0.016
2457209.65611	16.787	0.013999999999999999
2457209.81506	16.797	0.017
2457211.77568	16.794	0.013000000000000001
2457214.74496	16.768	0.011000000000000001
2457217.76478	16.799	0.013000000000000001
2457219.6099400003	16.778	0.011000000000000001
2457220.51529	16.794	0.013000000000000001
2457220.69891	16.785999999999998	0.011000000000000001
2457221.50208	16.796	0.013000000000000001
2457221.6845	16.804000000000002	0.011000000000000001
2457221.82716	16.771	0.013999999999999999
2457223.5185599998	16.79	0.017
2457223.70079	16.781	0.013999999999999999
2457224.5422799997	16.768	0.013000000000000001
2457224.74749	16.787	0.013999999999999999
2457225.57208	16.778	0.011000000000000001
2457226.7732700002	16.783	0.013999999999999999
2457227.74095	16.785999999999998	0.013000000000000001
2457228.56021	16.773	0.011000000000000001
2457228.75561	16.772000000000002	0.013000000000000001
2457229.75207	16.783	0.013000000000000001
2457235.52468	16.788	0.017
2457235.7854400002	16.771	0.017
2457236.62878	16.799	0.013999999999999999
2457249.6258799997	16.777	0.013000000000000001
2457250.592	16.805	0.011000000000000001
2457253.58941	16.785	0.011000000000000001
2457255.5578900003	16.802	0.013000000000000001
2457256.55584	16.785999999999998	0.017
2457257.61714	16.794	0.013000000000000001
2457258.64304	16.791	0.016
2457261.58801	16.785	0.017
2457263.54628	16.77	0.013999999999999999
2457264.48094	16.766	0.016
2457264.68057	16.785	0.016
2457265.62113	16.788	0.013000000000000001
2457265.62288	16.778	0.013000000000000001
2457267.57986	16.784000000000002	0.013000000000000001
2457268.57604	16.799	0.011000000000000001
2457269.55858	16.785999999999998	0.011000000000000001
2457270.5110400002	16.783	0.011000000000000001
2457270.69686	16.798	0.011000000000000001
2457273.6209	16.781	0.013000000000000001
2457275.62453	16.765	0.016
2457277.6102299998	16.799	0.016
2457278.59964	16.787	0.013000000000000001
2457283.57692	16.77	0.017
2457291.51683	16.819000000000003	0.021
2457292.52343	16.75	0.019
2457293.508	16.803	0.013999999999999999
2457294.4859700003	16.819000000000003	0.019
2457295.48438	16.822	0.019
2457296.52968	16.843	0.017
2457299.53295	16.805999999999997	0.013999999999999999
2457300.5108	16.783	0.013999999999999999
2457307.56878	16.78	0.013999999999999999
2457312.49873	16.776	0.016
2457317.49927	16.781	0.019
2457319.5051	16.81	0.019
2457324.51372	16.775	0.016
2457328.51378	16.783	0.022000000000000002
2457435.86952	16.822	0.013000000000000001
2457436.88835	16.792	0.013999999999999999
2457438.84263	16.803	0.013999999999999999
2457439.86627	16.809	0.013999999999999999
2457442.83517	16.794	0.017
2457445.8174	16.773	0.013999999999999999
2457446.82461	16.781	0.011000000000000001
2457447.82212	16.812	0.013000000000000001
2457448.82373	16.781	0.013000000000000001
2457451.89498	16.78	0.013999999999999999
2457452.9086	16.776	0.011000000000000001
2457454.86193	16.777	0.013000000000000001
2457455.86455	16.776	0.011000000000000001
2457456.88091	16.774	0.013000000000000001
2457457.87739	16.795	0.013000000000000001
2457460.87268	16.787	0.011000000000000001
2457461.87051	16.801	0.011000000000000001
2457462.84895	16.802	0.011000000000000001
2457467.8804099998	16.785	0.013000000000000001
2457470.83665	16.794	0.013000000000000001
2457472.75099	16.805999999999997	0.013999999999999999
2457474.8626900003	16.795	0.013000000000000001
2457491.70433	16.787	0.013999999999999999
2457497.86034	16.782	0.013000000000000001
2457507.78883	16.794	0.013999999999999999
2457511.68652	16.778	0.011000000000000001
2457512.88893	16.767	0.01
2457522.94201	16.792	0.025
2457526.8547099996	16.779	0.013000000000000001
2457530.7045	16.805999999999997	0.016
2457534.84442	16.805	0.013000000000000001
2457536.84095	16.8	0.013000000000000001
2457549.882	16.778	0.013000000000000001
2457550.8609700003	16.788	0.013999999999999999
2457555.60127	16.783	0.013000000000000001
2457557.54013	16.771	0.017
2457557.90475	16.789	0.016
2457561.6949	16.795	0.013999999999999999
2457566.55185	16.793	0.013000000000000001
2457566.8715	16.805999999999997	0.017
2457567.81532	16.779	0.013000000000000001
2457568.83636	16.784000000000002	0.017
2457569.83278	16.79	0.013999999999999999
2457570.8219	16.803	0.013000000000000001
2457573.7124400004	16.787	0.013000000000000001
2457575.79415	16.805999999999997	0.011000000000000001
2457576.75268	16.789	0.011000000000000001
2457579.75398	16.813	0.013000000000000001
2457582.73306	16.808	0.013999999999999999
2457584.7231900003	16.83	0.013999999999999999
2457589.68821	16.823	0.013999999999999999
2457590.48763	16.813	0.016
2457590.6324	16.787	0.013000000000000001
2457593.57009	16.804000000000002	0.011000000000000001
2457593.7165200002	16.803	0.011000000000000001
2457596.4755599997	16.765	0.013000000000000001
2457599.76198	16.817	0.013000000000000001
2457600.6592900003	16.788	0.013000000000000001
2457602.47555	16.793	0.016
2457602.6428900003	16.792	0.013000000000000001
2457602.7812	16.820999999999998	0.017
2457603.7609	16.802	0.013000000000000001
2457604.72829	16.788	0.011000000000000001
2457605.7316099997	16.794	0.013000000000000001
2457607.47555	16.829	0.016
2457607.66051	16.797	0.011000000000000001
2457608.74213	16.795	0.011000000000000001
2457609.61868	16.803	0.013000000000000001
2457609.76223	16.787	0.017
2457610.65114	16.809	0.011000000000000001
2457612.71643	16.808	0.013000000000000001
2457616.59723	16.779	0.019
2457617.5468200003	16.794	0.016
2457617.70876	16.805999999999997	0.017
2457618.59823	16.797	0.016
2457621.6061	16.804000000000002	0.013000000000000001
2457622.54463	16.776	0.011000000000000001
2457622.72359	16.796	0.011000000000000001
2457623.64617	16.785999999999998	0.011000000000000001
2457624.59001	16.798	0.013000000000000001
2457625.5592900002	16.783	0.013000000000000001
2457626.53089	16.796	0.013000000000000001
2457630.5353	16.749000000000002	0.011000000000000001
2457631.50192	16.799	0.011000000000000001
2457632.4811299997	16.775	0.013000000000000001
2457632.65909	16.804000000000002	0.013000000000000001
2457634.54506	16.822	0.013999999999999999
2457636.5001	16.798	0.016
2457637.4835099997	16.805999999999997	0.013000000000000001
2457638.49087	16.813	0.016
2457639.5621700003	16.802	0.013000000000000001
2457643.63717	16.784000000000002	0.027000000000000003
2457645.5138	16.77	0.017
2457648.5021599997	16.809	0.017
2457649.5265	16.795	0.011000000000000001
2457650.57438	16.785999999999998	0.013000000000000001
2457651.60382	16.802	0.016
2457653.5258299997	16.779	0.011000000000000001
2457655.5391	16.793	0.013000000000000001
2457656.58374	16.796	0.013000000000000001
2457659.55803	16.795	0.013999999999999999
2457661.48682	16.805999999999997	0.017
2457662.57086	16.794	0.013999999999999999
2457667.55699	16.81	0.013000000000000001
2457673.54454	16.817	0.017
2457681.51682	16.769000000000002	0.013999999999999999
2457793.8816400003	16.785	0.013000000000000001
2457794.88864	16.799	0.019
2457795.89267	16.768	0.019
2457798.86256	16.795	0.013999999999999999
2457800.8533799998	16.809	0.016
2457801.89227	16.793	0.017
2457803.8737	16.809	0.016
2457807.8598700003	16.811	0.013000000000000001
2457809.82237	16.799	0.013999999999999999
2457810.82145	16.794	0.013999999999999999
2457811.84105	16.805999999999997	0.013000000000000001
2457812.87225	16.77	0.011000000000000001
2457814.84127	16.791	0.013000000000000001
2457815.87022	16.776	0.013000000000000001
2457819.82251	16.799	0.013000000000000001
2457820.83117	16.794	0.013000000000000001
2457821.83035	16.801	0.013999999999999999
2457822.82577	16.783	0.016
2457823.8114099996	16.808	0.013999999999999999
2457826.8470900003	16.773	0.013999999999999999
2457827.82242	16.797	0.013999999999999999
2457830.7834799998	16.772000000000002	0.016
2457830.87072	16.79	0.013000000000000001
2457834.83629	16.812	0.013000000000000001
2457835.7729	16.805999999999997	0.013999999999999999
2457836.86821	16.789	0.013999999999999999
2457837.8023	16.795	0.013000000000000001
2457837.91191	16.814	0.016
2457838.85752	16.797	0.011000000000000001
2457839.80608	16.791	0.011000000000000001
2457841.9003	16.794	0.013999999999999999
2457843.7392	16.795	0.013999999999999999
2457845.7996	16.792	0.011000000000000001
2457847.7409900003	16.766	0.013999999999999999
2457847.8585099997	16.785999999999998	0.013000000000000001
2457850.78076	16.817	0.016
2457854.7206099997	16.8	0.016
2457855.7502099997	16.777	0.013000000000000001
2457855.8611	16.796	0.013000000000000001
2457856.75914	16.782	0.016
2457864.73397	16.788	0.011000000000000001
2457866.8662799997	16.791	0.011000000000000001
2457867.73708	16.783	0.011000000000000001
2457867.86807	16.797	0.011000000000000001
2457868.79409	16.779	0.013999999999999999
2457869.67614	16.792	0.013999999999999999
2457869.7925299997	16.797	0.011000000000000001
2457869.9245700003	16.798	0.011000000000000001
2457870.8139400003	16.807000000000002	0.011000000000000001
2457871.70962	16.804000000000002	0.011000000000000001
2457871.84415	16.805999999999997	0.011000000000000001
2457872.68869	16.792	0.011000000000000001
2457872.84264	16.789	0.011000000000000001
2457873.68997	16.785999999999998	0.011000000000000001
2457873.79805	16.796	0.011000000000000001
2457873.93237	16.798	0.013999999999999999
2457874.76645	16.785999999999998	0.013999999999999999
2457874.88989	16.788	0.013000000000000001
2457875.8448900003	16.799	0.011000000000000001
2457876.66115	16.8	0.016
2457876.78161	16.803	0.013000000000000001
2457876.90851	16.787	0.013000000000000001
2457877.74182	16.797	0.011000000000000001
2457877.86521	16.808	0.013000000000000001
2457878.78032	16.81	0.011000000000000001
2457878.90463	16.794	0.011000000000000001
2457879.88201	16.808	0.016
2457880.7575	16.781	0.013999999999999999
2457880.88788	16.799	0.017
2457881.83816	16.792	0.013999999999999999
2457882.71478	16.79	0.016
2457882.8457299997	16.811	0.013999999999999999
2457890.72976	16.791	0.013999999999999999
2457890.88749	16.775	0.017
2457893.70668	16.788	0.013999999999999999
2457893.83635	16.785	0.013000000000000001
2457893.9421599996	16.802	0.021
2457894.69064	16.794	0.011000000000000001
2457894.81875	16.796	0.013000000000000001
2457894.92741	16.779	0.016
2457895.79105	16.785	0.011000000000000001
2457897.73355	16.8	0.013000000000000001
2457900.93213	16.801	0.017
2457901.66755	16.807000000000002	0.013000000000000001
2457901.82457	16.811	0.013000000000000001
2457902.6595900003	16.815	0.013999999999999999
2457902.79095	16.797	0.013000000000000001
2457902.94085	16.762999999999998	0.021
2457903.82786	16.791	0.013000000000000001
2457903.94427	16.796	0.021
2457904.6844900004	16.787	0.011000000000000001
2457904.81687	16.791	0.011000000000000001
2457904.93415	16.776	0.013999999999999999
2457905.6534700003	16.785	0.011000000000000001
2457905.7831099997	16.798	0.011000000000000001
2457905.8935	16.792	0.013000000000000001
2457906.60152	16.8	0.013999999999999999
2457906.71976	16.797	0.011000000000000001
2457906.8426200002	16.793	0.013000000000000001
2457906.94197	16.791	0.017
2457907.7143900003	16.805	0.013000000000000001
2457908.56966	16.777	0.017
2457908.66586	16.804000000000002	0.013000000000000001
2457908.79561	16.785	0.013000000000000001
2457908.9046	16.797	0.013999999999999999
2457909.5959799998	16.8	0.016
2457909.71637	16.783	0.013000000000000001
2457909.82817	16.793	0.013000000000000001
2457909.92513	16.78	0.013999999999999999
2457910.61334	16.783	0.013999999999999999
2457910.74485	16.79	0.013000000000000001
2457910.86199	16.789	0.013000000000000001
2457911.58637	16.776	0.019
2457911.68981	16.788	0.013999999999999999
2457911.9056599997	16.77	0.019
2457916.63807	16.794	0.016
2457916.7379400004	16.791	0.013999999999999999
2457917.56126	16.792	0.016
2457917.67368	16.817	0.013999999999999999
2457917.78783	16.789	0.013000000000000001
2457917.89546	16.815	0.016
2457918.6729599996	16.797	0.013999999999999999
2457922.6496900003	16.819000000000003	0.013999999999999999
2457923.5424099998	16.804000000000002	0.016
2457923.6490700003	16.798	0.013999999999999999
2457923.78817	16.808	0.013999999999999999
2457923.89459	16.813	0.016
2457924.57165	16.801	0.013000000000000001
2457924.80602	16.809	0.013000000000000001
2457925.59559	16.783	0.013000000000000001
2457925.72175	16.799	0.013000000000000001
2457925.84668	16.776	0.013000000000000001
2457926.61494	16.826	0.013999999999999999
2457926.76113	16.812	0.013999999999999999
2457928.60925	16.79	0.013999999999999999
2457932.6392	16.825	0.016
2457932.77295	16.797	0.013999999999999999
2457933.62993	16.805	0.013999999999999999
2457933.762	16.802	0.013999999999999999
2457934.56489	16.807000000000002	0.013000000000000001
2457934.7017200002	16.797	0.011000000000000001
2457934.79541	16.817	0.013999999999999999
2457935.53517	16.792	0.013000000000000001
2457935.66499	16.794	0.013000000000000001
2457935.77623	16.799	0.011000000000000001
2457935.87676	16.774	0.013000000000000001
2457936.5274400003	16.796	0.013999999999999999
2457936.65243	16.788	0.013000000000000001
2457936.7829400003	16.82	0.013000000000000001
2457936.8761400003	16.793	0.016
2457937.57963	16.8	0.013999999999999999
2457937.70102	16.784000000000002	0.013000000000000001
2457937.82139	16.802	0.016
2457938.60351	16.815	0.016
2457944.48397	16.8	0.017
2457944.53462	16.78	0.013999999999999999
2457944.57638	16.81	0.013999999999999999
2457944.62656	16.801	0.013999999999999999
2457944.6764	16.807000000000002	0.013999999999999999
2457944.7452700003	16.808	0.016
2457944.7867099997	16.811	0.017
2457944.82991	16.817999999999998	0.021
2457945.5003400003	16.784000000000002	0.013999999999999999
2457945.61089	16.776	0.011000000000000001
2457945.72325	16.796	0.013000000000000001
2457945.8325900002	16.791	0.016
2457946.5546	16.816	0.013999999999999999
2457946.68401	16.805999999999997	0.013000000000000001
2457946.79648	16.791	0.016
2457947.5372200003	16.813	0.013999999999999999
2457947.65287	16.802	0.013999999999999999
2457947.80007	16.81	0.022000000000000002
2457948.54925	16.813	0.013000000000000001
2457948.6745	16.774	0.013000000000000001
2457948.80693	16.81	0.013999999999999999
2457949.5956599996	16.813	0.013999999999999999
2457949.72917	16.77	0.017
2457952.7429400003	16.796	0.013000000000000001
2457953.50804	16.803	0.013000000000000001
2457953.6485599997	16.779	0.013000000000000001
2457953.7678799997	16.796	0.013999999999999999
2457954.52481	16.792	0.011000000000000001
2457954.67137	16.801	0.011000000000000001
2457955.72078	16.814	0.011000000000000001
2457956.51084	16.804000000000002	0.013000000000000001
2457956.65352	16.805999999999997	0.011000000000000001
2457956.76926	16.812	0.013000000000000001
2457957.69489	16.797	0.013999999999999999
2457958.6071599997	16.793	0.013999999999999999
2457958.70126	16.789	0.013999999999999999
2457958.80609	16.799	0.016
2457959.56563	16.797	0.011000000000000001
2457959.68246	16.785999999999998	0.011000000000000001
2457959.7932700003	16.792	0.016
2457960.55203	16.817	0.011000000000000001
2457960.6874700002	16.82	0.013000000000000001
2457960.7945	16.811	0.013999999999999999
2457961.62615	16.805999999999997	0.013000000000000001
2457961.75013	16.802	0.013000000000000001
2457962.56099	16.795	0.013000000000000001
2457964.52825	16.785999999999998	0.013999999999999999
2457964.6282099998	16.793	0.013000000000000001
2457964.78636	16.833	0.016
2457965.69783	16.805999999999997	0.013000000000000001
2457966.57165	16.81	0.013999999999999999
2457966.68194	16.796	0.013999999999999999
2457967.6132400003	16.819000000000003	0.016
2457967.70301	16.792	0.017
2457971.47485	16.788	0.021
2457971.52758	16.796	0.016
2457971.5693	16.791	0.016
2457971.61606	16.792	0.016
2457971.6564	16.801	0.013999999999999999
2457972.47547	16.813	0.021
2457972.57831	16.781	0.017
2457972.63222	16.787	0.016
2457972.68008	16.842	0.019
2457972.73594	16.81	0.021
2457973.57694	16.802	0.016
2457973.70903	16.817999999999998	0.019
2457974.6803200003	16.812	0.017
2457975.62854	16.799	0.016
2457979.5608099997	16.81	0.011000000000000001
2457980.47841	16.762	0.016
2457980.61199	16.808	0.013999999999999999
2457981.51973	16.825	0.013999999999999999
2457981.66463	16.793	0.013999999999999999
2457982.5740900002	16.794	0.013000000000000001
2457983.5007599997	16.782	0.016
2457983.61203	16.785	0.013000000000000001
2457984.52507	16.805	0.013999999999999999
2457984.63884	16.813	0.013000000000000001
2457985.57512	16.797	0.013999999999999999
2457986.53686	16.785	0.011000000000000001
2457986.6653400003	16.778	0.013000000000000001
2457987.5959799998	16.78	0.011000000000000001
2457990.5110400002	16.799	0.013999999999999999
2457990.64181	16.793	0.016
2457991.5718400003	16.785	0.016
2457992.4959	16.795	0.013000000000000001
2457992.61655	16.809	0.013000000000000001
2457993.54589	16.802	0.013000000000000001
2457993.65488	16.824	0.013999999999999999
2457994.58905	16.796	0.013999999999999999
2457998.4950599996	16.774	0.013999999999999999
2457998.53578	16.799	0.017
2457998.58468	16.816	0.016
2457998.62816	16.77	0.022000000000000002
2458000.5090900003	16.804000000000002	0.016
2458000.5622799997	16.788	0.016
2458000.60899	16.808	0.019
2458001.51358	16.794	0.013000000000000001
2458001.6225099997	16.785	0.013999999999999999
2458002.63551	16.785999999999998	0.021
2458004.49737	16.791	0.013999999999999999
2458005.4805	16.788	0.021
2458007.59358	16.813	0.016
2458010.50607	16.791	0.016
2458011.57253	16.796	0.017
2458012.57329	16.782	0.013000000000000001
2458013.57757	16.792	0.013999999999999999
2458014.58663	16.801	0.013999999999999999
2458016.48291	16.78	0.017
2458017.49838	16.775	0.013999999999999999
2458018.53427	16.783	0.013999999999999999
2458019.56122	16.792	0.013000000000000001
2458021.5057200002	16.799	0.016
2458026.54015	16.766	0.016
2458029.5271900003	16.829	0.019
2458032.56506	16.765	0.017
2458036.52472	16.803	0.017
2458037.56683	16.815	0.017
2458040.53232	16.807000000000002	0.017
2458046.52696	16.783	0.021
2458053.53072	16.762999999999998	0.021
2458057.51196	16.798	0.019
