2455377.7047900003	15.094000000000001	0.005
2455378.5411900003	15.1	0.005
2455378.8293	15.100999999999999	0.005
2455379.74585	15.097000000000001	0.005
2455380.5601	15.095999999999998	0.005
2455380.82785	15.095	0.005
2455381.70297	15.103	0.005
2455382.56654	15.107999999999999	0.006999999999999999
2455382.7733299998	15.102	0.006999999999999999
2455385.56927	15.100999999999999	0.005
2455386.50175	15.097999999999999	0.005
2455386.5838599997	15.097999999999999	0.005
2455386.66813	15.099	0.005
2455386.79862	15.091	0.005
2455387.7823900003	15.097000000000001	0.005
2455388.7157099997	15.091	0.005
2455389.58574	15.095	0.005
2455390.56787	15.095999999999998	0.005
2455390.8247700003	15.095	0.005
2455391.81073	15.099	0.005
2455392.70623	15.09	0.005
2455393.71913	15.104000000000001	0.006999999999999999
2455396.61586	15.092	0.005
2455397.67859	15.093	0.006999999999999999
2455402.68351	15.095999999999998	0.009000000000000001
2455403.65106	15.093	0.005
2455404.52218	15.097000000000001	0.005
2455404.71944	15.093	0.005
2455405.73506	15.092	0.005
2455407.58873	15.095	0.005
2455408.50459	15.097000000000001	0.005
2455408.71171	15.093	0.005
2455409.66836	15.097000000000001	0.005
2455410.67178	15.097000000000001	0.005
2455411.70732	15.095999999999998	0.005
2455412.64542	15.095999999999998	0.005
2455413.70023	15.095999999999998	0.005
2455414.74719	15.1	0.005
2455418.61423	15.095999999999998	0.005
2455421.64272	15.095	0.005
2455422.7188	15.093	0.005
2455425.55186	15.09	0.005
2455430.55173	15.089	0.005
2455431.54698	15.094000000000001	0.005
2455434.51134	15.097999999999999	0.005
2455435.4829599997	15.091	0.005
2455436.4809	15.099	0.005
2455438.51618	15.097999999999999	0.005
2455439.5843599997	15.099	0.005
2455443.5986200003	15.097999999999999	0.005
2455444.6239099996	15.097000000000001	0.005
2455446.50561	15.09	0.005
2455447.52211	15.092	0.005
2455448.62047	15.089	0.005
2455450.53453	15.091	0.005
2455451.66433	15.1	0.005
2455457.55991	15.095999999999998	0.005
2455458.59005	15.091	0.005
2455459.6211900003	15.094000000000001	0.005
2455461.50331	15.092	0.005
2455462.51816	15.091	0.005
2455465.52427	15.095	0.005
2455467.5041	15.091	0.005
2455468.57762	15.097999999999999	0.005
2455470.52849	15.099	0.005
2455471.53583	15.099	0.005
2455471.60059	15.097999999999999	0.005
2455472.56727	15.093	0.005
2455473.51741	15.100999999999999	0.005
2455476.50696	15.1	0.005
2455478.49507	15.095	0.005
2455479.52266	15.097999999999999	0.005
2455480.51892	15.095999999999998	0.005
2455481.4877400002	15.097000000000001	0.006999999999999999
2455485.5345900003	15.097000000000001	0.005
2455486.52093	15.095999999999998	0.005
2455487.50391	15.093	0.005
2455488.48785	15.103	0.006999999999999999
2455488.55413	15.106	0.005
2455489.54476	15.1	0.005
2455490.5408	15.100999999999999	0.006999999999999999
2455492.53758	15.099	0.006999999999999999
2455495.49118	15.100999999999999	0.005
2455497.49388	15.097000000000001	0.006999999999999999
2455499.4983	15.1	0.006999999999999999
2455502.5104900002	15.094000000000001	0.005
2455598.87579	15.089	0.005
2455599.88395	15.097999999999999	0.005
2455600.87453	15.095	0.005
2455616.89161	15.099	0.005
2455622.89088	15.094000000000001	0.005
2455625.82454	15.094000000000001	0.005
2455627.8174900003	15.093	0.005
2455628.90066	15.095	0.005
2455629.82804	15.089	0.005
2455631.85673	15.1	0.005
2455632.9073400004	15.100999999999999	0.005
2455633.81182	15.093	0.005
2455634.80557	15.093	0.005
2455637.84084	15.104000000000001	0.006999999999999999
2455639.80502	15.099	0.005
2455639.8805299997	15.095999999999998	0.005
2455640.7777299997	15.103	0.005
2455640.85414	15.092	0.005
2455641.76908	15.097000000000001	0.005
2455641.89388	15.100999999999999	0.005
2455642.83341	15.093	0.005
2455643.7602	15.097000000000001	0.005
2455643.85824	15.094000000000001	0.005
2455644.7641	15.093	0.006999999999999999
2455644.87908	15.095999999999998	0.005
2455648.74991	15.104000000000001	0.005
2455648.85646	15.097999999999999	0.005
2455649.75573	15.100999999999999	0.005
2455649.86237	15.106	0.005
2455650.7478	15.100999999999999	0.005
2455650.84923	15.095999999999998	0.005
2455651.76846	15.103	0.005
2455651.8818599996	15.092	0.005
2455652.81005	15.1	0.005
2455653.7785	15.095	0.005
2455654.7814700003	15.1	0.005
2455654.87162	15.102	0.005
2455655.7828	15.097000000000001	0.005
2455655.8656099997	15.095	0.005
2455656.81685	15.097999999999999	0.005
2455657.77922	15.102	0.005
2455657.86335	15.095999999999998	0.005
2455658.77442	15.094000000000001	0.005
2455658.87122	15.097000000000001	0.005
2455659.72803	15.103	0.005
2455659.8048900003	15.109000000000002	0.005
2455659.89389	15.095999999999998	0.005
2455660.7774900002	15.102	0.005
2455660.87651	15.100999999999999	0.005
2455662.76959	15.1	0.005
2455662.8696	15.1	0.005
2455663.7722	15.093	0.005
2455664.8154599997	15.097000000000001	0.005
2455664.91953	15.103	0.005
2455665.80211	15.095	0.005
2455665.91395	15.097999999999999	0.005
2455667.8801	15.099	0.005
2455668.8884799997	15.100999999999999	0.005
2455669.8783400003	15.095	0.005
2455670.85615	15.09	0.005
2455675.73566	15.097999999999999	0.005
2455675.9259900004	15.094000000000001	0.005
2455676.82905	15.093	0.005
2455677.77836	15.097000000000001	0.005
2455679.69916	15.097999999999999	0.005
2455679.88491	15.097999999999999	0.005
2455680.77322	15.097999999999999	0.005
2455681.67655	15.095	0.005
2455681.8599900003	15.097999999999999	0.005
2455682.7519900003	15.095	0.005
2455683.69899	15.097999999999999	0.005
2455683.9208	15.097000000000001	0.005
2455684.83447	15.1	0.005
2455685.80774	15.092	0.005
2455686.71848	15.095999999999998	0.005
2455686.90419	15.091	0.005
2455687.79641	15.089	0.005
2455689.70224	15.1	0.005
2455690.70623	15.1	0.005
2455691.62538	15.097999999999999	0.005
2455691.84135	15.099	0.005
2455692.74405	15.105	0.005
2455692.89877	15.092	0.005
2455693.76785	15.092	0.005
2455693.9241400003	15.093	0.005
2455694.76842	15.092	0.005
2455694.92746	15.095999999999998	0.005
2455695.81537	15.093	0.005
2455696.6201	15.088	0.005
2455696.7996	15.097000000000001	0.005
2455697.6294	15.099	0.005
2455697.807	15.097999999999999	0.005
2455698.63461	15.084000000000001	0.005
2455698.80413	15.092	0.005
2455703.73295	15.091	0.005
2455705.7691599997	15.075999999999999	0.005
2455706.66051	15.099	0.006999999999999999
2455707.60458	15.105	0.005
2455707.77798	15.097000000000001	0.005
2455708.57738	15.095	0.005
2455708.77151	15.100999999999999	0.005
2455709.61385	15.106	0.005
2455709.62651	15.103	0.005
2455712.6718200003	15.095999999999998	0.005
2455712.6844200003	15.099	0.005
2455712.84553	15.099	0.005
2455713.86145	15.092	0.005
2455715.62142	15.1	0.005
2455715.8064200003	15.093	0.005
2455716.69208	15.097000000000001	0.005
2455716.86902	15.092	0.005
2455721.781	15.093	0.005
2455722.59222	15.085999999999999	0.005
2455722.80648	15.089	0.005
2455723.68532	15.095999999999998	0.005
2455723.84308	15.097000000000001	0.005
2455724.7250200002	15.097999999999999	0.005
2455725.6332799997	15.094000000000001	0.005
2455726.5497	15.095	0.005
2455726.72852	15.095999999999998	0.005
2455734.70665	15.092	0.005
2455734.89047	15.095	0.006999999999999999
2455735.83892	15.097000000000001	0.005
2455736.57962	15.095999999999998	0.005
2455736.78865	15.094000000000001	0.005
2455737.5775	15.103	0.005
2455737.76646	15.095	0.005
2455738.6057700003	15.095999999999998	0.005
2455739.69032	15.093	0.005
2455739.86424	15.1	0.005
2455740.6664	15.099	0.005
2455740.8498	15.088	0.005
2455741.6198299997	15.093	0.005
2455741.79908	15.095	0.005
2455742.5519	15.092	0.005
2455742.73235	15.097000000000001	0.005
2455743.60438	15.1	0.005
2455743.78155	15.097999999999999	0.005
2455744.53928	15.100999999999999	0.005
2455744.75166	15.097999999999999	0.005
2455745.5287900004	15.095	0.005
2455745.71484	15.093	0.005
2455746.5455400003	15.094000000000001	0.005
2455746.74291	15.088	0.005
2455747.6321900003	15.099	0.005
2455748.60784	15.085999999999999	0.005
2455749.5789799998	15.107000000000001	0.005
2455749.7459299997	15.095	0.005
2455752.639	15.102	0.005
2455753.52508	15.089	0.006999999999999999
2455753.78874	15.087	0.005
2455759.84013	15.093	0.005
2455760.51863	15.103	0.005
2455760.7261900003	15.1	0.005
2455761.53716	15.089	0.005
2455762.57839	15.106	0.005
2455762.73475	15.109000000000002	0.005
2455763.80025	15.104000000000001	0.005
2455764.62875	15.109000000000002	0.005
2455765.49821	15.100999999999999	0.005
2455765.6935	15.1	0.005
2455766.56447	15.097999999999999	0.005
2455766.7399	15.102	0.005
2455767.6352	15.093	0.005
2455768.4895900004	15.095	0.005
2455768.68143	15.097000000000001	0.005
2455769.5132400002	15.102	0.005
2455769.72707	15.097999999999999	0.005
2455775.5964900004	15.097000000000001	0.005
2455776.65015	15.093	0.005
2455777.57821	15.097000000000001	0.005
2455778.50637	15.097999999999999	0.005
2455779.64514	15.100999999999999	0.005
2455783.56734	15.102	0.005
2455784.5913400003	15.1	0.005
2455785.6707200003	15.1	0.005
2455786.61639	15.095999999999998	0.005
2455787.6507599996	15.100999999999999	0.005
2455788.57183	15.104000000000001	0.005
2455788.7347	15.099	0.006999999999999999
2455790.6301	15.095	0.005
2455791.52757	15.102	0.005
2455793.4827099997	15.100999999999999	0.005
2455793.5482099997	15.102	0.005
2455793.60289	15.094000000000001	0.005
2455793.63882	15.100999999999999	0.005
2455793.69601	15.102	0.005
2455793.73036	15.092	0.005
2455794.48567	15.099	0.005
2455794.53988	15.107999999999999	0.005
2455794.6359099997	15.099	0.005
2455795.5303599997	15.106	0.005
2455796.50366	15.102	0.005
2455796.69562	15.095	0.005
2455801.61212	15.100999999999999	0.005
2455802.64489	15.093	0.005
2455804.5978900003	15.100999999999999	0.005
2455805.55963	15.094000000000001	0.005
2455806.55677	15.11	0.005
2455812.50025	15.099	0.005
2455812.65944	15.088	0.006999999999999999
2455813.6411099997	15.095	0.005
2455815.61881	15.100999999999999	0.005
2455816.59033	15.092	0.005
2455817.59219	15.093	0.005
2455818.5724299997	15.103	0.005
2455819.58073	15.095	0.005
2455820.55879	15.102	0.005
2455822.52844	15.104000000000001	0.005
2455822.6169	15.097999999999999	0.005
2455823.54832	15.113	0.005
2455823.63235	15.107999999999999	0.005
2455824.56991	15.1	0.005
2455825.49071	15.097999999999999	0.005
2455825.5865599997	15.094000000000001	0.005
2455826.50974	15.104000000000001	0.005
2455826.5979299997	15.095	0.005
2455827.5358	15.097999999999999	0.005
2455827.6162099997	15.094000000000001	0.005
2455828.54917	15.095	0.005
2455828.62156	15.095	0.005
2455829.5599599998	15.097999999999999	0.005
2455830.48589	15.102	0.005
2455830.57288	15.099	0.005
2455831.54506	15.094000000000001	0.005
2455831.61817	15.091	0.005
2455832.56806	15.095999999999998	0.005
2455833.52635	15.094000000000001	0.005
2455833.60384	15.099	0.005
2455834.5633099996	15.089	0.005
2455835.54673	15.081	0.005
2455836.54238	15.093	0.005
2455839.48892	15.099	0.005
2455839.5677900002	15.095999999999998	0.005
2455840.51879	15.109000000000002	0.005
2455840.61312	15.095999999999998	0.005
2455841.5416900003	15.095999999999998	0.005
2455842.49785	15.099	0.006999999999999999
2455842.59032	15.104000000000001	0.005
2455843.54459	15.099	0.005
2455844.48826	15.095	0.006999999999999999
2455844.56918	15.095999999999998	0.005
2455845.5301599996	15.104000000000001	0.006999999999999999
2455846.4907400003	15.1	0.006999999999999999
2455846.57114	15.105	0.006999999999999999
2455847.54658	15.095	0.006999999999999999
2455850.51773	15.095999999999998	0.005
2455850.57755	15.09	0.005
2455851.55744	15.091	0.005
2455852.50865	15.095999999999998	0.005
2455854.4980200003	15.089	0.005
2455854.56164	15.104000000000001	0.006999999999999999
2455855.55657	15.093	0.005
2455857.5005900003	15.102	0.006999999999999999
2455859.5093400003	15.1	0.005
2455860.52483	15.1	0.005
2455861.53737	15.100999999999999	0.005
2455866.51375	15.105	0.006999999999999999
2455867.5172599996	15.097000000000001	0.005
2455868.51826	15.102	0.006999999999999999
2455869.50919	15.099	0.005
2455870.51485	15.106	0.005
2455970.87732	15.097000000000001	0.005
2455976.85662	15.095	0.005
2455977.8486599997	15.094000000000001	0.005
2455978.8668400003	15.09	0.005
2455979.87129	15.071	0.005
2455982.81857	15.103	0.005
2455983.8206700003	15.099	0.005
2455984.82003	15.097000000000001	0.005
2455984.90128	15.099	0.005
2455985.876	15.09	0.005
2455986.8572299997	15.106	0.005
2455987.83359	15.106	0.005
2455988.82091	15.097999999999999	0.005
2455989.80639	15.107999999999999	0.005
2455989.88436	15.103	0.005
2455990.85047	15.1	0.005
2455991.8251099996	15.102	0.005
2455992.79735	15.104000000000001	0.005
2455992.88417	15.100999999999999	0.005
2455993.8634200003	15.093	0.005
2455994.83232	15.093	0.005
2455995.78905	15.095999999999998	0.005
2455995.84658	15.089	0.005
2455996.80017	15.09	0.005
2455996.88449	15.091	0.005
2455997.8316	15.095	0.005
2455998.7823	15.091	0.005
2455998.87256	15.088	0.005
2455999.8048	15.105	0.005
2455999.8917	15.094000000000001	0.005
2456003.88852	15.093	0.005
2456004.82144	15.097000000000001	0.005
2456004.90763	15.097000000000001	0.005
2456005.83146	15.092	0.005
2456006.76388	15.100999999999999	0.005
2456006.86655	15.094000000000001	0.005
2456007.7699	15.093	0.005
2456007.86534	15.097999999999999	0.005
2456008.7635	15.093	0.005
2456008.86082	15.097000000000001	0.005
2456009.76113	15.11	0.005
2456009.8610799997	15.091	0.005
2456010.75413	15.097999999999999	0.005
2456010.8547900002	15.102	0.005
2456011.7387900003	15.09	0.005
2456011.85101	15.095999999999998	0.005
2456012.7524	15.091	0.005
2456012.84957	15.095999999999998	0.005
2456013.7559	15.105	0.005
2456013.83476	15.107999999999999	0.005
2456014.7319900002	15.092	0.005
2456014.8089	15.097000000000001	0.005
2456014.90831	15.097000000000001	0.005
2456015.78712	15.092	0.005
2456015.87543	15.097000000000001	0.005
2456016.76874	15.093	0.005
2456016.87184	15.093	0.005
2456017.75677	15.087	0.005
2456017.8341599996	15.087	0.005
2456018.82255	15.089	0.005
2456019.72321	15.088	0.005
2456019.81962	15.099	0.005
2456019.8966900003	15.095	0.005
2456020.7554900004	15.09	0.005
2456020.84977	15.094000000000001	0.005
2456021.71134	15.103	0.005
2456021.7883099997	15.095	0.005
2456021.8854	15.094000000000001	0.005
2456022.73687	15.093	0.005
2456022.8134	15.09	0.005
2456022.91313	15.097000000000001	0.005
2456023.7707700003	15.091	0.005
2456023.85151	15.099	0.005
2456024.72743	15.093	0.005
2456024.82896	15.088	0.005
2456024.9199200002	15.085	0.005
2456025.70305	15.095999999999998	0.005
2456025.78111	15.091	0.005
2456025.8853	15.095999999999998	0.005
2456029.90937	15.085999999999999	0.005
2456031.7691099998	15.097000000000001	0.005
2456032.69793	15.100999999999999	0.005
2456032.87773	15.089	0.005
2456033.8158	15.092	0.005
2456034.75565	15.092	0.005
2456035.89898	15.095999999999998	0.005
2456036.8807	15.085999999999999	0.005
2456037.85262	15.092	0.005
2456038.80217	15.09	0.005
2456039.79299	15.092	0.005
2456040.77948	15.095	0.005
2456041.72625	15.105	0.005
2456041.91623	15.095999999999998	0.005
2456047.69583	15.097000000000001	0.005
2456047.88695	15.100999999999999	0.005
2456048.81489	15.091	0.005
2456049.73527	15.100999999999999	0.005
2456049.9159	15.095	0.005
2456050.82062	15.095	0.005
2456051.74342	15.103	0.005
2456052.8043400003	15.094000000000001	0.005
2456053.66077	15.095	0.005
2456053.84955	15.091	0.005
2456058.6929	15.097000000000001	0.005
2456058.86362	15.103	0.005
2456059.7493	15.1	0.005
2456059.92608	15.1	0.005
2456061.82761	15.097999999999999	0.005
2456062.6968900003	15.097999999999999	0.005
2456062.87571	15.099	0.005
2456063.8448400004	15.097999999999999	0.005
2456064.7774799997	15.112	0.005
2456065.62173	15.104000000000001	0.005
2456065.8024	15.097000000000001	0.005
2456066.7151900004	15.097999999999999	0.005
2456066.90041	15.093	0.005
2456067.7022	15.097000000000001	0.005
2456067.8801700003	15.094000000000001	0.005
2456068.71407	15.1	0.005
2456068.93338	15.092	0.005
2456069.6790400003	15.095999999999998	0.005
2456069.86998	15.095999999999998	0.005
2456070.66658	15.095999999999998	0.005
2456070.8431599997	15.100999999999999	0.005
2456071.82234	15.097999999999999	0.005
2456075.62373	15.102	0.005
2456075.8061	15.097999999999999	0.005
2456076.6568	15.099	0.005
2456076.83838	15.099	0.005
2456077.77676	15.093	0.005
2456078.59908	15.094000000000001	0.005
2456078.77728	15.09	0.005
2456079.5748799997	15.103	0.005
2456079.76365	15.093	0.005
2456079.93315	15.102	0.005
2456080.70895	15.097999999999999	0.005
2456080.88581	15.104000000000001	0.005
2456081.65895	15.097999999999999	0.005
2456081.84009	15.097999999999999	0.005
2456082.65073	15.09	0.005
2456082.85438	15.095	0.005
2456085.66317	15.097000000000001	0.005
2456085.82606	15.099	0.005
2456086.5991599998	15.105	0.005
2456086.78265	15.097000000000001	0.005
2456087.57816	15.099	0.005
2456087.86228	15.103	0.005
2456089.63051	15.082	0.005
2456089.81882	15.094000000000001	0.005
2456092.6651	15.09	0.005
2456093.57981	15.102	0.005
2456093.77967	15.105	0.005
2456094.63055	15.099	0.005
2456094.80336	15.095	0.005
2456096.6212	15.087	0.005
2456096.81582	15.099	0.005
2456097.75231	15.095	0.005
2456097.90545	15.089	0.005
2456098.71339	15.095999999999998	0.005
2456098.88061	15.099	0.005
2456100.57302	15.099	0.005
2456100.7497799997	15.097999999999999	0.005
2456101.5266299997	15.095999999999998	0.005
2456101.68024	15.095	0.005
2456101.86716	15.091	0.005
2456102.66324	15.097999999999999	0.005
2456102.82125	15.095999999999998	0.005
2456103.57179	15.105	0.005
2456103.7508400003	15.092	0.005
2456104.57039	15.104000000000001	0.005
2456104.7354599996	15.099	0.005
2456105.48696	15.113	0.006999999999999999
2456105.68353	15.097999999999999	0.005
2456106.69776	15.095	0.005
2456108.67485	15.085999999999999	0.005
2456108.837	15.092	0.005
2456109.6667400002	15.092	0.005
2456109.82767	15.107999999999999	0.005
2456113.6297299997	15.095	0.005
2456113.78791	15.097000000000001	0.005
2456114.63859	15.097000000000001	0.005
2456114.8105599997	15.093	0.005
2456115.5740799997	15.093	0.005
2456115.8037799997	15.106	0.005
2456116.62516	15.097999999999999	0.005
2456116.80003	15.104000000000001	0.005
2456117.59326	15.097000000000001	0.005
2456117.7728	15.103	0.005
2456118.54651	15.099	0.005
2456118.73508	15.097000000000001	0.005
2456119.5091	15.100999999999999	0.005
2456119.6878	15.097000000000001	0.005
2456120.52378	15.097999999999999	0.005
2456120.71866	15.097000000000001	0.005
2456121.51555	15.093	0.005
2456123.55409	15.099	0.005
2456123.7294099997	15.105	0.005
2456124.5274799997	15.1	0.005
2456124.73797	15.097999999999999	0.005
2456125.5415	15.1	0.005
2456125.7453799997	15.097999999999999	0.005
2456126.57637	15.099	0.005
2456127.47906	15.099	0.005
2456127.75502	15.102	0.005
2456128.6825900003	15.097000000000001	0.005
2456131.55281	15.092	0.005
2456132.5550599997	15.1	0.005
2456133.5389799997	15.099	0.005
2456133.74199	15.095	0.005
2456134.66172	15.099	0.005
2456135.64106	15.105	0.005
2456136.48852	15.104000000000001	0.005
2456140.62279	15.092	0.005
2456140.78038	15.078	0.01
2456141.64473	15.093	0.005
2456142.49277	15.093	0.005
2456147.50613	15.094000000000001	0.005
2456147.70395	15.1	0.005
2456148.64011	15.105	0.005
2456150.48438	15.099	0.005
2456150.6798	15.097000000000001	0.005
2456151.6622099997	15.1	0.005
2456152.53882	15.099	0.005
2456154.48712	15.094000000000001	0.005
2456154.7228200003	15.097999999999999	0.005
2456158.57601	15.095999999999998	0.005
2456158.73506	15.097000000000001	0.005
2456159.70199	15.095	0.005
2456160.66115	15.103	0.005
2456161.55782	15.095999999999998	0.005
2456164.55676	15.088	0.005
2456167.54005	15.087	0.005
2456168.54183	15.105	0.005
2456169.54544	15.092	0.005
2456171.49707	15.097000000000001	0.005
2456171.6882599997	15.097999999999999	0.005
2456172.6483299998	15.095999999999998	0.005
2456175.59829	15.094000000000001	0.005
2456179.51215	15.097000000000001	0.005
2456179.58959	15.097000000000001	0.005
2456180.57523	15.091	0.005
2456181.5359099996	15.11	0.005
2456182.5373299997	15.100999999999999	0.005
2456183.59534	15.103	0.005
2456184.4779	15.109000000000002	0.005
2456184.50522	15.1	0.005
2456184.52101	15.109000000000002	0.005
2456184.565	15.105	0.005
2456184.59521	15.104000000000001	0.005
2456184.59963	15.100999999999999	0.005
2456184.63447	15.102	0.005
2456185.4751	15.097000000000001	0.005
2456185.5418	15.1	0.005
2456185.6023	15.1	0.005
2456186.5523099997	15.093	0.005
2456190.59018	15.099	0.005
2456191.6263200003	15.097000000000001	0.005
2456195.55994	15.107999999999999	0.005
2456195.6364599997	15.102	0.005
2456196.5569599997	15.104000000000001	0.005
2456196.6335400003	15.1	0.005
2456197.5587	15.102	0.005
2456198.56512	15.1	0.005
2456200.6	15.109000000000002	0.006999999999999999
2456201.58046	15.092	0.006999999999999999
2456203.5208799997	15.099	0.005
2456203.61235	15.095	0.006999999999999999
2456204.56376	15.102	0.005
2456205.50509	15.100999999999999	0.005
2456205.58619	15.099	0.005
2456208.53207	15.105	0.005
2456209.5814099996	15.106	0.005
2456210.5572	15.097000000000001	0.005
2456211.5079099997	15.093	0.005
2456211.58871	15.097999999999999	0.005
2456212.5073700002	15.099	0.005
2456212.58278	15.1	0.005
2456213.53664	15.104000000000001	0.005
2456214.5157	15.109000000000002	0.005
2456214.57662	15.1	0.005
2456216.51646	15.104000000000001	0.005
2456216.57815	15.104000000000001	0.005
2456217.54907	15.1	0.005
2456218.52415	15.109000000000002	0.005
2456219.55574	15.107000000000001	0.005
2456221.5303599997	15.093	0.006999999999999999
2456221.55625	15.109000000000002	0.006999999999999999
2456223.58213	15.095	0.005
2456226.5180200003	15.092	0.005
2456231.52303	15.109000000000002	0.005
2456233.55194	15.099	0.005
2456238.5273	15.104000000000001	0.005
2456334.88745	15.105	0.005
2456335.86443	15.107000000000001	0.005
2456337.8772299998	15.091	0.005
2456338.8548	15.104000000000001	0.005
2456339.85004	15.102	0.005
2456340.86977	15.093	0.005
2456342.83704	15.104000000000001	0.005
2456343.88191	15.104000000000001	0.005
2456344.8867099998	15.103	0.005
2456347.8284299998	15.093	0.005
2456348.8234900003	15.097000000000001	0.005
2456349.83486	15.089	0.005
2456350.83666	15.104000000000001	0.005
2456351.83673	15.09	0.005
2456352.83607	15.102	0.005
2456353.80955	15.106	0.005
2456354.78212	15.097000000000001	0.005
2456358.83198	15.103	0.005
2456360.8234599996	15.09	0.005
2456361.80849	15.09	0.005
2456361.88732	15.095	0.005
2456362.87041	15.103	0.005
2456363.79875	15.09	0.005
2456363.89844	15.091	0.005
2456367.89762	15.1	0.005
2456368.84882	15.097999999999999	0.005
2456369.7877599997	15.097999999999999	0.005
2456369.88226	15.093	0.005
2456370.8309	15.09	0.005
2456370.91405	15.087	0.005
2456371.8440799997	15.094000000000001	0.005
2456372.83654	15.097000000000001	0.005
2456373.76021	15.109000000000002	0.005
2456373.85375	15.100999999999999	0.005
2456374.7708099997	15.106	0.005
2456374.86072	15.099	0.005
2456375.76848	15.099	0.005
2456375.87574	15.104000000000001	0.005
2456376.7792599997	15.099	0.005
2456376.8738700002	15.088	0.005
2456377.7938099997	15.094000000000001	0.005
2456377.88435	15.094000000000001	0.005
2456378.7901	15.099	0.005
2456378.88014	15.100999999999999	0.005
2456379.77632	15.104000000000001	0.005
2456379.86502	15.093	0.005
2456380.77725	15.094000000000001	0.005
2456380.88057	15.087	0.005
2456381.79845	15.087	0.005
2456381.88639	15.097999999999999	0.005
2456382.7921	15.081	0.006999999999999999
2456382.87162	15.092	0.005
2456386.78511	15.1	0.005
2456386.89021	15.097000000000001	0.005
2456387.7740700003	15.095	0.005
2456387.8574	15.091	0.005
2456388.7980400003	15.095999999999998	0.005
2456388.91157	15.085999999999999	0.005
2456389.79055	15.095999999999998	0.005
2456389.86586	15.095	0.005
2456390.73176	15.094000000000001	0.005
2456390.81373	15.092	0.005
2456390.9052	15.09	0.005
2456391.86275	15.097000000000001	0.005
2456393.8596	15.103	0.005
2456394.82246	15.097999999999999	0.005
2456395.77468	15.103	0.005
2456396.72409	15.097999999999999	0.005
2456396.9056	15.085999999999999	0.005
2456397.84945	15.097999999999999	0.005
2456398.76952	15.097000000000001	0.005
2456399.68622	15.103	0.005
2456399.85955	15.1	0.005
2456400.85439	15.100999999999999	0.005
2456401.78706	15.097000000000001	0.005
2456402.70765	15.099	0.005
2456402.88143	15.091	0.005
2456403.78791	15.099	0.005
2456404.7307	15.092	0.005
2456404.90735	15.107999999999999	0.005
2456405.8330099997	15.09	0.005
2456405.9172099996	15.095999999999998	0.005
2456407.65822	15.100999999999999	0.005
2456407.85292	15.093	0.005
2456408.79726	15.107000000000001	0.005
2456409.91065	15.087	0.005
2456415.86939	15.112	0.005
2456416.76686	15.095	0.005
2456417.69146	15.093	0.005
2456417.85523	15.099	0.005
2456418.71362	15.102	0.005
2456418.87817	15.099	0.005
2456419.76334	15.095	0.005
2456420.6279599997	15.089	0.005
2456420.7785799997	15.097999999999999	0.005
2456421.80719	15.102	0.005
2456422.75093	15.093	0.005
2456423.71033	15.095	0.005
2456423.90721	15.095999999999998	0.005
2456424.76956	15.097000000000001	0.005
2456426.62921	15.103	0.005
2456426.8695	15.095	0.005
2456427.9057400003	15.091	0.005
2456428.65996	15.100999999999999	0.005
2456428.85677	15.095999999999998	0.005
2456431.6582299997	15.103	0.005
2456431.84275	15.099	0.005
2456432.68207	15.097000000000001	0.005
2456432.86472	15.091	0.005
2456433.66901	15.099	0.005
2456433.86932	15.099	0.005
2456434.77209	15.092	0.005
2456435.61912	15.100999999999999	0.005
2456435.80558	15.085999999999999	0.005
2456436.6052099997	15.095999999999998	0.005
2456436.79591	15.09	0.005
2456437.7367	15.093	0.005
2456437.89334	15.093	0.005
2456441.71118	15.097000000000001	0.005
2456441.83256	15.102	0.005
2456442.61263	15.094000000000001	0.005
2456442.79654	15.094000000000001	0.005
2456443.5973400003	15.106	0.005
2456443.62945	15.085	0.005
2456443.67635	15.091	0.005
2456444.7072900003	15.089	0.005
2456444.81582	15.097000000000001	0.005
2456445.61552	15.097999999999999	0.005
2456445.82157	15.097000000000001	0.005
2456446.6052200003	15.095	0.005
2456446.79526	15.092	0.005
2456447.5825	15.097999999999999	0.005
2456447.76694	15.097000000000001	0.005
2456447.93002	15.095999999999998	0.005
2456448.69301	15.097000000000001	0.005
2456448.87844	15.092	0.005
2456449.6548200003	15.1	0.005
2456449.83852	15.099	0.005
2456450.6047900002	15.099	0.005
2456450.78857	15.103	0.005
2456451.5485900003	15.102	0.005
2456451.72973	15.1	0.005
2456451.9075	15.107999999999999	0.005
2456452.68271	15.103	0.005
2456452.91843	15.105	0.005
2456454.70157	15.099	0.005
2456454.87685	15.095	0.005
2456455.7393	15.093	0.005
2456456.65873	15.097999999999999	0.005
2456456.8799400004	15.106	0.005
2456457.8188400003	15.100999999999999	0.005
2456458.60219	15.091	0.005
2456458.78725	15.097000000000001	0.005
2456459.5542599997	15.093	0.005
2456459.74632	15.097000000000001	0.005
2456459.9062	15.100999999999999	0.005
2456460.84113	15.095	0.005
2456461.6702900003	15.095	0.005
2456461.89231	15.093	0.005
2456462.83289	15.097000000000001	0.005
2456463.6069400003	15.08	0.005
2456463.79823	15.089	0.005
2456464.61567	15.097000000000001	0.005
2456464.8068	15.1	0.005
2456468.60178	15.095999999999998	0.005
2456468.81568	15.097000000000001	0.005
2456469.68785	15.089	0.005
2456471.6097	15.092	0.005
2456472.65905	15.094000000000001	0.005
2456472.8447	15.094000000000001	0.005
2456473.6214099997	15.093	0.005
2456473.80606	15.094000000000001	0.005
2456474.56837	15.093	0.005
2456474.75914	15.093	0.005
2456475.53156	15.09	0.005
2456475.73512	15.099	0.005
2456476.5016099997	15.102	0.005
2456476.6901599998	15.091	0.005
2456477.68338	15.09	0.005
2456478.53318	15.097999999999999	0.005
2456479.59531	15.1	0.005
2456480.69337	15.092	0.005
2456481.50072	15.099	0.005
2456481.74416	15.1	0.005
2456483.61292	15.094000000000001	0.005
2456485.47191	15.100999999999999	0.005
2456485.70456	15.095	0.005
2456486.62775	15.106	0.005
2456486.82716	15.099	0.005
2456487.62827	15.092	0.005
2456487.8212	15.095999999999998	0.005
2456489.6798799997	15.095999999999998	0.005
2456490.51118	15.099	0.005
2456490.69801	15.089	0.005
2456491.54429	15.095999999999998	0.005
2456491.7604099996	15.097000000000001	0.005
2456492.58277	15.093	0.005
2456492.76185	15.099	0.005
2456496.59658	15.095	0.005
2456497.70203	15.093	0.005
2456498.52929	15.100999999999999	0.005
2456498.7093	15.097999999999999	0.005
2456499.5433400003	15.095999999999998	0.005
2456500.69826	15.089	0.005
2456501.68111	15.095999999999998	0.005
2456504.6965900003	15.099	0.005
2456505.62563	15.083	0.005
2456505.78636	15.091	0.005
2456506.7397	15.092	0.005
2456508.49716	15.092	0.005
2456508.6894	15.093	0.005
2456509.6131700003	15.09	0.005
2456510.47741	15.09	0.005
2456510.6993400003	15.092	0.005
2456511.64076	15.095999999999998	0.005
2456514.49827	15.091	0.005
2456514.75325	15.093	0.005
2456515.7363	15.09	0.005
2456516.6910900003	15.104000000000001	0.005
2456518.6957099997	15.089	0.005
2456519.65389	15.106	0.005
2456523.56815	15.095	0.005
2456524.49104	15.085999999999999	0.005
2456525.4918299997	15.099	0.005
2456526.63515	15.095	0.005
2456529.5709599997	15.103	0.005
2456531.5386200002	15.092	0.005
2456532.53687	15.100999999999999	0.005
2456533.55105	15.100999999999999	0.005
2456534.61327	15.099	0.005
2456536.59384	15.100999999999999	0.005
2456539.48192	15.095	0.005
2456541.48009	15.093	0.005
2456543.55847	15.095	0.005
2456544.58645	15.093	0.005
2456545.63504	15.099	0.005
2456547.60383	15.085999999999999	0.005
2456555.574	15.091	0.005
2456558.54135	15.095	0.005
2456559.5808099997	15.099	0.005
2456560.63971	15.095999999999998	0.005
2456562.59479	15.094000000000001	0.005
2456563.60612	15.093	0.005
2456564.5395400003	15.091	0.005
2456565.5112400004	15.097000000000001	0.005
2456565.60624	15.102	0.005
2456567.5794599997	15.135	0.005
2456568.57549	15.088	0.005
2456569.5365299997	15.088	0.005
2456570.4909	15.097000000000001	0.005
2456571.52218	15.095	0.005
2456571.60645	15.1	0.005
2456572.58129	15.091	0.005
2456573.53196	15.095999999999998	0.005
2456577.51322	15.114	0.005
2456578.49145	15.097999999999999	0.005
2456578.58513	15.097999999999999	0.005
2456579.56879	15.087	0.005
2456581.50648	15.093	0.005
2456582.5198	15.094000000000001	0.005
2456583.51725	15.091	0.005
2456584.5126400003	15.094000000000001	0.005
2456585.5131099997	15.097000000000001	0.005
2456586.53405	15.107999999999999	0.005
2456590.51932	15.100999999999999	0.005
2456590.5465700002	15.100999999999999	0.005
2456593.49512	15.094000000000001	0.006999999999999999
2456593.50929	15.104000000000001	0.005
2456593.51412	15.107999999999999	0.005
2456595.51716	15.106	0.005
2456600.50453	15.1	0.005
2456695.8834	15.092	0.005
2456696.87637	15.099	0.005
2456699.84414	15.102	0.005
2456701.85841	15.1	0.005
2456703.85916	15.097999999999999	0.005
2456705.87971	15.097000000000001	0.005
2456707.89159	15.087	0.005
2456709.8488	15.099	0.005
2456710.8650599997	15.103	0.005
2456711.88667	15.095	0.005
2456715.86423	15.092	0.005
2456716.85595	15.087	0.005
2456717.8684	15.091	0.005
2456718.885	15.093	0.005
2456719.87819	15.095999999999998	0.005
2456720.8533099997	15.095999999999998	0.005
2456721.83325	15.095	0.005
2456722.81355	15.094000000000001	0.005
2456722.9076900003	15.097999999999999	0.005
2456723.8886599997	15.100999999999999	0.005
2456724.86842	15.095999999999998	0.005
2456725.84332	15.103	0.005
2456726.8059799997	15.097000000000001	0.005
2456726.9027	15.095999999999998	0.005
2456727.87557	15.093	0.005
2456728.8459400004	15.095999999999998	0.005
2456729.7984599997	15.09	0.005
2456729.89417	15.097000000000001	0.005
2456730.84835	15.097000000000001	0.005
2456731.8941	15.103	0.005
2456732.8567	15.088	0.005
2456733.79348	15.093	0.005
2456733.8856599997	15.103	0.005
2456734.8263	15.09	0.005
2456734.9161	15.097999999999999	0.005
2456735.86547	15.099	0.005
2456736.7969299997	15.09	0.005
2456736.89866	15.1	0.005
2456737.85387	15.095	0.005
2456738.79592	15.081	0.005
2456741.85088	15.097000000000001	0.005
2456742.7695299997	15.094000000000001	0.005
2456742.8559	15.095	0.005
2456744.77079	15.095999999999998	0.005
2456744.8651099997	15.103	0.005
2456745.75336	15.093	0.005
2456745.85979	15.095999999999998	0.005
2456746.76167	15.095	0.005
2456746.85327	15.097999999999999	0.005
2456747.86662	15.099	0.005
2456748.88842	15.097999999999999	0.005
2456749.88283	15.094000000000001	0.005
2456750.90122	15.100999999999999	0.005
2456751.9234700003	15.100999999999999	0.005
2456752.9205099996	15.092	0.005
2456754.8974	15.1	0.005
2456755.91376	15.107000000000001	0.005
2456756.86493	15.089	0.005
2456757.8317299997	15.093	0.005
2456758.85654	15.087	0.005
2456759.8015799997	15.103	0.005
2456760.74766	15.099	0.005
2456761.6970599997	15.095	0.005
2456761.86453	15.100999999999999	0.005
2456762.86385	15.104000000000001	0.005
2456763.78712	15.106	0.005
2456764.71773	15.102	0.005
2456764.8936	15.1	0.005
2456765.82834	15.100999999999999	0.005
2456768.79475	15.092	0.005
2456769.70477	15.095999999999998	0.005
2456769.87133	15.102	0.005
2456770.77243	15.102	0.005
2456771.7058	15.102	0.005
2456771.9010400004	15.097000000000001	0.005
2456772.81384	15.095	0.005
2456773.73327	15.094000000000001	0.005
2456773.9190599998	15.097000000000001	0.005
2456774.82222	15.097000000000001	0.005
2456775.81351	15.095999999999998	0.005
2456776.72156	15.099	0.005
2456776.93609	15.095999999999998	0.005
2456777.92392	15.095	0.005
2456784.8086900003	15.095	0.005
2456785.78801	15.091	0.005
2456786.80757	15.094000000000001	0.005
2456786.83323	15.099	0.005
2456787.74579	15.100999999999999	0.005
2456788.84832	15.102	0.005
2456789.7537700003	15.097999999999999	0.005
2456790.62363	15.094000000000001	0.005
2456790.78782	15.089	0.005
2456791.6313400003	15.097000000000001	0.005
2456791.80107	15.102	0.005
2456792.6318	15.106	0.005
2456792.7935099998	15.094000000000001	0.005
2456792.93109	15.095	0.005
2456796.74355	15.093	0.005
2456796.91492	15.095	0.005
2456797.78297	15.104000000000001	0.005
2456797.93722	15.106	0.005
2456799.8308900003	15.100999999999999	0.006999999999999999
2456803.72616	15.105	0.005
2456803.8945299997	15.097999999999999	0.005
2456804.66682	15.097999999999999	0.005
2456804.85319	15.103	0.005
2456805.65465	15.1	0.005
2456805.84402	15.097999999999999	0.005
2456806.91136	15.106	0.005
2456807.798	15.095999999999998	0.005
2456808.57496	15.105	0.006999999999999999
2456808.77561	15.097000000000001	0.005
2456808.9347900003	15.092	0.005
2456809.74708	15.094000000000001	0.005
2456809.9284	15.095999999999998	0.005
2456810.7362	15.093	0.005
2456810.9185200003	15.099	0.005
2456811.6932099997	15.093	0.005
2456811.8900900004	15.091	0.005
2456813.76625	15.093	0.005
2456813.94344	15.103	0.005
2456814.7993099997	15.091	0.005
2456815.5838599997	15.095	0.005
2456815.78658	15.094000000000001	0.005
2456816.60925	15.095999999999998	0.005
2456816.82545	15.092	0.005
2456817.6696	15.097000000000001	0.005
2456817.85957	15.093	0.005
2456818.6873	15.081	0.005
2456819.65655	15.107999999999999	0.005
2456819.8239	15.099	0.006999999999999999
2456823.8315	15.097999999999999	0.005
2456824.61693	15.103	0.005
2456824.81351	15.088	0.005
2456825.59457	15.09	0.005
2456825.7812	15.093	0.005
2456826.54556	15.087	0.005
2456826.7316099997	15.089	0.005
2456827.53118	15.089	0.005
2456827.74078	15.091	0.005
2456827.89728	15.097000000000001	0.005
2456828.67774	15.099	0.005
2456828.87334	15.097999999999999	0.005
2456829.62046	15.095	0.005
2456829.8056	15.094000000000001	0.005
2456830.59914	15.092	0.005
2456830.7853900003	15.085	0.005
2456831.68915	15.091	0.005
2456831.86633	15.088	0.005
2456832.68769	15.089	0.005
2456833.5139099997	15.097999999999999	0.006999999999999999
2456833.70789	15.092	0.005
2456833.86467	15.097999999999999	0.005
2456834.64536	15.09	0.005
2456834.83073	15.091	0.005
2456835.66335	15.092	0.005
2456835.83761	15.087	0.005
2456836.63129	15.099	0.005
2456836.81212	15.097000000000001	0.005
2456837.59698	15.092	0.005
2456837.77917	15.091	0.005
2456838.54997	15.089	0.005
2456838.73535	15.09	0.005
2456839.51812	15.095999999999998	0.005
2456839.70715	15.095999999999998	0.005
2456840.48217	15.11	0.005
2456840.71268	15.097999999999999	0.005
2456841.5818	15.097000000000001	0.005
2456841.76359	15.100999999999999	0.005
2456842.56557	15.092	0.005
2456842.74875	15.095999999999998	0.005
2456844.5361900004	15.1	0.005
2456844.72303	15.102	0.005
2456845.4690400003	15.095	0.005
2456845.6258900003	15.097000000000001	0.005
2456845.80748	15.097000000000001	0.005
2456847.5743	15.092	0.005
2456847.7168	15.095999999999998	0.005
2456851.61483	15.1	0.005
2456851.78782	15.092	0.005
2456852.61554	15.093	0.005
2456855.5797599996	15.109000000000002	0.005
2456855.76724	15.093	0.005
2456856.56157	15.099	0.005
2456856.74727	15.095999999999998	0.005
2456857.56033	15.097000000000001	0.005
2456857.75226	15.105	0.005
2456858.57537	15.100999999999999	0.005
2456858.76243	15.097000000000001	0.005
2456859.7226299997	15.102	0.005
2456862.67449	15.095999999999998	0.005
2456863.51763	15.100999999999999	0.005
2456863.70804	15.1	0.005
2456864.5504099997	15.095999999999998	0.005
2456864.74397	15.09	0.005
2456866.54976	15.099	0.005
2456866.55907	15.103	0.005
2456866.56991	15.099	0.005
2456866.64979	15.09	0.005
2456866.6779	15.103	0.005
2456866.6935400004	15.095	0.005
2456866.70109	15.099	0.005
2456866.70872	15.097000000000001	0.005
2456866.7179099997	15.097000000000001	0.005
2456866.72132	15.091	0.005
2456866.72732	15.093	0.005
2456866.73368	15.094000000000001	0.005
2456866.73965	15.1	0.005
2456866.74494	15.092	0.005
2456866.75091	15.1	0.005
2456866.75716	15.100999999999999	0.005
2456866.76317	15.099	0.005
2456866.76799	15.095	0.005
2456866.77401	15.097000000000001	0.005
2456866.7790599996	15.088	0.005
2456866.78504	15.092	0.005
2456866.7913599997	15.097000000000001	0.005
2456866.7973599997	15.095999999999998	0.005
2456866.8020599997	15.100999999999999	0.005
2456866.80658	15.089	0.005
2456866.81369	15.094000000000001	0.005
2456867.63565	15.097999999999999	0.005
2456870.6922299997	15.095	0.005
2456872.516	15.094000000000001	0.005
2456873.47763	15.1	0.005
2456874.66156	15.095	0.005
2456879.64895	15.097999999999999	0.005
2456880.60497	15.097000000000001	0.006999999999999999
2456881.4996	15.099	0.005
2456882.47833	15.102	0.005
2456882.65743	15.106	0.005
2456883.5704900003	15.103	0.005
2456885.5594599997	15.103	0.005
2456885.72867	15.107000000000001	0.005
2456886.65499	15.102	0.005
2456887.57872	15.100999999999999	0.005
2456888.49141	15.097999999999999	0.005
2456888.6924400004	15.100999999999999	0.005
2456889.6392599996	15.104000000000001	0.005
2456890.57853	15.105	0.005
2456891.5068599996	15.11	0.005
2456891.69014	15.107000000000001	0.005
2456895.64766	15.104000000000001	0.005
2456896.61234	15.1	0.005
2456900.54211	15.100999999999999	0.005
2456907.6321900003	15.093	0.005
2456908.5433400003	15.091	0.005
2456908.6316400003	15.100999999999999	0.005
2456912.49715	15.103	0.005
2456915.52159	15.100999999999999	0.005
2456918.5057599996	15.095999999999998	0.005
2456919.562	15.100999999999999	0.005
2456922.5419	15.104000000000001	0.005
2456923.56481	15.097999999999999	0.005
2456924.60421	15.095999999999998	0.005
2456926.49981	15.107999999999999	0.006999999999999999
2456927.55572	15.099	0.005
2456928.59809	15.095	0.005
2456930.52256	15.094000000000001	0.006999999999999999
2456936.48914	15.095	0.005
2456937.49015	15.094000000000001	0.005
2456938.48993	15.085	0.005
2456938.57656	15.092	0.005
2456940.53881	15.085999999999999	0.005
2456942.50856	15.097000000000001	0.005
2456943.50715	15.103	0.005
2456944.54471	15.099	0.005
2456948.51815	15.1	0.005
2456951.53308	15.091	0.005
2456954.49791	15.1	0.005
2456956.52625	15.095999999999998	0.005
2456959.52618	15.093	0.006999999999999999
2456962.50878	15.073	0.006999999999999999
2457064.8766400004	15.092	0.005
2457066.88708	15.1	0.005
2457070.8565	15.095	0.005
2457071.86887	15.1	0.005
2457072.87649	15.106	0.005
2457075.88255	15.106	0.005
2457076.88282	15.107999999999999	0.005
2457077.88007	15.095999999999998	0.005
2457078.87125	15.11	0.005
2457080.82462	15.109000000000002	0.005
2457081.88191	15.1	0.005
2457082.86043	15.100999999999999	0.005
2457083.83857	15.103	0.005
2457084.82043	15.103	0.005
2457084.9077	15.105	0.005
2457085.8810099997	15.095999999999998	0.005
2457086.85974	15.093	0.005
2457087.8254400003	15.105	0.005
2457088.801	15.099	0.005
2457088.88641	15.097999999999999	0.005
2457089.8522200002	15.1	0.005
2457090.8188	15.102	0.005
2457090.9076099996	15.092	0.005
2457091.8613400003	15.100999999999999	0.005
2457092.81125	15.105	0.005
2457092.88962	15.103	0.005
2457097.78057	15.102	0.005
2457097.87341	15.095999999999998	0.005
2457098.8233	15.107000000000001	0.005
2457099.77342	15.107000000000001	0.005
2457099.86682	15.1	0.005
2457100.81183	15.099	0.005
2457100.90545	15.099	0.005
2457101.8872700003	15.095999999999998	0.005
2457102.85899	15.091	0.005
2457108.82698	15.106	0.005
2457109.77496	15.103	0.005
2457109.87837	15.100999999999999	0.005
2457110.78683	15.106	0.005
2457110.89814	15.104000000000001	0.005
2457111.8075599996	15.093	0.005
2457111.92086	15.104000000000001	0.005
2457112.82474	15.1	0.005
2457113.7516	15.105	0.005
2457114.7393099996	15.1	0.006999999999999999
2457114.923	15.092	0.005
2457115.86565	15.099	0.005
2457116.85486	15.100999999999999	0.005
2457117.82943	15.093	0.005
2457118.8790700003	15.102	0.005
2457119.87684	15.102	0.005
2457120.81542	15.1	0.005
2457125.74874	15.102	0.005
2457126.70104	15.105	0.005
2457126.9141599997	15.099	0.005
2457129.8429799997	15.109000000000002	0.005
2457130.76149	15.095999999999998	0.005
2457131.6899099997	15.1	0.005
2457131.8755799998	15.105	0.005
2457132.794	15.099	0.005
2457133.9158900003	15.09	0.005
2457134.7995700003	15.105	0.005
2457135.72764	15.106	0.005
2457135.9138599997	15.097000000000001	0.005
2457136.80648	15.102	0.005
2457137.71394	15.105	0.005
2457137.90004	15.102	0.005
2457138.77392	15.099	0.005
2457139.71451	15.1	0.005
2457139.89305	15.104000000000001	0.005
2457140.77058	15.103	0.005
2457141.67366	15.095	0.005
2457141.85967	15.095	0.005
2457142.72863	15.102	0.005
2457142.91341	15.106	0.005
2457143.7845099997	15.100999999999999	0.005
2457144.67404	15.106	0.005
2457144.8851799998	15.104000000000001	0.005
2457145.87328	15.1	0.005
2457146.71607	15.103	0.005
2457146.85715	15.097000000000001	0.005
2457147.69803	15.094000000000001	0.005
2457147.83828	15.103	0.005
2457152.83406	15.095	0.005
2457153.67205	15.100999999999999	0.005
2457153.83665	15.105	0.005
2457154.71606	15.104000000000001	0.005
2457154.90525	15.1	0.005
2457155.7422700003	15.102	0.005
2457155.9281099997	15.095	0.005
2457156.7749900003	15.1	0.005
2457157.75416	15.095999999999998	0.005
2457158.66761	15.104000000000001	0.005
2457158.85175	15.103	0.005
2457159.66837	15.107000000000001	0.005
2457159.85268	15.102	0.005
2457160.69117	15.103	0.005
2457160.8748	15.107000000000001	0.005
2457161.7187	15.106	0.005
2457161.90392	15.107000000000001	0.005
2457162.72063	15.102	0.005
2457162.90765	15.097000000000001	0.005
2457163.73063	15.104000000000001	0.005
2457163.91292	15.093	0.005
2457164.83886	15.105	0.005
2457166.67518	15.100999999999999	0.005
2457166.86045	15.1	0.005
2457169.60402	15.104000000000001	0.005
2457169.7891	15.099	0.005
2457170.59167	15.106	0.005
2457170.779	15.100999999999999	0.005
2457172.59381	15.097000000000001	0.005
2457172.7777	15.104000000000001	0.005
2457172.94433	15.100999999999999	0.005
2457173.75325	15.095	0.005
2457173.9279099996	15.107000000000001	0.005
2457174.6967700003	15.110999999999999	0.005
2457174.871	15.100999999999999	0.005
2457175.6486400003	15.1	0.005
2457175.87676	15.106	0.005
2457176.9177900003	15.095	0.005
2457178.72655	15.097000000000001	0.005
2457179.69437	15.107000000000001	0.005
2457179.8645099998	15.1	0.005
2457180.64601	15.100999999999999	0.005
2457180.82116	15.100999999999999	0.005
2457181.58396	15.055	0.005
2457181.77405	15.100999999999999	0.005
2457181.9383099996	15.097000000000001	0.005
2457182.72291	15.102	0.005
2457182.8998	15.105	0.005
2457183.65667	15.100999999999999	0.005
2457183.84435	15.095	0.005
2457184.64843	15.099	0.005
2457184.8355900003	15.095	0.005
2457185.61264	15.102	0.005
2457185.79553	15.107000000000001	0.005
2457186.6466099997	15.102	0.006999999999999999
2457186.9174	15.100999999999999	0.005
2457187.72096	15.099	0.005
2457187.8873400004	15.09	0.005
2457188.6681	15.104000000000001	0.005
2457189.54085	15.105	0.005
2457189.72897	15.099	0.005
2457189.89514	15.097000000000001	0.005
2457190.70255	15.1	0.005
2457190.88521	15.095999999999998	0.005
2457191.8077	15.1	0.005
2457193.63067	15.097999999999999	0.005
2457194.52226	15.095999999999998	0.005
2457194.71616	15.1	0.005
2457196.8793900004	15.09	0.005
2457197.55772	15.094000000000001	0.005
2457197.7431900003	15.095	0.005
2457198.54021	15.093	0.005
2457198.72568	15.095	0.005
2457198.8958	15.1	0.005
2457199.66206	15.092	0.005
2457199.8449	15.089	0.005
2457200.61432	15.093	0.005
2457200.78338	15.104000000000001	0.005
2457202.76127	15.092	0.005
2457206.5764	15.088	0.005
2457206.75017	15.089	0.005
2457207.55925	15.097000000000001	0.005
2457207.72385	15.085	0.005
2457209.65611	15.088	0.005
2457209.81506	15.088	0.005
2457211.5918900003	15.095999999999998	0.005
2457211.77568	15.099	0.005
2457214.5469	15.095999999999998	0.005
2457214.74496	15.095	0.005
2457217.76478	15.092	0.005
2457219.6099400003	15.093	0.005
2457220.51529	15.09	0.005
2457220.69891	15.094000000000001	0.005
2457221.50208	15.092	0.005
2457221.6845	15.091	0.005
2457221.82716	15.084000000000001	0.005
2457222.64747	15.095999999999998	0.005
2457222.66719	15.092	0.005
2457223.5185599998	15.088	0.005
2457223.70079	15.085	0.005
2457224.5422799997	15.089	0.005
2457224.74749	15.097000000000001	0.005
2457225.57208	15.091	0.005
2457226.60293	15.088	0.005
2457226.7732700002	15.099	0.005
2457227.5575599996	15.097999999999999	0.005
2457227.74095	15.092	0.005
2457228.56021	15.093	0.005
2457228.75561	15.094000000000001	0.005
2457229.5874099997	15.095	0.005
2457229.75207	15.091	0.005
2457235.52468	15.094000000000001	0.005
2457235.7854400002	15.09	0.005
2457236.62878	15.095999999999998	0.005
2457249.6258799997	15.097000000000001	0.005
2457250.592	15.102	0.005
2457252.65223	15.095999999999998	0.005
2457253.58941	15.088	0.005
2457255.5578900003	15.092	0.005
2457256.55584	15.085999999999999	0.005
2457257.61714	15.094000000000001	0.005
2457258.64304	15.088	0.005
2457261.58801	15.092	0.005
2457263.54628	15.081	0.005
2457264.48094	15.089	0.005
2457264.68057	15.095	0.005
2457265.62113	15.091	0.005
2457265.62288	15.095	0.005
2457267.57986	15.095	0.005
2457268.57604	15.100999999999999	0.005
2457269.55858	15.095	0.005
2457270.5110400002	15.095	0.005
2457270.69686	15.094000000000001	0.005
2457272.50204	15.091	0.005
2457273.6209	15.089	0.005
2457275.62453	15.100999999999999	0.005
2457277.6102299998	15.097000000000001	0.005
2457278.59964	15.095	0.005
2457283.57692	15.095	0.006999999999999999
2457291.51683	15.095999999999998	0.006999999999999999
2457292.52343	15.087	0.006999999999999999
2457293.508	15.095	0.005
2457294.4859700003	15.100999999999999	0.005
2457295.48438	15.091	0.006999999999999999
2457296.52968	15.104000000000001	0.005
2457299.53295	15.095999999999998	0.005
2457300.5108	15.089	0.005
2457307.56878	15.095999999999998	0.005
2457312.49873	15.105	0.005
2457317.49927	15.106	0.005
2457319.5051	15.097000000000001	0.006999999999999999
2457324.51372	15.097000000000001	0.005
2457328.51378	15.095999999999998	0.006999999999999999
2457435.86952	15.100999999999999	0.005
2457436.88835	15.097999999999999	0.005
2457438.84263	15.092	0.005
2457439.86627	15.097999999999999	0.005
2457440.88985	15.09	0.005
2457442.83517	15.102	0.005
2457445.8174	15.097000000000001	0.005
2457446.82461	15.105	0.005
2457447.82212	15.1	0.005
2457448.82373	15.089	0.005
2457449.86386	15.092	0.005
2457451.89498	15.099	0.005
2457452.9086	15.095999999999998	0.005
2457454.86193	15.089	0.005
2457455.86455	15.100999999999999	0.005
2457456.88091	15.087	0.005
2457457.87739	15.09	0.005
2457458.87115	15.09	0.005
2457460.87268	15.083	0.005
2457461.87051	15.091	0.005
2457462.84895	15.095	0.005
2457463.8920299998	15.093	0.005
2457465.81688	15.085999999999999	0.005
2457466.87744	15.091	0.005
2457467.8804099998	15.088	0.005
2457470.83665	15.092	0.005
2457471.80063	15.089	0.005
2457472.75099	15.085999999999999	0.005
2457472.88124	15.085999999999999	0.005
2457474.75973	15.095	0.005
2457474.8626900003	15.085999999999999	0.005
2457475.79195	15.097999999999999	0.006999999999999999
2457475.89566	15.084000000000001	0.005
2457476.7774	15.095999999999998	0.005
2457484.8625	15.085999999999999	0.005
2457486.79613	15.085999999999999	0.005
2457487.90615	15.085999999999999	0.005
2457491.70433	15.078	0.005
2457492.76304	15.09	0.005
2457493.75079	15.081	0.005
2457494.73353	15.089	0.005
2457495.71759	15.093	0.005
2457497.86034	15.081	0.005
2457498.8598599997	15.079	0.005
2457499.82416	15.09	0.005
2457500.7653200002	15.08	0.005
2457507.78883	15.081	0.005
2457508.83777	15.091	0.005
2457511.68652	15.095999999999998	0.005
2457512.88893	15.085999999999999	0.005
2457522.94201	15.08	0.006999999999999999
2457526.8547099996	15.085999999999999	0.005
2457530.7045	15.085999999999999	0.005
2457534.84442	15.092	0.005
2457536.84095	15.091	0.005
2457546.6743400004	15.085	0.005
2457547.61833	15.092	0.005
2457548.75209	15.1	0.005
2457549.882	15.092	0.005
2457550.8609700003	15.091	0.005
2457555.60127	15.097000000000001	0.005
2457557.54013	15.095999999999998	0.005
2457557.90475	15.081	0.005
2457561.6949	15.088	0.005
2457566.55185	15.085	0.005
2457566.8715	15.08	0.005
2457567.81532	15.092	0.005
2457568.83636	15.1	0.005
2457569.83278	15.088	0.005
2457570.8219	15.091	0.005
2457573.7124400004	15.095	0.005
2457575.64062	15.092	0.005
2457575.79415	15.095999999999998	0.005
2457576.58907	15.092	0.005
2457576.75268	15.095	0.005
2457577.5772	15.09	0.005
2457579.75398	15.084000000000001	0.005
2457582.73306	15.099	0.005
2457584.58088	15.092	0.005
2457584.7231900003	15.089	0.005
2457589.68821	15.095	0.005
2457590.48763	15.083	0.005
2457590.6324	15.092	0.005
2457591.4891	15.085999999999999	0.005
2457593.57009	15.088	0.005
2457593.7165200002	15.085	0.005
2457596.4755599997	15.091	0.005
2457599.54263	15.083	0.005
2457599.76198	15.085999999999999	0.005
2457600.6592900003	15.092	0.005
2457602.47555	15.095999999999998	0.005
2457602.6428900003	15.094000000000001	0.005
2457602.7812	15.082	0.005
2457603.62085	15.087	0.005
2457603.7609	15.092	0.005
2457604.5887	15.089	0.005
2457604.72829	15.088	0.005
2457605.5849599997	15.083	0.005
2457605.7316099997	15.08	0.005
2457607.47555	15.094000000000001	0.005
2457607.66051	15.083	0.005
2457608.56508	15.094000000000001	0.005
2457608.74213	15.084000000000001	0.005
2457609.61868	15.082	0.005
2457609.76223	15.088	0.005
2457610.65114	15.079	0.005
2457611.65188	15.091	0.005
2457612.5781900003	15.088	0.005
2457612.71643	15.085	0.005
2457616.59723	15.089	0.005
2457617.5468200003	15.085	0.005
2457617.70876	15.082	0.005
2457618.59823	15.081	0.005
2457619.5268200003	15.094000000000001	0.005
2457621.6061	15.081	0.005
2457622.54463	15.089	0.005
2457622.72359	15.085999999999999	0.005
2457623.64617	15.08	0.005
2457624.59001	15.09	0.005
2457625.5592900002	15.084000000000001	0.005
2457626.53089	15.091	0.005
2457630.5353	15.084000000000001	0.005
2457631.50192	15.079	0.005
2457632.4811299997	15.077	0.005
2457632.65909	15.081	0.005
2457634.54506	15.084000000000001	0.005
2457636.5001	15.077	0.005
2457637.4835099997	15.081	0.005
2457638.49087	15.084000000000001	0.005
2457639.5621700003	15.088	0.005
2457643.63717	15.079	0.006999999999999999
2457645.5138	15.088	0.005
2457648.5021599997	15.082	0.005
2457649.5265	15.085999999999999	0.005
2457650.57438	15.089	0.005
2457651.60382	15.082	0.005
2457653.5258299997	15.075999999999999	0.005
2457655.5391	15.077	0.005
2457656.58374	15.079	0.005
2457659.55803	15.082	0.005
2457661.48682	15.087	0.005
2457662.57086	15.077	0.005
2457667.55699	15.077	0.005
2457673.54454	15.075	0.005
2457681.51682	15.062000000000001	0.005
2457791.88744	14.794	0.005
2457793.8816400003	14.827	0.005
2457794.88864	14.823	0.005
2457795.89267	14.790999999999999	0.005
2457798.86256	14.78	0.005
2457800.8533799998	14.770999999999999	0.005
2457801.89227	14.765999999999998	0.005
2457803.8737	14.755999999999998	0.005
2457807.8598700003	14.725	0.004
2457809.82237	14.724	0.004
2457810.82145	14.725	0.004
2457812.87225	14.720999999999998	0.004
2457814.84127	14.703	0.004
2457815.87022	14.696	0.004
2457816.86002	14.697000000000001	0.004
2457817.85653	14.697000000000001	0.004
2457818.84275	14.692	0.004
2457819.82251	14.689	0.004
2457820.83117	14.686	0.004
2457821.83035	14.685	0.004
2457822.82577	14.68	0.004
2457823.8114099996	14.672	0.004
2457823.90037	14.677999999999999	0.004
2457824.89638	14.683	0.004
2457825.8878900004	14.675	0.004
2457826.8470900003	14.667	0.004
2457827.82242	14.672	0.004
2457827.91164	14.669	0.004
2457828.88083	14.668	0.004
2457830.7834799998	14.665999999999999	0.004
2457830.87072	14.669	0.004
2457834.83629	14.671	0.004
2457835.7729	14.677	0.004
2457835.9135	14.67	0.004
2457836.86821	14.675	0.004
2457837.8023	14.677	0.004
2457837.91191	14.68	0.004
2457838.85752	14.677	0.004
2457839.80608	14.686	0.004
2457839.91982	14.684000000000001	0.004
2457840.85018	14.68	0.004
2457841.7900799997	14.687000000000001	0.004
2457841.9003	14.686	0.004
2457842.81477	14.694	0.004
2457843.7392	14.692	0.004
2457843.85616	14.696	0.004
2457844.76634	14.693	0.004
2457844.88305	14.699000000000002	0.004
2457845.7996	14.695	0.004
2457845.90937	14.704	0.004
2457846.8376599997	14.700999999999999	0.004
2457847.7409900003	14.708	0.004
2457847.8585099997	14.710999999999999	0.004
2457848.75479	14.706	0.004
2457848.8729	14.702	0.004
2457849.76748	14.714	0.004
2457849.88664	14.719000000000001	0.004
2457850.78076	14.725999999999999	0.004
2457850.90038	14.720999999999998	0.004
2457851.7974900003	14.725	0.004
2457851.9205099996	14.720999999999998	0.004
2457853.87462	14.735999999999999	0.004
2457854.7206099997	14.74	0.004
2457854.83781	14.739	0.004
2457855.7502099997	14.742	0.004
2457855.8611	14.747	0.004
2457856.75914	14.745	0.004
2457856.8730099997	14.754000000000001	0.005
2457858.84722	14.753	0.005
2457862.71962	14.777999999999999	0.005
2457862.82958	14.779000000000002	0.005
2457863.77539	14.783	0.005
2457863.92334	14.79	0.005
2457864.73397	14.79	0.005
2457864.88495	14.795	0.005
2457865.73729	14.793	0.005
2457865.87546	14.804	0.005
2457866.73371	14.802	0.005
2457866.8662799997	14.8	0.005
2457867.73708	14.798	0.005
2457867.86807	14.812999999999999	0.005
2457868.79409	14.81	0.005
2457869.67614	14.807	0.005
2457869.7925299997	14.814	0.005
2457869.9245700003	14.823	0.005
2457870.8139400003	14.814	0.005
2457871.70962	14.821	0.005
2457871.84415	14.829	0.005
2457872.68869	14.821	0.005
2457872.84264	14.831	0.005
2457873.68997	14.83	0.005
2457873.79805	14.828	0.005
2457873.93237	14.838	0.005
2457874.76645	14.833	0.005
2457874.88989	14.838	0.005
2457875.8448900003	14.835	0.005
2457876.66115	14.834000000000001	0.005
2457876.78161	14.85	0.005
2457876.90851	14.839	0.005
2457877.74182	14.850999999999999	0.005
2457877.86521	14.856	0.005
2457878.78032	14.860999999999999	0.005
2457878.90463	14.857000000000001	0.005
2457879.72902	14.869000000000002	0.005
2457879.88201	14.868	0.005
2457880.7575	14.865	0.005
2457880.88788	14.865	0.005
2457881.83816	14.87	0.005
2457882.71478	14.876	0.005
2457882.8457299997	14.869000000000002	0.005
2457883.86527	14.877	0.005
2457890.72976	14.905999999999999	0.005
2457890.88749	14.912	0.005
2457893.70668	14.917	0.005
2457893.83635	14.919	0.005
2457893.9421599996	14.927	0.005
2457894.69064	14.924000000000001	0.005
2457894.81875	14.924000000000001	0.005
2457894.92741	14.927	0.005
2457895.79105	14.925	0.005
2457897.73355	14.940999999999999	0.005
2457900.93213	14.939	0.005
2457901.66755	14.942	0.005
2457901.82457	14.943	0.005
2457902.6595900003	14.94	0.005
2457902.79095	14.94	0.005
2457902.94085	14.954	0.006999999999999999
2457903.82786	14.946	0.005
2457903.94427	14.954	0.006999999999999999
2457904.6844900004	14.948	0.005
2457904.81687	14.944	0.005
2457904.93415	14.948	0.005
2457905.6534700003	14.954	0.005
2457905.7831099997	14.950999999999999	0.005
2457905.8935	14.955	0.005
2457906.60152	14.960999999999999	0.005
2457906.71976	14.956	0.005
2457906.8426200002	14.954	0.005
2457906.94197	14.955	0.005
2457907.7143900003	14.956	0.005
2457908.56966	14.966	0.005
2457908.66586	14.96	0.005
2457908.79561	14.962	0.005
2457908.9046	14.952	0.005
2457909.5959799998	14.965	0.005
2457909.71637	14.960999999999999	0.005
2457909.82817	14.963	0.005
2457909.92513	14.964	0.005
2457910.61334	14.957	0.005
2457910.74485	14.965	0.005
2457910.86199	14.967	0.005
2457911.58637	14.968	0.006999999999999999
2457911.68981	14.969000000000001	0.005
2457911.9056599997	14.974	0.005
2457916.63807	14.988	0.005
2457916.7379400004	14.982999999999999	0.005
2457917.56126	14.987	0.005
2457917.67368	14.979000000000001	0.005
2457917.78783	14.987	0.005
2457917.89546	14.982000000000001	0.005
2457918.6729599996	14.984000000000002	0.005
2457922.6496900003	14.991	0.005
2457923.5424099998	15.002	0.005
2457923.6490700003	14.987	0.005
2457923.78817	14.994000000000002	0.005
2457923.89459	14.999	0.005
2457924.57165	15.002	0.005
2457924.68664	14.998	0.005
2457924.80602	15.0	0.005
2457925.59559	14.995	0.005
2457925.72175	14.992	0.005
2457925.84668	14.993	0.005
2457926.61494	15.009	0.005
2457926.76113	15.005999999999998	0.005
2457928.60925	15.005	0.005
2457932.6392	15.001	0.005
2457932.77295	15.020999999999999	0.005
2457933.62993	15.015	0.005
2457933.762	15.011	0.005
2457934.56489	15.011	0.005
2457934.7017200002	15.012	0.005
2457934.79541	15.012	0.005
2457935.53517	15.017000000000001	0.005
2457935.66499	15.023	0.005
2457935.77623	15.005999999999998	0.005
2457935.87676	15.023	0.005
2457936.5274400003	15.023	0.005
2457936.65243	15.02	0.005
2457936.7829400003	15.024000000000001	0.005
2457936.8761400003	15.025	0.005
2457937.57963	15.025	0.005
2457937.70102	15.024000000000001	0.005
2457937.82139	15.027999999999999	0.005
2457938.60351	15.02	0.005
2457944.48397	15.026	0.005
2457944.53462	15.03	0.005
2457944.57638	15.027000000000001	0.005
2457944.62656	15.027999999999999	0.005
2457944.6764	15.023	0.005
2457944.7452700003	15.024000000000001	0.005
2457944.7867099997	15.027999999999999	0.005
2457944.82991	15.019	0.005
2457945.5003400003	15.02	0.005
2457945.61089	15.030999999999999	0.005
2457945.72325	15.027999999999999	0.005
2457945.8325900002	15.030999999999999	0.005
2457946.5546	15.032	0.005
2457946.68401	15.038	0.005
2457946.79648	15.024000000000001	0.005
2457947.5372200003	15.030999999999999	0.005
2457947.65287	15.034	0.005
2457947.80007	15.040999999999999	0.006999999999999999
2457948.54925	15.030999999999999	0.005
2457948.6745	15.023	0.005
2457948.80693	15.037	0.005
2457949.5956599996	15.030999999999999	0.005
2457949.72917	15.030999999999999	0.005
2457952.7429400003	15.037	0.005
2457953.50804	15.038	0.005
2457953.6485599997	15.030999999999999	0.005
2457953.7678799997	15.038	0.005
2457954.52481	15.039000000000001	0.005
2457954.67137	15.042	0.005
2457955.72078	15.04	0.005
2457956.51084	15.048	0.005
2457956.65352	15.040999999999999	0.005
2457956.76926	15.044	0.005
2457957.69489	15.044	0.005
2457958.6071599997	15.047	0.005
2457958.70126	15.043	0.005
2457958.80609	15.04	0.005
2457959.56563	15.045	0.005
2457959.68246	15.047	0.005
2457959.7932700003	15.040999999999999	0.005
2457960.55203	15.05	0.005
2457960.6874700002	15.048	0.005
2457960.7945	15.052	0.005
2457961.62615	15.055	0.005
2457961.75013	15.057	0.005
2457962.56099	15.050999999999998	0.005
2457964.52825	15.05	0.005
2457964.6282099998	15.057	0.005
2457964.78636	15.050999999999998	0.005
2457965.69783	15.06	0.005
2457966.57165	15.057	0.005
2457966.68194	15.052999999999999	0.005
2457967.6132400003	15.058	0.005
2457967.70301	15.06	0.006999999999999999
2457971.47485	15.064	0.006999999999999999
2457971.52758	15.064	0.005
2457971.5693	15.055	0.005
2457971.61606	15.065999999999999	0.005
2457971.6564	15.059000000000001	0.005
2457972.47547	15.056	0.006999999999999999
2457972.57831	15.058	0.005
2457972.63222	15.06	0.005
2457972.68008	15.056	0.005
2457972.73594	15.062999999999999	0.006999999999999999
2457973.57694	15.065	0.005
2457973.70903	15.064	0.006999999999999999
2457974.56455	15.059000000000001	0.005
2457974.6803200003	15.059000000000001	0.005
2457975.62854	15.065	0.005
2457979.5608099997	15.065	0.005
2457980.47841	15.054	0.005
2457980.61199	15.061	0.005
2457981.51973	15.065	0.005
2457981.66463	15.069	0.005
2457982.5740900002	15.065999999999999	0.005
2457983.5007599997	15.064	0.005
2457983.61203	15.065	0.005
2457984.52507	15.065999999999999	0.005
2457984.63884	15.07	0.005
2457985.57512	15.065999999999999	0.005
2457986.53686	15.075999999999999	0.005
2457986.6653400003	15.071	0.005
2457987.5959799998	15.075999999999999	0.005
2457990.5110400002	15.068	0.005
2457990.64181	15.065999999999999	0.005
2457991.5718400003	15.077	0.005
2457992.4959	15.07	0.005
2457992.61655	15.068	0.005
2457993.54589	15.071	0.005
2457993.65488	15.068	0.005
2457994.58905	15.078	0.005
2457998.4950599996	15.079	0.005
2457998.53578	15.073	0.005
2457998.58468	15.073	0.005
2457998.62816	15.073	0.006999999999999999
2458000.5090900003	15.073	0.005
2458000.5622799997	15.065999999999999	0.005
2458000.60899	15.072000000000001	0.006999999999999999
2458001.51358	15.079	0.005
2458001.6225099997	15.074000000000002	0.005
2458002.63551	15.072000000000001	0.005
2458004.49737	15.078	0.005
2458005.4805	15.08	0.006999999999999999
2458007.59358	15.075	0.005
2458010.50607	15.075	0.005
2458011.57253	15.078	0.006999999999999999
2458012.57329	15.082	0.005
2458013.57757	15.074000000000002	0.005
2458014.58663	15.083	0.005
2458016.48291	15.08	0.005
2458017.49838	15.083	0.005
2458018.53427	15.084000000000001	0.005
2458019.56122	15.073	0.005
2458021.5057200002	15.08	0.005
2458026.54015	15.082	0.005
2458029.5271900003	15.079	0.005
2458032.56506	15.094000000000001	0.005
2458036.52472	15.074000000000002	0.005
2458037.56683	15.081	0.005
2458040.53232	15.088	0.005
2458046.52696	15.088	0.006999999999999999
2458053.53072	15.085	0.006999999999999999
2458057.51196	15.088	0.006999999999999999
