2455377.68659	18.132	0.034
2455378.5134	18.104	0.032
2455378.81663	18.137	0.037000000000000005
2455379.7206	18.081	0.034
2455380.8152099997	18.137	0.048
2455381.6902900003	18.124000000000002	0.037000000000000005
2455382.55394	18.128	0.048
2455382.7606900004	18.093	0.044000000000000004
2455385.51292	18.101	0.032
2455386.48657	18.115	0.034
2455386.56878	18.104	0.031
2455386.65242	18.102999999999998	0.031
2455386.78475	18.114	0.028999999999999998
2455387.7696	18.109	0.032
2455388.68071	18.1	0.031
2455389.54767	18.117	0.032
2455390.55517	18.049	0.037000000000000005
2455390.81219	18.102999999999998	0.034
2455391.79807	18.133	0.039
2455392.6677	18.102	0.032
2455393.70652	18.13	0.04
2455396.60242	18.075	0.034
2455397.66592	18.121	0.045
2455402.67584	18.012	0.05
2455403.6381099997	18.088	0.034
2455404.50962	18.115	0.039
2455404.70679	18.121	0.044000000000000004
2455405.72245	18.123	0.042
2455407.57576	18.108	0.042
2455407.76947	18.14	0.048
2455408.6989	18.109	0.039
2455409.63184	18.081	0.026000000000000002
2455410.63539	18.104	0.034
2455411.67205	18.087	0.026000000000000002
2455412.63271	18.143	0.039
2455413.66345	18.083	0.026000000000000002
2455414.7107700002	18.073	0.028999999999999998
2455418.6009400003	18.102	0.027999999999999997
2455421.6281	18.112000000000002	0.032
2455422.6737900004	18.125	0.031
2455425.5378400004	18.129	0.032
2455430.53278	18.087	0.045
2455431.53354	18.057000000000002	0.036000000000000004
2455434.4963599998	18.16	0.045
2455434.70884	18.077	0.042
2455435.7134	18.160999999999998	0.042
2455438.5022	18.125	0.048
2455439.57178	18.067999999999998	0.037000000000000005
2455443.58581	18.061	0.032
2455444.61118	18.125999999999998	0.04
2455446.48763	18.092	0.04
2455447.50586	18.087	0.026000000000000002
2455448.57859	18.066	0.039
2455450.5219400004	18.1	0.039
2455451.65088	18.143	0.044000000000000004
2455457.54569	18.088	0.031
2455458.57684	18.099	0.039
2455459.60811	18.124000000000002	0.037000000000000005
2455461.48362	18.178	0.087
2455462.5024599996	18.111	0.037000000000000005
2455463.63366	18.143	0.052000000000000005
2455464.60143	18.238	0.055
2455465.51437	18.105999999999998	0.04
2455468.5805099998	18.139	0.045
2455471.5516	18.086	0.037000000000000005
2455472.6014900003	18.125	0.044000000000000004
2455477.5241400003	18.102999999999998	0.05
2455480.52485	18.155	0.044000000000000004
2455485.52625	18.12	0.048
2455487.5098599996	18.117	0.042
2455489.50878	18.115	0.047
2455492.5342	18.156	0.065
2455497.51739	18.14	0.044000000000000004
2455598.8683599997	18.139	0.034
2455599.85849	18.112000000000002	0.034
2455600.85494	18.098	0.037000000000000005
2455607.88362	18.160999999999998	0.034
2455614.88036	18.102	0.036000000000000004
2455620.8604200003	18.098	0.034
2455624.82114	18.112000000000002	0.036000000000000004
2455625.78321	18.072	0.045
2455627.80798	18.097	0.04
2455629.7873400003	18.144000000000002	0.039
2455630.77991	18.143	0.039
2455632.77661	18.012	0.045
2455634.76153	18.13	0.039
2455635.83405	18.1	0.044000000000000004
2455638.75435	18.156	0.052000000000000005
2455639.75577	18.118	0.047
2455639.83189	18.139	0.037000000000000005
2455639.9076	18.102	0.036000000000000004
2455640.76198	18.081	0.052000000000000005
2455640.8432400003	18.15	0.047
2455641.76768	18.067	0.039
2455641.89247	18.1	0.036000000000000004
2455642.83201	18.16	0.042
2455643.7587900003	18.090999999999998	0.042
2455643.85683	18.136	0.032
2455644.76271	18.202	0.086
2455644.8777	18.094	0.036000000000000004
2455648.74852	18.124000000000002	0.04
2455648.85506	18.090999999999998	0.028999999999999998
2455649.75433	18.067999999999998	0.032
2455649.8609700003	18.088	0.028999999999999998
2455650.7464	18.102	0.031
2455650.8478200003	18.058	0.026000000000000002
2455651.76706	18.128	0.032
2455651.8804599997	18.105999999999998	0.032
2455652.80865	18.089000000000002	0.026000000000000002
2455653.7771	18.109	0.024
2455654.7798	18.102999999999998	0.032
2455654.87021	18.095	0.027999999999999997
2455655.78139	18.109	0.032
2455655.86419	18.078	0.026000000000000002
2455656.81544	18.118	0.027999999999999997
2455657.77782	18.086	0.026000000000000002
2455657.86194	18.105	0.028999999999999998
2455658.7725299997	18.113	0.037000000000000005
2455658.8698	18.105	0.031
2455659.72662	18.101	0.032
2455659.80348	18.093	0.028999999999999998
2455659.89248	18.142	0.028999999999999998
2455660.7760799997	18.104	0.031
2455660.8751	18.082	0.036000000000000004
2455662.76818	18.078	0.034
2455662.8681799998	18.086	0.027999999999999997
2455663.7707700003	18.021	0.032
2455664.81405	18.153	0.036000000000000004
2455664.91813	18.097	0.034
2455665.80068	18.076	0.027999999999999997
2455665.91253	18.082	0.026000000000000002
2455667.85595	18.112000000000002	0.026000000000000002
2455668.87512	18.105999999999998	0.037000000000000005
2455669.85351	18.115	0.032
2455670.8425	18.086	0.044000000000000004
2455675.72309	18.132	0.034
2455675.9131400003	18.128	0.039
2455676.80647	18.114	0.028999999999999998
2455677.7629	18.098	0.032
2455679.6853099996	18.098	0.032
2455679.87209	18.063	0.032
2455680.75083	18.127	0.032
2455681.66381	18.058	0.036000000000000004
2455681.8464200003	18.123	0.034
2455682.7319799997	18.128	0.032
2455682.86935	18.105999999999998	0.031
2455683.68602	18.058	0.028999999999999998
2455683.90588	18.15	0.031
2455684.82047	18.124000000000002	0.028999999999999998
2455685.79489	18.108	0.024
2455686.6955	18.105	0.032
2455686.89091	18.03	0.042
2455687.7815	18.123	0.028999999999999998
2455689.68953	18.14	0.028999999999999998
2455690.69391	18.1	0.034
2455690.90755	17.982	0.04
2455691.82703	18.06	0.032
2455692.72192	18.105999999999998	0.031
2455692.88626	18.11	0.034
2455693.7549	18.090999999999998	0.026000000000000002
2455693.90745	18.131	0.039
2455694.75315	18.13	0.034
2455694.91516	18.13	0.042
2455695.79764	18.081	0.027999999999999997
2455696.6016599997	18.185	0.055
2455696.78381	18.102	0.028999999999999998
2455697.6170799998	18.077	0.04
2455697.79323	18.107	0.032
2455698.62214	18.148	0.061
2455698.7906400003	18.083	0.037000000000000005
2455703.71753	18.1	0.052000000000000005
2455705.75537	18.141	0.044000000000000004
2455706.57793	18.105999999999998	0.053
2455707.5917700003	18.102999999999998	0.032
2455707.76402	18.105	0.028999999999999998
2455707.9309900003	18.076	0.05
2455708.75556	18.074	0.036000000000000004
2455709.59908	18.058	0.031
2455712.6368400003	18.125999999999998	0.045
2455712.64937	18.125	0.037000000000000005
2455712.83198	18.146	0.032
2455713.84685	18.048	0.034
2455715.7935599997	18.121	0.031
2455716.6666099997	18.113	0.036000000000000004
2455716.6793299997	18.160999999999998	0.044000000000000004
2455716.8554599998	18.112000000000002	0.04
2455721.76723	18.109	0.031
2455722.5600900003	18.135	0.036000000000000004
2455722.5734200003	18.108	0.031
2455722.7927099997	18.154	0.032
2455723.67018	18.121	0.031
2455723.8297900003	18.101	0.032
2455724.7028	18.128	0.037000000000000005
2455725.61982	18.099	0.028999999999999998
2455726.5348400003	18.115	0.068
2455726.71442	18.027	0.047
2455734.6915	18.090999999999998	0.04
2455734.8755	18.128	0.057
2455735.82196	18.096	0.032
2455736.5669299997	18.111	0.034
2455736.77275	18.102999999999998	0.027999999999999997
2455737.56292	18.143	0.031
2455737.75372	18.098	0.026000000000000002
2455738.5923099997	18.075	0.031
2455739.50587	18.107	0.042
2455739.65876	18.095	0.026000000000000002
2455739.84852	18.087	0.037000000000000005
2455740.64989	18.095	0.036000000000000004
2455740.837	18.144000000000002	0.04
2455741.6072400003	18.11	0.028999999999999998
2455741.78618	18.109	0.027999999999999997
2455742.53801	18.107	0.037000000000000005
2455742.71902	18.101	0.026000000000000002
2455742.87405	18.083	0.034
2455743.7688700003	18.097	0.036000000000000004
2455744.5266	18.135	0.042
2455744.73142	18.075	0.027999999999999997
2455745.5153099997	18.09	0.039
2455745.7019599997	18.117	0.031
2455745.86912	18.127	0.052000000000000005
2455746.68565	18.093	0.031
2455746.7302900003	18.14	0.042
2455746.78541	18.076	0.037000000000000005
2455747.61717	18.102999999999998	0.052000000000000005
2455747.81733	18.070999999999998	0.052000000000000005
2455749.56643	18.072	0.034
2455749.73305	18.079	0.037000000000000005
2455752.6167599997	18.076	0.044000000000000004
2455753.5027799997	18.133	0.09
2455753.7713900004	18.187	0.065
2455759.83853	18.074	0.053
2455760.50611	18.13	0.057
2455760.70279	18.217	0.04
2455761.5225400003	18.184	0.023
2455762.56557	18.137999999999998	0.037000000000000005
2455762.72194	18.114	0.04
2455763.61637	18.115	0.034
2455763.78758	18.16	0.047
2455764.60928	18.133	0.027999999999999997
2455765.48478	18.189	0.039
2455765.67865	18.101	0.034
2455766.5367799997	18.065	0.027999999999999997
2455766.72591	18.183	0.04
2455767.60564	18.137	0.04
2455768.47504	18.108	0.032
2455768.66518	18.084	0.026000000000000002
2455769.50049	18.128	0.034
2455769.71365	18.124000000000002	0.032
2455775.55571	18.127	0.044000000000000004
2455776.63715	18.105999999999998	0.037000000000000005
2455777.55958	18.11	0.027999999999999997
2455778.49325	18.187	0.057
2455779.63118	18.088	0.026000000000000002
2455785.65744	18.067999999999998	0.044000000000000004
2455786.60133	18.144000000000002	0.04
2455787.63808	18.128	0.036000000000000004
2455788.55837	18.136	0.037000000000000005
2455788.72312	18.132	0.061
2455790.61742	18.169	0.044000000000000004
2455791.51445	18.134	0.042
2455793.6257	18.146	0.034
2455794.50932	18.118	0.034
2455794.70647	18.143	0.037000000000000005
2455796.4800299997	18.166	0.036000000000000004
2455796.6797700003	18.094	0.036000000000000004
2455801.59938	18.113	0.04
2455802.59311	18.141	0.052000000000000005
2455804.5851	18.081	0.034
2455805.54676	18.153	0.031
2455806.54208	18.148	0.042
2455807.6623	18.177	0.055
2455812.64787	18.115	0.057
2455813.62836	18.107	0.034
2455815.60603	18.112000000000002	0.034
2455816.57714	18.114	0.04
2455817.57817	18.086	0.045
2455818.5597599996	18.165	0.048
2455819.5681	18.134	0.037000000000000005
2455820.54608	18.055	0.037000000000000005
2455822.5268	18.122	0.045
2455822.61524	18.079	0.04
2455823.54669	18.125999999999998	0.048
2455823.6307099997	18.157	0.052000000000000005
2455824.56825	18.137	0.032
2455825.48907	18.173	0.048
2455825.5849200003	18.137	0.039
2455826.50811	18.109	0.04
2455826.5962900002	18.12	0.048
2455827.53416	18.166	0.053
2455827.61457	18.06	0.047
2455828.54754	18.072	0.032
2455828.61991	18.109	0.039
2455829.55833	18.069000000000003	0.031
2455830.48426	18.089000000000002	0.032
2455830.57124	18.09	0.036000000000000004
2455831.54341	18.066	0.034
2455831.6165299998	18.111	0.045
2455832.56643	18.074	0.037000000000000005
2455833.5247	18.13	0.034
2455833.6022099997	18.096	0.042
2455834.5616599997	18.112000000000002	0.034
2455835.5451	18.072	0.048
2455836.54075	18.102	0.052000000000000005
2455839.48729	18.159000000000002	0.053
2455839.56616	18.048	0.05
2455840.51715	18.117	0.044000000000000004
2455840.61149	18.123	0.053
2455841.54006	18.066	0.047
2455842.4876200003	18.123	0.08199999999999999
2455842.5887	18.146	0.053
2455843.54295	18.157	0.045
2455844.4866400003	18.064	0.055
2455844.56756	18.137999999999998	0.053
2455845.52853	18.094	0.055
2455846.4890900003	18.151	0.076
2455846.56951	17.991	0.061
2455847.5449599996	18.168	0.068
2455850.5161099997	18.085	0.034
2455851.5558	18.113	0.04
2455852.50704	18.153	0.057
2455854.4964099997	18.125	0.057999999999999996
2455854.56002	18.07	0.061
2455855.55496	18.184	0.057
2455857.49897	18.033	0.053
2455859.4980900004	18.084	0.053
2455860.51162	18.243	0.05
2455861.53393	18.183	0.055
2455969.89034	18.112000000000002	0.057
2455976.85524	18.131	0.034
2455977.8472599997	18.145	0.039
2455978.8654400003	18.067999999999998	0.031
2455979.86989	18.144000000000002	0.034
2455982.81717	18.102	0.032
2455982.90308	18.147000000000002	0.057
2455983.89664	18.128	0.028999999999999998
2455984.88979	18.135	0.031
2455985.8647	18.124000000000002	0.036000000000000004
2455986.84627	18.065	0.031
2455987.81103	18.102	0.042
2455988.81282	18.104	0.04
2455988.89776	18.142	0.034
2455989.87322	18.070999999999998	0.032
2455990.83753	18.078	0.031
2455991.8111400004	18.132	0.042
2455991.90557	18.069000000000003	0.036000000000000004
2455992.87162	18.048	0.027999999999999997
2455993.85236	18.047	0.037000000000000005
2455994.81984	18.019000000000002	0.036000000000000004
2455994.9099	18.083	0.039
2455995.83718	18.076	0.028999999999999998
2455996.78638	18.088	0.045
2455996.8737	18.135	0.028999999999999998
2455997.82051	18.143	0.037000000000000005
2455997.90678	18.1	0.034
2455998.8617	18.057000000000002	0.031
2455999.79353	18.092	0.037000000000000005
2455999.8805	18.088	0.028999999999999998
2456003.86842	18.076	0.036000000000000004
2456004.80109	18.1	0.037000000000000005
2456004.89658	18.127	0.031
2456005.8201	18.094	0.034
2456006.76248	18.070999999999998	0.031
2456006.86517	18.078	0.026000000000000002
2456007.76851	18.133	0.036000000000000004
2456007.86393	18.098	0.027999999999999997
2456008.7621	18.087	0.031
2456008.85942	18.084	0.032
2456009.75819	18.125	0.031
2456009.8596799998	18.06	0.028999999999999998
2456010.75275	18.007	0.039
2456010.8534	18.105	0.027999999999999997
2456011.73738	18.048	0.037000000000000005
2456011.84961	18.033	0.037000000000000005
2456012.74792	18.132	0.036000000000000004
2456012.84817	18.125	0.027999999999999997
2456013.7545	18.111	0.036000000000000004
2456013.83336	18.067	0.027999999999999997
2456014.7305900003	18.09	0.037000000000000005
2456014.8075	18.108	0.027999999999999997
2456014.9069	18.096	0.037000000000000005
2456015.78572	18.081	0.024
2456015.87403	18.096	0.024
2456016.7673299997	18.11	0.027999999999999997
2456016.87042	18.086	0.024
2456017.75536	18.094	0.024
2456017.83277	18.14	0.024
2456018.72414	18.058	0.05
2456018.82114	18.052	0.028999999999999998
2456019.72182	18.127	0.04
2456019.8182200002	18.094	0.032
2456019.89528	18.099	0.024
2456020.75408	18.136	0.028999999999999998
2456020.8483599997	18.11	0.023
2456020.92858	18.113	0.068
2456021.77728	18.122	0.028999999999999998
2456021.85473	18.12	0.026000000000000002
2456022.72584	18.076	0.044000000000000004
2456022.80228	18.093	0.028999999999999998
2456022.8998	18.062	0.026000000000000002
2456023.759	18.118	0.032
2456023.84059	18.145	0.032
2456024.71655	18.07	0.045
2456024.79588	18.133	0.036000000000000004
2456024.90815	18.131	0.036000000000000004
2456025.70013	18.053	0.052000000000000005
2456025.7797	18.074	0.039
2456025.88389	18.111	0.036000000000000004
2456029.8996200003	18.094	0.032
2456031.75623	18.088	0.034
2456032.68555	18.148	0.045
2456032.86233	18.079	0.026000000000000002
2456033.78601	18.113	0.031
2456034.74009	18.108	0.026000000000000002
2456035.87289	18.055999999999997	0.031
2456036.8656200003	18.067	0.024
2456037.82321	18.148	0.034
2456038.7787099998	18.053	0.027999999999999997
2456039.7763900002	18.124000000000002	0.039
2456040.76416	18.108	0.032
2456041.71214	18.099	0.036000000000000004
2456041.9031599998	18.084	0.027999999999999997
2456047.6819	18.133	0.034
2456047.8733	18.124000000000002	0.028999999999999998
2456048.8013400002	18.125	0.026000000000000002
2456049.70858	18.076	0.028999999999999998
2456049.9026599997	18.057000000000002	0.028999999999999998
2456050.80749	18.114	0.028999999999999998
2456051.7307700003	18.116	0.034
2456052.79145	18.08	0.032
2456053.6417799997	18.134	0.057
2456053.8363900003	18.085	0.032
2456054.91198	18.108	0.052000000000000005
2456058.67899	18.129	0.04
2456058.8490400002	18.084	0.032
2456059.73673	18.093	0.034
2456059.91301	18.067999999999998	0.028999999999999998
2456061.81438	18.137	0.032
2456062.68415	18.137	0.037000000000000005
2456062.86319	18.202	0.037000000000000005
2456063.83201	18.057000000000002	0.044000000000000004
2456064.75482	18.086	0.023
2456064.9398	18.075	0.04
2456065.78813	18.116	0.028999999999999998
2456066.70262	18.090999999999998	0.031
2456066.8879	18.088	0.027999999999999997
2456067.68952	18.124000000000002	0.028999999999999998
2456067.86751	18.105	0.027999999999999997
2456068.7001400003	18.098	0.027999999999999997
2456068.91527	18.097	0.031
2456069.66657	18.109	0.028999999999999998
2456069.85484	18.131	0.024
2456070.65389	18.098	0.039
2456070.83068	18.098	0.027999999999999997
2456071.6285200003	18.147000000000002	0.032
2456071.80959	18.137999999999998	0.031
2456075.61128	18.104	0.027999999999999997
2456075.79325	18.063	0.023
2456076.64402	18.132	0.034
2456076.82578	18.061	0.027999999999999997
2456077.76265	18.133	0.032
2456077.94203	18.219	0.053
2456078.76412	18.105999999999998	0.026000000000000002
2456079.56245	18.202	0.045
2456079.74016	18.093	0.028999999999999998
2456079.92067	18.063	0.032
2456080.69482	18.114	0.028999999999999998
2456080.87329	18.156	0.037000000000000005
2456081.64489	18.061	0.044000000000000004
2456081.8272599997	18.065	0.036000000000000004
2456082.63631	18.135	0.057999999999999996
2456082.84146	18.104	0.05
2456085.6506	18.095	0.034
2456085.8128400003	18.149	0.05
2456086.58629	18.116	0.034
2456086.76999	18.084	0.028999999999999998
2456087.5482400004	18.176	0.042
2456087.84802	18.167	0.044000000000000004
2456088.69008	18.101	0.026000000000000002
2456089.80615	18.309	0.042
2456092.65234	18.051	0.037000000000000005
2456093.56459	18.137	0.037000000000000005
2456093.76716	18.117	0.031
2456094.61806	18.115	0.036000000000000004
2456094.79079	18.07	0.028999999999999998
2456096.6043599998	18.08	0.031
2456096.8032299997	18.074	0.031
2456097.73	18.12	0.036000000000000004
2456097.89415	18.206	0.048
2456098.68765	18.094	0.034
2456098.86801	18.098	0.042
2456100.54239	18.053	0.036000000000000004
2456100.73697	18.119	0.031
2456101.51395	18.205	0.039
2456101.66735	18.167	0.027999999999999997
2456101.85457	18.203	0.048
2456102.64952	18.163	0.031
2456102.8078799997	18.135	0.028999999999999998
2456103.55774	18.099	0.032
2456103.73813	18.141	0.028999999999999998
2456104.55769	18.084	0.026000000000000002
2456104.7228099997	18.118	0.023
2456104.8821799997	18.101	0.04
2456105.66883	18.157	0.031
2456106.65253	18.090999999999998	0.04
2456108.64916	18.092	0.031
2456108.82444	18.062	0.034
2456109.61254	18.277	0.09699999999999999
2456109.8118	18.051	0.047
2456113.6168299997	18.158	0.037000000000000005
2456113.77541	18.039	0.034
2456114.62347	18.094	0.039
2456114.79795	18.131	0.037000000000000005
2456115.56121	18.104	0.034
2456115.77702	18.109	0.042
2456116.6126200003	18.095	0.026000000000000002
2456116.78523	18.078	0.031
2456117.57952	18.105999999999998	0.028999999999999998
2456117.76022	18.104	0.031
2456118.53301	18.121	0.028999999999999998
2456118.7212099996	18.081	0.024
2456119.49559	18.14	0.048
2456119.67509	18.105	0.026000000000000002
2456120.51113	18.123	0.039
2456120.7059	18.124000000000002	0.037000000000000005
2456121.5029599997	18.148	0.027999999999999997
2456121.68367	18.063	0.023
2456123.54153	18.090999999999998	0.036000000000000004
2456123.71682	18.15	0.036000000000000004
2456124.5142	18.122	0.037000000000000005
2456124.72448	18.116	0.027999999999999997
2456125.52683	18.055	0.032
2456125.72905	18.114	0.027999999999999997
2456126.55991	18.1	0.031
2456126.77321	18.121	0.037000000000000005
2456127.73994	18.077	0.032
2456128.66203	18.102999999999998	0.026000000000000002
2456131.53526	18.131	0.036000000000000004
2456132.5422799997	18.105	0.034
2456132.7992	18.053	0.037000000000000005
2456133.7248400003	18.128	0.032
2456134.63247	18.101	0.034
2456135.60897	18.094	0.036000000000000004
2456135.8116200003	18.158	0.044000000000000004
2456140.6102299998	18.125	0.057
2456140.7686099997	18.176	0.081
2456141.63204	18.108	0.039
2456141.7840400003	18.095	0.052000000000000005
2456143.71947	18.153	0.055
2456147.69129	18.114	0.042
2456148.62735	18.089000000000002	0.026000000000000002
2456149.74199	18.053	0.047
2456150.66679	18.095	0.04
2456151.6480099997	18.212	0.04
2456152.5257	18.119	0.034
2456153.7226400003	18.124000000000002	0.044000000000000004
2456154.70684	18.082	0.036000000000000004
2456158.55361	18.093	0.028999999999999998
2456158.72222	18.083	0.032
2456159.68694	18.079	0.05
2456160.64818	18.090999999999998	0.032
2456161.54405	18.137999999999998	0.045
2456164.5331099997	18.07	0.045
2456167.52697	18.07	0.034
2456168.52397	18.074	0.037000000000000005
2456169.53221	18.156	0.039
2456169.7006900003	18.209	0.057999999999999996
2456171.67419	18.176	0.052000000000000005
2456172.63563	18.143	0.032
2456174.6013700003	18.136	0.047
2456175.58515	18.137999999999998	0.036000000000000004
2456179.57277	18.115	0.042
2456180.5627200003	18.105	0.037000000000000005
2456181.5233299998	18.094	0.031
2456182.52481	18.134	0.031
2456183.56995	18.093	0.027999999999999997
2456184.62125	18.118	0.034
2456185.50975	18.13	0.026000000000000002
2456186.5394	18.137999999999998	0.034
2456190.57567	18.118	0.028999999999999998
2456191.61326	18.158	0.034
2456195.54889	18.123	0.034
2456195.62462	18.112000000000002	0.039
2456196.54575	18.092	0.04
2456196.6246700003	18.108	0.052000000000000005
2456197.5474400003	18.258	0.048
2456198.5536	18.156	0.052000000000000005
2456200.59047	18.042	0.055
2456201.53028	18.182000000000002	0.06
2456203.51925	18.119	0.039
2456203.6107099997	18.042	0.057
2456204.56214	18.118	0.037000000000000005
2456205.50348	18.12	0.034
2456205.58456	18.134	0.036000000000000004
2456208.5304400004	18.07	0.037000000000000005
2456209.5798	18.06	0.044000000000000004
2456210.55558	18.167	0.04
2456211.50628	18.105	0.032
2456211.58709	18.119	0.039
2456212.50575	18.149	0.034
2456212.58117	18.06	0.036000000000000004
2456213.5350200003	18.097	0.037000000000000005
2456214.5141	18.141	0.036000000000000004
2456214.575	18.119	0.044000000000000004
2456216.51486	18.101	0.036000000000000004
2456216.57656	18.13	0.042
2456217.53795	18.121	0.028999999999999998
2456218.5225400003	18.133	0.04
2456219.5412	18.174	0.036000000000000004
2456221.52569	18.096	0.066
2456221.55288	18.121	0.068
2456223.57471	18.176	0.052000000000000005
2456226.51642	18.105999999999998	0.057999999999999996
2456231.52142	18.133	0.055
2456233.54731	18.152	0.055
2456238.5242	18.066	0.05
2456334.88605	18.105	0.036000000000000004
2456335.86303	18.114	0.032
2456337.87583	18.105999999999998	0.037000000000000005
2456338.8533900003	18.129	0.036000000000000004
2456339.84865	18.14	0.032
2456340.86838	18.070999999999998	0.031
2456342.83564	18.054000000000002	0.037000000000000005
2456343.8805299997	18.114	0.036000000000000004
2456344.87418	18.093	0.026000000000000002
2456345.8983400003	18.155	0.047
2456347.89565	18.12	0.032
2456348.8957599998	18.049	0.031
2456350.82567	18.070999999999998	0.037000000000000005
2456351.82427	18.139	0.048
2456352.82314	18.148	0.037000000000000005
2456353.79156	18.101	0.034
2456353.89993	18.132	0.034
2456358.8305900004	18.074	0.034
2456360.82207	18.092	0.026000000000000002
2456361.80711	18.113	0.027999999999999997
2456361.8859099997	18.212	0.034
2456362.86901	18.146	0.028999999999999998
2456363.7973599997	18.111	0.032
2456363.89705	18.048	0.026000000000000002
2456367.8962	18.094	0.024
2456368.8473799997	18.153	0.028999999999999998
2456369.77649	18.169	0.034
2456369.8676299998	18.107	0.026000000000000002
2456370.8190599997	18.147000000000002	0.027999999999999997
2456370.90167	18.05	0.027999999999999997
2456371.8327099998	18.156	0.031
2456371.9149700003	18.174	0.036000000000000004
2456372.82516	18.129	0.027999999999999997
2456372.90923	18.051	0.028999999999999998
2456373.84215	18.082	0.028999999999999998
2456374.75965	18.144000000000002	0.04
2456374.84906	18.128	0.031
2456375.75868	18.05	0.026000000000000002
2456375.8637099997	18.099	0.024
2456376.76796	18.17	0.034
2456376.85965	18.061	0.026000000000000002
2456377.78194	18.111	0.028999999999999998
2456377.87185	18.111	0.023
2456378.7782799997	18.101	0.032
2456378.86859	18.104	0.026000000000000002
2456379.77488	18.13	0.034
2456379.86357	18.132	0.031
2456380.76608	18.073	0.027999999999999997
2456380.86882	18.099	0.027999999999999997
2456381.78712	18.11	0.028999999999999998
2456381.87502	18.111	0.024
2456382.7809200003	18.109	0.042
2456382.8603	18.155	0.034
2456386.77396	18.133	0.032
2456386.8771599997	18.086	0.032
2456387.77263	18.149	0.027999999999999997
2456387.85596	18.078	0.026000000000000002
2456388.79659	18.119	0.027999999999999997
2456388.91012	18.092	0.027999999999999997
2456389.77496	18.102	0.028999999999999998
2456389.85463	18.098	0.028999999999999998
2456390.73031	18.121	0.032
2456390.81227	18.152	0.031
2456390.90374	18.088	0.027999999999999997
2456391.84821	18.145	0.032
2456393.84668	18.125	0.028999999999999998
2456394.80978	18.163	0.036000000000000004
2456395.7619	18.070999999999998	0.026000000000000002
2456396.71158	18.133	0.028999999999999998
2456396.89206	18.085	0.026000000000000002
2456397.83691	18.08	0.024
2456398.75452	18.079	0.026000000000000002
2456398.9253599998	18.136	0.031
2456399.84703	18.142	0.036000000000000004
2456400.82885	18.105	0.026000000000000002
2456401.77057	18.069000000000003	0.024
2456402.69509	18.022000000000002	0.031
2456402.86778	18.136	0.032
2456403.77399	18.105999999999998	0.024
2456404.71615	18.083	0.031
2456404.89494	18.158	0.032
2456405.83916	18.102999999999998	0.031
2456405.90454	18.137999999999998	0.023
2456406.9243400004	18.096	0.027999999999999997
2456407.8404	18.108	0.032
2456408.78449	18.107	0.042
2456409.89814	18.051	0.04
2456415.8478099997	18.137999999999998	0.047
2456416.7540700003	18.165	0.032
2456417.67901	18.124000000000002	0.042
2456417.84242	18.137	0.037000000000000005
2456418.70131	18.081	0.031
2456418.8655	18.075	0.024
2456419.75069	18.148	0.028999999999999998
2456419.92641	18.124000000000002	0.028999999999999998
2456420.7661099997	18.143	0.024
2456421.79397	18.095	0.028999999999999998
2456422.73839	18.149	0.027999999999999997
2456423.69606	18.11	0.034
2456423.89455	18.104	0.028999999999999998
2456424.7561	18.113	0.026000000000000002
2456426.61532	18.162	0.032
2456426.85543	18.082	0.024
2456427.8742400003	18.128	0.024
2456428.64657	18.118	0.04
2456428.84204	18.083	0.032
2456431.6406900003	18.105	0.036000000000000004
2456431.82941	18.160999999999998	0.028999999999999998
2456432.66677	18.066	0.034
2456432.85097	18.09	0.027999999999999997
2456433.6556700002	18.131	0.034
2456433.8517400003	18.107	0.031
2456434.74915	18.123	0.028999999999999998
2456434.9355599997	18.194000000000003	0.044000000000000004
2456435.5882	18.083	0.053
2456435.7913	18.113	0.031
2456436.59195	18.149	0.045
2456436.78243	18.082	0.032
2456436.9481099998	18.180999999999997	0.071
2456437.87785	18.034000000000002	0.053
2456441.71603	18.066	0.04
2456441.81825	18.133	0.039
2456442.59911	18.116	0.031
2456442.7831099997	18.102999999999998	0.026000000000000002
2456442.94335	18.151	0.06
2456443.62464	18.164	0.032
2456444.70406	18.143	0.04
2456444.80221	18.134	0.028999999999999998
2456445.5997200003	18.055	0.034
2456445.80643	18.125999999999998	0.028999999999999998
2456446.59043	18.107	0.026000000000000002
2456446.78178	18.049	0.023
2456447.5676	18.098	0.031
2456447.75061	18.098	0.026000000000000002
2456447.9166900003	18.109	0.031
2456448.67954	18.097	0.027999999999999997
2456448.86496	18.175	0.034
2456449.64091	18.1	0.036000000000000004
2456449.82502	18.136	0.032
2456450.59081	18.128	0.032
2456450.7749099997	18.097	0.024
2456450.93436	18.117	0.042
2456451.71605	18.15	0.031
2456451.89239	18.085	0.037000000000000005
2456452.6689299997	18.07	0.024
2456452.90668	18.096	0.031
2456454.67853	18.113	0.026000000000000002
2456454.8634200003	18.072	0.028999999999999998
2456455.7059299997	18.155	0.024
2456456.64513	18.098	0.02
2456456.8313700003	18.055999999999997	0.026000000000000002
2456457.80482	18.11	0.026000000000000002
2456458.58817	18.094	0.036000000000000004
2456458.77319	18.105999999999998	0.024
2456459.5339599997	18.058	0.037000000000000005
2456459.73137	18.090999999999998	0.023
2456459.89601	18.062	0.039
2456460.79442	18.08	0.027999999999999997
2456461.65355	18.115	0.031
2456461.8750400003	18.13	0.036000000000000004
2456462.8194	18.061	0.032
2456463.59332	18.178	0.044000000000000004
2456463.78438	18.13	0.032
2456464.60207	18.156	0.04
2456464.79317	18.129	0.04
2456468.58837	18.049	0.034
2456468.8020200003	18.085	0.036000000000000004
2456469.66313	18.156	0.036000000000000004
2456471.5808599996	18.278	0.05
2456472.64544	18.105999999999998	0.034
2456472.83105	18.096	0.044000000000000004
2456473.60803	18.078	0.024
2456473.79268	18.143	0.032
2456474.55498	18.09	0.034
2456474.7363400003	18.154	0.032
2456475.5170299998	18.051	0.036000000000000004
2456475.72147	18.129	0.031
2456476.48746	18.171	0.048
2456476.67529	18.097	0.032
2456476.83938	18.072	0.042
2456477.65597	18.104	0.032
2456478.51673	18.154	0.044000000000000004
2456479.5817299997	18.087	0.031
2456479.79793	18.134	0.037000000000000005
2456480.67996	18.098	0.027999999999999997
2456481.48723	18.142	0.036000000000000004
2456481.73027	18.057000000000002	0.032
2456483.59955	18.155	0.028999999999999998
2456484.56435	18.124000000000002	0.032
2456485.6909	18.143	0.026000000000000002
2456486.6129	18.089000000000002	0.026000000000000002
2456486.81534	18.092	0.028999999999999998
2456487.60348	18.053	0.023
2456487.80596	18.09	0.027999999999999997
2456490.4973299997	18.104	0.034
2456490.6844200003	18.109	0.027999999999999997
2456491.52818	18.094	0.034
2456491.74684	18.14	0.031
2456492.56369	18.123	0.037000000000000005
2456492.75066	18.07	0.036000000000000004
2456496.58275	18.095	0.06
2456497.68837	18.144000000000002	0.037000000000000005
2456498.51497	18.105999999999998	0.024
2456498.69433	18.134	0.032
2456499.52928	18.107	0.027999999999999997
2456500.6827	18.14	0.04
2456501.66733	18.111	0.028999999999999998
2456504.68299	18.127	0.028999999999999998
2456505.58135	18.089000000000002	0.032
2456505.77887	18.081	0.052000000000000005
2456506.72596	18.087	0.039
2456508.48365	18.123	0.04
2456508.67558	18.07	0.026000000000000002
2456509.59912	18.083	0.021
2456509.7647	18.094	0.042
2456510.65718	18.125999999999998	0.026000000000000002
2456511.61724	18.082	0.031
2456514.48002	18.073	0.034
2456514.73177	18.093	0.026000000000000002
2456515.71996	18.097	0.026000000000000002
2456516.67422	18.077	0.039
2456518.67957	18.133	0.028999999999999998
2456519.63334	18.143	0.032
2456523.55614	18.129	0.032
2456523.71173	18.250999999999998	0.076
2456524.6677900003	18.117	0.042
2456525.67535	18.139	0.052000000000000005
2456529.556	18.14	0.034
2456531.50845	18.118	0.032
2456532.5101900003	18.088	0.028999999999999998
2456533.5252900003	18.211	0.04
2456534.59981	18.084	0.028999999999999998
2456536.57098	18.14	0.027999999999999997
2456538.61251	18.13	0.034
2456543.5347	18.109	0.028999999999999998
2456544.5726799998	18.046	0.027999999999999997
2456545.62102	18.102	0.031
2456547.58923	18.208	0.065
2456555.5512099997	18.218	0.05
2456558.52764	18.102999999999998	0.026000000000000002
2456559.56728	18.098	0.032
2456560.62744	18.205	0.042
2456562.57796	18.123	0.028999999999999998
2456563.5942599997	18.105	0.036000000000000004
2456564.5271900003	18.128	0.032
2456565.49588	18.090999999999998	0.037000000000000005
2456565.59398	18.141	0.034
2456567.56684	18.202	0.047
2456568.56369	18.16	0.039
2456569.52415	18.122	0.027999999999999997
2456569.60625	18.114	0.036000000000000004
2456571.4893	18.079	0.042
2456571.59919	18.17	0.047
2456572.5661	18.037	0.036000000000000004
2456573.53022	18.09	0.032
2456577.49587	18.164	0.079
2456577.58526	18.155	0.092
2456578.57988	18.116	0.039
2456579.5501599996	18.167	0.052000000000000005
2456581.49119	18.021	0.044000000000000004
2456582.5180599997	18.169	0.045
2456583.5155	18.145	0.063
2456584.5109099997	18.086	0.047
2456585.51137	18.12	0.047
2456586.5323099997	18.119	0.05
2456590.50218	18.132	0.045
2456592.49755	18.197	0.055
2456595.49908	18.21	0.044000000000000004
2456696.8856200003	18.178	0.05
2456697.88221	18.116	0.031
2456698.88173	18.105	0.044000000000000004
2456700.88705	18.108	0.032
2456702.86249	18.104	0.036000000000000004
2456703.85018	18.075	0.042
2456705.84272	18.131	0.057
2456707.87916	18.096	0.037000000000000005
2456709.83105	18.147000000000002	0.036000000000000004
2456710.8524599997	18.06	0.026000000000000002
2456711.87172	18.124000000000002	0.027999999999999997
2456715.8517400003	18.08	0.024
2456716.8434099997	18.096	0.031
2456717.85596	18.133	0.039
2456718.87051	18.182000000000002	0.04
2456719.86335	18.15	0.028999999999999998
2456720.8388799997	18.113	0.027999999999999997
2456721.8206700003	18.212	0.037000000000000005
2456722.8119200002	18.157	0.04
2456722.90606	18.094	0.032
2456723.8870200003	18.044	0.026000000000000002
2456724.86678	18.073	0.034
2456725.8417	18.098	0.027999999999999997
2456726.8043400003	18.076	0.027999999999999997
2456726.90106	18.116	0.027999999999999997
2456727.8739400003	18.123	0.023
2456728.84431	18.105999999999998	0.023
2456729.79683	18.105999999999998	0.028999999999999998
2456729.8925400004	18.129	0.026000000000000002
2456730.84673	18.083	0.037000000000000005
2456731.89249	18.132	0.039
2456732.85507	18.131	0.048
2456733.7913900004	18.035999999999998	0.032
2456733.8840400004	18.089000000000002	0.026000000000000002
2456734.82467	18.059	0.028999999999999998
2456734.9144599997	18.115	0.032
2456735.8638400002	18.085	0.036000000000000004
2456736.79531	18.077	0.04
2456736.89702	18.136	0.032
2456737.85223	18.038	0.023
2456738.79429	18.077	0.05
2456741.84925	18.118	0.032
2456741.88612	18.022000000000002	0.036000000000000004
2456742.84339	18.132	0.024
2456743.88995	18.061	0.026000000000000002
2456744.85248	18.105	0.024
2456745.7423400003	18.122	0.031
2456745.8473099996	18.11	0.024
2456746.74742	18.128	0.032
2456746.84077	18.077	0.024
2456747.86497	18.146	0.026000000000000002
2456748.86501	18.066	0.027999999999999997
2456749.85956	18.089000000000002	0.023
2456750.88301	18.061	0.023
2456751.90619	18.072	0.023
2456752.90067	18.168	0.024
2456754.88284	18.111	0.031
2456755.8971700002	18.127	0.027999999999999997
2456756.85051	18.117	0.024
2456757.81477	18.13	0.028999999999999998
2456758.83644	18.083	0.032
2456759.77534	18.12	0.023
2456760.73155	18.188	0.031
2456760.91347	18.105999999999998	0.023
2456760.9275599997	18.118	0.036000000000000004
2456761.84805	18.186	0.028999999999999998
2456762.80298	18.086	0.024
2456763.77215	18.092	0.031
2456764.7036599996	18.131	0.037000000000000005
2456764.87811	18.163	0.031
2456765.7991299997	18.117	0.027999999999999997
2456768.77434	18.090999999999998	0.044000000000000004
2456769.69052	18.144000000000002	0.028999999999999998
2456769.85678	18.187	0.026000000000000002
2456770.7577400003	18.129	0.026000000000000002
2456771.6916	18.107	0.027999999999999997
2456771.8865400003	18.087	0.026000000000000002
2456772.79943	18.125999999999998	0.023
2456773.71708	18.147000000000002	0.04
2456773.90467	18.125999999999998	0.026000000000000002
2456774.8078099997	18.111	0.034
2456775.78937	18.109	0.024
2456776.70133	18.272000000000002	0.034
2456776.9177599996	18.105999999999998	0.032
2456777.9096	18.088	0.031
2456784.79618	18.099	0.028999999999999998
2456785.7732599997	18.107	0.026000000000000002
2456786.78244	18.119	0.027999999999999997
2456788.84492	18.146	0.036000000000000004
2456789.7393400003	18.134	0.037000000000000005
2456789.92808	18.128	0.039
2456790.77031	18.122	0.034
2456791.61648	18.092	0.06
2456791.78548	18.124000000000002	0.034
2456792.62017	18.129	0.053
2456792.78043	18.139	0.037000000000000005
2456792.92137	18.055	0.045
2456796.72896	18.133	0.036000000000000004
2456796.90011	18.166	0.042
2456797.76929	18.105999999999998	0.036000000000000004
2456797.9231	18.162	0.055
2456799.8157099998	18.096	0.047
2456803.71167	18.098	0.028999999999999998
2456803.882	18.151	0.032
2456804.65068	18.121	0.028999999999999998
2456804.83869	18.085	0.028999999999999998
2456805.6371	18.127	0.04
2456805.82964	18.116	0.039
2456806.89895	18.185	0.048
2456807.78216	18.173	0.042
2456808.56074	18.06	0.04
2456808.76064	18.104	0.027999999999999997
2456808.92228	18.108	0.042
2456809.72123	18.107	0.023
2456809.91602	18.089000000000002	0.044000000000000004
2456810.70922	18.113	0.031
2456810.90581	18.08	0.042
2456811.677	18.142	0.036000000000000004
2456811.87519	18.18	0.053
2456813.74115	18.111	0.031
2456813.93072	18.070999999999998	0.045
2456814.78438	18.114	0.031
2456814.94067	18.105	0.055
2456815.77203	18.114	0.032
2456816.58893	18.116	0.042
2456816.81048	18.066	0.032
2456817.6532900003	18.137999999999998	0.036000000000000004
2456817.8355400003	18.085	0.036000000000000004
2456818.59095	18.16	0.057
2456819.64414	18.065	0.042
2456819.80156	18.153	0.045
2456823.8174	18.089000000000002	0.039
2456824.59673	18.087	0.047
2456824.7987	18.146	0.037000000000000005
2456825.57991	18.113	0.031
2456825.7662400003	18.101	0.032
2456826.53087	18.102999999999998	0.04
2456826.70622	18.121	0.028999999999999998
2456826.89929	18.058	0.044000000000000004
2456827.70437	18.09	0.031
2456827.88594	18.132	0.045
2456828.6532799997	18.144000000000002	0.028999999999999998
2456828.8605299997	18.089000000000002	0.037000000000000005
2456829.6058799997	18.090999999999998	0.04
2456829.7913	18.089000000000002	0.032
2456830.58433	18.16	0.039
2456830.7705200003	18.09	0.027999999999999997
2456831.66223	18.085	0.026000000000000002
2456831.85397	18.07	0.045
2456832.67082	18.088	0.028999999999999998
2456832.83865	18.225	0.048
2456833.69117	18.072	0.036000000000000004
2456833.85223	18.095	0.04
2456834.63084	18.125999999999998	0.037000000000000005
2456834.81589	18.137	0.048
2456835.6394	18.118	0.039
2456835.8229099996	18.075	0.044000000000000004
2456836.61778	18.090999999999998	0.044000000000000004
2456836.79729	18.03	0.039
2456837.58256	18.109	0.031
2456837.76431	18.142	0.037000000000000005
2456838.5350099998	18.133	0.039
2456838.72095	18.122	0.031
2456839.50175	18.125	0.044000000000000004
2456839.68302	18.164	0.037000000000000005
2456839.84753	18.159000000000002	0.052000000000000005
2456840.6888	18.090999999999998	0.039
2456841.55892	18.083	0.032
2456841.74883	18.142	0.037000000000000005
2456842.5512200003	18.160999999999998	0.045
2456842.73418	18.145	0.034
2456844.5203	18.113	0.034
2456844.70822	18.105999999999998	0.034
2456844.85923	18.044	0.048
2456845.61142	18.102999999999998	0.031
2456845.7924	18.094	0.032
2456847.5603099996	18.064	0.032
2456847.7043	18.075	0.031
2456851.5991700003	18.089000000000002	0.04
2456851.77305	18.109	0.047
2456855.5651599998	18.082	0.034
2456855.75054	18.096	0.036000000000000004
2456856.5468200003	18.136	0.034
2456856.73053	18.061	0.031
2456857.54519	18.113	0.031
2456857.73568	18.09	0.028999999999999998
2456858.56053	18.119	0.026000000000000002
2456858.7473299997	18.14	0.037000000000000005
2456859.70769	18.067	0.04
2456862.65948	18.076	0.036000000000000004
2456863.50263	18.125	0.028999999999999998
2456863.6929	18.079	0.027999999999999997
2456864.53496	18.07	0.034
2456864.72193	18.116	0.032
2456866.73188	18.099	0.039
2456870.67327	18.112000000000002	0.034
2456871.7329599997	18.143	0.045
2456872.73257	18.08	0.042
2456874.6428900003	18.089000000000002	0.032
2456879.61494	18.067999999999998	0.047
2456880.58061	18.095	0.057
2456881.4849099996	18.1	0.042
2456881.736	18.142	0.06
2456882.64242	18.121	0.032
2456883.55605	18.083	0.031
2456885.5320099997	18.146	0.037000000000000005
2456885.71568	18.105	0.04
2456886.6395799997	18.104	0.031
2456887.56256	18.117	0.027999999999999997
2456888.47664	18.15	0.031
2456888.67735	18.075	0.04
2456889.62435	18.131	0.028999999999999998
2456890.56365	18.112000000000002	0.032
2456891.47905	18.127	0.048
2456891.67487	18.092	0.042
2456895.6324299998	18.105999999999998	0.032
2456896.59766	18.105	0.032
2456900.52754	18.151	0.027999999999999997
2456907.61704	18.1	0.037000000000000005
2456908.55474	18.135	0.04
2456908.60531	18.117	0.057
2456909.64303	18.176	0.071
2456912.50001	18.142	0.037000000000000005
2456915.49024	18.124000000000002	0.04
2456918.49065	18.061	0.047
2456919.54701	18.098	0.036000000000000004
2456922.52734	18.086	0.037000000000000005
2456923.5504799997	18.101	0.05
2456924.58982	18.230999999999998	0.048
2456926.48526	18.123	0.053
2456927.54124	18.101	0.045
2456928.57601	18.065	0.05
2456930.5081700003	18.074	0.063
2456932.55547	18.127	0.076
2456936.48748	18.085	0.04
2456937.48851	18.141	0.052000000000000005
2456938.4882900002	18.045	0.057999999999999996
2456938.57493	18.111	0.06
2456940.53719	18.104	0.053
2456942.50694	18.067999999999998	0.039
2456943.50552	18.175	0.057
2456944.5431	18.095	0.042
2456948.4927	18.065	0.052000000000000005
2456951.5106200003	18.127	0.045
2456953.54369	18.203	0.055
2456955.54151	18.061	0.04
2457064.87523	18.121	0.034
2457066.88567	18.136	0.045
2457070.84546	18.141	0.031
2457071.85777	18.111	0.028999999999999998
2457072.86557	18.131	0.036000000000000004
2457074.8942	18.15	0.045
2457075.8715	18.023	0.032
2457076.8719900004	18.102999999999998	0.027999999999999997
2457077.86935	18.125	0.039
2457078.86032	18.113	0.032
2457079.9007200003	18.122	0.065
2457080.89514	18.145	0.032
2457082.84952	18.115	0.032
2457083.81236	18.116	0.04
2457084.80707	18.131	0.044000000000000004
2457084.89429	18.147000000000002	0.028999999999999998
2457085.86749	18.11	0.028999999999999998
2457086.84611	18.11	0.036000000000000004
2457087.79512	18.121	0.042
2457087.9020700003	18.108	0.036000000000000004
2457088.87329	18.12	0.034
2457089.83934	18.125	0.034
2457090.7903	18.132	0.04
2457090.89439	18.074	0.028999999999999998
2457091.84822	18.109	0.036000000000000004
2457092.78361	18.105	0.032
2457092.87866	18.105999999999998	0.031
2457097.77041	18.089000000000002	0.036000000000000004
2457097.86045	18.078	0.026000000000000002
2457098.8097	18.105	0.028999999999999998
2457098.90881	18.097	0.027999999999999997
2457099.85186	18.092	0.031
2457100.7988400003	18.064	0.031
2457100.89158	18.119	0.031
2457101.8733200002	18.142	0.036000000000000004
2457102.85185	18.099	0.037000000000000005
2457108.82558	18.11	0.039
2457109.7735599997	18.1	0.032
2457109.87697	18.093	0.031
2457110.7854299997	18.125	0.026000000000000002
2457110.89673	18.096	0.024
2457111.80615	18.088	0.027999999999999997
2457111.91945	18.081	0.042
2457112.82334	18.111	0.032
2457113.73584	18.119	0.031
2457113.91409	18.13	0.031
2457114.91097	18.093	0.028999999999999998
2457115.8895	18.124000000000002	0.027999999999999997
2457116.83113	18.155	0.036000000000000004
2457117.81372	18.160999999999998	0.034
2457118.86435	18.1	0.027999999999999997
2457119.86198	18.109	0.039
2457120.8032	18.097	0.032
2457125.73422	18.055	0.028999999999999998
2457125.92177	18.093	0.031
2457126.89909	18.102	0.026000000000000002
2457129.81911	18.107	0.027999999999999997
2457130.7469599997	18.125999999999998	0.031
2457130.93078	18.134	0.044000000000000004
2457131.85869	18.105999999999998	0.026000000000000002
2457132.7707	18.112000000000002	0.031
2457133.90128	18.12	0.034
2457134.7851299997	18.127	0.032
2457135.71331	18.066	0.026000000000000002
2457135.89924	18.13	0.026000000000000002
2457136.79212	18.139	0.032
2457137.69938	18.107	0.026000000000000002
2457137.88533	18.121	0.036000000000000004
2457138.75922	18.157	0.032
2457139.66591	18.148	0.05
2457139.87785	18.1	0.031
2457140.7560799997	18.064	0.031
2457141.6581	18.137999999999998	0.031
2457141.8396900003	18.128	0.024
2457142.71375	18.115	0.027999999999999997
2457142.89901	18.096	0.028999999999999998
2457143.76969	18.191	0.036000000000000004
2457144.66163	18.101	0.044000000000000004
2457144.85879	18.075	0.044000000000000004
2457145.8588799997	18.061	0.034
2457146.70381	18.136	0.037000000000000005
2457146.84457	18.119	0.039
2457147.68541	18.102999999999998	0.045
2457147.82513	18.112000000000002	0.037000000000000005
2457152.8213400003	18.11	0.036000000000000004
2457153.65745	18.129	0.031
2457153.82085	18.088	0.026000000000000002
2457154.69588	18.137	0.027999999999999997
2457154.89084	18.137	0.028999999999999998
2457155.72771	18.084	0.027999999999999997
2457155.9136799998	18.109	0.032
2457156.75996	18.144000000000002	0.024
2457157.73977	18.087	0.026000000000000002
2457158.65278	18.123	0.032
2457158.83746	18.088	0.031
2457159.65378	18.105999999999998	0.027999999999999997
2457159.83786	18.136	0.028999999999999998
2457160.67666	18.109	0.032
2457160.86035	18.148	0.034
2457161.70418	18.137999999999998	0.027999999999999997
2457161.88722	18.085	0.028999999999999998
2457162.70625	18.127	0.034
2457162.89315	18.088	0.031
2457163.7157799997	18.111	0.045
2457163.89836	18.085	0.036000000000000004
2457164.81488	18.102	0.028999999999999998
2457166.66075	18.083	0.034
2457166.84571	18.136	0.034
2457169.5882900003	18.084	0.032
2457169.774	18.061	0.026000000000000002
2457169.94416	18.087	0.042
2457170.7483	18.117	0.031
2457172.5794599997	18.176	0.047
2457172.7631599996	18.094	0.039
2457172.93077	18.165	0.045
2457173.7283099997	18.14	0.032
2457173.9134	18.108	0.034
2457174.6822	18.079	0.036000000000000004
2457174.85376	18.088	0.037000000000000005
2457175.63397	18.048	0.039
2457175.86322	18.097	0.048
2457176.90775	18.093	0.052000000000000005
2457178.72353	18.046	0.037000000000000005
2457179.67962	18.119	0.042
2457179.84993	18.13	0.047
2457180.6315200003	18.16	0.042
2457180.80298	18.102999999999998	0.032
2457181.56943	18.159000000000002	0.032
2457181.75919	18.135	0.034
2457181.92497	18.135	0.045
2457182.70736	18.107	0.028999999999999998
2457182.88508	18.139	0.034
2457183.64189	18.088	0.034
2457183.8258700003	18.111	0.036000000000000004
2457184.63388	18.125999999999998	0.036000000000000004
2457184.81745	18.09	0.031
2457185.59847	18.09	0.039
2457185.78126	18.128	0.031
2457186.63222	18.079	0.047
2457186.90297	18.141	0.047
2457187.70507	18.086	0.028999999999999998
2457187.8729	18.131	0.031
2457188.65369	18.092	0.036000000000000004
2457188.85311	18.065	0.047
2457189.71357	18.082	0.032
2457189.88067	18.104	0.039
2457190.6817900003	18.125	0.031
2457190.8703400004	18.074	0.039
2457191.79336	18.109	0.039
2457193.64362	18.136	0.027999999999999997
2457193.73476	18.11	0.026000000000000002
2457193.89886	18.087	0.032
2457194.70089	18.102	0.027999999999999997
2457195.82948	18.090999999999998	0.024
2457196.88234	18.19	0.047
2457197.54345	18.164	0.047
2457197.71935	18.136	0.031
2457198.52587	18.11	0.039
2457198.71093	18.074	0.032
2457198.88122	18.114	0.047
2457199.64695	18.109	0.024
2457199.8298299997	18.147000000000002	0.036000000000000004
2457200.5998299997	18.104	0.026000000000000002
2457200.7688	18.107	0.032
2457202.74695	18.102999999999998	0.044000000000000004
2457206.5611	18.134	0.05
2457206.73589	18.054000000000002	0.039
2457207.5446599997	18.078	0.039
2457207.709	18.123	0.04
2457208.53313	18.063	0.032
2457209.8006700003	18.122	0.04
2457211.57765	18.112000000000002	0.028999999999999998
2457211.76081	18.105999999999998	0.032
2457214.5302	18.076	0.04
2457214.73057	18.035999999999998	0.036000000000000004
2457217.7519	18.17	0.039
2457219.59421	18.148	0.032
2457220.50104	18.114	0.039
2457220.6836200003	18.116	0.026000000000000002
2457221.48748	18.123	0.04
2457221.66988	18.065	0.031
2457221.8253	18.086	0.042
2457222.6307900003	18.077	0.031
2457223.5033400003	18.128	0.05
2457223.68621	18.087	0.034
2457224.52768	18.097	0.032
2457224.7332099997	18.151	0.042
2457225.5575599996	18.073	0.027999999999999997
2457226.57839	18.105999999999998	0.032
2457226.75906	18.102	0.04
2457227.5430400004	18.113	0.027999999999999997
2457227.7266	18.108	0.031
2457228.5457	18.111	0.034
2457228.74021	18.081	0.034
2457229.57277	18.093	0.026000000000000002
2457229.7376599996	18.177	0.039
2457235.50063	18.1	0.055
2457235.76262	18.092	0.05
2457236.61357	18.15	0.039
2457249.61304	18.112000000000002	0.039
2457250.57493	18.11	0.031
2457252.6320599997	18.131	0.034
2457253.57436	18.133	0.031
2457255.53252	18.124000000000002	0.036000000000000004
2457256.5273700003	18.069000000000003	0.036000000000000004
2457257.5911	18.079	0.031
2457258.6306	18.105	0.04
2457261.57114	18.069000000000003	0.044000000000000004
2457263.5310299997	18.117	0.034
2457263.69403	18.061	0.042
2457264.64334	18.125	0.037000000000000005
2457265.60607	18.125999999999998	0.032
2457267.55398	18.163	0.039
2457268.56163	18.086	0.027999999999999997
2457269.54375	18.104	0.028999999999999998
2457270.49595	18.128	0.032
2457270.6852	18.133	0.034
2457272.4832099997	18.123	0.047
2457273.59661	18.189	0.045
2457275.6104200003	18.079	0.048
2457277.59578	18.105999999999998	0.04
2457278.58513	18.108	0.032
2457281.5857700002	18.062	0.036000000000000004
2457291.51515	18.008	0.055
2457292.52178	18.147000000000002	0.066
2457293.50635	18.165	0.044000000000000004
2457294.48409	18.176	0.057
2457294.60832	18.137	0.057999999999999996
2457295.59711	18.121	0.045
2457299.5183200003	18.166	0.042
2457300.50894	18.159000000000002	0.05
2457307.56714	18.143	0.04
2457312.49701	18.085	0.048
2457317.49765	18.08	0.053
2457319.50348	18.154	0.063
2457324.50065	18.044	0.061
2457328.51219	18.102999999999998	0.073
2457332.50696	18.07	0.048
2457435.85379	18.086	0.036000000000000004
2457436.87755	18.066	0.037000000000000005
2457438.83019	18.14	0.04
2457439.85495	18.149	0.044000000000000004
2457440.87883	18.05	0.034
2457442.81704	18.092	0.048
2457444.89791	18.148	0.044000000000000004
2457446.80855	18.070999999999998	0.027999999999999997
2457447.81971	18.158	0.032
2457448.82233	18.077	0.032
2457449.86223	18.153	0.065
2457451.86462	18.099	0.037000000000000005
2457452.90719	18.052	0.028999999999999998
2457454.8605299997	18.14	0.031
2457455.8631599997	18.086	0.031
2457456.87952	18.108	0.036000000000000004
2457457.876	18.128	0.039
2457458.86975	18.073	0.032
2457460.87128	18.131	0.031
2457461.86912	18.086	0.026000000000000002
2457462.8475599997	18.125999999999998	0.028999999999999998
2457463.89062	18.063	0.026000000000000002
2457465.81548	18.095	0.032
2457466.87593	18.096	0.034
2457467.879	18.089000000000002	0.031
2457470.83523	18.179000000000002	0.04
2457471.78754	18.113	0.04
2457471.91785	18.123	0.04
2457472.8580099996	18.067	0.036000000000000004
2457474.74897	18.122	0.05
2457474.85126	18.104	0.032
2457475.78068	18.144000000000002	0.05
2457475.8849299997	18.125	0.036000000000000004
2457476.77394	18.063	0.036000000000000004
2457484.8610900003	18.116	0.032
2457486.7839200003	18.064	0.036000000000000004
2457487.8925900003	18.112000000000002	0.028999999999999998
2457489.92575	18.07	0.032
2457492.7522400003	18.121	0.031
2457493.73979	18.122	0.031
2457494.7321	18.097	0.026000000000000002
2457495.7064900002	18.094	0.037000000000000005
2457495.92708	18.101	0.037000000000000005
2457498.85843	18.119	0.039
2457499.81319	18.142	0.037000000000000005
2457500.75425	18.059	0.042
2457507.776	18.116	0.028999999999999998
2457508.82472	18.105999999999998	0.024
2457509.92419	18.065	0.036000000000000004
2457512.87656	17.996	0.023
2457522.92957	18.148	0.057
2457526.85322	18.14	0.037000000000000005
2457530.70265	18.132	0.052000000000000005
2457534.84293	18.067	0.034
2457536.83945	18.061	0.031
2457546.67282	18.055999999999997	0.034
2457547.61681	18.066	0.032
2457548.74786	18.084	0.021
2457549.8695400003	18.09	0.034
2457550.8481099997	18.057000000000002	0.039
2457552.8747900003	18.095	0.045
2457555.58759	18.051	0.036000000000000004
2457555.91836	18.113	0.042
2457557.8925900003	18.079	0.05
2457561.69336	18.01	0.034
2457566.55029	18.006	0.036000000000000004
2457566.86994	18.086	0.052000000000000005
2457567.81374	18.012	0.032
2457568.83477	17.975	0.042
2457569.8312	18.077	0.044000000000000004
2457570.78757	18.04	0.032
2457573.69642	18.101	0.04
2457575.62764	18.019000000000002	0.034
2457575.7812099997	17.999000000000002	0.027999999999999997
2457576.57631	18.015	0.027999999999999997
2457576.7400700003	17.99	0.026000000000000002
2457577.56261	17.973	0.034
2457579.741	18.1	0.037000000000000005
2457582.69735	17.969	0.027999999999999997
2457582.71034	17.983	0.031
2457584.5680400003	18.027	0.04
2457584.7102799998	17.954	0.034
2457589.51665	17.932000000000002	0.053
2457589.67559	17.927	0.039
2457590.47503	17.977999999999998	0.045
2457590.6165	17.959	0.031
2457590.80885	17.913	0.048
2457593.54842	17.909000000000002	0.026000000000000002
2457593.7037400003	17.945	0.026000000000000002
2457595.70012	17.927	0.037000000000000005
2457599.51442	17.962	0.037000000000000005
2457599.74925	17.952	0.028999999999999998
2457600.61856	17.857	0.028999999999999998
2457600.64684	17.965999999999998	0.032
2457601.78028	17.878	0.034
2457602.6202700003	17.907	0.028999999999999998
2457602.77003	17.867	0.04
2457603.6081	17.883	0.024
2457603.74829	17.908	0.027999999999999997
2457604.5749	17.864	0.024
2457604.71548	17.840999999999998	0.024
2457605.56769	17.844	0.026000000000000002
2457605.71902	17.866	0.028999999999999998
2457606.7433	17.842	0.037000000000000005
2457607.6458400004	17.826	0.024
2457608.52535	17.858	0.027999999999999997
2457608.72719	17.782	0.026000000000000002
2457609.60375	17.817	0.024
2457609.75417	17.791	0.027999999999999997
2457610.6364	17.795	0.026000000000000002
2457611.63663	17.833	0.028999999999999998
2457612.5651700003	17.76	0.026000000000000002
2457612.7036200003	17.8	0.028999999999999998
2457616.58032	17.758	0.026000000000000002
2457617.53026	17.809	0.036000000000000004
2457617.69404	17.732	0.036000000000000004
2457618.58362	17.717	0.027999999999999997
2457618.73446	17.764	0.047
2457621.59076	17.747	0.031
2457622.52955	17.78	0.023
2457622.71246	17.798	0.024
2457623.6312	17.777	0.023
2457624.5746299997	17.791	0.026000000000000002
2457625.53505	17.793	0.023
2457626.51488	17.819000000000003	0.027999999999999997
2457630.5096299998	17.837	0.026000000000000002
2457631.48121	17.805999999999997	0.027999999999999997
2457631.65997	17.822	0.023
2457632.64513	17.828	0.027999999999999997
2457634.52992	17.929000000000002	0.036000000000000004
2457636.48263	17.833	0.04
2457636.6533	17.887	0.036000000000000004
2457637.64334	17.885	0.031
2457639.53774	17.913	0.034
2457643.6228400003	17.926	0.045
2457645.49906	17.965	0.044000000000000004
2457647.61736	17.977999999999998	0.048
2457649.51107	17.971	0.027999999999999997
2457650.56123	17.965	0.028999999999999998
2457651.5907900003	18.017	0.039
2457653.48507	18.012999999999998	0.028999999999999998
2457655.48592	17.977999999999998	0.037000000000000005
2457656.5707099997	18.033	0.039
2457659.5564	18.022000000000002	0.036000000000000004
2457661.4852	18.019000000000002	0.047
2457662.55749	18.038	0.039
2457667.49378	18.012999999999998	0.037000000000000005
2457672.54385	17.999000000000002	0.044000000000000004
2457681.51521	18.022000000000002	0.042
2457791.8845	18.102999999999998	0.042
2457792.88729	18.052	0.048
2457793.87873	18.118	0.034
2457794.88572	18.137	0.047
2457795.8897599997	18.122	0.05
2457798.86115	18.107	0.036000000000000004
2457800.8519900003	18.095	0.042
2457801.8908599997	18.146	0.045
2457803.8723	18.157	0.047
2457807.84581	18.137999999999998	0.034
2457808.89657	18.12	0.045
2457809.90477	18.076	0.053
2457811.8273	18.119	0.034
2457812.85886	18.154	0.032
2457814.82775	18.076	0.032
2457815.85463	18.094	0.032
2457816.8464	18.152	0.036000000000000004
2457817.84301	18.117	0.034
2457818.82922	18.082	0.027999999999999997
2457819.80908	18.105	0.036000000000000004
2457819.9064700003	18.112000000000002	0.037000000000000005
2457821.8172	18.079	0.037000000000000005
2457822.81261	18.166	0.042
2457822.90196	18.134	0.031
2457823.88715	18.097	0.032
2457824.88326	18.13	0.037000000000000005
2457825.87486	18.093	0.036000000000000004
2457826.83374	18.090999999999998	0.042
2457827.82102	18.09	0.037000000000000005
2457827.91026	18.098	0.036000000000000004
2457828.8794299997	18.132	0.031
2457830.78207	18.153	0.045
2457830.86931	18.082	0.034
2457835.7821400003	18.145	0.052000000000000005
2457836.8934	18.070999999999998	0.034
2457838.7802	18.125	0.036000000000000004
2457839.8464599997	18.096	0.026000000000000002
2457840.90781	18.104	0.027999999999999997
2457842.7782099997	18.107	0.036000000000000004
2457843.8190900004	18.092	0.028999999999999998
2457844.86135	18.102999999999998	0.036000000000000004
2457845.9079400003	18.123	0.031
2457847.75006	18.088	0.036000000000000004
2457848.77947	18.102999999999998	0.031
2457849.80783	18.115	0.027999999999999997
2457850.83687	18.107	0.027999999999999997
2457851.88107	18.109	0.027999999999999997
2457853.9197400003	18.067999999999998	0.047
2457855.72914	18.089000000000002	0.036000000000000004
2457856.75315	18.162	0.052000000000000005
2457858.83599	18.097	0.036000000000000004
2457862.8716700003	18.133	0.036000000000000004
2457865.68555	18.125999999999998	0.028999999999999998
2457866.6965400004	18.088	0.027999999999999997
2457867.7154	18.094	0.027999999999999997
2457868.78802	18.133	0.037000000000000005
2457869.8113700002	18.123	0.026000000000000002
2457870.8500200002	18.108	0.028999999999999998
2457871.87232	18.057000000000002	0.027999999999999997
2457872.8986299997	18.1	0.027999999999999997
2457873.8790599997	18.125	0.028999999999999998
2457874.852	18.133	0.036000000000000004
2457875.9299	18.142	0.036000000000000004
2457876.9023700003	18.124000000000002	0.031
2457877.87447	18.09	0.031
2457878.91381	18.117	0.027999999999999997
2457880.6748599997	18.116	0.04
2457881.75085	18.12	0.052000000000000005
2457882.7546	18.094	0.04
2457889.93403	18.09	0.06
2457893.67003	18.135	0.042
2457893.92371	18.116	0.034
2457894.81263	18.144000000000002	0.032
2457895.79522	18.128	0.032
2457901.6796	18.215	0.037000000000000005
2457902.66872	18.078	0.037000000000000005
2457903.76123	18.121	0.042
2457904.66225	18.107	0.028999999999999998
2457904.92802	18.11	0.042
2457905.79268	18.105999999999998	0.031
2457906.68312	18.104	0.026000000000000002
2457906.92947	18.095	0.045
2457907.89514	18.191	0.04
2457908.78918	18.151	0.034
2457909.65414	18.164	0.034
2457909.89591	18.108	0.036000000000000004
2457910.69446	18.11	0.031
2457911.57978	18.136	0.05
2457916.54889	18.132	0.052000000000000005
2457916.76063	18.051	0.031
2457917.60123	18.113	0.039
2457917.8428599997	18.117	0.055
2457918.8665	18.06	0.084
2457922.56705	18.137	0.053
2457923.5210599997	18.043	0.04
2457923.86547	18.041	0.047
2457924.50448	18.176	0.045
2457924.8945299997	18.184	0.042
2457925.50563	18.115	0.045
2457925.57161	18.215999999999998	0.052000000000000005
2457925.68063	18.194000000000003	0.027999999999999997
2457925.78665	18.149	0.032
2457925.82479	18.037	0.037000000000000005
2457925.86606	18.137999999999998	0.039
2457925.89097	18.084	0.047
2457926.75497	18.081	0.034
2457926.87283	18.082	0.05
2457928.54385	18.125999999999998	0.048
2457928.56713	18.17	0.042
2457928.60124	18.153	0.034
2457928.63364	18.117	0.04
2457928.6671	18.132	0.036000000000000004
2457928.88184	18.124000000000002	0.063
2457929.57004	17.977	0.04
2457929.80013	18.136	0.047
2457932.60063	18.11	0.042
2457932.7193299998	18.125999999999998	0.036000000000000004
2457932.84267	18.107	0.045
2457933.51194	18.09	0.045
2457933.7145	18.123	0.034
2457934.64437	18.096	0.032
2457934.85979	18.139	0.04
2457935.7387200003	18.163	0.031
2457936.61656	18.102	0.028999999999999998
2457936.86999	18.21	0.047
2457937.71075	18.111	0.031
2457938.63293	18.108	0.044000000000000004
2457944.55111	18.084	0.036000000000000004
2457944.6534	18.158	0.04
2457944.77438	18.094	0.04
2457945.5740099996	18.11	0.034
2457945.8112	18.13	0.037000000000000005
2457946.67782	18.149	0.032
2457947.57969	18.093	0.034
2457948.48581	18.134	0.037000000000000005
2457948.76932	18.109	0.037000000000000005
2457949.6983	18.208	0.045
2457953.4720099997	18.125999999999998	0.045
2457953.74469	18.154	0.031
2457954.6639	18.117	0.027999999999999997
2457956.48394	18.142	0.036000000000000004
2457956.7623799997	18.111	0.034
2457958.61093	18.109	0.042
2457959.49489	18.090999999999998	0.028999999999999998
2457959.74384	18.099	0.031
2457960.64898	18.144000000000002	0.032
2457961.63043	18.112000000000002	0.031
2457962.63563	18.088	0.028999999999999998
2457964.65375	18.137	0.037000000000000005
2457966.4772	18.185	0.061
2457966.72193	18.116	0.044000000000000004
2457967.72883	18.139	0.05
2457971.65782	18.099	0.039
2457972.5931700002	18.035999999999998	0.044000000000000004
2457972.70143	18.113	0.047
2457973.70202	18.117	0.065
2457974.6740200003	18.132	0.04
2457979.5709599997	18.128	0.028999999999999998
2457980.6367	18.14	0.048
2457982.48603	18.093	0.034
2457983.55923	18.116	0.032
2457984.6168400003	18.097	0.034
2457986.53062	18.156	0.031
2457987.6075	18.12	0.031
2457991.47388	18.117	0.052000000000000005
2457992.53929	18.107	0.028999999999999998
2457993.60207	18.116	0.031
2457998.4841400003	18.182000000000002	0.039
2457998.57603	18.105999999999998	0.037000000000000005
2458000.5104900002	18.095	0.047
2458000.61191	18.09	0.052000000000000005
2458002.49213	18.125999999999998	0.066
2458004.51603	18.111	0.042
2458008.51408	18.067	0.039
2458012.49453	18.118	0.032
2458014.53307	18.119	0.034
2458016.55525	18.133	0.04
2458019.5391	18.12	0.031
2458029.53659	18.117	0.052000000000000005
2458037.54015	18.051	0.055
2458039.5268099997	18.125999999999998	0.052000000000000005
2458048.50525	18.123	0.034
2458054.51107	18.117	0.057
2458056.50618	18.137999999999998	0.065
