2455385.51627	18.105999999999998	0.036000000000000004
2455389.5509900004	18.135	0.035
2455392.6712700003	18.11	0.032
2455403.53702	18.08	0.040999999999999995
2455407.4777599997	18.156	0.040999999999999995
2455409.7926	18.136	0.044000000000000004
2455414.5173400003	18.125999999999998	0.027000000000000003
2455434.67317	18.086	0.044000000000000004
2455443.57525	18.13	0.038
2455448.55468	18.129	0.039
2455448.5673	18.169	0.039
2455457.5202200003	18.070999999999998	0.036000000000000004
2455459.49888	18.12	0.039
2455460.5971	18.85	0.201
2455462.57146	18.118	0.044000000000000004
2455467.58242	18.148	0.033
2455471.5811799997	18.087	0.036000000000000004
2455476.51196	18.124000000000002	0.038
2455480.55187	18.167	0.05
2455486.50349	18.164	0.062
2455488.56055	18.085	0.051
2455495.51508	18.072	0.040999999999999995
2455621.86854	18.125999999999998	0.033
2455624.9018900003	18.070999999999998	0.047
2455625.8413299997	18.114	0.038
2455627.84864	18.118	0.032
2455628.88488	18.094	0.028999999999999998
2455630.8499	18.139	0.040999999999999995
2455632.84	18.096	0.036000000000000004
2455634.82238	18.154	0.038
2455635.8879	18.148	0.035
2455638.79959	18.142	0.044000000000000004
2455639.88938	18.079	0.033
2455643.9034599997	18.101	0.033
2455655.88443	18.118	0.026000000000000002
2455659.88337	18.084	0.027000000000000003
2455665.76064	18.137	0.038
2455670.78125	18.090999999999998	0.045
2455676.91873	18.097	0.035
2455681.6921099997	18.135	0.035
2455684.78545	18.148	0.035
2455688.87483	18.131	0.033
2455693.71158	18.113	0.033
2455695.89505	18.108	0.027000000000000003
2455698.70067	18.14	0.068
2455707.90154	18.114	0.038
2455713.77729	18.099	0.027000000000000003
2455721.6	18.139	0.045
2455721.61251	18.114	0.038
2455721.62493	18.118	0.038
2455723.87231	18.14	0.040999999999999995
2455736.6673	18.07	0.023
2455739.5471900003	18.095	0.038
2455741.6231	18.088	0.028999999999999998
2455744.6064	18.149	0.045
2455746.81358	18.123	0.039
2455752.56344	18.039	0.05
2455761.60755	17.98	0.028999999999999998
2455762.71242	18.144000000000002	0.036000000000000004
2455763.74032	18.147000000000002	0.036000000000000004
2455767.6386	18.053	0.033
2455770.7447599997	18.109	0.033
2455779.73012	18.119	0.033
2455787.6263	18.137	0.035
2455793.6011900003	18.135	0.035
2455796.7119299998	18.209	0.059000000000000004
2455805.58837	18.096	0.028999999999999998
2455817.48712	18.105999999999998	0.033
2455822.53346	18.134	0.039
2455826.50211	18.102999999999998	0.039
2455831.5375599996	18.107	0.033
2455836.55707	18.146	0.045
2455843.50564	18.089000000000002	0.062
2455850.57943	18.151	0.039
2455859.51571	18.062	0.040999999999999995
2455979.87561	18.152	0.040999999999999995
2455987.8521	18.165	0.036000000000000004
2455992.8757599997	18.112000000000002	0.03
2455997.81202	18.073	0.044000000000000004
2456005.80974	18.168	0.040999999999999995
2456008.88994	18.117	0.03
2456012.75961	18.146	0.035
2456015.79141	18.081	0.024
2456018.788	18.099	0.032
2456023.84471	18.121	0.036000000000000004
2456031.79878	18.084	0.032
2456034.8289	18.113	0.024
2456038.9048599997	18.128	0.028999999999999998
2456046.9116599998	18.13	0.03
2456049.87985	18.135	0.027000000000000003
2456052.9386400003	18.073	0.057
2456059.75217	18.135	0.036000000000000004
2456062.89136	18.111	0.038
2456065.8447	18.108	0.03
2456067.9336	18.149	0.033
2456070.68381	18.104	0.03
2456075.65252	18.207	0.033
2456077.85011	18.073	0.023
2456079.84589	18.149	0.028999999999999998
2456081.7598099997	18.121	0.032
2456087.58121	18.142	0.035
2456092.78603	18.119	0.028999999999999998
2456094.85922	18.159000000000002	0.040999999999999995
2456098.6398400003	18.129	0.036000000000000004
2456100.8788900003	18.168	0.047
2456102.79793	18.093	0.028999999999999998
2456104.72604	18.157	0.026000000000000002
2456108.69308	18.128	0.028999999999999998
2456109.87413	18.212	0.054000000000000006
2456114.7373099998	18.105999999999998	0.033
2456116.71916	18.135	0.028999999999999998
2456118.64679	18.125999999999998	0.03
2456120.65725	18.116	0.024
2456123.68241	18.117	0.028999999999999998
2456125.71906	18.111	0.033
2456128.66544	18.111	0.026000000000000002
2456133.75995	18.125	0.033
2456141.69987	18.155	0.045
2456149.58468	18.215	0.036000000000000004
2456152.67349	18.208	0.03
2456159.7053900003	18.096	0.039
2456172.51302	18.143	0.027000000000000003
2456180.6548599997	18.148	0.044000000000000004
2456185.5859	18.146	0.028999999999999998
2456196.4898599996	18.152	0.040999999999999995
2456204.52972	18.097	0.038
2456212.56373	18.137	0.035
2456234.51472	17.984	0.040999999999999995
2456341.87292	18.209	0.048
2456350.8894	18.092	0.035
2456360.85288	18.148	0.028999999999999998
2456368.8662400004	18.145	0.03
2456373.8464900004	18.146	0.032
2456377.75765	18.189	0.035
2456380.80893	18.145	0.03
2456380.8325400003	18.108	0.03
2456386.88147	18.094	0.032
2456389.85886	18.151	0.028999999999999998
2456393.8901	18.137999999999998	0.035
2456397.71471	18.123	0.03
2456400.7066099998	18.158	0.03
2456403.7138799997	18.154	0.035
2456407.70481	18.062	0.042
2456415.92111	18.222	0.036000000000000004
2456418.76661	18.12	0.027000000000000003
2456420.8807	18.112000000000002	0.024
2456424.6998099997	18.094	0.028999999999999998
2456428.87399	18.114	0.03
2456432.92197	18.219	0.036000000000000004
2456435.70518	18.184	0.038
2456443.68129	18.149	0.033
2456446.66451	18.08	0.024
2456448.62824	18.137	0.03
2456450.5669400003	18.147000000000002	0.036000000000000004
2456451.90912	18.088	0.032
2456454.90755	18.139	0.035
2456457.87657	18.114	0.028999999999999998
2456459.83124	18.11	0.03
2456462.6954200002	18.198	0.035
2456464.78305	18.155	0.039
2456474.72616	18.19	0.042
2456476.65171	18.131	0.033
2456479.59875	18.151	0.032
2456481.76144	18.145	0.035
2456486.54755	18.157	0.035
2456491.79289	18.112000000000002	0.038
2456497.70573	18.147000000000002	0.044000000000000004
2456500.7377	18.0	0.044000000000000004
2456506.66813	18.162	0.035
2456509.75618	18.112000000000002	0.035
2456515.48247	18.135	0.027000000000000003
2456519.70498	18.141	0.03
2456526.70131	18.06	0.039
2456534.55288	18.116	0.032
2456543.56219	18.154	0.03
2456555.60455	18.132	0.042
2456563.5673	18.242	0.040999999999999995
2456569.61168	18.172	0.038
2456579.51633	18.176	0.044000000000000004
2456584.51807	18.089000000000002	0.047
2456593.53555	18.230999999999998	0.05
2456706.85372	18.279	0.047
2456718.87538	18.133	0.039
2456721.8998	18.163	0.036000000000000004
2456725.84832	18.088	0.033
2456728.81498	18.19	0.032
2456730.91208	18.037	0.048
2456734.7798200003	18.166	0.038
2456744.88648	18.102	0.027000000000000003
2456747.85488	18.111	0.027000000000000003
2456751.83005	18.092	0.024
2456756.73423	18.104	0.028999999999999998
2456759.805	18.105999999999998	0.028999999999999998
2456762.77119	18.092	0.03
2456765.732	18.171	0.042
2456772.81727	18.061	0.023
2456775.76339	18.124000000000002	0.026000000000000002
2456784.71204	18.153	0.035
2456785.68877	18.053	0.027000000000000003
2456786.69692	18.157	0.033
2456790.74353	18.070999999999998	0.035
2456792.68902	18.121	0.047
2456797.69411	18.09	0.040999999999999995
2456803.78093	18.169	0.027000000000000003
2456805.64012	18.073	0.039
2456807.89007	18.096	0.042
2456809.7979	18.076	0.027000000000000003
2456811.68015	18.055	0.048
2456816.71821	18.08	0.039
2456818.56227	18.218	0.066
2456823.87623	18.089000000000002	0.047
2456825.7393900002	18.1	0.035
2456827.5344700003	18.116	0.039
2456828.86368	18.078	0.036000000000000004
2456830.7142	18.083	0.023
2456832.73735	18.164	0.035
2456834.63398	18.11	0.039
2456836.5736	18.142	0.054000000000000006
2456837.82643	18.155	0.039
2456839.68653	18.104	0.036000000000000004
2456841.70909	18.17	0.033
2456844.61212	18.123	0.032
2456847.47669	18.102	0.045
2456851.65209	18.143	0.045
2456855.6132099996	18.137999999999998	0.033
2456857.53381	18.144000000000002	0.036000000000000004
2456859.61094	18.128	0.035
2456863.7280900003	18.152	0.033
2456870.74427	18.119	0.040999999999999995
2456880.7406099997	18.21	0.071
2456884.71199	18.121	0.038
2456887.59765	18.145	0.027000000000000003
2456890.53401	18.174	0.040999999999999995
2456896.50527	18.14	0.036000000000000004
2456909.5883299997	18.2	0.06
2456919.59442	18.13	0.044000000000000004
2456925.6189099997	18.079	0.040999999999999995
2456938.52441	18.133	0.048
2456948.50016	18.087	0.048
2456955.5037700003	18.18	0.045
2457085.83966	18.1	0.040999999999999995
2457088.8775299997	18.1	0.038
2457092.80444	18.090999999999998	0.040999999999999995
2457099.8246400002	18.15	0.036000000000000004
2457108.83127	18.119	0.054000000000000006
2457109.77928	18.205	0.044000000000000004
2457113.7851400003	18.070999999999998	0.03
2457116.8337	18.137	0.039
2457120.72633	18.186	0.045
2457134.89985	18.134	0.032
2457137.74652	18.111	0.027000000000000003
2457139.86583	18.114	0.03
2457142.6609900002	18.102	0.036000000000000004
2457144.88825	18.15	0.038
2457147.6505299998	18.14	0.075
2457153.68952	18.102	0.03
2457155.70092	18.121	0.035
2457157.89049	18.137	0.033
2457166.83395	18.118	0.033
2457170.6678	18.076	0.03
2457173.59304	18.139	0.053
2457179.8676299998	18.153	0.045
2457183.57192	18.157	0.039
2457184.85298	18.153	0.035
2457186.86303	18.13	0.038
2457188.77203	18.067999999999998	0.036000000000000004
2457190.73226	18.123	0.032
2457191.8108	18.141	0.039
2457197.63717	18.131	0.028999999999999998
2457199.53417	18.147000000000002	0.045
2457200.772	18.119	0.032
2457207.80359	18.029	0.055999999999999994
2457207.82403	18.114	0.047
2457211.72083	18.081	0.03
2457217.8108599996	18.101	0.036000000000000004
2457221.47609	18.095	0.045
2457222.81124	18.191	0.038
2457225.47371	18.113	0.040999999999999995
2457227.56092	18.096	0.032
2457229.56182	18.090999999999998	0.03
2457252.67685	18.072	0.03
2457257.55907	18.14	0.033
2457258.57548	18.128	0.045
2457264.55639	18.105999999999998	0.036000000000000004
2457268.6425900003	18.099	0.028999999999999998
2457272.52109	18.143	0.042
2457278.5024200003	18.12	0.047
2457294.59222	18.107	0.068
2457313.5134400004	18.117	0.051
2457324.50563	18.143	0.06
2457325.53503	18.125999999999998	0.051
2457332.51188	18.066	0.047
2457431.8769799997	18.129	0.040999999999999995
2457432.88529	18.047	0.048
2457433.8779599997	18.104	0.038
2457434.87465	18.084	0.044000000000000004
2457436.89115	18.097	0.051
2457439.86905	18.074	0.045
2457442.85037	18.090999999999998	0.047
2457443.89018	18.067999999999998	0.038
2457444.8681	18.069000000000003	0.047
2457446.8399400003	18.104	0.036000000000000004
2457448.85882	18.143	0.038
2457452.82005	18.081	0.032
2457454.8939900002	18.151	0.040999999999999995
2457457.80437	18.090999999999998	0.042
2457460.8026900003	18.144000000000002	0.039
2457462.80453	18.075	0.035
2457465.7775	17.998	0.033
2457467.85164	18.024	0.033
2457471.77394	18.12	0.053
2457472.84578	18.076	0.044000000000000004
2457474.85387	18.047	0.038
2457475.89858	18.066	0.042
2457476.82363	18.048	0.036000000000000004
2457485.8064900003	18.037	0.035
2457491.80577	18.041	0.032
2457493.85964	18.115	0.026000000000000002
2457495.88496	18.121	0.038
2457507.8199400003	18.037	0.03
2457512.9059200003	18.059	0.028999999999999998
2457526.6850099997	17.993	0.040999999999999995
2457530.7250099997	18.14	0.051
2457536.70474	18.015	0.033
2457546.6759099998	17.985	0.033
2457547.78988	18.051	0.028999999999999998
2457549.8711	18.018	0.033
2457555.84288	17.977	0.032
2457566.80262	17.998	0.035
2457568.57606	18.049	0.036000000000000004
2457569.76192	17.982	0.03
2457575.59116	18.062	0.045
2457575.6052	18.075	0.045
2457576.81975	18.019000000000002	0.033
2457584.59686	18.022000000000002	0.040999999999999995
2457589.80102	17.959	0.055999999999999994
2457593.63201	17.951	0.027000000000000003
2457599.76528	17.879	0.028999999999999998
2457602.68405	17.968	0.03
2457604.5923	17.909000000000002	0.024
2457606.7111299997	17.913	0.039
2457609.49638	17.907	0.03
2457612.49043	17.852	0.036000000000000004
2457617.55106	17.933	0.047
2457621.60948	17.944000000000003	0.033
2457624.49725	17.873	0.028999999999999998
2457630.56831	17.842	0.026000000000000002
2457634.51876	17.899	0.036000000000000004
2457638.58738	17.785	0.027000000000000003
2457648.52038	17.759	0.036000000000000004
2457650.48548	17.753	0.023
2457650.51372	17.8	0.024
2457651.5290900003	17.808	0.028999999999999998
2457652.5163	17.82	0.024
2457652.56862	17.815	0.024
2457653.5156799997	17.808	0.023
2457654.5206400002	17.799	0.036000000000000004
2457655.5237	17.807000000000002	0.026000000000000002
2457656.5231	17.773	0.028999999999999998
2457657.56927	17.79	0.027000000000000003
2457659.54903	17.8	0.032
2457660.51743	17.79	0.033
2457661.49038	17.725	0.035
2457661.5189799997	17.735	0.033
2457662.5197099997	17.828	0.038
2457664.5177700003	17.737000000000002	0.033
2457665.54021	17.809	0.036000000000000004
2457666.5200400003	17.729	0.035
2457667.54933	17.712	0.027000000000000003
2457671.50632	17.619	0.038
2457672.50784	17.782	0.038
2457673.52812	17.683	0.039
2457675.5147700002	17.623	0.036000000000000004
2457682.50998	17.713	0.028999999999999998
2457683.50902	17.692999999999998	0.032
2457683.523	17.642	0.028999999999999998
