2455377.73526	15.618	0.006999999999999999
2455378.5970900003	15.609000000000002	0.006999999999999999
2455378.8566900003	15.620999999999999	0.008
2455379.77097	15.604000000000001	0.006999999999999999
2455380.61601	15.618	0.006999999999999999
2455380.8533	15.617	0.01
2455381.72832	15.612	0.008
2455382.6036400003	15.607999999999999	0.008
2455382.81096	15.622	0.008
2455385.81358	15.618	0.006999999999999999
2455386.5164900003	15.620999999999999	0.006999999999999999
2455386.59856	15.617	0.006999999999999999
2455386.6830599997	15.609000000000002	0.006999999999999999
2455386.8278799998	15.622	0.006999999999999999
2455387.81093	15.61	0.006999999999999999
2455388.76748	15.618	0.006999999999999999
2455389.65513	15.610999999999999	0.006999999999999999
2455390.60106	15.614	0.006999999999999999
2455391.50641	15.610999999999999	0.008
2455391.83592	15.613	0.006999999999999999
2455392.77578	15.622	0.006999999999999999
2455393.75193	15.615	0.01
2455396.66572	15.609000000000002	0.006999999999999999
2455397.7039	15.613	0.008
2455403.48397	15.614	0.006999999999999999
2455403.67656	15.614	0.006999999999999999
2455404.54761	15.612	0.006999999999999999
2455404.74646	15.619000000000002	0.008
2455405.7602	15.619000000000002	0.008
2455407.61637	15.628	0.008
2455408.53494	15.613	0.008
2455408.73698	15.619000000000002	0.008
2455409.73903	15.61	0.006999999999999999
2455410.74271	15.626	0.008
2455411.7562	15.627	0.006999999999999999
2455412.67616	15.625	0.006999999999999999
2455413.7481	15.607999999999999	0.006999999999999999
2455414.77115	15.617	0.006999999999999999
2455418.65128	15.605	0.006999999999999999
2455421.67114	15.622	0.006999999999999999
2455423.48781	15.61	0.006999999999999999
2455426.50679	15.618	0.006999999999999999
2455430.57738	15.618	0.008
2455431.57262	15.610999999999999	0.006999999999999999
2455434.53766	15.599	0.008
2455435.50864	15.620999999999999	0.008
2455436.5072	15.619000000000002	0.006999999999999999
2455438.54178	15.62	0.008
2455439.60963	15.620999999999999	0.008
2455443.62393	15.61	0.006999999999999999
2455444.64956	15.616	0.006999999999999999
2455446.53859	15.624	0.006999999999999999
2455447.54877	15.600999999999999	0.006999999999999999
2455449.4816	15.61	0.008
2455450.5597200003	15.612	0.008
2455453.49822	15.612	0.006999999999999999
2455457.59193	15.619000000000002	0.006999999999999999
2455459.48166	15.619000000000002	0.006999999999999999
2455460.49822	15.6	0.008
2455461.52963	15.623	0.01
2455462.5681	15.619000000000002	0.008
2455465.5392400003	15.614	0.008
2455467.52097	15.613	0.006999999999999999
2455469.51904	15.613	0.006999999999999999
2455470.5432700003	15.616	0.006999999999999999
2455471.54877	15.620999999999999	0.008
2455472.4911700003	15.609000000000002	0.008
2455472.5858299998	15.62	0.006999999999999999
2455473.53188	15.618	0.006999999999999999
2455476.53218	15.610999999999999	0.008
2455478.51108	15.620999999999999	0.006999999999999999
2455479.54028	15.613	0.008
2455480.5314700003	15.613	0.008
2455481.50042	15.617	0.01
2455485.54742	15.609000000000002	0.008
2455486.5336599997	15.625	0.008
2455487.5167900003	15.62	0.006999999999999999
2455488.50405	15.618	0.008
2455489.49022	15.609000000000002	0.01
2455490.49031	15.618	0.011000000000000001
2455490.5473599997	15.613	0.01
2455493.51796	15.617	0.01
2455495.50727	15.609000000000002	0.006999999999999999
2455497.50677	15.624	0.008
2455499.50966	15.61	0.008
2455504.5022	15.629000000000001	0.01
2455598.88437	15.619000000000002	0.008
2455600.88047	15.619000000000002	0.006999999999999999
2455616.8991	15.616	0.008
2455622.89836	15.607000000000001	0.006999999999999999
2455625.83207	15.61	0.006999999999999999
2455627.8254	15.625	0.006999999999999999
2455628.90814	15.618	0.008
2455629.8355099997	15.628	0.006999999999999999
2455631.86418	15.599	0.006999999999999999
2455633.81928	15.619000000000002	0.006999999999999999
2455634.81304	15.610999999999999	0.006999999999999999
2455637.84932	15.614	0.008
2455639.80794	15.603	0.006999999999999999
2455639.8834599997	15.600999999999999	0.006999999999999999
2455640.7904	15.622	0.008
2455640.87641	15.619000000000002	0.006999999999999999
2455641.78472	15.609000000000002	0.006999999999999999
2455641.9100200003	15.632	0.006999999999999999
2455642.84606	15.609000000000002	0.006999999999999999
2455643.77282	15.614	0.006999999999999999
2455643.8708599997	15.615	0.006999999999999999
2455644.78054	15.610999999999999	0.006999999999999999
2455644.89185	15.612	0.006999999999999999
2455648.76242	15.618	0.006999999999999999
2455648.86998	15.610999999999999	0.006999999999999999
2455649.76884	15.620999999999999	0.006999999999999999
2455649.87523	15.615	0.006999999999999999
2455650.7606200003	15.614	0.006999999999999999
2455650.8672	15.612	0.006999999999999999
2455651.78124	15.607999999999999	0.006999999999999999
2455651.9007599996	15.615	0.006999999999999999
2455652.82465	15.612	0.006999999999999999
2455653.7914299998	15.614	0.006999999999999999
2455654.79919	15.618	0.006999999999999999
2455654.8870200003	15.612	0.006999999999999999
2455655.79523	15.615	0.006999999999999999
2455655.87992	15.624	0.006999999999999999
2455656.8314400003	15.605	0.006999999999999999
2455657.7918700003	15.607999999999999	0.006999999999999999
2455657.8783	15.625	0.006999999999999999
2455658.78871	15.618	0.006999999999999999
2455658.8843099996	15.612	0.006999999999999999
2455659.74039	15.616	0.006999999999999999
2455659.81729	15.618	0.006999999999999999
2455659.90801	15.607999999999999	0.006999999999999999
2455660.7918599998	15.614	0.006999999999999999
2455660.90565	15.623	0.006999999999999999
2455662.78285	15.607000000000001	0.006999999999999999
2455662.88279	15.607000000000001	0.006999999999999999
2455664.74478	15.613	0.008
2455664.84944	15.614	0.006999999999999999
2455665.72368	15.606	0.008
2455665.8393900003	15.615	0.006999999999999999
2455665.92641	15.612	0.006999999999999999
2455667.91102	15.614	0.006999999999999999
2455668.91485	15.615	0.006999999999999999
2455669.90465	15.603	0.006999999999999999
2455670.8843799997	15.606	0.006999999999999999
2455675.76134	15.616	0.006999999999999999
2455676.68761	15.62	0.006999999999999999
2455676.86565	15.617	0.006999999999999999
2455677.8049	15.607000000000001	0.006999999999999999
2455679.72677	15.599	0.006999999999999999
2455679.91019	15.612	0.006999999999999999
2455680.8005	15.614	0.006999999999999999
2455681.70194	15.617	0.006999999999999999
2455681.88815	15.617	0.006999999999999999
2455682.7804400004	15.602	0.006999999999999999
2455683.7354099997	15.607999999999999	0.006999999999999999
2455684.65614	15.609000000000002	0.006999999999999999
2455684.87993	15.615	0.006999999999999999
2455685.8470799997	15.615	0.006999999999999999
2455686.74412	15.623	0.006999999999999999
2455686.9305	15.617	0.006999999999999999
2455687.83459	15.62	0.006999999999999999
2455689.75425	15.616	0.006999999999999999
2455690.7505099997	15.617	0.008
2455691.66341	15.610999999999999	0.006999999999999999
2455691.86689	15.619000000000002	0.006999999999999999
2455692.7689900002	15.604000000000001	0.006999999999999999
2455692.9237	15.619000000000002	0.006999999999999999
2455693.7925299997	15.613	0.006999999999999999
2455694.61224	15.616	0.006999999999999999
2455694.8012200003	15.613	0.006999999999999999
2455695.61606	15.609000000000002	0.006999999999999999
2455695.84144	15.605	0.006999999999999999
2455696.64695	15.617	0.006999999999999999
2455696.82753	15.606	0.006999999999999999
2455697.66435	15.614	0.006999999999999999
2455697.83184	15.616	0.006999999999999999
2455698.6698	15.617	0.008
2455698.83131	15.605	0.006999999999999999
2455703.7647700002	15.614	0.006999999999999999
2455705.7995700003	15.610999999999999	0.008
2455706.74215	15.616	0.008
2455707.62985	15.607999999999999	0.006999999999999999
2455707.80407	15.618	0.006999999999999999
2455708.61072	15.616	0.008
2455708.8065400003	15.617	0.006999999999999999
2455709.65404	15.62	0.006999999999999999
2455712.71039	15.617	0.006999999999999999
2455712.8793900004	15.610999999999999	0.006999999999999999
2455714.58807	15.627	0.006999999999999999
2455715.65715	15.606	0.006999999999999999
2455715.83598	15.618	0.006999999999999999
2455716.73205	15.614	0.006999999999999999
2455716.89436	15.616	0.008
2455721.8067400004	15.595	0.006999999999999999
2455722.63289	15.606	0.006999999999999999
2455722.8342	15.625	0.006999999999999999
2455723.71152	15.605	0.006999999999999999
2455723.86926	15.625	0.008
2455724.75269	15.612	0.006999999999999999
2455725.6864	15.609000000000002	0.006999999999999999
2455726.5802700003	15.618	0.008
2455726.75468	15.625	0.006999999999999999
2455734.73954	15.614	0.008
2455735.66646	15.619000000000002	0.006999999999999999
2455735.86889	15.622	0.006999999999999999
2455736.60753	15.615	0.006999999999999999
2455736.82018	15.618	0.006999999999999999
2455737.6162400004	15.607999999999999	0.006999999999999999
2455737.79293	15.62	0.006999999999999999
2455738.6331700003	15.619000000000002	0.006999999999999999
2455739.53113	15.615	0.006999999999999999
2455739.7166	15.616	0.006999999999999999
2455740.50458	15.597999999999999	0.008
2455740.7136	15.624	0.006999999999999999
2455740.88445	15.62	0.008
2455741.64515	15.609000000000002	0.006999999999999999
2455741.8245	15.62	0.006999999999999999
2455742.58042	15.606	0.006999999999999999
2455742.75759	15.615	0.006999999999999999
2455743.63	15.61	0.008
2455743.8070099996	15.620999999999999	0.006999999999999999
2455744.5650299997	15.616	0.008
2455744.78156	15.618	0.006999999999999999
2455745.56158	15.632	0.008
2455745.7400700003	15.610999999999999	0.006999999999999999
2455746.58622	15.62	0.006999999999999999
2455746.7681299997	15.620999999999999	0.006999999999999999
2455747.66206	15.625	0.008
2455748.63335	15.614	0.006999999999999999
2455749.60591	15.613	0.006999999999999999
2455749.77151	15.610999999999999	0.006999999999999999
2455752.67316	15.613	0.006999999999999999
2455753.55661	15.619000000000002	0.01
2455759.81033	15.617	0.008
2455760.56261	15.613	0.006999999999999999
2455760.75177	15.612	0.006999999999999999
2455761.56587	15.618	0.006999999999999999
2455762.60757	15.610999999999999	0.006999999999999999
2455763.47787	15.614	0.006999999999999999
2455763.6644	15.617	0.006999999999999999
2455764.48232	15.606	0.006999999999999999
2455764.65644	15.607000000000001	0.006999999999999999
2455765.52777	15.613	0.006999999999999999
2455765.7238	15.603	0.006999999999999999
2455766.60117	15.605	0.006999999999999999
2455767.47449	15.606	0.008
2455767.67337	15.610999999999999	0.006999999999999999
2455768.5155700003	15.604000000000001	0.006999999999999999
2455768.71552	15.604000000000001	0.006999999999999999
2455769.5418700003	15.606	0.006999999999999999
2455769.75617	15.62	0.006999999999999999
2455775.62272	15.607000000000001	0.008
2455776.7055099998	15.618	0.006999999999999999
2455777.63589	15.617	0.006999999999999999
2455778.54549	15.615	0.008
2455779.6856	15.62	0.006999999999999999
2455785.49108	15.62	0.008
2455785.69992	15.612	0.008
2455786.64455	15.609000000000002	0.006999999999999999
2455787.47963	15.604000000000001	0.006999999999999999
2455787.67725	15.616	0.006999999999999999
2455788.59801	15.603	0.006999999999999999
2455790.47639	15.614	0.006999999999999999
2455790.6583	15.61	0.006999999999999999
2455793.4777900004	15.607000000000001	0.008
2455793.66464	15.610999999999999	0.006999999999999999
2455794.57681	15.618	0.006999999999999999
2455795.57009	15.607000000000001	0.008
2455796.531	15.610999999999999	0.006999999999999999
2455798.6770900004	15.610999999999999	0.008
2455801.63759	15.603	0.008
2455803.5260099997	15.626	0.006999999999999999
2455804.62304	15.616	0.006999999999999999
2455805.58497	15.618	0.006999999999999999
2455806.6272400003	15.619000000000002	0.006999999999999999
2455812.52607	15.614	0.008
2455813.50639	15.612	0.006999999999999999
2455813.6638700003	15.619000000000002	0.006999999999999999
2455815.64403	15.62	0.006999999999999999
2455816.61571	15.613	0.008
2455817.61745	15.607999999999999	0.008
2455818.5983700003	15.615	0.008
2455819.60605	15.622	0.006999999999999999
2455820.58399	15.609000000000002	0.006999999999999999
2455822.5428299997	15.615	0.008
2455822.63149	15.618	0.006999999999999999
2455823.56291	15.620999999999999	0.008
2455824.48703	15.619000000000002	0.008
2455824.58403	15.605	0.006999999999999999
2455825.5035099997	15.619000000000002	0.008
2455825.59999	15.624	0.006999999999999999
2455826.52425	15.607000000000001	0.006999999999999999
2455826.61086	15.61	0.008
2455827.5487	15.609000000000002	0.008
2455827.62875	15.606	0.008
2455828.56193	15.620999999999999	0.006999999999999999
2455829.48591	15.617	0.008
2455829.5726	15.620999999999999	0.006999999999999999
2455830.50983	15.618	0.006999999999999999
2455830.58566	15.612	0.006999999999999999
2455831.55766	15.624	0.006999999999999999
2455832.49034	15.612	0.006999999999999999
2455832.58233	15.622	0.008
2455833.5389799997	15.622	0.006999999999999999
2455834.48784	15.607999999999999	0.006999999999999999
2455834.57605	15.619000000000002	0.006999999999999999
2455835.5691400003	15.61	0.008
2455836.55372	15.616	0.008
2455839.50502	15.619000000000002	0.008
2455839.58049	15.61	0.008
2455840.53601	15.618	0.006999999999999999
2455840.6213599998	15.617	0.008
2455841.55467	15.610999999999999	0.008
2455842.51708	15.625	0.01
2455842.60158	15.622	0.01
2455842.6126599996	15.622	0.01
2455843.5594599997	15.620999999999999	0.008
2455844.50293	15.610999999999999	0.006999999999999999
2455844.5832599998	15.607999999999999	0.01
2455845.54312	15.622	0.008
2455846.5071400004	15.610999999999999	0.008
2455846.58404	15.619000000000002	0.011000000000000001
2455847.55987	15.605	0.01
2455850.53076	15.619000000000002	0.006999999999999999
2455851.4923900003	15.61	0.006999999999999999
2455851.57031	15.625	0.008
2455852.52195	15.61	0.008
2455854.51223	15.620999999999999	0.008
2455855.49632	15.607999999999999	0.01
2455856.4993	15.622	0.008
2455857.51485	15.62	0.01
2455859.5219799997	15.607999999999999	0.006999999999999999
2455860.53508	15.614	0.008
2455862.50001	15.614	0.006999999999999999
2455866.51536	15.607000000000001	0.01
2455867.5188599997	15.61	0.006999999999999999
2455868.51985	15.622	0.011000000000000001
2455869.51078	15.618	0.008
2455870.5164400004	15.624	0.006999999999999999
2455971.86297	15.616	0.006999999999999999
2455976.86995	15.614	0.006999999999999999
2455977.86887	15.617	0.006999999999999999
2455978.8793599997	15.612	0.006999999999999999
2455979.88385	15.639000000000001	0.006999999999999999
2455982.82647	15.616	0.006999999999999999
2455983.83457	15.612	0.006999999999999999
2455984.83115	15.628	0.006999999999999999
2455985.81667	15.619000000000002	0.008
2455985.8938	15.623	0.006999999999999999
2455986.86978	15.620999999999999	0.006999999999999999
2455987.8462	15.615	0.006999999999999999
2455988.83629	15.605	0.006999999999999999
2455989.81713	15.616	0.006999999999999999
2455989.89688	15.612	0.006999999999999999
2455990.86458	15.612	0.006999999999999999
2455991.83908	15.623	0.006999999999999999
2455992.81021	15.620999999999999	0.006999999999999999
2455993.7986	15.609000000000002	0.008
2455993.87628	15.609000000000002	0.006999999999999999
2455994.84466	15.61	0.006999999999999999
2455995.79724	15.607000000000001	0.006999999999999999
2455995.8699	15.614	0.006999999999999999
2455996.81256	15.615	0.006999999999999999
2455996.89688	15.615	0.006999999999999999
2455997.8446400003	15.615	0.006999999999999999
2455998.79468	15.62	0.006999999999999999
2455998.88515	15.620999999999999	0.006999999999999999
2455999.81743	15.61	0.006999999999999999
2455999.90419	15.623	0.006999999999999999
2456003.90086	15.617	0.006999999999999999
2456004.8355900003	15.613	0.006999999999999999
2456005.76259	15.605	0.006999999999999999
2456005.85217	15.615	0.006999999999999999
2456006.77588	15.618	0.006999999999999999
2456006.87967	15.614	0.006999999999999999
2456007.78322	15.614	0.006999999999999999
2456007.87836	15.61	0.006999999999999999
2456008.7765099998	15.618	0.006999999999999999
2456008.87317	15.62	0.006999999999999999
2456009.77819	15.606	0.006999999999999999
2456009.87353	15.604000000000001	0.006999999999999999
2456010.7691	15.615	0.006999999999999999
2456010.86812	15.607999999999999	0.006999999999999999
2456011.74954	15.612	0.006999999999999999
2456011.87366	15.620999999999999	0.006999999999999999
2456012.7725299997	15.619000000000002	0.006999999999999999
2456012.8714799997	15.61	0.006999999999999999
2456013.76825	15.610999999999999	0.006999999999999999
2456013.86857	15.620999999999999	0.006999999999999999
2456014.74455	15.612	0.006999999999999999
2456014.84276	15.604000000000001	0.006999999999999999
2456014.9221	15.606	0.01
2456015.8002400002	15.624	0.006999999999999999
2456015.88974	15.615	0.006999999999999999
2456016.78126	15.612	0.006999999999999999
2456016.88428	15.613	0.006999999999999999
2456017.76931	15.624	0.006999999999999999
2456017.84691	15.612	0.006999999999999999
2456018.83608	15.605	0.006999999999999999
2456019.73592	15.63	0.006999999999999999
2456019.83307	15.607000000000001	0.006999999999999999
2456019.9097700003	15.617	0.006999999999999999
2456020.76797	15.622	0.006999999999999999
2456020.86293	15.615	0.006999999999999999
2456021.7238	15.610999999999999	0.008
2456021.80081	15.612	0.006999999999999999
2456021.89775	15.604000000000001	0.006999999999999999
2456022.7494	15.6	0.006999999999999999
2456022.82664	15.607000000000001	0.006999999999999999
2456022.92573	15.616	0.006999999999999999
2456023.78354	15.614	0.006999999999999999
2456023.86555	15.615	0.006999999999999999
2456024.74083	15.61	0.006999999999999999
2456024.8415099997	15.610999999999999	0.006999999999999999
2456025.7155	15.642000000000001	0.008
2456025.79581	15.623	0.008
2456025.90208	15.613	0.006999999999999999
2456031.79591	15.626	0.006999999999999999
2456032.72551	15.615	0.006999999999999999
2456032.9057299998	15.609000000000002	0.006999999999999999
2456033.85678	15.618	0.006999999999999999
2456034.78566	15.619000000000002	0.006999999999999999
2456036.7011599997	15.610999999999999	0.006999999999999999
2456036.92034	15.609000000000002	0.006999999999999999
2456037.8837599996	15.604000000000001	0.006999999999999999
2456038.8456099997	15.616	0.006999999999999999
2456039.8304	15.593	0.006999999999999999
2456040.80589	15.615	0.006999999999999999
2456041.75668	15.607000000000001	0.006999999999999999
2456045.8974900004	15.602	0.006999999999999999
2456047.72088	15.617	0.006999999999999999
2456047.9144200003	15.613	0.006999999999999999
2456048.84558	15.617	0.006999999999999999
2456049.7621	15.606	0.006999999999999999
2456050.65901	15.613	0.008
2456050.84718	15.622	0.006999999999999999
2456052.65668	15.614	0.006999999999999999
2456052.83184	15.612	0.006999999999999999
2456053.6883900003	15.618	0.006999999999999999
2456053.87879	15.607999999999999	0.006999999999999999
2456058.71884	15.606	0.006999999999999999
2456058.89053	15.610999999999999	0.006999999999999999
2456059.77504	15.615	0.006999999999999999
2456060.78111	15.612	0.006999999999999999
2456061.67445	15.618	0.006999999999999999
2456061.85294	15.605	0.006999999999999999
2456062.72329	15.618	0.006999999999999999
2456062.9011	15.617	0.006999999999999999
2456063.88067	15.606	0.006999999999999999
2456064.81915	15.610999999999999	0.006999999999999999
2456065.64945	15.607999999999999	0.006999999999999999
2456065.82842	15.624	0.006999999999999999
2456066.75257	15.61	0.006999999999999999
2456066.92606	15.618	0.006999999999999999
2456067.72789	15.61	0.006999999999999999
2456067.90545	15.607999999999999	0.006999999999999999
2456068.74423	15.614	0.006999999999999999
2456069.7063700003	15.614	0.006999999999999999
2456069.89528	15.618	0.006999999999999999
2456070.69353	15.612	0.006999999999999999
2456070.8705	15.605	0.006999999999999999
2456071.6693599997	15.618	0.006999999999999999
2456071.84901	15.61	0.006999999999999999
2456075.64932	15.614	0.006999999999999999
2456075.83273	15.613	0.006999999999999999
2456076.69075	15.606	0.006999999999999999
2456076.8750400003	15.623	0.006999999999999999
2456077.8209700002	15.616	0.006999999999999999
2456078.62385	15.613	0.006999999999999999
2456078.80445	15.615	0.006999999999999999
2456079.6016700002	15.607999999999999	0.006999999999999999
2456079.79164	15.622	0.006999999999999999
2456080.5718900003	15.613	0.006999999999999999
2456080.73655	15.607999999999999	0.006999999999999999
2456080.91798	15.617	0.006999999999999999
2456081.68431	15.616	0.006999999999999999
2456081.86742	15.612	0.006999999999999999
2456082.6759099998	15.626	0.01
2456082.87845	15.602	0.01
2456085.68544	15.616	0.006999999999999999
2456085.85163	15.63	0.008
2456086.62462	15.610999999999999	0.006999999999999999
2456086.80992	15.614	0.006999999999999999
2456087.60359	15.63	0.006999999999999999
2456088.57581	15.610999999999999	0.006999999999999999
2456089.6562900003	15.62	0.006999999999999999
2456089.87255	15.619000000000002	0.006999999999999999
2456092.76984	15.617	0.006999999999999999
2456093.6064400002	15.624	0.006999999999999999
2456093.8048900003	15.607000000000001	0.006999999999999999
2456094.6557	15.61	0.006999999999999999
2456094.83029	15.606	0.006999999999999999
2456096.64997	15.613	0.006999999999999999
2456096.84416	15.61	0.006999999999999999
2456097.77839	15.619000000000002	0.006999999999999999
2456098.56782	15.619000000000002	0.008
2456098.75075	15.614	0.006999999999999999
2456099.62971	15.619000000000002	0.006999999999999999
2456100.60052	15.619000000000002	0.006999999999999999
2456100.7749099997	15.620999999999999	0.008
2456101.55207	15.613	0.006999999999999999
2456101.7297	15.610999999999999	0.006999999999999999
2456102.51498	15.620999999999999	0.008
2456102.6902400004	15.615	0.006999999999999999
2456102.84795	15.619000000000002	0.006999999999999999
2456103.59894	15.615	0.006999999999999999
2456103.8036700003	15.620999999999999	0.006999999999999999
2456104.59533	15.613	0.006999999999999999
2456104.76166	15.617	0.006999999999999999
2456105.51904	15.619000000000002	0.006999999999999999
2456105.70909	15.619000000000002	0.006999999999999999
2456108.51901	15.64	0.006999999999999999
2456108.70409	15.602	0.006999999999999999
2456108.86338	15.609000000000002	0.006999999999999999
2456109.6943599996	15.613	0.006999999999999999
2456109.8517	15.614	0.006999999999999999
2456113.65805	15.617	0.006999999999999999
2456113.81336	15.610999999999999	0.006999999999999999
2456114.67298	15.613	0.006999999999999999
2456114.83954	15.622	0.006999999999999999
2456115.6115	15.619000000000002	0.006999999999999999
2456116.48291	15.610999999999999	0.006999999999999999
2456116.66131	15.617	0.006999999999999999
2456116.82733	15.619000000000002	0.006999999999999999
2456117.63154	15.615	0.006999999999999999
2456117.79781	15.625	0.006999999999999999
2456118.5734	15.613	0.006999999999999999
2456118.7601099997	15.612	0.006999999999999999
2456119.5371	15.612	0.006999999999999999
2456119.71325	15.606	0.006999999999999999
2456120.55075	15.612	0.006999999999999999
2456120.74742	15.614	0.006999999999999999
2456121.5408099997	15.61	0.006999999999999999
2456121.7099	15.606	0.006999999999999999
2456123.57904	15.614	0.006999999999999999
2456123.75523	15.62	0.006999999999999999
2456124.5606299997	15.612	0.006999999999999999
2456124.76672	15.624	0.006999999999999999
2456125.5737099997	15.613	0.006999999999999999
2456125.77476	15.613	0.006999999999999999
2456126.6063099997	15.612	0.006999999999999999
2456127.50729	15.61	0.006999999999999999
2456128.5309	15.612	0.006999999999999999
2456128.7664	15.617	0.006999999999999999
2456131.58843	15.61	0.006999999999999999
2456132.62537	15.624	0.006999999999999999
2456133.56776	15.616	0.006999999999999999
2456133.7741099996	15.623	0.008
2456134.69015	15.617	0.006999999999999999
2456135.6757900002	15.614	0.006999999999999999
2456136.47954	15.595999999999998	0.008
2456136.4952	15.612	0.008
2456136.56164	15.618	0.008
2456136.59221	15.625	0.008
2456136.60347	15.612	0.008
2456136.61838	15.620999999999999	0.008
2456136.6229	15.614	0.008
2456136.63013	15.610999999999999	0.008
2456136.65337	15.609000000000002	0.006999999999999999
2456136.6625200002	15.615	0.006999999999999999
2456136.67752	15.619000000000002	0.006999999999999999
2456136.69772	15.614	0.006999999999999999
2456136.71428	15.610999999999999	0.008
2456136.7240299997	15.609000000000002	0.008
2456136.75073	15.605	0.008
2456136.76375	15.625	0.008
2456136.76604	15.627	0.008
2456136.76995	15.628	0.008
2456136.78207	15.615	0.008
2456140.49993	15.622	0.008
2456140.64831	15.62	0.008
2456140.69238	15.610999999999999	0.008
2456141.49672	15.605	0.006999999999999999
2456141.66989	15.619000000000002	0.006999999999999999
2456142.53635	15.618	0.006999999999999999
2456147.54219	15.613	0.006999999999999999
2456148.48391	15.606	0.006999999999999999
2456148.66657	15.622	0.006999999999999999
2456150.52477	15.61	0.006999999999999999
2456151.5286	15.610999999999999	0.008
2456151.6910200003	15.613	0.006999999999999999
2456152.56637	15.617	0.006999999999999999
2456154.51449	15.618	0.006999999999999999
2456157.66353	15.618	0.006999999999999999
2456158.6054	15.616	0.006999999999999999
2456159.50991	15.629000000000001	0.008
2456160.4915	15.610999999999999	0.006999999999999999
2456160.6869200002	15.612	0.006999999999999999
2456160.69966	15.606	0.006999999999999999
2456161.59581	15.630999999999998	0.006999999999999999
2456164.58329	15.61	0.006999999999999999
2456166.64232	15.607999999999999	0.006999999999999999
2456167.57681	15.615	0.008
2456168.57997	15.618	0.006999999999999999
2456169.58285	15.614	0.006999999999999999
2456171.53664	15.61	0.006999999999999999
2456172.4956	15.615	0.006999999999999999
2456172.67788	15.62	0.006999999999999999
2456174.6354900002	15.614	0.008
2456175.62371	15.624	0.006999999999999999
2456179.61641	15.618	0.008
2456180.60372	15.622	0.008
2456181.5616	15.617	0.006999999999999999
2456182.56959	15.61	0.006999999999999999
2456183.62055	15.613	0.006999999999999999
2456185.56875	15.605	0.006999999999999999
2456186.5783599997	15.605	0.006999999999999999
2456190.61584	15.617	0.006999999999999999
2456195.48074	15.606	0.006999999999999999
2456195.5729900002	15.607000000000001	0.006999999999999999
2456196.48345	15.615	0.006999999999999999
2456196.5704900003	15.617	0.006999999999999999
2456197.4838900003	15.61	0.008
2456197.5718799997	15.600999999999999	0.006999999999999999
2456198.59143	15.606	0.008
2456200.61158	15.620999999999999	0.008
2456202.5520099998	15.610999999999999	0.008
2456203.54621	15.619000000000002	0.006999999999999999
2456204.4931099997	15.607999999999999	0.006999999999999999
2456204.5764200003	15.615	0.006999999999999999
2456205.51935	15.61	0.006999999999999999
2456205.59962	15.616	0.006999999999999999
2456208.54027	15.612	0.008
2456210.49377	15.609000000000002	0.006999999999999999
2456210.5708	15.616	0.006999999999999999
2456211.52075	15.603	0.006999999999999999
2456212.52011	15.619000000000002	0.006999999999999999
2456212.5896400004	15.614	0.006999999999999999
2456213.5492599998	15.600999999999999	0.006999999999999999
2456214.5296400003	15.609000000000002	0.006999999999999999
2456216.52929	15.615	0.006999999999999999
2456217.56195	15.61	0.006999999999999999
2456218.53736	15.617	0.008
2456223.51368	15.614	0.008
2456224.5007	15.620999999999999	0.008
2456226.53466	15.622	0.01
2456231.5358599997	15.617	0.01
2456234.50992	15.609000000000002	0.006999999999999999
2456238.5386099997	15.627	0.008
2456334.8904	15.617	0.006999999999999999
2456335.8678200003	15.619000000000002	0.006999999999999999
2456337.88015	15.612	0.006999999999999999
2456338.85772	15.629000000000001	0.008
2456339.86418	15.609000000000002	0.006999999999999999
2456345.83399	15.61	0.006999999999999999
2456347.84275	15.600999999999999	0.006999999999999999
2456348.83672	15.606	0.006999999999999999
2456349.84889	15.614	0.006999999999999999
2456350.8492099997	15.610999999999999	0.006999999999999999
2456351.85244	15.615	0.006999999999999999
2456352.85214	15.612	0.006999999999999999
2456353.82718	15.613	0.006999999999999999
2456354.84306	15.605	0.006999999999999999
2456358.84554	15.613	0.006999999999999999
2456360.8357	15.607000000000001	0.006999999999999999
2456361.82132	15.609000000000002	0.006999999999999999
2456361.90174	15.610999999999999	0.006999999999999999
2456362.84413	15.614	0.006999999999999999
2456363.81306	15.62	0.006999999999999999
2456367.82345	15.614	0.006999999999999999
2456367.91028	15.605	0.006999999999999999
2456368.86161	15.609000000000002	0.006999999999999999
2456369.80081	15.616	0.006999999999999999
2456369.89862	15.616	0.006999999999999999
2456370.84385	15.607000000000001	0.006999999999999999
2456371.76877	15.615	0.006999999999999999
2456371.85692	15.607999999999999	0.006999999999999999
2456372.76166	15.613	0.006999999999999999
2456372.85025	15.607000000000001	0.006999999999999999
2456373.7784599997	15.607999999999999	0.006999999999999999
2456373.86717	15.618	0.006999999999999999
2456374.7823099997	15.605	0.006999999999999999
2456374.87352	15.617	0.006999999999999999
2456375.78141	15.616	0.006999999999999999
2456375.88877	15.62	0.006999999999999999
2456376.79552	15.612	0.006999999999999999
2456376.88688	15.604000000000001	0.006999999999999999
2456377.81691	15.620999999999999	0.006999999999999999
2456377.89729	15.613	0.006999999999999999
2456378.81249	15.612	0.006999999999999999
2456378.89298	15.609000000000002	0.006999999999999999
2456379.78914	15.602	0.006999999999999999
2456379.88019	15.616	0.006999999999999999
2456380.78987	15.615	0.006999999999999999
2456380.89421	15.606	0.006999999999999999
2456381.82102	15.615	0.006999999999999999
2456381.90007	15.607999999999999	0.006999999999999999
2456382.80475	15.615	0.006999999999999999
2456382.88462	15.620999999999999	0.006999999999999999
2456386.7963900003	15.607999999999999	0.006999999999999999
2456386.80485	15.61	0.006999999999999999
2456386.81044	15.607999999999999	0.006999999999999999
2456386.81924	15.618	0.006999999999999999
2456386.82585	15.617	0.006999999999999999
2456386.84329	15.612	0.006999999999999999
2456386.8569400003	15.610999999999999	0.006999999999999999
2456386.86687	15.61	0.006999999999999999
2456386.87511	15.612	0.006999999999999999
2456386.88358	15.614	0.006999999999999999
2456386.89188	15.616	0.006999999999999999
2456386.9012700003	15.613	0.006999999999999999
2456386.9079400003	15.624	0.006999999999999999
2456386.91318	15.612	0.006999999999999999
2456386.92167	15.62	0.006999999999999999
2456386.92875	15.624	0.01
2456387.70548	15.636	0.006999999999999999
2456387.7085599997	15.610999999999999	0.006999999999999999
2456387.72367	15.605	0.006999999999999999
2456387.74043	15.609000000000002	0.006999999999999999
2456387.7810299997	15.613	0.006999999999999999
2456387.80505	15.620999999999999	0.006999999999999999
2456387.88895	15.617	0.006999999999999999
2456387.92378	15.603	0.008
2456388.71427	15.624	0.006999999999999999
2456388.7763900002	15.616	0.006999999999999999
2456388.80471	15.623	0.006999999999999999
2456388.86626	15.612	0.006999999999999999
2456388.91364	15.612	0.006999999999999999
2456389.72438	15.617	0.006999999999999999
2456389.7834900003	15.614	0.006999999999999999
2456389.8859200003	15.613	0.006999999999999999
2456390.74583	15.613	0.006999999999999999
2456390.77985	15.610999999999999	0.006999999999999999
2456390.8796599996	15.615	0.006999999999999999
2456391.70425	15.627	0.008
2456391.77323	15.616	0.006999999999999999
2456393.74662	15.606	0.006999999999999999
2456393.88635	15.61	0.006999999999999999
2456394.7652	15.620999999999999	0.006999999999999999
2456394.8481900003	15.616	0.006999999999999999
2456395.81134	15.610999999999999	0.006999999999999999
2456395.89738	15.619000000000002	0.006999999999999999
2456396.75831	15.610999999999999	0.006999999999999999
2456396.7982900003	15.604000000000001	0.006999999999999999
2456397.69931	15.615	0.006999999999999999
2456397.74381	15.615	0.006999999999999999
2456397.87459	15.610999999999999	0.006999999999999999
2456398.77488	15.61	0.006999999999999999
2456398.80622	15.616	0.006999999999999999
2456399.71253	15.612	0.006999999999999999
2456399.89455	15.620999999999999	0.006999999999999999
2456400.68488	15.619000000000002	0.006999999999999999
2456400.73674	15.616	0.006999999999999999
2456400.76687	15.618	0.006999999999999999
2456400.8862799997	15.616	0.006999999999999999
2456401.82138	15.616	0.006999999999999999
2456402.7327799997	15.613	0.006999999999999999
2456402.90822	15.610999999999999	0.006999999999999999
2456403.82211	15.61	0.006999999999999999
2456404.75738	15.604000000000001	0.006999999999999999
2456405.82766	15.614	0.006999999999999999
2456406.7618	15.614	0.006999999999999999
2456407.71447	15.618	0.006999999999999999
2456407.88005	15.61	0.006999999999999999
2456408.8248799997	15.615	0.006999999999999999
2456415.71263	15.614	0.008
2456415.90556	15.619000000000002	0.006999999999999999
2456416.79206	15.613	0.006999999999999999
2456417.7162900004	15.62	0.006999999999999999
2456417.89017	15.615	0.006999999999999999
2456418.73866	15.616	0.006999999999999999
2456418.91267	15.625	0.006999999999999999
2456419.78939	15.619000000000002	0.006999999999999999
2456420.65468	15.618	0.006999999999999999
2456420.82572	15.617	0.006999999999999999
2456421.83458	15.623	0.006999999999999999
2456422.7760799997	15.612	0.006999999999999999
2456423.75315	15.619000000000002	0.006999999999999999
2456423.9325	15.622	0.006999999999999999
2456424.80747	15.614	0.006999999999999999
2456426.65593	15.613	0.006999999999999999
2456426.8964299997	15.613	0.006999999999999999
2456427.9002099996	15.618	0.006999999999999999
2456428.69593	15.622	0.006999999999999999
2456428.88451	15.612	0.006999999999999999
2456431.68499	15.620999999999999	0.006999999999999999
2456431.86963	15.619000000000002	0.006999999999999999
2456432.70968	15.615	0.006999999999999999
2456432.89164	15.607999999999999	0.006999999999999999
2456432.93769	15.623	0.006999999999999999
2456433.6962200003	15.619000000000002	0.006999999999999999
2456434.617	15.612	0.008
2456434.80065	15.609000000000002	0.006999999999999999
2456435.64766	15.622	0.006999999999999999
2456435.8332599998	15.622	0.006999999999999999
2456436.63366	15.616	0.006999999999999999
2456436.8228700003	15.62	0.006999999999999999
2456437.76669	15.597999999999999	0.006999999999999999
2456437.9207599997	15.627	0.008
2456441.70392	15.610999999999999	0.006999999999999999
2456441.86087	15.61	0.006999999999999999
2456442.63923	15.610999999999999	0.006999999999999999
2456442.8236599998	15.602	0.006999999999999999
2456443.63469	15.594000000000001	0.006999999999999999
2456443.7355299997	15.612	0.006999999999999999
2456444.71119	15.616	0.006999999999999999
2456444.84325	15.613	0.006999999999999999
2456445.6453	15.610999999999999	0.006999999999999999
2456445.8516700002	15.610999999999999	0.006999999999999999
2456446.6334	15.618	0.006999999999999999
2456446.8239700003	15.610999999999999	0.006999999999999999
2456447.60992	15.61	0.006999999999999999
2456447.79388	15.62	0.006999999999999999
2456448.56095	15.613	0.006999999999999999
2456448.73975	15.622	0.006999999999999999
2456448.90547	15.607000000000001	0.006999999999999999
2456449.6817099997	15.607999999999999	0.006999999999999999
2456449.86547	15.613	0.006999999999999999
2456450.63392	15.618	0.006999999999999999
2456450.81617	15.603	0.006999999999999999
2456451.5816099998	15.613	0.006999999999999999
2456451.76848	15.616	0.006999999999999999
2456452.5465	15.614	0.006999999999999999
2456452.76013	15.604000000000001	0.006999999999999999
2456454.55438	15.612	0.006999999999999999
2456454.74026	15.614	0.006999999999999999
2456454.9043	15.616	0.006999999999999999
2456455.80612	15.614	0.006999999999999999
2456456.69683	15.61	0.006999999999999999
2456456.90685	15.618	0.006999999999999999
2456457.8462099996	15.620999999999999	0.006999999999999999
2456458.62988	15.603	0.006999999999999999
2456458.81424	15.597000000000001	0.006999999999999999
2456459.58315	15.607000000000001	0.006999999999999999
2456459.7732599997	15.613	0.006999999999999999
2456460.59423	15.622	0.006999999999999999
2456460.89131	15.622	0.006999999999999999
2456461.70248	15.609000000000002	0.006999999999999999
2456462.59025	15.6	0.006999999999999999
2456462.86033	15.614	0.006999999999999999
2456463.63428	15.614	0.006999999999999999
2456463.8259	15.61	0.006999999999999999
2456464.64257	15.610999999999999	0.006999999999999999
2456464.8347	15.618	0.006999999999999999
2456468.6293200003	15.632	0.006999999999999999
2456469.5301599996	15.605	0.006999999999999999
2456469.71753	15.595	0.006999999999999999
2456471.63707	15.625	0.006999999999999999
2456472.6981099998	15.610999999999999	0.006999999999999999
2456473.64858	15.612	0.006999999999999999
2456473.833	15.606	0.006999999999999999
2456474.6003	15.615	0.006999999999999999
2456474.7859799997	15.618	0.006999999999999999
2456475.56028	15.616	0.006999999999999999
2456475.76195	15.6	0.006999999999999999
2456476.5288	15.602	0.006999999999999999
2456476.71749	15.612	0.006999999999999999
2456477.5222099996	15.615	0.006999999999999999
2456477.71057	15.613	0.006999999999999999
2456478.56011	15.62	0.006999999999999999
2456479.62228	15.612	0.006999999999999999
2456480.53359	15.604000000000001	0.006999999999999999
2456480.72028	15.614	0.006999999999999999
2456481.52852	15.620999999999999	0.006999999999999999
2456481.77273	15.620999999999999	0.006999999999999999
2456485.50028	15.609000000000002	0.006999999999999999
2456485.73217	15.604000000000001	0.006999999999999999
2456486.47389	15.620999999999999	0.006999999999999999
2456486.67385	15.610999999999999	0.006999999999999999
2456487.4720900003	15.607999999999999	0.006999999999999999
2456487.67631	15.605	0.006999999999999999
2456490.53825	15.617	0.006999999999999999
2456490.7252	15.616	0.006999999999999999
2456491.59005	15.61	0.006999999999999999
2456491.7894200003	15.625	0.006999999999999999
2456492.61393	15.615	0.006999999999999999
2456492.79471	15.612	0.008
2456496.78105	15.629000000000001	0.008
2456497.7297099996	15.612	0.006999999999999999
2456498.56015	15.607999999999999	0.006999999999999999
2456498.73771	15.613	0.006999999999999999
2456499.57216	15.62	0.006999999999999999
2456500.73421	15.617	0.006999999999999999
2456501.70984	15.617	0.006999999999999999
2456504.72565	15.613	0.006999999999999999
2456505.65288	15.61	0.006999999999999999
2456506.4887200003	15.620999999999999	0.008
2456506.7673299997	15.626	0.008
2456508.54278	15.616	0.006999999999999999
2456508.73605	15.614	0.006999999999999999
2456509.64138	15.62	0.006999999999999999
2456510.51692	15.610999999999999	0.006999999999999999
2456510.72757	15.614	0.006999999999999999
2456511.67246	15.612	0.006999999999999999
2456514.54145	15.626	0.006999999999999999
2456515.49462	15.614	0.006999999999999999
2456516.4821900004	15.618	0.006999999999999999
2456518.5175	15.604000000000001	0.006999999999999999
2456518.72599	15.624	0.006999999999999999
2456519.68585	15.618	0.006999999999999999
2456523.59366	15.610999999999999	0.006999999999999999
2456524.52255	15.597000000000001	0.006999999999999999
2456525.52532	15.613	0.006999999999999999
2456526.66702	15.612	0.006999999999999999
2456529.5989	15.615	0.006999999999999999
2456531.58439	15.618	0.006999999999999999
2456533.59604	15.607999999999999	0.006999999999999999
2456534.64026	15.619000000000002	0.006999999999999999
2456536.53382	15.613	0.006999999999999999
2456536.62169	15.613	0.006999999999999999
2456539.51977	15.614	0.006999999999999999
2456541.5156	15.620999999999999	0.006999999999999999
2456543.58645	15.607999999999999	0.006999999999999999
2456545.48484	15.615	0.006999999999999999
2456546.49481	15.616	0.008
2456551.48807	15.622	0.008
2456555.60103	15.605	0.006999999999999999
2456558.56843	15.609000000000002	0.006999999999999999
2456559.6206	15.626	0.006999999999999999
2456561.53221	15.62	0.006999999999999999
2456562.62164	15.618	0.006999999999999999
2456563.61832	15.614	0.006999999999999999
2456564.55338	15.618	0.006999999999999999
2456565.52484	15.606	0.006999999999999999
2456565.61512	15.618	0.006999999999999999
2456568.50214	15.618	0.008
2456568.5924299997	15.61	0.006999999999999999
2456569.55027	15.616	0.006999999999999999
2456570.52778	15.614	0.006999999999999999
2456571.53464	15.623	0.006999999999999999
2456572.4862	15.613	0.008
2456572.59545	15.617	0.006999999999999999
2456573.54563	15.602	0.006999999999999999
2456577.5271900003	15.613	0.008
2456578.50973	15.606	0.006999999999999999
2456579.57955	15.615	0.008
2456581.52096	15.597000000000001	0.006999999999999999
2456582.54189	15.612	0.006999999999999999
2456583.52911	15.612	0.008
2456584.5254900004	15.616	0.008
2456585.5287099998	15.603	0.008
2456590.52399	15.615	0.006999999999999999
2456590.55612	15.63	0.006999999999999999
2456593.49977	15.620999999999999	0.008
2456595.52179	15.607999999999999	0.008
2456599.50923	15.622	0.008
2456692.87799	15.605	0.006999999999999999
2456693.8700900003	15.610999999999999	0.006999999999999999
2456694.8714	15.618	0.006999999999999999
2456695.8815200003	15.620999999999999	0.006999999999999999
2456696.8745	15.614	0.006999999999999999
2456697.87098	15.62	0.006999999999999999
2456699.86283	15.607000000000001	0.006999999999999999
2456701.87428	15.613	0.006999999999999999
2456704.8517299998	15.615	0.006999999999999999
2456705.8939400003	15.626	0.006999999999999999
2456708.84274	15.613	0.006999999999999999
2456709.86313	15.605	0.006999999999999999
2456710.87938	15.612	0.006999999999999999
2456714.8601599997	15.606	0.006999999999999999
2456715.87853	15.610999999999999	0.006999999999999999
2456716.8703	15.626	0.006999999999999999
2456717.88275	15.623	0.006999999999999999
2456718.90279	15.618	0.006999999999999999
2456719.8925900003	15.617	0.006999999999999999
2456720.86933	15.615	0.006999999999999999
2456721.8482	15.615	0.006999999999999999
2456722.8299	15.607000000000001	0.006999999999999999
2456723.80086	15.620999999999999	0.006999999999999999
2456723.90313	15.618	0.006999999999999999
2456724.88267	15.615	0.006999999999999999
2456725.8596200002	15.618	0.006999999999999999
2456726.82224	15.623	0.006999999999999999
2456727.79423	15.613	0.006999999999999999
2456727.88988	15.613	0.006999999999999999
2456728.86227	15.607999999999999	0.006999999999999999
2456729.81463	15.605	0.006999999999999999
2456729.90881	15.609000000000002	0.006999999999999999
2456730.86445	15.61	0.006999999999999999
2456731.90851	15.627	0.006999999999999999
2456732.87121	15.629000000000001	0.006999999999999999
2456733.80967	15.622	0.006999999999999999
2456733.90002	15.609000000000002	0.006999999999999999
2456734.84284	15.607000000000001	0.006999999999999999
2456735.7685599998	15.620999999999999	0.006999999999999999
2456735.87982	15.616	0.006999999999999999
2456736.81304	15.615	0.006999999999999999
2456736.91512	15.607000000000001	0.006999999999999999
2456737.7760799997	15.61	0.006999999999999999
2456738.80463	15.609000000000002	0.006999999999999999
2456742.77842	15.614	0.006999999999999999
2456742.87007	15.612	0.006999999999999999
2456744.78682	15.612	0.006999999999999999
2456744.87945	15.623	0.006999999999999999
2456745.78579	15.613	0.006999999999999999
2456745.8741	15.607000000000001	0.006999999999999999
2456746.77759	15.607000000000001	0.006999999999999999
2456746.86766	15.62	0.006999999999999999
2456747.88283	15.61	0.006999999999999999
2456748.90264	15.605	0.006999999999999999
2456749.8972	15.615	0.006999999999999999
2456751.74042	15.607000000000001	0.006999999999999999
2456752.72492	15.617	0.006999999999999999
2456754.73534	15.613	0.006999999999999999
2456754.91255	15.626	0.006999999999999999
2456755.9281099997	15.61	0.006999999999999999
2456756.8890299997	15.614	0.006999999999999999
2456757.8464099998	15.610999999999999	0.006999999999999999
2456758.87366	15.613	0.006999999999999999
2456759.81592	15.609000000000002	0.006999999999999999
2456760.7642200002	15.607000000000001	0.006999999999999999
2456761.71006	15.610999999999999	0.006999999999999999
2456761.8806	15.617	0.006999999999999999
2456762.87836	15.603	0.006999999999999999
2456763.80244	15.600999999999999	0.006999999999999999
2456764.73371	15.612	0.006999999999999999
2456764.90801	15.607000000000001	0.006999999999999999
2456764.92261	15.606	0.006999999999999999
2456765.8410400003	15.616	0.006999999999999999
2456768.81011	15.609000000000002	0.006999999999999999
2456769.72104	15.613	0.006999999999999999
2456769.88613	15.607000000000001	0.006999999999999999
2456770.78683	15.605	0.006999999999999999
2456771.72002	15.614	0.006999999999999999
2456771.91539	15.614	0.006999999999999999
2456772.82835	15.605	0.006999999999999999
2456773.74951	15.623	0.008
2456773.9331400003	15.622	0.006999999999999999
2456774.83663	15.614	0.006999999999999999
2456775.82808	15.614	0.006999999999999999
2456776.7418	15.612	0.006999999999999999
2456777.7300400003	15.595999999999998	0.006999999999999999
2456777.94018	15.616	0.006999999999999999
2456784.83376	15.609000000000002	0.006999999999999999
2456785.81412	15.606	0.006999999999999999
2456786.84808	15.605	0.006999999999999999
2456787.74132	15.617	0.006999999999999999
2456788.8500099997	15.612	0.006999999999999999
2456789.76822	15.605	0.006999999999999999
2456790.63883	15.605	0.008
2456790.80495	15.602	0.006999999999999999
2456791.64585	15.614	0.008
2456791.81773	15.600999999999999	0.006999999999999999
2456792.64457	15.609000000000002	0.008
2456792.80597	15.602	0.006999999999999999
2456792.9391799998	15.612	0.008
2456796.75984	15.606	0.006999999999999999
2456796.92964	15.607999999999999	0.006999999999999999
2456797.79918	15.617	0.006999999999999999
2456798.77204	15.607000000000001	0.008
2456799.8603	15.613	0.008
2456803.7417599997	15.603	0.006999999999999999
2456803.90715	15.606	0.006999999999999999
2456804.6814099997	15.603	0.006999999999999999
2456804.86872	15.61	0.006999999999999999
2456805.67179	15.614	0.008
2456805.8585	15.607999999999999	0.006999999999999999
2456807.6241099997	15.619000000000002	0.008
2456807.81265	15.618	0.008
2456808.6002	15.61	0.008
2456808.79041	15.606	0.006999999999999999
2456808.94719	15.609000000000002	0.011000000000000001
2456809.76425	15.602	0.006999999999999999
2456810.5717599997	15.614	0.006999999999999999
2456810.76185	15.616	0.006999999999999999
2456810.93126	15.613	0.008
2456811.7178	15.610999999999999	0.006999999999999999
2456811.90476	15.607999999999999	0.008
2456813.78448	15.62	0.006999999999999999
2456814.6031	15.606	0.008
2456814.81422	15.610999999999999	0.006999999999999999
2456815.5984400003	15.615	0.008
2456815.80148	15.612	0.006999999999999999
2456816.62836	15.607000000000001	0.008
2456816.8454400003	15.616	0.006999999999999999
2456817.68633	15.607000000000001	0.006999999999999999
2456817.87427	15.609000000000002	0.008
2456818.85997	15.610999999999999	0.008
2456819.6713799997	15.615	0.008
2456819.83623	15.616	0.008
2456823.8446299997	15.615	0.006999999999999999
2456824.63118	15.610999999999999	0.008
2456824.82823	15.613	0.008
2456825.60924	15.616	0.006999999999999999
2456825.79617	15.61	0.006999999999999999
2456826.5608200002	15.616	0.006999999999999999
2456826.74698	15.614	0.006999999999999999
2456827.54622	15.618	0.006999999999999999
2456827.75583	15.620999999999999	0.006999999999999999
2456827.90424	15.616	0.008
2456828.6953	15.61	0.006999999999999999
2456828.88595	15.613	0.008
2456829.64557	15.616	0.006999999999999999
2456829.82007	15.619000000000002	0.006999999999999999
2456830.6138299997	15.612	0.006999999999999999
2456830.80054	15.614	0.006999999999999999
2456831.71616	15.610999999999999	0.006999999999999999
2456832.50649	15.61	0.006999999999999999
2456832.70291	15.620999999999999	0.006999999999999999
2456833.52832	15.625	0.008
2456833.7225599997	15.613	0.008
2456834.49917	15.613	0.008
2456834.67023	15.607000000000001	0.006999999999999999
2456834.84326	15.617	0.01
2456835.69037	15.618	0.008
2456835.84989	15.612	0.008
2456836.65289	15.612	0.006999999999999999
2456836.82681	15.613	0.008
2456837.61147	15.614	0.006999999999999999
2456837.79388	15.61	0.006999999999999999
2456838.5660599996	15.606	0.008
2456838.74987	15.617	0.006999999999999999
2456839.53288	15.606	0.006999999999999999
2456839.72182	15.629000000000001	0.008
2456840.5359400003	15.61	0.008
2456840.7272099997	15.617	0.006999999999999999
2456841.59523	15.607000000000001	0.006999999999999999
2456841.77849	15.615	0.008
2456842.58011	15.626	0.008
2456842.76334	15.610999999999999	0.008
2456844.5507	15.617	0.006999999999999999
2456844.73778	15.614	0.006999999999999999
2456845.48207	15.614	0.006999999999999999
2456845.65025	15.614	0.006999999999999999
2456845.82021	15.620999999999999	0.006999999999999999
2456847.58658	15.617	0.006999999999999999
2456847.7294099997	15.604000000000001	0.006999999999999999
2456848.74167	15.607999999999999	0.006999999999999999
2456850.5214299997	15.603	0.01
2456850.56261	15.623	0.01
2456850.59582	15.619000000000002	0.008
2456850.69428	15.603	0.01
2456850.7215400003	15.618	0.01
2456850.73735	15.614	0.01
2456850.74732	15.614	0.01
2456850.77255	15.624	0.01
2456850.79772	15.61	0.01
2456851.63208	15.623	0.01
2456851.80503	15.620999999999999	0.01
2456852.6337	15.622	0.008
2456852.81523	15.626	0.011000000000000001
2456853.6098	15.617	0.008
2456855.5942599997	15.614	0.006999999999999999
2456855.78243	15.626	0.006999999999999999
2456856.5765	15.612	0.006999999999999999
2456856.76222	15.614	0.006999999999999999
2456857.57521	15.613	0.006999999999999999
2456857.7688599997	15.628	0.006999999999999999
2456858.59967	15.61	0.006999999999999999
2456858.77496	15.613	0.006999999999999999
2456859.73887	15.624	0.008
2456862.6889	15.612	0.006999999999999999
2456863.53263	15.61	0.006999999999999999
2456863.72482	15.615	0.006999999999999999
2456864.5658	15.613	0.006999999999999999
2456864.75701	15.620999999999999	0.006999999999999999
2456866.7160099996	15.616	0.006999999999999999
2456866.7554900004	15.609000000000002	0.008
2456867.64488	15.623	0.006999999999999999
2456870.71006	15.607999999999999	0.006999999999999999
2456872.5326799997	15.607000000000001	0.008
2456873.49954	15.620999999999999	0.008
2456874.68051	15.625	0.008
2456879.66628	15.616	0.008
2456880.62299	15.619000000000002	0.008
2456881.53933	15.607999999999999	0.006999999999999999
2456882.4931900003	15.61	0.006999999999999999
2456882.6759	15.6	0.006999999999999999
2456883.58475	15.619000000000002	0.006999999999999999
2456885.57517	15.616	0.006999999999999999
2456886.47693	15.613	0.008
2456886.67069	15.552	0.006999999999999999
2456887.59425	15.617	0.006999999999999999
2456888.51743	15.610999999999999	0.006999999999999999
2456888.70528	15.620999999999999	0.008
2456889.65467	15.609000000000002	0.006999999999999999
2456890.59563	15.602	0.006999999999999999
2456891.53512	15.619000000000002	0.006999999999999999
2456891.70299	15.614	0.008
2456895.66378	15.617	0.006999999999999999
2456896.6269900003	15.625	0.008
2456907.48039	15.61	0.006999999999999999
2456907.64674	15.62	0.008
2456908.53026	15.61	0.008
2456909.48231	15.626	0.01
2456912.52104	15.625	0.006999999999999999
2456915.53608	15.62	0.006999999999999999
2456918.53386	15.61	0.008
2456919.57648	15.610999999999999	0.006999999999999999
2456922.5569700003	15.600999999999999	0.008
2456923.5848	15.604000000000001	0.01
2456924.61875	15.615	0.008
2456926.51658	15.602	0.008
2456927.57082	15.61	0.008
2456929.49353	15.605	0.008
2456930.54031	15.61	0.01
2456936.50602	15.605	0.006999999999999999
2456937.50518	15.613	0.008
2456938.50467	15.61	0.008
2456939.52815	15.607000000000001	0.008
2456940.55361	15.610999999999999	0.008
2456942.5232700002	15.620999999999999	0.006999999999999999
2456943.52888	15.61	0.008
2456947.4892599997	15.607000000000001	0.008
2456949.52924	15.602	0.008
2456951.55014	15.6	0.008
2456954.5334900003	15.620999999999999	0.008
2456956.5409	15.606	0.008
2457061.87586	15.620999999999999	0.006999999999999999
2457062.8730099997	15.624	0.006999999999999999
2457065.8558	15.607000000000001	0.006999999999999999
2457069.84575	15.617	0.008
2457070.8689900003	15.609000000000002	0.006999999999999999
2457071.88129	15.607999999999999	0.006999999999999999
2457072.88908	15.604000000000001	0.006999999999999999
2457075.89495	15.610999999999999	0.008
2457076.89656	15.604000000000001	0.006999999999999999
2457077.89263	15.602	0.006999999999999999
2457078.8837599996	15.610999999999999	0.006999999999999999
2457080.83207	15.609000000000002	0.006999999999999999
2457081.89282	15.603	0.006999999999999999
2457082.87334	15.617	0.006999999999999999
2457083.85315	15.604000000000001	0.006999999999999999
2457084.83335	15.616	0.006999999999999999
2457085.8130799998	15.605	0.006999999999999999
2457085.8961	15.597999999999999	0.006999999999999999
2457086.8742400003	15.606	0.006999999999999999
2457087.84174	15.604000000000001	0.006999999999999999
2457088.81018	15.607999999999999	0.006999999999999999
2457088.9012599997	15.620999999999999	0.006999999999999999
2457089.8667900003	15.600999999999999	0.006999999999999999
2457090.83384	15.603	0.006999999999999999
2457091.80435	15.609000000000002	0.006999999999999999
2457091.87617	15.610999999999999	0.006999999999999999
2457092.8239	15.6	0.006999999999999999
2457092.90204	15.615	0.006999999999999999
2457097.7998	15.612	0.006999999999999999
2457097.8879	15.605	0.006999999999999999
2457098.83801	15.61	0.006999999999999999
2457099.78746	15.618	0.006999999999999999
2457099.8945400002	15.604000000000001	0.006999999999999999
2457100.8281900003	15.619000000000002	0.006999999999999999
2457101.80705	15.604000000000001	0.006999999999999999
2457101.91659	15.604000000000001	0.008
2457102.8810799997	15.62	0.006999999999999999
2457108.84171	15.602	0.006999999999999999
2457109.79156	15.609000000000002	0.006999999999999999
2457109.89444	15.602	0.006999999999999999
2457110.80187	15.604000000000001	0.006999999999999999
2457110.91335	15.606	0.006999999999999999
2457111.8237799997	15.607000000000001	0.006999999999999999
2457112.75586	15.614	0.008
2457112.83929	15.614	0.006999999999999999
2457113.7677	15.609000000000002	0.006999999999999999
2457114.76359	15.602	0.006999999999999999
2457115.73622	15.615	0.006999999999999999
2457115.90535	15.607999999999999	0.006999999999999999
2457116.8790599997	15.607000000000001	0.006999999999999999
2457117.84382	15.603	0.006999999999999999
2457118.89585	15.603	0.006999999999999999
2457119.8922900003	15.614	0.006999999999999999
2457120.82757	15.607000000000001	0.006999999999999999
2457125.7667099996	15.61	0.006999999999999999
2457126.71538	15.609000000000002	0.006999999999999999
2457126.92693	15.61	0.006999999999999999
2457129.8583299997	15.604000000000001	0.006999999999999999
2457130.77594	15.616	0.006999999999999999
2457131.7042400003	15.612	0.006999999999999999
2457131.89073	15.617	0.006999999999999999
2457132.8084400003	15.600999999999999	0.006999999999999999
2457133.9301	15.605	0.008
2457134.82472	15.609000000000002	0.006999999999999999
2457135.74222	15.614	0.006999999999999999
2457135.9282299997	15.623	0.006999999999999999
2457136.83098	15.607999999999999	0.006999999999999999
2457137.7286900003	15.617	0.006999999999999999
2457137.91457	15.613	0.008
2457138.7884400003	15.606	0.006999999999999999
2457139.72662	15.607999999999999	0.006999999999999999
2457139.90822	15.603	0.006999999999999999
2457140.78468	15.617	0.006999999999999999
2457141.68829	15.607999999999999	0.006999999999999999
2457141.87481	15.607999999999999	0.006999999999999999
2457142.74332	15.615	0.006999999999999999
2457142.92781	15.614	0.006999999999999999
2457143.7999299997	15.613	0.006999999999999999
2457144.68665	15.615	0.008
2457145.69124	15.612	0.008
2457145.88941	15.609000000000002	0.006999999999999999
2457146.72833	15.605	0.006999999999999999
2457146.86982	15.607999999999999	0.006999999999999999
2457147.71056	15.607000000000001	0.006999999999999999
2457147.85244	15.618	0.006999999999999999
2457152.8489099997	15.604000000000001	0.006999999999999999
2457153.68653	15.614	0.006999999999999999
2457153.8509	15.603	0.006999999999999999
2457154.73045	15.615	0.006999999999999999
2457154.9196	15.597999999999999	0.006999999999999999
2457155.75696	15.61	0.006999999999999999
2457155.9424	15.603	0.008
2457156.80156	15.604000000000001	0.006999999999999999
2457157.8091	15.61	0.006999999999999999
2457158.68205	15.61	0.006999999999999999
2457158.86613	15.613	0.006999999999999999
2457159.68291	15.612	0.006999999999999999
2457159.86711	15.619000000000002	0.006999999999999999
2457160.70562	15.613	0.006999999999999999
2457160.8936900003	15.607000000000001	0.006999999999999999
2457161.73316	15.605	0.006999999999999999
2457161.91877	15.602	0.006999999999999999
2457162.73527	15.617	0.006999999999999999
2457162.92215	15.602	0.006999999999999999
2457163.74524	15.618	0.006999999999999999
2457163.92752	15.613	0.006999999999999999
2457164.85342	15.609000000000002	0.006999999999999999
2457166.68952	15.617	0.006999999999999999
2457166.87514	15.622	0.008
2457169.6186	15.607999999999999	0.006999999999999999
2457169.8036700003	15.613	0.006999999999999999
2457170.6060200003	15.613	0.006999999999999999
2457170.79353	15.61	0.006999999999999999
2457172.60837	15.616	0.008
2457172.79243	15.610999999999999	0.006999999999999999
2457173.5753200003	15.622	0.008
2457173.77827	15.605	0.006999999999999999
2457173.9404700003	15.607000000000001	0.006999999999999999
2457174.7114	15.618	0.006999999999999999
2457174.88579	15.607999999999999	0.006999999999999999
2457175.66672	15.610999999999999	0.006999999999999999
2457175.89046	15.612	0.008
2457176.83343	15.595999999999998	0.006999999999999999
2457176.9416099996	15.610999999999999	0.01
2457178.6965900003	15.616	0.006999999999999999
2457178.81176	15.607000000000001	0.006999999999999999
2457178.94544	15.607000000000001	0.008
2457179.70895	15.612	0.008
2457179.8791099996	15.615	0.006999999999999999
2457180.66021	15.607999999999999	0.006999999999999999
2457180.83557	15.600999999999999	0.006999999999999999
2457181.5981799997	15.604000000000001	0.006999999999999999
2457181.78852	15.614	0.006999999999999999
2457182.5581099996	15.616	0.006999999999999999
2457182.749	15.617	0.008
2457182.91452	15.61	0.006999999999999999
2457183.67115	15.602	0.006999999999999999
2457183.85865	15.607000000000001	0.006999999999999999
2457184.6627599997	15.619000000000002	0.006999999999999999
2457184.85	15.614	0.006999999999999999
2457185.62704	15.607000000000001	0.006999999999999999
2457185.80975	15.606	0.006999999999999999
2457186.6612	15.615	0.008
2457187.5531599997	15.615	0.008
2457187.73611	15.61	0.006999999999999999
2457187.90167	15.61	0.006999999999999999
2457188.68299	15.614	0.006999999999999999
2457189.55549	15.609000000000002	0.006999999999999999
2457189.74383	15.606	0.006999999999999999
2457189.91206	15.615	0.008
2457190.72766	15.607999999999999	0.006999999999999999
2457190.901	15.615	0.008
2457191.8245200003	15.63	0.006999999999999999
2457193.6292	15.612	0.006999999999999999
2457193.76812	15.605	0.006999999999999999
2457194.53805	15.61	0.006999999999999999
2457194.73308	15.610999999999999	0.006999999999999999
2457197.57202	15.607000000000001	0.006999999999999999
2457197.75804	15.607999999999999	0.006999999999999999
2457198.5545099997	15.62	0.006999999999999999
2457198.74032	15.609000000000002	0.006999999999999999
2457199.51662	15.61	0.006999999999999999
2457199.68897	15.607999999999999	0.006999999999999999
2457199.85995	15.606	0.006999999999999999
2457200.62883	15.613	0.006999999999999999
2457200.79937	15.600999999999999	0.006999999999999999
2457202.77563	15.618	0.008
2457206.5910400003	15.607999999999999	0.008
2457206.76478	15.612	0.008
2457207.5736700003	15.613	0.006999999999999999
2457207.73847	15.603	0.006999999999999999
2457209.66983	15.620999999999999	0.006999999999999999
2457209.82908	15.614	0.006999999999999999
2457211.6063	15.604000000000001	0.006999999999999999
2457211.79022	15.6	0.006999999999999999
2457214.56731	15.616	0.006999999999999999
2457214.76187	15.627	0.006999999999999999
2457217.77895	15.610999999999999	0.006999999999999999
2457219.63622	15.602	0.006999999999999999
2457220.52959	15.613	0.006999999999999999
2457220.7133299997	15.607000000000001	0.006999999999999999
2457221.51692	15.623	0.006999999999999999
2457221.6990099996	15.610999999999999	0.006999999999999999
2457222.47653	15.61	0.006999999999999999
2457222.69465	15.617	0.006999999999999999
2457223.53435	15.623	0.008
2457223.71507	15.616	0.006999999999999999
2457224.5599	15.617	0.006999999999999999
2457224.76185	15.610999999999999	0.008
2457225.58673	15.622	0.006999999999999999
2457226.61922	15.616	0.006999999999999999
2457226.78755	15.607999999999999	0.006999999999999999
2457227.57208	15.607999999999999	0.006999999999999999
2457227.7554200003	15.612	0.006999999999999999
2457228.57517	15.617	0.006999999999999999
2457228.76842	15.623	0.006999999999999999
2457229.60249	15.606	0.006999999999999999
2457229.76652	15.61	0.006999999999999999
2457235.543	15.618	0.008
2457236.47927	15.618	0.008
2457236.64382	15.610999999999999	0.006999999999999999
2457249.63863	15.612	0.006999999999999999
2457250.61944	15.607000000000001	0.006999999999999999
2457252.67338	15.626	0.006999999999999999
2457253.6054700003	15.613	0.006999999999999999
2457255.57296	15.618	0.006999999999999999
2457256.58109	15.612	0.008
2457257.64324	15.610999999999999	0.006999999999999999
2457258.48502	15.609000000000002	0.006999999999999999
2457258.50905	15.603	0.006999999999999999
2457258.58949	15.619000000000002	0.008
2457258.65806	15.61	0.008
2457261.60336	15.605	0.008
2457263.56132	15.614	0.006999999999999999
2457264.5065599997	15.622	0.006999999999999999
2457264.6952	15.613	0.006999999999999999
2457265.6461400003	15.614	0.006999999999999999
2457267.5949	15.607000000000001	0.006999999999999999
2457268.6099799997	15.619000000000002	0.006999999999999999
2457269.57325	15.612	0.006999999999999999
2457270.52632	15.612	0.006999999999999999
2457270.7001900002	15.618	0.006999999999999999
2457272.51772	15.61	0.008
2457273.63697	15.62	0.006999999999999999
2457275.63933	15.618	0.008
2457277.62502	15.619000000000002	0.008
2457278.6139	15.614	0.006999999999999999
2457283.59382	15.604000000000001	0.008
2457291.53351	15.628	0.008
2457292.56177	15.63	0.01
2457293.52314	15.606	0.006999999999999999
2457294.53412	15.600999999999999	0.008
2457295.50827	15.618	0.008
2457296.5739	15.62	0.008
2457299.5473	15.606	0.008
2457300.55077	15.610999999999999	0.008
2457311.49168	15.607999999999999	0.006999999999999999
2457312.51386	15.615	0.008
2457317.51412	15.61	0.008
2457320.51549	15.624	0.01
2457324.5287599997	15.627	0.01
2457329.51075	15.623	0.008
2457333.50619	15.615	0.01
2457435.8804599997	15.615	0.006999999999999999
2457437.84227	15.62	0.006999999999999999
2457438.85574	15.616	0.006999999999999999
2457439.87928	15.604000000000001	0.006999999999999999
2457441.83697	15.610999999999999	0.006999999999999999
2457442.8475	15.603	0.006999999999999999
2457445.83022	15.606	0.006999999999999999
2457446.83555	15.619000000000002	0.006999999999999999
2457447.83628	15.612	0.006999999999999999
2457448.83844	15.605	0.006999999999999999
2457449.86939	15.61	0.008
2457451.8229099996	15.614	0.006999999999999999
2457451.87591	15.610999999999999	0.006999999999999999
2457452.80193	15.607000000000001	0.006999999999999999
2457453.80428	15.606	0.006999999999999999
2457454.8764	15.617	0.006999999999999999
2457455.87972	15.614	0.006999999999999999
2457456.8956	15.62	0.006999999999999999
2457457.89187	15.620999999999999	0.006999999999999999
2457458.88597	15.610999999999999	0.006999999999999999
2457460.88779	15.612	0.006999999999999999
2457461.8947400004	15.617	0.006999999999999999
2457462.87677	15.615	0.006999999999999999
2457463.90788	15.62	0.006999999999999999
2457465.83168	15.614	0.006999999999999999
2457466.89239	15.618	0.006999999999999999
2457467.89505	15.615	0.006999999999999999
2457470.85096	15.607000000000001	0.008
2457471.81502	15.619000000000002	0.006999999999999999
2457472.76605	15.607999999999999	0.008
2457472.89703	15.607999999999999	0.006999999999999999
2457474.77232	15.612	0.006999999999999999
2457474.87518	15.614	0.006999999999999999
2457475.80416	15.612	0.008
2457475.90881	15.604000000000001	0.006999999999999999
2457476.7680900004	15.61	0.006999999999999999
2457476.8473400003	15.609000000000002	0.006999999999999999
2457484.8864	15.604000000000001	0.006999999999999999
2457486.8100099997	15.617	0.008
2457487.9201700003	15.612	0.006999999999999999
2457491.71813	15.622	0.006999999999999999
2457492.76599	15.606	0.006999999999999999
2457493.75374	15.609000000000002	0.006999999999999999
2457494.74639	15.619000000000002	0.006999999999999999
2457495.72054	15.612	0.006999999999999999
2457497.86414	15.615	0.006999999999999999
2457498.8738700002	15.607000000000001	0.006999999999999999
2457499.82713	15.613	0.006999999999999999
2457500.76829	15.605	0.008
2457507.8027	15.613	0.006999999999999999
2457508.85296	15.606	0.006999999999999999
2457511.70053	15.607000000000001	0.006999999999999999
2457512.903	15.620999999999999	0.006999999999999999
2457523.8552200003	15.613	0.006999999999999999
2457526.8687299998	15.610999999999999	0.006999999999999999
2457530.72309	15.597000000000001	0.008
2457534.85879	15.599	0.006999999999999999
2457536.85493	15.617	0.006999999999999999
2457546.7060599998	15.612	0.006999999999999999
2457547.63216	15.618	0.006999999999999999
2457548.7812	15.613	0.006999999999999999
2457549.89599	15.610999999999999	0.006999999999999999
2457550.87491	15.617	0.008
2457555.61549	15.6	0.006999999999999999
2457557.5553099997	15.616	0.008
2457557.91622	15.620999999999999	0.008
2457566.5659	15.625	0.006999999999999999
2457567.5087900003	15.61	0.008
2457567.82933	15.613	0.006999999999999999
2457568.8511900003	15.614	0.008
2457570.64869	15.616	0.006999999999999999
2457570.8355	15.619000000000002	0.006999999999999999
2457573.72512	15.616	0.008
2457575.66365	15.610999999999999	0.006999999999999999
2457575.8070900002	15.609000000000002	0.006999999999999999
2457576.6116	15.619000000000002	0.006999999999999999
2457576.76534	15.61	0.006999999999999999
2457577.5919	15.607999999999999	0.006999999999999999
2457581.7121599996	15.600999999999999	0.006999999999999999
2457583.74629	15.609000000000002	0.006999999999999999
2457584.5935299997	15.610999999999999	0.006999999999999999
2457584.7360799997	15.597999999999999	0.006999999999999999
2457589.54746	15.610999999999999	0.008
2457589.70111	15.607000000000001	0.006999999999999999
2457590.50036	15.612	0.006999999999999999
2457590.6480099997	15.604000000000001	0.006999999999999999
2457591.5098900003	15.616	0.006999999999999999
2457593.5825900002	15.593	0.006999999999999999
2457593.7291900003	15.620999999999999	0.006999999999999999
2457596.48809	15.602	0.006999999999999999
2457599.5551400003	15.6	0.008
2457599.7746200003	15.61	0.006999999999999999
2457600.6813	15.61	0.006999999999999999
2457602.48819	15.607999999999999	0.006999999999999999
2457602.65526	15.614	0.006999999999999999
2457603.47591	15.616	0.006999999999999999
2457603.63352	15.609000000000002	0.006999999999999999
2457603.7733299998	15.6	0.006999999999999999
2457604.60171	15.604000000000001	0.006999999999999999
2457604.74151	15.607999999999999	0.006999999999999999
2457605.60648	15.609000000000002	0.006999999999999999
2457605.7442400004	15.609000000000002	0.006999999999999999
2457607.49072	15.610999999999999	0.006999999999999999
2457607.67507	15.605	0.006999999999999999
2457608.58977	15.61	0.006999999999999999
2457608.75477	15.606	0.008
2457609.63336	15.626	0.006999999999999999
2457610.47676	15.605	0.008
2457610.66603	15.6	0.006999999999999999
2457611.66689	15.612	0.006999999999999999
2457612.59075	15.61	0.006999999999999999
2457612.72907	15.603	0.006999999999999999
2457616.6121	15.6	0.006999999999999999
2457617.56257	15.607000000000001	0.008
2457617.72298	15.613	0.01
2457618.61293	15.604000000000001	0.006999999999999999
2457619.54429	15.607000000000001	0.008
2457621.62384	15.613	0.006999999999999999
2457622.56275	15.605	0.006999999999999999
2457623.47655	15.600999999999999	0.008
2457623.6609	15.612	0.006999999999999999
2457624.6082099997	15.606	0.006999999999999999
2457625.5838099997	15.61	0.006999999999999999
2457626.5460599996	15.61	0.006999999999999999
2457630.55018	15.599	0.006999999999999999
2457631.52731	15.606	0.006999999999999999
2457632.50142	15.607999999999999	0.006999999999999999
2457633.5537099997	15.612	0.008
2457634.5606	15.61	0.006999999999999999
2457636.51503	15.613	0.006999999999999999
2457637.5090799998	15.609000000000002	0.008
2457638.50877	15.618	0.006999999999999999
2457639.5775200003	15.613	0.006999999999999999
2457644.50595	15.610999999999999	0.01
2457645.53475	15.607999999999999	0.008
2457648.51707	15.605	0.008
2457649.5413599997	15.619000000000002	0.006999999999999999
2457650.58929	15.609000000000002	0.006999999999999999
2457652.4829700002	15.610999999999999	0.006999999999999999
2457653.55841	15.610999999999999	0.006999999999999999
2457655.5563	15.607000000000001	0.006999999999999999
2457656.59828	15.606	0.008
2457659.5888099996	15.627	0.006999999999999999
2457661.53303	15.606	0.006999999999999999
2457664.4861	15.600999999999999	0.008
2457667.5675	15.603	0.006999999999999999
2457675.52233	15.604000000000001	0.008
2457682.51914	15.612	0.006999999999999999
2457790.88129	15.565	0.006999999999999999
2457791.87637	15.565999999999999	0.006999999999999999
2457792.87335	15.575	0.008
2457793.87004	15.565999999999999	0.006999999999999999
2457794.87722	15.572000000000001	0.01
2457795.88296	15.561	0.008
2457796.8706799997	15.565	0.006999999999999999
2457798.8771	15.552999999999999	0.006999999999999999
2457800.86838	15.559000000000001	0.006999999999999999
2457802.84829	15.552999999999999	0.008
2457803.8889200003	15.547	0.008
2457807.87509	15.525	0.006999999999999999
2457809.84026	15.523	0.006999999999999999
2457810.83681	15.53	0.006999999999999999
2457811.85596	15.517000000000001	0.006999999999999999
2457812.88703	15.523	0.006999999999999999
2457814.85646	15.503	0.006999999999999999
2457815.8848900003	15.511	0.006999999999999999
2457816.87481	15.505	0.006999999999999999
2457817.8713599998	15.491	0.006
2457818.85759	15.487	0.006
2457819.83742	15.485999999999999	0.006999999999999999
2457820.84615	15.485999999999999	0.006999999999999999
2457821.8448799998	15.477	0.006999999999999999
2457822.84065	15.477	0.006999999999999999
2457823.82615	15.466	0.006999999999999999
2457824.8206599997	15.457	0.008
2457825.81369	15.456	0.006999999999999999
2457825.90286	15.449000000000002	0.006999999999999999
2457826.86174	15.452	0.006999999999999999
2457827.8371599996	15.433	0.006999999999999999
2457828.80631	15.432	0.006999999999999999
2457828.8956400002	15.425999999999998	0.006999999999999999
2457830.80347	15.415	0.006999999999999999
2457830.88258	15.41	0.006999999999999999
2457834.8678900003	15.367	0.006999999999999999
2457835.83515	15.366	0.006999999999999999
2457836.78593	15.368	0.006999999999999999
2457836.89927	15.364	0.006999999999999999
2457837.83248	15.347000000000001	0.006
2457838.77096	15.332	0.006999999999999999
2457838.8889099997	15.331	0.006
2457839.83674	15.323	0.006
2457840.7625700003	15.308	0.006999999999999999
2457840.8805	15.305	0.006
2457841.82102	15.288	0.006999999999999999
2457842.7376900003	15.280999999999999	0.006999999999999999
2457842.84577	15.277000000000001	0.006999999999999999
2457843.7696599998	15.264000000000001	0.006
2457843.8876099996	15.263	0.006
2457844.8062	15.245999999999999	0.006
2457844.91647	15.241	0.006999999999999999
2457845.83044	15.232000000000001	0.006
2457846.76119	15.213	0.005
2457846.8686900004	15.216	0.005
2457847.7716200002	15.206	0.005
2457847.88784	15.199000000000002	0.005
2457848.78534	15.187000000000001	0.005
2457848.90533	15.181	0.005
2457849.7985400003	15.164000000000001	0.005
2457849.91904	15.174000000000001	0.005
2457850.81072	15.152999999999999	0.005
2457851.72487	15.134	0.006999999999999999
2457851.8284299998	15.127	0.005
2457852.82454	15.103	0.006999999999999999
2457853.8952	15.087	0.005
2457854.75142	15.065	0.005
2457854.87132	15.073	0.005
2457855.7815900003	15.049000000000001	0.005
2457855.90403	15.046	0.005
2457856.79202	15.029000000000002	0.005
2457856.91462	15.030999999999999	0.006999999999999999
2457858.86076	14.975999999999999	0.005
2457862.7508	14.91	0.005
2457862.862	14.902000000000001	0.005
2457863.8155	14.887	0.005
2457864.78933	14.885	0.005
2457864.92403	14.875	0.005
2457865.7678	14.854000000000001	0.005
2457865.90787	14.857999999999999	0.005
2457866.76456	14.841	0.005
2457866.89759	14.855	0.005
2457867.76821	14.838	0.005
2457867.89977	14.832	0.005
2457868.83819	14.828	0.005
2457869.71564	14.81	0.005
2457869.83369	14.821	0.005
2457870.7263700003	14.817	0.005
2457870.8563200003	14.822000000000001	0.005
2457871.7409099997	14.815999999999999	0.005
2457871.88132	14.82	0.005
2457872.74087	14.812000000000001	0.005
2457872.88749	14.822000000000001	0.005
2457873.72049	14.821	0.005
2457873.8414	14.818	0.005
2457874.68058	14.81	0.005
2457874.80801	14.815999999999999	0.005
2457874.92082	14.811	0.005
2457875.88809	14.827	0.005
2457876.69243	14.828	0.005
2457876.8151700003	14.837	0.005
2457877.65446	14.844000000000001	0.005
2457877.78236	14.844000000000001	0.005
2457877.92543	14.854000000000001	0.005
2457878.81321	14.869000000000002	0.005
2457878.93536	14.87	0.005
2457879.75937	14.880999999999998	0.005
2457880.68082	14.888	0.005
2457880.7905	14.886	0.005
2457881.74715	14.91	0.005
2457881.87085	14.917	0.005
2457882.74537	14.934000000000001	0.005
2457882.87662	14.946	0.005
2457889.91963	15.094000000000001	0.006999999999999999
2457890.78007	15.095	0.005
2457893.63421	15.155	0.006999999999999999
2457893.7378599998	15.149000000000001	0.005
2457893.86805	15.157	0.005
2457894.61918	15.169	0.006999999999999999
2457894.7305799997	15.172	0.005
2457894.85021	15.169	0.005
2457895.6066	15.185	0.005
2457897.6551599996	15.220999999999998	0.005
2457897.8243299997	15.23	0.006
2457900.94053	15.282	0.006999999999999999
2457901.7064799997	15.288	0.006
2457902.58482	15.292	0.006999999999999999
2457902.6901700003	15.298	0.006
2457902.82139	15.312000000000001	0.006999999999999999
2457903.7557900003	15.321	0.006999999999999999
2457903.86767	15.317	0.006999999999999999
2457904.61021	15.329	0.006999999999999999
2457904.72463	15.334000000000001	0.006
2457904.84744	15.333	0.006
2457905.57521	15.34	0.006999999999999999
2457905.69345	15.341	0.006
2457905.81409	15.34	0.006
2457905.93346	15.35	0.006999999999999999
2457906.63209	15.356	0.006
2457906.76358	15.352	0.006
2457906.87406	15.345999999999998	0.006
2457907.64747	15.359000000000002	0.006
2457907.7428099997	15.379000000000001	0.006
2457908.58861	15.368	0.006999999999999999
2457908.70546	15.372	0.006
2457908.82664	15.383	0.006
2457908.92815	15.378	0.006999999999999999
2457909.6288	15.389000000000001	0.006999999999999999
2457909.74937	15.392000000000001	0.006
2457909.85155	15.385	0.006
2457909.94255	15.388	0.006999999999999999
2457910.644	15.390999999999998	0.006999999999999999
2457910.77674	15.389000000000001	0.006
2457910.89414	15.395	0.006999999999999999
2457911.61105	15.4	0.008
2457911.7187	15.41	0.008
2457916.76682	15.439	0.006999999999999999
2457917.5921400003	15.459000000000001	0.008
2457917.70667	15.45	0.006999999999999999
2457917.81867	15.458	0.006999999999999999
2457917.92318	15.464	0.01
2457922.69015	15.484000000000002	0.006999999999999999
2457923.57242	15.485999999999999	0.006999999999999999
2457923.70878	15.488	0.006999999999999999
2457923.81886	15.491	0.006999999999999999
2457923.9013400003	15.487	0.006999999999999999
2457924.60224	15.495999999999999	0.006999999999999999
2457924.72823	15.501	0.006
2457924.83658	15.495999999999999	0.006999999999999999
2457925.62603	15.507	0.006
2457925.7623	15.492	0.006999999999999999
2457925.88308	15.501	0.006999999999999999
2457926.65178	15.508	0.006999999999999999
2457926.79709	15.512	0.006999999999999999
2457928.64147	15.514000000000001	0.006999999999999999
2457932.6814900003	15.527000000000001	0.006999999999999999
2457932.80329	15.527000000000001	0.006999999999999999
2457933.6617099997	15.522	0.008
2457933.7936299997	15.537	0.008
2457933.8392	15.532	0.008
2457933.85315	15.542	0.008
2457934.5954	15.537	0.006999999999999999
2457934.71748	15.537	0.006999999999999999
2457934.8261	15.535	0.006999999999999999
2457935.56623	15.537	0.006999999999999999
2457935.69792	15.530999999999999	0.006999999999999999
2457935.8073	15.53	0.006999999999999999
2457935.88627	15.548	0.006999999999999999
2457936.55837	15.537	0.006999999999999999
2457936.6854	15.546	0.006999999999999999
2457936.81505	15.544	0.006999999999999999
2457937.5001	15.539000000000001	0.006999999999999999
2457937.6113400003	15.540999999999999	0.006999999999999999
2457937.7332	15.54	0.006999999999999999
2457938.52362	15.547	0.008
2457938.6397	15.537	0.008
2457944.49701	15.555	0.006999999999999999
2457944.54761	15.562000000000001	0.006999999999999999
2457944.58919	15.562999999999999	0.006999999999999999
2457944.7002	15.565	0.006999999999999999
2457944.7579099997	15.552	0.008
2457944.8006599997	15.550999999999998	0.008
2457944.8405299997	15.562999999999999	0.01
2457945.5323799998	15.568	0.006999999999999999
2457945.64241	15.561	0.006999999999999999
2457945.75453	15.561	0.006999999999999999
2457946.47469	15.562000000000001	0.006999999999999999
2457946.5866900003	15.562999999999999	0.006999999999999999
2457946.71558	15.57	0.006999999999999999
2457946.82768	15.559000000000001	0.008
2457947.57007	15.565	0.006999999999999999
2457947.73147	15.575	0.008
2457948.47216	15.561	0.008
2457948.59081	15.564	0.006999999999999999
2457948.70545	15.56	0.006999999999999999
2457948.83616	15.558	0.008
2457949.63673	15.572000000000001	0.006999999999999999
2457949.75779	15.57	0.006999999999999999
2457952.78313	15.571	0.008
2457953.54152	15.565	0.006999999999999999
2457953.68346	15.571	0.006999999999999999
2457953.80032	15.575	0.006999999999999999
2457954.5587299997	15.572000000000001	0.006999999999999999
2457954.70405	15.579	0.006999999999999999
2457955.76423	15.575	0.006999999999999999
2457956.54784	15.58	0.006999999999999999
2457956.68748	15.585	0.006999999999999999
2457956.80393	15.585	0.006999999999999999
2457957.72713	15.589	0.006999999999999999
2457958.62935	15.581	0.006999999999999999
2457958.73564	15.574000000000002	0.006999999999999999
2457959.49144	15.582	0.006999999999999999
2457959.59937	15.585999999999999	0.006999999999999999
2457959.71581	15.585	0.006999999999999999
2457959.80968	15.589	0.006999999999999999
2457960.59989	15.585	0.006999999999999999
2457960.72151	15.59	0.006999999999999999
2457961.54772	15.587	0.006999999999999999
2457961.64895	15.585999999999999	0.006999999999999999
2457962.4879099997	15.585	0.006999999999999999
2457962.6623400003	15.581	0.006999999999999999
2457964.55057	15.587	0.006999999999999999
2457964.6600200003	15.584000000000001	0.006999999999999999
2457965.64236	15.585999999999999	0.006999999999999999
2457966.49827	15.595	0.008
2457966.60134	15.59	0.006999999999999999
2457966.71301	15.6	0.008
2457967.6334	15.589	0.008
2457967.72325	15.583	0.008
2457971.4879799997	15.59	0.008
2457971.54077	15.59	0.008
2457971.58372	15.582	0.006999999999999999
2457971.6289	15.585	0.006999999999999999
2457971.66758	15.582	0.008
2457971.71991	15.588	0.008
2457972.5026	15.587	0.01
2457972.54895	15.592	0.01
2457972.5918400004	15.582	0.008
2457972.64583	15.582	0.008
2457972.69858	15.582	0.008
2457972.74461	15.592	0.01
2457973.6195	15.587	0.006999999999999999
2457974.4766599997	15.589	0.008
2457974.5978	15.606	0.006999999999999999
2457974.71344	15.592	0.008
2457975.6597	15.599	0.008
2457979.5957299997	15.585999999999999	0.006999999999999999
2457980.519	15.593	0.008
2457980.6446	15.585	0.008
2457981.58543	15.595999999999998	0.006999999999999999
2457982.4770299997	15.595	0.008
2457982.60729	15.592	0.006999999999999999
2457983.53251	15.597999999999999	0.008
2457983.64238	15.6	0.006999999999999999
2457984.55987	15.597999999999999	0.008
2457984.67023	15.597000000000001	0.006999999999999999
2457985.60611	15.587	0.008
2457986.5833	15.597000000000001	0.006999999999999999
2457987.49422	15.595999999999998	0.006999999999999999
2457987.63251	15.591	0.006999999999999999
2457990.56236	15.600999999999999	0.006999999999999999
2457991.4802200003	15.592	0.006999999999999999
2457991.61412	15.595999999999998	0.008
2457992.5302	15.594000000000001	0.006999999999999999
2457992.64704	15.600999999999999	0.006999999999999999
2457993.57684	15.588	0.006999999999999999
2457994.51072	15.606	0.006999999999999999
2457994.6228400003	15.600999999999999	0.006999999999999999
2457998.5093799997	15.589	0.01
2457998.54937	15.595999999999998	0.006999999999999999
2457998.60044	15.606	0.01
2458000.47977	15.599	0.008
2458000.5217	15.609000000000002	0.008
2458000.57533	15.603	0.01
2458000.62175	15.597999999999999	0.008
2458001.54553	15.602	0.006999999999999999
2458002.51588	15.605	0.01
2458003.53625	15.594000000000001	0.01
2458004.54777	15.602	0.008
2458005.59532	15.597999999999999	0.01
2458008.52044	15.605	0.008
2458010.55072	15.603	0.006999999999999999
2458012.4853	15.602	0.006999999999999999
2458013.48917	15.607000000000001	0.006999999999999999
2458014.49874	15.610999999999999	0.008
2458015.49638	15.594000000000001	0.008
2458016.51416	15.600999999999999	0.008
2458017.5394200003	15.602	0.006999999999999999
2458018.56488	15.595	0.006999999999999999
2458020.51406	15.610999999999999	0.008
2458021.55823	15.607000000000001	0.006999999999999999
2458026.50157	15.607000000000001	0.008
2458026.5543	15.604000000000001	0.006999999999999999
2458029.5630200002	15.600999999999999	0.006999999999999999
2458032.53452	15.622	0.008
2458035.54921	15.602	0.008
2458039.51778	15.603	0.008
2458040.56409	15.597999999999999	0.008
2458048.50238	15.602	0.006999999999999999
2458054.50833	15.614	0.008
