2455377.8160900003	16.491	0.012
2455378.74021	16.496	0.01
2455379.54918	16.489	0.012
2455379.847	16.485	0.015
2455380.54488	16.487000000000002	0.012
2455380.73928	16.500999999999998	0.012
2455381.59038	16.491	0.015
2455381.81346	16.500999999999998	0.015
2455382.68323	16.5	0.012
2455384.7906400003	16.512	0.015
2455386.61086	16.493	0.012
2455387.4804	16.491	0.012
2455387.55142	16.488	0.01
2455387.61623	16.485	0.01
2455387.62407	16.48	0.01
2455387.652	16.477999999999998	0.009000000000000001
2455387.69048	16.502	0.01
2455388.50866	16.486	0.012
2455389.47059	16.489	0.018000000000000002
2455389.79966	16.489	0.013000000000000001
2455390.73682	16.476	0.012
2455391.5838099997	16.482	0.012
2455392.52152	16.482	0.012
2455393.62896	16.492	0.015
2455393.82801	16.49	0.015
2455396.81108	16.523	0.017
2455403.55888	16.484	0.012
2455403.7554599997	16.482	0.013000000000000001
2455404.62879	16.483	0.012
2455405.6450799997	16.499000000000002	0.015
2455407.49959	16.494	0.013000000000000001
2455407.69379	16.507	0.015
2455408.62274	16.518	0.013000000000000001
2455409.48506	16.486	0.012
2455410.4892599997	16.485	0.013000000000000001
2455411.5038799997	16.506	0.012
2455412.55447	16.479	0.013000000000000001
2455413.4961	16.505	0.012
2455414.51427	16.495	0.01
2455416.6891799998	16.483	0.013000000000000001
2455421.5231	16.488	0.012
2455422.5062599997	16.5	0.013000000000000001
2455423.63469	16.491	0.013000000000000001
2455426.69719	16.506	0.015
2455430.65471	16.496	0.015
2455431.65177	16.467	0.015
2455433.54168	16.484	0.015
2455434.62451	16.491	0.012
2455435.62151	16.492	0.013000000000000001
2455437.48983	16.491	0.01
2455438.68136	16.477999999999998	0.012
2455443.50171	16.503	0.013000000000000001
2455444.5085400003	16.491	0.012
2455445.58113	16.503	0.012
2455446.6179299997	16.492	0.012
2455448.4804599998	16.506	0.013000000000000001
2455449.5506700003	16.497	0.012
2455450.64853	16.502	0.013000000000000001
2455457.47853	16.489	0.013000000000000001
2455458.52735	16.508	0.018000000000000002
2455459.56765	16.500999999999998	0.013000000000000001
2455460.5808599996	16.505	0.02
2455461.60848	16.494	0.015
2455463.53188	16.495	0.012
2455464.52376	16.485	0.013000000000000001
2455467.5075	16.492	0.012
2455470.54655	16.507	0.013000000000000001
2455472.51995	16.473	0.015
2455473.58654	16.471	0.013000000000000001
2455479.5134099997	16.484	0.013000000000000001
2455481.50673	16.473	0.017
2455486.52578	16.487000000000002	0.015
2455488.51034	16.498	0.013000000000000001
2455490.5219799997	16.467	0.018000000000000002
2455495.50079	16.487000000000002	0.012
2455499.52881	16.502	0.017
2455621.87459	16.507	0.012
2455624.90799	16.507	0.018000000000000002
2455625.84743	16.502	0.012
2455627.85469	16.483	0.01
2455628.89091	16.499000000000002	0.01
2455630.85597	16.49	0.012
2455632.84605	16.485	0.012
2455634.82842	16.487000000000002	0.013000000000000001
2455635.89396	16.480999999999998	0.012
2455638.80566	16.494	0.013000000000000001
2455639.85975	16.497	0.012
2455641.80127	16.515	0.013000000000000001
2455643.81385	16.488	0.012
2455648.84424	16.5	0.01
2455650.7634099997	16.483	0.01
2455652.75121	16.482	0.012
2455654.85973	16.486	0.01
2455656.83424	16.486	0.01
2455658.81701	16.497	0.012
2455659.8814	16.496	0.01
2455662.7856400004	16.499000000000002	0.012
2455664.87854	16.495	0.015
2455667.84257	16.5	0.01
2455670.7258200003	16.484	0.013000000000000001
2455675.89883	16.487000000000002	0.012
2455677.8424	16.49	0.012
2455680.73922	16.502	0.012
2455681.9161400003	16.496	0.012
2455683.89401	16.486	0.01
2455685.8772400003	16.500999999999998	0.01
2455687.7828	16.494	0.01
2455690.79642	16.496	0.01
2455692.71068	16.491	0.012
2455693.82032	16.482	0.01
2455694.90391	16.509	0.012
2455696.6979400003	16.489	0.012
2455697.79487	16.5	0.012
2455698.8706	16.489	0.013000000000000001
2455705.94022	16.492	0.018000000000000002
2455707.83237	16.500999999999998	0.012
2455709.58739	16.522000000000002	0.012
2455713.76186	16.5	0.009000000000000001
2455715.80787	16.500999999999998	0.01
2455721.65367	16.506	0.012
2455722.83568	16.5	0.012
2455724.6521400004	16.512999999999998	0.013000000000000001
2455726.58177	16.519000000000002	0.015
2455735.75996	16.492	0.01
2455736.85297	16.49	0.012
2455737.89628	16.517	0.013000000000000001
2455739.73104	16.480999999999998	0.01
2455740.81323	16.495	0.013000000000000001
2455741.8514799997	16.512	0.012
2455742.86314	16.498	0.012
2455744.5794	16.504	0.013000000000000001
2455745.66752	16.492	0.01
2455746.84527	16.514	0.015
2455749.59309	16.494	0.012
2455752.7521900004	16.500999999999998	0.012
2455759.84486	16.473	0.017
2455761.5389	16.47	0.006999999999999999
2455762.66175	16.489	0.012
2455763.80198	16.493	0.015
2455765.60574	16.487000000000002	0.01
2455766.7277900004	16.514	0.013000000000000001
2455768.55533	16.486	0.01
2455769.6963	16.495	0.012
2455776.72661	16.500999999999998	0.013000000000000001
2455779.6167099997	16.484	0.01
2455785.70163	16.515	0.015
2455787.6655200003	16.496	0.012
2455790.57766	16.531	0.013000000000000001
2455793.6799	16.500999999999998	0.012
2455796.48203	16.5	0.012
2455801.6809	16.516	0.015
2455805.54878	16.49	0.01
2455812.5816900004	16.508	0.017
2455815.62071	16.482	0.01
2455818.52365	16.488	0.012
2455820.59855	16.469	0.013000000000000001
2455823.53584	16.489	0.015
2455824.54518	16.487000000000002	0.012
2455825.54212	16.492	0.012
2455826.5260099997	16.509	0.013000000000000001
2455828.48861	16.489	0.012
2455829.61412	16.507	0.012
2455831.62155	16.496	0.015
2455834.51643	16.475	0.01
2455839.50678	16.51	0.021
2455841.5041099996	16.489	0.015
2455843.49137	16.498	0.015
2455845.50655	16.5	0.013000000000000001
2455850.5597200003	16.51	0.012
2455854.5139599997	16.48	0.015
2455859.51418	16.482	0.013000000000000001
2455978.88222	16.526	0.012
2455983.8977200002	16.496	0.012
2455986.89477	16.483	0.012
2455989.87432	16.487000000000002	0.012
2455992.8130200002	16.494	0.013000000000000001
2455994.88579	16.487000000000002	0.012
2455996.8887	16.499000000000002	0.01
2455998.9019400002	16.491	0.01
2456004.80215	16.504	0.013000000000000001
2456006.79558	16.497	0.01
2456007.91722	16.472	0.012
2456009.86225	16.498	0.01
2456011.7696700003	16.49	0.012
2456012.9106400004	16.499000000000002	0.009000000000000001
2456014.8440400003	16.480999999999998	0.01
2456016.74243	16.472	0.01
2456017.83535	16.483	0.009000000000000001
2456019.75032	16.491	0.013000000000000001
2456020.82533	16.492	0.01
2456021.88815	16.486	0.01
2456023.72148	16.472	0.012
2456024.7067299997	16.502	0.017
2456025.7713900004	16.517	0.013000000000000001
2456032.69914	16.498	0.015
2456033.91295	16.492	0.012
2456036.88196	16.493	0.009000000000000001
2456038.9032900003	16.496	0.01
2456041.74386	16.475	0.013000000000000001
2456047.90099	16.483	0.01
2456049.84923	16.507	0.01
2456051.7576599997	16.488	0.01
2456053.76266	16.51	0.012
2456058.7722099996	16.482	0.01
2456059.76343	16.507	0.012
2456061.91829	16.494	0.01
2456063.86927	16.484	0.012
2456065.7373099998	16.472	0.01
2456066.92746	16.484	0.01
2456068.66877	16.482	0.01
2456069.8434099997	16.492	0.01
2456070.89774	16.506	0.01
2456075.59838	16.489	0.01
2456076.72675	16.485	0.009000000000000001
2456077.9434599997	16.505	0.013000000000000001
2456079.64091	16.5	0.01
2456080.69632	16.469	0.01
2456081.7313200003	16.5	0.012
2456082.62624	16.525	0.018000000000000002
2456082.84295	16.492	0.015
2456085.92031	16.497	0.015
2456089.73154	16.505	0.01
2456093.6079599997	16.502	0.013000000000000001
2456094.75422	16.494	0.01
2456096.87289	16.494	0.013000000000000001
2456098.67674	16.5	0.012
2456100.627	16.505	0.01
2456101.6562900003	16.495	0.01
2456102.71811	16.484	0.01
2456103.73977	16.496	0.01
2456104.8028700002	16.488	0.01
2456108.50815	16.499000000000002	0.017
2456109.60059	16.537	0.02
2456109.81348	16.495	0.013000000000000001
2456114.57667	16.509	0.015
2456115.6006099996	16.5	0.01
2456116.7340599997	16.497	0.01
2456117.79941	16.492	0.012
2456118.8475900004	16.494	0.012
2456119.63928	16.495	0.01
2456120.55237	16.507	0.012
2456121.64732	16.488	0.009000000000000001
2456123.7568599996	16.506	0.013000000000000001
2456126.65157	16.511	0.01
2456128.64872	16.488	0.009000000000000001
2456130.55373	16.508	0.012
2456132.78189	16.509	0.012
2456135.4934400003	16.506	0.013000000000000001
2456140.51084	16.476	0.017
2456141.64654	16.515	0.013000000000000001
2456143.5378900003	16.495	0.015
2456147.50795	16.492	0.012
2456148.48561	16.49	0.009000000000000001
2456150.61703	16.493	0.012
2456151.4888	16.527	0.015
2456152.64498	16.517	0.01
2456158.49108	16.529	0.01
2456160.49323	16.504	0.012
2456164.4959400003	16.492	0.012
2456168.4992299997	16.496	0.012
2456171.4992400003	16.494	0.01
2456172.49735	16.494	0.009000000000000001
2456175.48605	16.502	0.01
2456180.55179	16.497	0.012
2456182.65778	16.484	0.013000000000000001
2456185.48637	16.482	0.01
2456186.48446	16.489	0.012
2456195.48576	16.502	0.012
2456196.6026	16.496	0.013000000000000001
2456200.59248	16.521	0.018000000000000002
2456204.59081	16.484	0.012
2456208.51948	16.512	0.013000000000000001
2456211.5773099996	16.482	0.012
2456212.4964900003	16.491	0.012
2456214.53144	16.486	0.012
2456216.50545	16.494	0.013000000000000001
2456219.53189	16.477	0.012
2456225.57274	16.493	0.017
2456231.50784	16.477999999999998	0.015
2456347.89829	16.459	0.01
2456351.85677	16.524	0.012
2456358.8346700002	16.477999999999998	0.01
2456360.8121599997	16.486	0.01
2456362.84541	16.508	0.01
2456368.8368599997	16.503	0.01
2456370.84673	16.491	0.01
2456373.8073299997	16.487000000000002	0.01
2456375.75978	16.483	0.01
2456376.88974	16.493	0.009000000000000001
2456378.84155	16.484	0.01
2456380.78002	16.492	0.01
2456381.91655	16.494	0.01
2456386.8617700003	16.503	0.01
2456388.7382900002	16.499000000000002	0.012
2456389.8573	16.494	0.01
2456391.7222	16.531	0.015
2456394.74957	16.500999999999998	0.012
2456396.74706	16.489	0.009000000000000001
2456398.69423	16.518	0.01
2456399.87993	16.474	0.01
2456401.90312	16.472	0.01
2456403.82345	16.476	0.009000000000000001
2456405.931	16.471	0.012
2456408.73097	16.505	0.021
2456415.88341	16.495	0.012
2456417.78098	16.483	0.01
2456418.9015599997	16.495	0.01
2456420.73149	16.496	0.009000000000000001
2456422.79421	16.507	0.012
2456424.72087	16.492	0.009000000000000001
2456426.92507	16.492	0.01
2456431.69991	16.52	0.012
2456432.82568	16.492	0.01
2456434.64537	16.500999999999998	0.013000000000000001
2456435.77878	16.471	0.009000000000000001
2456436.85237	16.500999999999998	0.01
2456441.8341	16.48	0.013000000000000001
2456442.89162	16.498	0.01
2456445.6617099997	16.504	0.01
2456446.592	16.476	0.009000000000000001
2456447.64984	16.491	0.01
2456448.68113	16.493	0.01
2456449.7338	16.484	0.01
2456450.79016	16.489	0.009000000000000001
2456451.85132	16.485	0.012
2456454.57117	16.477	0.013000000000000001
2456455.6252599997	16.52	0.01
2456456.9185900004	16.51	0.01
2456458.76118	16.494	0.01
2456459.81586	16.487000000000002	0.01
2456461.68895	16.486	0.01
2456463.56951	16.479	0.012
2456464.65777	16.499000000000002	0.012
2456468.75764	16.512	0.012
2456473.73979	16.485	0.01
2456474.81459	16.505	0.013000000000000001
2456476.50343	16.459	0.013000000000000001
2456477.57865	16.494	0.01
2456479.5970799997	16.489	0.012
2456480.77612	16.499000000000002	0.01
2456483.6147	16.529	0.009000000000000001
2456485.79523	16.491	0.01
2456487.5180599997	16.500999999999998	0.01
2456490.79951	16.49	0.01
2456498.72554	16.499000000000002	0.01
2456505.68185	16.495	0.012
2456508.54459	16.503	0.012
2456509.74086	16.502	0.012
2456511.69233	16.488	0.01
2456515.67825	16.502	0.01
2456519.4994200002	16.507	0.01
2456523.70299	16.51	0.017
2456526.68433	16.465999999999998	0.012
2456532.51275	16.472	0.01
2456541.49973	16.491	0.01
2456545.56025	16.487000000000002	0.01
2456555.57603	16.47	0.012
2456560.59251	16.511	0.013000000000000001
2456564.4945099996	16.486	0.013000000000000001
2456567.58335	16.445999999999998	0.01
2456570.54481	16.472	0.012
2456582.52342	16.452	0.012
2456585.53056	16.474	0.015
2456593.55118	16.241	0.012
2456599.53461	16.5	0.013000000000000001
2456702.86563	16.459	0.01
2456704.86948	16.521	0.012
2456705.86761	16.509	0.013000000000000001
2456709.8826200003	16.472	0.01
2456715.86742	16.496	0.01
2456718.8361400003	16.509	0.013000000000000001
2456720.88704	16.485	0.009000000000000001
2456723.80242	16.456	0.012
2456725.8134	16.511	0.012
2456727.81157	16.498	0.009000000000000001
2456729.78712	16.485	0.01
2456730.91033	16.504	0.012
2456733.81297	16.497	0.01
2456734.9049	16.492	0.009000000000000001
2456736.85454	16.485	0.012
2456738.80615	16.467	0.017
2456742.8894700003	16.474	0.009000000000000001
2456747.83462	16.47	0.009000000000000001
2456749.81795	16.494	0.009000000000000001
2456751.9078900004	16.477	0.009000000000000001
2456755.73954	16.521	0.013000000000000001
2456757.74125	16.489	0.01
2456759.76043	16.483	0.009000000000000001
2456761.71158	16.498	0.012
2456763.69481	16.473	0.01
2456764.86392	16.488	0.01
2456768.79855	16.488	0.01
2456769.93106	16.488	0.012
2456771.84215	16.491	0.009000000000000001
2456773.7185299997	16.511	0.012
2456774.85425	16.525	0.009000000000000001
2456776.8162	16.486	0.009000000000000001
2456784.7741900003	16.499000000000002	0.01
2456785.74929	16.498	0.01
2456786.76822	16.492	0.01
2456789.69702	16.479	0.012
2456790.77163	16.495	0.01
2456791.83443	16.494	0.012
2456792.85976	16.486	0.013000000000000001
2456796.93103	16.492	0.013000000000000001
2456798.85226	16.505	0.015
2456803.88342	16.494	0.01
2456804.8993	16.487000000000002	0.013000000000000001
2456805.9434700003	16.499000000000002	0.018000000000000002
2456807.9391099997	16.473	0.017
2456809.57824	16.509	0.013000000000000001
2456810.6351799998	16.493	0.01
2456811.64592	16.487000000000002	0.012
2456813.76771	16.496	0.01
2456814.86136	16.491	0.012
2456815.93485	16.486	0.013000000000000001
2456817.67108	16.498	0.013000000000000001
2456819.55848	16.480999999999998	0.017
2456823.75843	16.471	0.012
2456824.80029	16.486	0.012
2456825.81258	16.495	0.012
2456826.8354700003	16.491	0.012
2456827.88753	16.45	0.013000000000000001
2456829.51874	16.494	0.015
2456830.5389099997	16.509	0.012
2456831.6639	16.488	0.01
2456832.72012	16.486	0.012
2456833.78265	16.495	0.012
2456834.78744	16.494	0.015
2456835.83921	16.480999999999998	0.013000000000000001
2456837.49713	16.505	0.012
2456838.49268	16.492	0.015
2456839.50342	16.507	0.013000000000000001
2456840.54988	16.480999999999998	0.013000000000000001
2456841.67747	16.485	0.01
2456842.71942	16.493	0.012
2456844.75412	16.497	0.012
2456845.7354900003	16.483	0.01
2456847.6935900003	16.489	0.012
2456851.68169	16.491	0.012
2456852.77079	16.476	0.02
2456855.81098	16.495	0.012
2456857.49053	16.495	0.01
2456858.5477400003	16.487000000000002	0.01
2456859.74051	16.476	0.013000000000000001
2456863.60489	16.489	0.01
2456864.67795	16.485	0.012
2456871.54066	16.489	0.012
2456880.5658299997	16.480999999999998	0.015
2456882.51958	16.497	0.013000000000000001
2456884.7104599997	16.480999999999998	0.012
2456886.61003	16.482	0.012
2456888.5191599997	16.491	0.01
2456889.70159	16.493	0.013000000000000001
2456891.63232	16.502	0.012
2456896.61421	16.475	0.012
2456907.5758599997	16.489	0.012
2456915.5809	16.492	0.013000000000000001
2456922.51493	16.475	0.013000000000000001
2456925.52811	16.480999999999998	0.015
2456928.51602	16.489	0.017
2456936.55419	16.492	0.015
2456940.5259	16.459	0.013000000000000001
2456947.50916	16.472	0.013000000000000001
2456951.5534	16.493	0.015
2456955.5022299998	16.488	0.013000000000000001
2457084.8968700003	16.465999999999998	0.01
2457087.84606	16.471	0.012
2457089.88422	16.497	0.012
2457091.90913	16.471	0.013000000000000001
2457097.8321599998	16.475	0.01
2457099.8231099998	16.474	0.01
2457101.84689	16.482	0.017
2457109.86602	16.473	0.01
2457111.8087299997	16.469	0.01
2457114.8263	16.464000000000002	0.01
2457116.8174	16.458	0.012
2457118.83477	16.463	0.01
2457120.81663	16.459	0.01
2457126.73107	16.447	0.01
2457129.91971	16.445	0.01
2457131.82053	16.425	0.009000000000000001
2457133.9314	16.423	0.015
2457135.78758	16.41	0.009000000000000001
2457136.93335	16.414	0.017
2457138.76038	16.404	0.01
2457139.92443	16.399	0.01
2457141.74876	16.383	0.009000000000000001
2457142.88521	16.386	0.01
2457144.688	16.355	0.012
2457145.93445	16.354	0.015
2457147.64902	16.364	0.017
2457152.78863	16.295	0.01
2457153.83795	16.272000000000002	0.009000000000000001
2457155.62212	16.275	0.012
2457156.69394	16.246	0.009000000000000001
2457158.65413	16.209	0.009000000000000001
2457159.6987900003	16.204	0.009000000000000001
2457160.77561	16.189	0.009000000000000001
2457161.85945	16.172	0.009000000000000001
2457162.909	16.153	0.009000000000000001
2457164.68202	16.154	0.009000000000000001
2457166.77147	16.096	0.006999999999999999
2457169.72381	16.093	0.006999999999999999
2457170.78038	16.081	0.009000000000000001
2457172.82293	16.096	0.01
2457173.8559	16.075	0.009000000000000001
2457174.84087	16.082	0.009000000000000001
2457175.90471	16.084	0.01
2457178.82631	16.099	0.01
2457179.80253	16.129	0.01
2457180.8045099997	16.141	0.009000000000000001
2457181.8199299998	16.143	0.01
2457182.83867	16.158	0.009000000000000001
2457183.84585	16.164	0.01
2457184.8802	16.169	0.01
2457185.89072	16.188	0.01
2457187.66615	16.209	0.009000000000000001
2457188.6696599997	16.224	0.01
2457189.77505	16.230999999999998	0.009000000000000001
2457190.8418400004	16.234	0.01
2457193.8053200003	16.279	0.009000000000000001
2457197.5592799997	16.34	0.01
2457198.58463	16.333	0.01
2457199.59018	16.326	0.01
2457200.58643	16.33	0.009000000000000001
2457202.80608	16.38	0.015
2457202.8228	16.361	0.015
2457206.83972	16.384	0.015
2457208.51927	16.396	0.012
2457211.5935400003	16.404	0.01
2457214.56951	16.426	0.01
2457217.8354599997	16.448	0.01
2457220.63066	16.448	0.01
2457221.67167	16.456	0.01
2457222.76244	16.441	0.012
2457224.52949	16.451	0.01
2457225.6135400003	16.452	0.009000000000000001
2457227.47275	16.457	0.013000000000000001
2457228.51855	16.482	0.012
2457229.58915	16.463	0.009000000000000001
2457236.54705	16.503	0.013000000000000001
2457249.73268	16.461	0.013000000000000001
2457253.59123	16.482	0.01
2457256.6124	16.48	0.013000000000000001
2457263.68166	16.47	0.012
2457265.64788	16.497	0.012
2457268.65535	16.492	0.01
2457270.62597	16.49	0.012
2457273.6387099996	16.468	0.012
2457277.67191	16.454	0.013000000000000001
2457284.55203	16.489	0.012
2457293.51139	16.517	0.013000000000000001
2457296.59249	16.451	0.015
2457307.5583099998	16.495	0.013000000000000001
2457319.50693	16.467	0.015
2457325.50457	16.486	0.013000000000000001
2457331.521	16.496	0.015
2457429.8831700003	16.497	0.015
2457430.88318	16.512999999999998	0.012
2457431.86564	16.498	0.01
2457432.87436	16.489	0.012
2457433.8889200003	16.493	0.013000000000000001
2457436.86777	16.503	0.013000000000000001
2457437.86336	16.49	0.012
2457438.87791	16.514	0.013000000000000001
2457440.85129	16.483	0.01
2457441.8548	16.473	0.012
2457442.87459	16.489	0.012
2457443.87942	16.489	0.013000000000000001
2457444.85714	16.477999999999998	0.012
2457445.85145	16.508	0.012
2457446.86417	16.508	0.01
2457447.87225	16.493	0.01
2457449.8367	16.486	0.015
2457452.8453599997	16.506	0.01
2457453.8423900004	16.492	0.009000000000000001
2457455.81152	16.503	0.012
2457456.8151	16.485	0.012
2457457.8013299997	16.503	0.012
2457458.7966299998	16.498	0.015
2457460.79785	16.48	0.012
2457461.79933	16.475	0.01
2457462.7824	16.491	0.012
2457463.8053900003	16.495	0.01
2457464.87566	16.502	0.009000000000000001
2457465.88405	16.497	0.01
2457467.81811	16.475	0.012
2457470.77492	16.491	0.018000000000000002
2457470.9034700003	16.489	0.01
2457471.84808	16.511	0.013000000000000001
2457472.79677	16.494	0.013000000000000001
2457473.75851	16.505	0.015
2457474.80001	16.49	0.012
2457474.90256	16.5	0.012
2457475.8317	16.503	0.013000000000000001
2457476.80448	16.500999999999998	0.012
2457480.86007	16.474	0.013000000000000001
2457485.77713	16.505	0.012
2457486.9079	16.506	0.012
2457488.79203	16.498	0.01
2457491.80274	16.506	0.012
2457492.83195	16.49	0.009000000000000001
2457493.8199299998	16.515	0.01
2457494.81625	16.506	0.01
2457495.7769299997	16.480999999999998	0.01
2457497.92313	16.502	0.013000000000000001
2457499.68439	16.487000000000002	0.015
2457499.88533	16.51	0.012
2457500.82474	16.491	0.012
2457507.89403	16.500999999999998	0.01
2457509.73176	16.493	0.01
2457511.79478	16.489	0.009000000000000001
2457516.71306	16.509	0.01
2457523.93976	16.511	0.013000000000000001
2457528.79361	16.488	0.013000000000000001
2457530.68261	16.498	0.015
2457530.8480599998	16.484	0.013000000000000001
2457536.61558	16.503	0.013000000000000001
2457545.76626	16.49	0.012
2457546.80893	16.512999999999998	0.013000000000000001
2457547.7603	16.488	0.01
2457549.62805	16.494	0.01
2457550.6221	16.511	0.012
2457552.88681	16.491	0.012
2457555.7093700003	16.499000000000002	0.01
2457557.64385	16.486	0.012
2457561.80208	16.485	0.013000000000000001
2457566.67078	16.491	0.01
2457567.5947	16.505	0.012
2457568.5883400002	16.485	0.012
2457569.60582	16.493	0.01
2457570.7895	16.486	0.012
2457573.63174	16.48	0.012
2457575.77035	16.499000000000002	0.01
2457576.77933	16.504	0.012
2457581.79614	16.492	0.012
2457584.69939	16.476	0.012
2457589.70276	16.474	0.015
2457590.71284	16.514	0.015
2457593.69311	16.49	0.01
2457599.5568	16.493	0.013000000000000001
2457601.6921200003	16.477999999999998	0.01
2457602.7595	16.473	0.012
2457604.48875	16.487000000000002	0.015
2457605.50492	16.493	0.012
2457606.73275	16.499000000000002	0.013000000000000001
2457608.5668900004	16.487000000000002	0.01
2457609.6823299997	16.480999999999998	0.012
2457611.6537	16.500999999999998	0.012
2457617.6376400003	16.519000000000002	0.013000000000000001
2457619.52864	16.5	0.015
2457622.61887	16.487000000000002	0.012
2457624.51058	16.493	0.01
2457626.5173	16.498	0.01
2457631.54421	16.484	0.01
2457633.6163	16.506	0.012
2457636.62861	16.494	0.012
2457639.53977	16.477	0.012
2457647.50765	16.509	0.018000000000000002
2457649.6173799997	16.495	0.012
2457651.4976	16.498	0.01
2457652.5499299997	16.504	0.012
2457653.58919	16.492	0.01
2457655.5913400003	16.502	0.015
2457657.5786900003	16.486	0.012
2457660.53992	16.503	0.013000000000000001
2457661.58439	16.496	0.013000000000000001
2457664.54207	16.493	0.015
2457666.49024	16.511	0.017
2457671.54721	16.477999999999998	0.015
2457679.5151299997	16.502	0.017
2457800.85463	16.498	0.015
2457807.86256	16.512999999999998	0.012
2457810.88721	16.51	0.012
2457814.87462	16.488	0.012
2457817.85927	16.493	0.01
2457819.8920299998	16.489	0.01
2457822.8583	16.512999999999998	0.012
2457824.8990599997	16.5	0.013000000000000001
2457827.8088	16.495	0.013000000000000001
2457829.81929	16.498	0.017
2457834.86919	16.53	0.013000000000000001
2457836.90055	16.515	0.013000000000000001
2457838.89019	16.499000000000002	0.012
2457840.89893	16.482	0.01
2457842.86248	16.502	0.012
2457844.8229799997	16.515	0.015
2457846.77775	16.487000000000002	0.01
2457847.90876	16.503	0.01
2457849.8303400003	16.503	0.01
2457851.75269	16.503	0.013000000000000001
2457853.91733	16.512999999999998	0.013000000000000001
2457855.81399	16.491	0.012
2457857.8580099996	16.51	0.017
2457862.72086	16.511	0.013000000000000001
2457863.9245599997	16.496	0.01
2457864.88619	16.494	0.01
2457866.73496	16.499000000000002	0.01
2457867.86932	16.496	0.01
2457869.79378	16.492	0.01
2457871.71091	16.483	0.01
2457872.8442599997	16.483	0.01
2457874.66646	16.498	0.013000000000000001
2457875.8798599998	16.496	0.012
2457877.65582	16.494	0.012
2457878.81458	16.49	0.01
2457880.68219	16.528	0.015
2457881.8722200003	16.494	0.013000000000000001
2457889.92103	16.526	0.018000000000000002
2457893.76395	16.49	0.012
2457894.77263	16.492	0.012
2457897.7026400003	16.499000000000002	0.012
2457902.62904	16.497	0.013000000000000001
2457903.79786	16.509	0.013000000000000001
2457904.8014599998	16.491	0.01
2457905.76812	16.503	0.012
2457906.72127	16.480999999999998	0.01
2457907.74441	16.495	0.01
2457908.8281099997	16.498	0.01
2457909.75086	16.485	0.01
2457910.64548	16.49	0.012
2457910.94735	16.492	0.013000000000000001
2457917.56282	16.523	0.015
2457917.8969900003	16.483	0.015
2457922.6512599997	16.508	0.012
2457923.8051299998	16.515	0.012
2457924.7615900002	16.48	0.01
2457925.7960599996	16.483	0.012
2457926.8761400003	16.498	0.017
2457932.83523	16.518	0.012
2457933.8155900002	16.519000000000002	0.013000000000000001
2457934.82767	16.5	0.012
2457935.8624	16.496	0.01
2457936.84745	16.495	0.013000000000000001
2457937.82305	16.5	0.013000000000000001
2457944.60684	16.483	0.012
2457945.51875	16.506	0.015
2457945.84845	16.499000000000002	0.015
2457946.8139299997	16.493	0.013000000000000001
2457948.4937	16.484	0.013000000000000001
2457949.55821	16.477999999999998	0.013000000000000001
2457952.81553	16.496	0.013000000000000001
2457954.47438	16.49	0.012
2457955.78973	16.52	0.013000000000000001
2457957.6466	16.506	0.012
2457958.77091	16.506	0.013000000000000001
2457959.79504	16.506	0.013000000000000001
2457961.56108	16.517	0.01
2457962.66427	16.5	0.01
2457965.66956	16.496	0.012
2457967.58692	16.523	0.013000000000000001
2457972.6900400002	16.495	0.015
2457974.58344	16.47	0.012
2457979.57944	16.503	0.012
2457981.56201	16.485	0.012
2457983.5184	16.534000000000002	0.015
2457984.65615	16.486	0.012
2457987.49596	16.496	0.01
2457991.4819799997	16.49	0.012
2457992.6488	16.494	0.012
2457994.6246	16.483	0.013000000000000001
2458000.56904	16.508	0.015
2458002.63754	16.49	0.018000000000000002
2458007.5955	16.499000000000002	0.013000000000000001
2458012.5751900002	16.498	0.012
2458016.48481	16.493	0.013000000000000001
2458019.56313	16.497	0.012
2458029.51363	16.476	0.013000000000000001
2458040.50215	16.484	0.015
2458041.49896	16.493	0.013000000000000001
2458053.53254	16.461	0.017
