2455378.67238	17.480999999999998	0.021
2455380.70393	17.47	0.019
2455383.74355	17.563	0.031
2455383.7561	17.543	0.03
2455385.60422	17.465	0.018000000000000002
2455385.6948	17.498	0.018000000000000002
2455385.7928400002	17.475	0.018000000000000002
2455388.79577	17.483	0.022000000000000002
2455392.47383	17.495	0.027999999999999997
2455405.68765	17.504	0.025
2455409.52907	17.476	0.018000000000000002
2455413.63073	17.467	0.019
2455422.72161	17.477	0.019
2455434.52602	17.517	0.027000000000000003
2455439.62341	17.507	0.025
2455447.5624599997	17.485	0.021
2455453.58655	17.477999999999998	0.024
2455458.5650299997	17.473	0.033
2455460.53106	17.526	0.025
2455461.62841	17.500999999999998	0.033
2455465.56178	17.45	0.033
2455471.5233	17.518	0.022000000000000002
2455473.52329	17.500999999999998	0.033
2455479.54613	17.502	0.027999999999999997
2455483.50041	17.498	0.046
2455485.5167	17.526	0.03
2455488.51139	17.569000000000003	0.031
2455493.52534	17.525	0.043
2455606.88942	17.464000000000002	0.027000000000000003
2455614.8697099998	17.494	0.022000000000000002
2455620.8544799997	17.503	0.022000000000000002
2455624.8152099997	17.445	0.022000000000000002
2455625.77727	17.480999999999998	0.027000000000000003
2455627.80203	17.515	0.024
2455629.78088	17.485	0.024
2455630.773	17.47	0.021
2455632.76883	17.51	0.036000000000000004
2455634.7556	17.527	0.024
2455635.82813	17.531	0.025
2455638.74642	17.495	0.04
2455639.76093	17.469	0.024
2455640.88135	17.453	0.024
2455642.9125599996	17.452	0.033
2455644.8823599997	17.471	0.027999999999999997
2455648.73776	17.472	0.022000000000000002
2455649.87867	17.46	0.018000000000000002
2455651.81446	17.485	0.018000000000000002
2455654.76933	17.485	0.019
2455655.8833	17.465	0.018000000000000002
2455657.91198	17.48	0.017
2455659.79443	17.5	0.021
2455660.90905	17.492	0.021
2455664.7791	17.494	0.024
2455665.9045599997	17.461	0.019
2455669.74425	17.461	0.022000000000000002
2455675.71205	17.496	0.022000000000000002
2455676.90447	17.469	0.018000000000000002
2455679.8594400003	17.471	0.019
2455681.72952	17.522000000000002	0.019
2455683.66308	17.458	0.019
2455684.90862	17.486	0.019
2455686.89249	17.492	0.022000000000000002
2455689.8056900003	17.492	0.018000000000000002
2455690.61656	17.459	0.027000000000000003
2455690.634	17.483	0.018000000000000002
2455690.64677	17.484	0.021
2455690.65924	17.471	0.022000000000000002
2455690.67228	17.514	0.019
2455690.6845299997	17.451	0.019
2455690.69704	17.515	0.022000000000000002
2455690.70945	17.494	0.019
2455690.72329	17.47	0.018000000000000002
2455690.74123	17.473	0.019
2455690.7559700003	17.476	0.03
2455690.771	17.452	0.021
2455690.78581	17.486	0.022000000000000002
2455690.79853	17.45	0.022000000000000002
2455690.81288	17.451	0.018000000000000002
2455690.82945	17.45	0.019
2455690.85461	17.534000000000002	0.022000000000000002
2455690.87344	17.532	0.027000000000000003
2455690.89255	17.541	0.027999999999999997
2455690.91445	17.542	0.031
2455690.9372400003	17.53	0.036000000000000004
2455693.61772	17.53	0.025
2455694.7395599997	17.48	0.021
2455695.88116	17.463	0.018000000000000002
2455697.61864	17.489	0.025
2455698.71197	17.454	0.031
2455705.7023099996	17.545	0.03
2455705.71665	17.483	0.025
2455705.72945	17.502	0.027000000000000003
2455705.74419	17.426	0.027999999999999997
2455705.7589	17.47	0.022000000000000002
2455705.77223	17.44	0.022000000000000002
2455705.78622	17.453	0.024
2455705.80326	17.477999999999998	0.021
2455705.8251	17.456	0.022000000000000002
2455705.8376700003	17.459	0.022000000000000002
2455705.8598599997	17.484	0.025
2455705.87745	17.525	0.027000000000000003
2455705.89228	17.531	0.03
2455705.90722	17.47	0.027999999999999997
2455705.9242	17.479	0.031
2455705.9462099997	17.532	0.048
2455705.94857	17.592	0.055999999999999994
2455707.66587	17.457	0.021
2455708.74427	17.475	0.027000000000000003
2455712.75379	17.463	0.018000000000000002
2455715.62295	17.483	0.019
2455716.8039700002	17.502	0.022000000000000002
2455722.63441	17.491	0.021
2455723.79222	17.491	0.018000000000000002
2455725.68794	17.454	0.018000000000000002
2455734.8139299997	17.523	0.031
2455736.63808	17.489	0.017
2455737.72851	17.497	0.018000000000000002
2455739.54539	17.486	0.024
2455740.62594	17.521	0.024
2455741.6846	17.488	0.019
2455742.70782	17.483	0.018000000000000002
2455743.5698599997	17.589000000000002	0.027999999999999997
2455743.57716	17.494	0.025
2455743.58732	17.46	0.025
2455743.60786	17.465999999999998	0.024
2455743.62047	17.461	0.024
2455743.63303	17.48	0.024
2455743.64575	17.482	0.022000000000000002
2455743.65885	17.488	0.024
2455743.67362	17.492	0.024
2455743.6869	17.455	0.021
2455743.71201	17.479	0.022000000000000002
2455743.73379	17.522000000000002	0.022000000000000002
2455743.74645	17.503	0.022000000000000002
2455743.75942	17.492	0.022000000000000002
2455743.77192	17.502	0.021
2455743.78457	17.482	0.021
2455743.79721	17.51	0.022000000000000002
2455743.80993	17.459	0.022000000000000002
2455743.82254	17.485	0.022000000000000002
2455743.8350400003	17.5	0.025
2455743.84755	17.517	0.027999999999999997
2455743.86029	17.485	0.027000000000000003
2455743.87282	17.511	0.039
2455743.8854900002	17.433	0.025
2455745.49173	17.494	0.031
2455746.65343	17.492	0.021
2455748.62202	17.458	0.022000000000000002
2455749.59627	17.505	0.021
2455752.53712	17.526	0.036000000000000004
2455752.56154	17.43	0.027000000000000003
2455753.80492	17.551	0.059000000000000004
2455760.72756	17.494	0.022000000000000002
2455762.5036	17.463	0.022000000000000002
2455764.7195599996	17.47	0.018000000000000002
2455766.47438	17.474	0.024
2455766.4871900002	17.473	0.022000000000000002
2455766.5002599997	17.485	0.021
2455766.51307	17.465	0.021
2455766.52607	17.444000000000003	0.019
2455766.5397099997	17.505	0.019
2455766.56732	17.505	0.022000000000000002
2455766.59056	17.51	0.019
2455766.6041200003	17.518	0.021
2455766.6170799998	17.480999999999998	0.018000000000000002
2455766.63043	17.487000000000002	0.021
2455766.64352	17.475	0.017
2455766.65792	17.463	0.018000000000000002
2455766.6710200002	17.456	0.018000000000000002
2455766.68426	17.454	0.017
2455766.69942	17.472	0.018000000000000002
2455766.71228	17.479	0.021
2455766.7289299998	17.47	0.024
2455766.7428099997	17.497	0.022000000000000002
2455766.75593	17.532	0.027000000000000003
2455769.4884200003	17.465999999999998	0.027000000000000003
2455775.64058	17.505	0.024
2455778.4805400004	17.554000000000002	0.03
2455785.49228	17.465999999999998	0.034
2455786.7466700003	17.498	0.042
2455788.68076	17.472	0.027999999999999997
2455793.4939200003	17.538	0.024
2455794.70793	17.502	0.021
2455801.50916	17.505	0.024
2455804.58651	17.48	0.021
2455807.59635	17.465	0.03
2455812.50317	17.509	0.034
2455812.51581	17.497	0.031
2455812.52874	17.498	0.043
2455812.54337	17.422	0.031
2455812.5562400003	17.491	0.033
2455812.56905	17.471	0.033
2455812.58262	17.459	0.027999999999999997
2455812.5954299998	17.479	0.031
2455812.6096200002	17.479	0.027999999999999997
2455812.62268	17.521	0.033
2455812.6382	17.518	0.033
2455812.65088	17.516	0.033
2455812.66072	17.586	0.059000000000000004
2455812.6694099996	17.567	0.039
2455812.67146	17.526	0.036000000000000004
2455817.54163	17.483	0.022000000000000002
2455819.62134	17.509	0.022000000000000002
2455822.57623	17.548	0.025
2455827.48997	17.523	0.034
2455827.5024900003	17.545	0.031
2455827.51499	17.487000000000002	0.033
2455827.52755	17.527	0.03
2455827.5403400003	17.482	0.031
2455827.55295	17.515	0.027999999999999997
2455827.5686	17.482	0.027000000000000003
2455827.58297	17.43	0.027000000000000003
2455827.5954	17.465999999999998	0.027999999999999997
2455827.60791	17.471	0.027999999999999997
2455827.62053	17.492	0.027999999999999997
2455827.63344	17.511	0.033
2455829.53758	17.476	0.019
2455831.5479	17.464000000000002	0.019
2455833.5562299998	17.471	0.019
2455836.5549	17.458	0.03
2455840.57274	17.486	0.027000000000000003
2455842.5385	17.488	0.034
2455844.54514	17.465	0.027999999999999997
2455846.5885799997	17.491	0.055999999999999994
2455852.53735	17.544	0.034
2455857.51765	17.469	0.039
2455977.87232	17.461	0.019
2455982.89373	17.515	0.018000000000000002
2455986.80069	17.435	0.022000000000000002
2455988.8994299998	17.498	0.021
2455991.84313	17.505	0.017
2455994.78707	17.477999999999998	0.025
2455996.80503	17.461	0.021
2455998.81242	17.584	0.031
2456003.8700599996	17.483	0.024
2456005.85556	17.445999999999998	0.019
2456007.8319900003	17.48	0.019
2456009.7552799997	17.475	0.018000000000000002
2456010.88238	17.491	0.015
2456012.8150400002	17.472	0.017
2456014.74643	17.488	0.019
2456017.7585	17.494	0.017
2456018.85106	17.46	0.017
2456020.73228	17.514	0.021
2456021.79158	17.46	0.018000000000000002
2456022.86295	17.472	0.019
2456024.92472	17.497	0.033
2456031.7708900003	17.473	0.021
2456033.71258	17.487000000000002	0.022000000000000002
2456035.90073	17.467	0.019
2456038.7124400004	17.491	0.022000000000000002
2456040.78117	17.48	0.022000000000000002
2456047.70995	17.472	0.019
2456048.91888	17.504	0.021
2456050.83568	17.475	0.021
2456052.89895	17.488	0.022000000000000002
2456061.74109	17.456	0.018000000000000002
2456062.89003	17.457	0.025
2456064.90226	17.469	0.019
2456066.75429	17.483	0.019
2456067.8302	17.479	0.018000000000000002
2456069.6367900004	17.545	0.022000000000000002
2456070.72084	17.480999999999998	0.019
2456071.7982900003	17.453	0.019
2456075.86347	17.495	0.017
2456077.76419	17.467	0.019
2456078.8442700002	17.476	0.018000000000000002
2456079.9221799998	17.465999999999998	0.019
2456081.5691299997	17.408	0.03
2456085.7626	17.475	0.024
2456086.77155	17.529	0.021
2456088.62819	17.482	0.018000000000000002
2456092.77133	17.519000000000002	0.019
2456094.5575	17.507	0.027999999999999997
2456096.67801	17.447	0.021
2456096.7062	17.454	0.019
2456097.88315	17.512999999999998	0.027000000000000003
2456099.71679	17.500999999999998	0.03
2456100.8922900003	17.477	0.027000000000000003
2456102.54285	17.512	0.024
2456103.55922	17.49	0.021
2456104.63284	17.463	0.017
2456105.6979400003	17.459	0.019
2456108.77017	17.503	0.019
2456113.72555	17.423	0.022000000000000002
2456114.82852	17.433	0.027000000000000003
2456116.5534	17.515	0.018000000000000002
2456117.63312	17.519000000000002	0.019
2456118.69742	17.451	0.017
2456119.7145599998	17.459	0.018000000000000002
2456120.82659	17.417	0.024
2456123.58036	17.48	0.021
2456124.71293	17.482	0.019
2456125.80307	17.486	0.021
2456127.72438	17.487000000000002	0.021
2456132.5022400003	17.497	0.025
2456134.52568	17.508	0.025
2456135.79976	17.494	0.025
2456140.77002	17.386	0.055999999999999994
2456142.70664	17.462	0.036000000000000004
2456149.5951799997	17.482	0.022000000000000002
2456151.74969	17.487000000000002	0.025
2456157.65035	17.482	0.022000000000000002
2456159.5112	17.567	0.027000000000000003
2456161.54544	17.497	0.027000000000000003
2456179.56158	17.48	0.025
2456181.6434299997	17.512999999999998	0.022000000000000002
2456184.65064	17.430999999999997	0.025
2456190.6170200002	17.538	0.025
2456196.52276	17.489	0.027000000000000003
2456199.52074	17.51	0.034
2456204.5068900003	17.492	0.022000000000000002
2456211.4958900004	17.46	0.019
2456213.5505	17.426	0.022000000000000002
2456218.52557	17.469	0.024
2456345.88349	17.493	0.018000000000000002
2456350.8541900003	17.493	0.021
2456353.9031	17.475	0.022000000000000002
2456361.90364	17.496	0.021
2456367.87373	17.465999999999998	0.015
2456369.90215	17.467	0.018000000000000002
2456371.88807	17.471	0.017
2456372.88005	17.503	0.018000000000000002
2456374.85073	17.454	0.019
2456376.7990099997	17.472	0.018000000000000002
2456378.74123	17.458	0.021
2456379.86681	17.473	0.021
2456381.8374400004	17.5	0.017
2456386.7628900004	17.534000000000002	0.021
2456387.85918	17.496	0.019
2456389.77818	17.464000000000002	0.018000000000000002
2456390.84856	17.457	0.018000000000000002
2456393.79563	17.442	0.021
2456395.81321	17.473	0.017
2456397.77713	17.489	0.015
2456399.70053	17.471	0.018000000000000002
2456401.72528	17.471	0.018000000000000002
2456402.91008	17.468	0.031
2456404.84733	17.465999999999998	0.017
2456407.77967	17.482	0.021
2456409.92508	17.45	0.024
2456416.89422	17.477999999999998	0.017
2456418.72786	17.433	0.019
2456419.89004	17.49	0.022000000000000002
2456420.61967	17.508	0.019
2456421.84895	17.463	0.018000000000000002
2456423.87028	17.507	0.021
2456426.685	17.438	0.017
2456428.87252	17.511	0.019
2456432.6379299997	17.453	0.021
2456433.7343	17.504	0.022000000000000002
2456434.94403	17.499000000000002	0.025
2456436.6631	17.438	0.024
2456442.7173599997	17.498	0.018000000000000002
2456444.8584	17.465999999999998	0.019
2456446.86673	17.465999999999998	0.017
2456447.9183	17.427	0.018000000000000002
2456449.55109	17.459	0.021
2456450.60645	17.502	0.019
2456451.66576	17.475	0.019
2456452.7888599997	17.492	0.015
2456454.8379	17.487000000000002	0.018000000000000002
2456456.72327	17.445999999999998	0.017
2456458.57614	17.449	0.019
2456459.6260599997	17.476	0.018000000000000002
2456460.8697200003	17.511	0.018000000000000002
2456462.78377	17.497	0.025
2456463.8410099996	17.487000000000002	0.021
2456468.56234	17.491	0.024
2456469.7327400004	17.474	0.019
2456473.55409	17.430999999999997	0.021
2456474.62869	17.468	0.022000000000000002
2456475.7230599998	17.445999999999998	0.018000000000000002
2456476.77323	17.472	0.018000000000000002
2456478.53469	17.47	0.024
2456480.59202	17.48	0.021
2456481.74567	17.444000000000003	0.024
2456485.56475	17.474	0.021
2456486.72822	17.465999999999998	0.019
2456487.8075200003	17.497	0.018000000000000002
2456490.59447	17.456	0.019
2456491.76188	17.506	0.021
2456496.51748	17.5	0.027999999999999997
2456498.5451	17.484	0.018000000000000002
2456500.6124	17.438	0.022000000000000002
2456504.75471	17.523	0.025
2456506.76867	17.497	0.034
2456509.57296	17.45	0.015
2456510.74258	17.483	0.022000000000000002
2456514.7168	17.465	0.017
2456518.5655	17.462	0.017
2456523.5454599997	17.516	0.021
2456525.5589099997	17.473	0.027000000000000003
2456531.50997	17.451	0.019
2456533.6584400004	17.488	0.021
2456538.6140099997	17.471	0.021
2456543.65876	17.527	0.021
2456547.62485	17.465999999999998	0.027000000000000003
2456559.54203	17.458	0.018000000000000002
2456563.5498900004	17.485	0.024
2456565.60929	17.535999999999998	0.024
2456569.5671099997	17.505	0.019
2456572.5447	17.528	0.022000000000000002
2456576.49914	17.461	0.037000000000000005
2456576.56879	17.526	0.024
2456581.51119	17.477999999999998	0.022000000000000002
2456584.51584	17.447	0.027000000000000003
2456700.89076	17.442999999999998	0.021
2456708.8557	17.455	0.021
2456711.89101	17.480999999999998	0.021
2456717.82065	17.482	0.024
2456719.89649	17.493	0.019
2456722.81739	17.489	0.024
2456724.83967	17.517	0.027999999999999997
2456726.8413	17.474	0.018000000000000002
2456728.83345	17.469	0.015
2456730.8009900004	17.37	0.025
2456732.87338	17.465	0.024
2456734.81142	17.477999999999998	0.019
2456735.9109400003	17.451	0.024
2456737.8577099997	17.477	0.017
2456741.86246	17.462	0.022000000000000002
2456742.8004	17.484	0.018000000000000002
2456744.90001	17.477999999999998	0.015
2456746.8139	17.525	0.019
2456748.8095	17.491	0.017
2456750.88485	17.487000000000002	0.015
2456754.70679	17.456	0.025
2456756.69967	17.52	0.019
2456758.79054	17.435	0.022000000000000002
2456760.7663	17.471	0.017
2456762.72232	17.484	0.022000000000000002
2456764.68933	17.483	0.024
2456765.8377	17.465	0.019
2456769.77102	17.458	0.017
2456770.87858	17.497	0.018000000000000002
2456772.80128	17.445	0.015
2456774.68749	17.453	0.022000000000000002
2456775.90217	17.509	0.018000000000000002
2456777.86331	17.472	0.019
2456789.92964	17.467	0.025
2456791.6622	17.489	0.027999999999999997
2456792.7072900003	17.499000000000002	0.024
2456796.7615799997	17.456	0.019
2456797.86099	17.479	0.024
2456803.7132099997	17.496	0.018000000000000002
2456804.7219599998	17.476	0.018000000000000002
2456805.78757	17.487000000000002	0.021
2456807.76863	17.487000000000002	0.025
2456808.79202	17.518	0.022000000000000002
2456809.84579	17.448	0.021
2456810.87721	17.496	0.022000000000000002
2456811.89161	17.463	0.025
2456814.6508	17.51	0.021
2456815.7486099997	17.493	0.021
2456816.82694	17.539	0.022000000000000002
2456817.90314	17.479	0.024
2456819.74824	17.488	0.027999999999999997
2456824.59821	17.471	0.027999999999999997
2456825.6257599997	17.498	0.024
2456826.63564	17.487000000000002	0.022000000000000002
2456827.70583	17.479	0.019
2456828.76492	17.483	0.019
2456829.74881	17.463	0.022000000000000002
2456830.7719799997	17.488	0.019
2456832.5251700003	17.486	0.027000000000000003
2456833.59265	17.442999999999998	0.022000000000000002
2456834.6035700003	17.493	0.024
2456835.66495	17.516	0.025
2456836.70773	17.511	0.025
2456837.7217599996	17.485	0.021
2456838.7223900002	17.442	0.019
2456839.73772	17.471	0.021
2456840.78636	17.527	0.022000000000000002
2456842.5367799997	17.475	0.027999999999999997
2456844.56658	17.486	0.019
2456845.5553599996	17.479	0.021
2456847.54929	17.502	0.024
2456851.50434	17.426	0.027000000000000003
2456852.55835	17.442	0.027000000000000003
2456855.62757	17.515	0.019
2456856.67392	17.479	0.019
2456857.7185299997	17.488	0.018000000000000002
2456858.77622	17.503	0.022000000000000002
2456862.73658	17.506	0.024
2456864.48974	17.49	0.027000000000000003
2456870.54706	17.485	0.027000000000000003
2456872.69221	17.512999999999998	0.022000000000000002
2456879.59941	17.468	0.025
2456881.56278	17.508	0.03
2456882.73808	17.485	0.033
2456885.6869900003	17.445	0.022000000000000002
2456887.59541	17.477999999999998	0.017
2456889.5186900003	17.445999999999998	0.021
2456890.68575	17.49	0.025
2456895.64893	17.496	0.019
2456909.48346	17.494	0.034
2456919.53382	17.445999999999998	0.024
2456924.4874299997	17.518	0.024
2456926.59564	17.492	0.022000000000000002
2456930.50969	17.489	0.037000000000000005
2456931.4945400003	17.5	0.024
2456932.51783	17.484	0.031
2456938.55183	17.499000000000002	0.033
2456943.53178	17.511	0.031
2457066.86326	17.453	0.027000000000000003
2457070.8977900003	17.437	0.027000000000000003
2457074.8582599997	17.475	0.025
2457075.8341099997	17.381	0.025
2457076.90003	17.416	0.027999999999999997
2457078.87457	17.500999999999998	0.019
2457080.89681	17.448	0.022000000000000002
2457083.80491	17.497	0.025
2457084.7995599997	17.480999999999998	0.031
2457086.87768	17.497	0.021
2457089.78694	17.465	0.024
2457091.7864	17.507	0.022000000000000002
2457098.88209	17.465	0.018000000000000002
2457100.8766	17.444000000000003	0.018000000000000002
2457108.81379	17.487000000000002	0.025
2457109.73888	17.507	0.022000000000000002
2457110.90007	17.458	0.017
2457112.84293	17.468	0.022000000000000002
2457113.82835	17.468	0.018000000000000002
2457115.8528299998	17.456	0.018000000000000002
2457117.83121	17.482	0.021
2457119.87872	17.473	0.024
2457125.78496	17.493	0.019
2457129.73819	17.47	0.019
2457130.90188	17.46	0.024
2457132.79569	17.467	0.019
2457134.88381	17.445999999999998	0.021
2457136.7502200003	17.461	0.019
2457137.88695	17.471	0.021
2457139.7409	17.499000000000002	0.021
2457140.86582	17.488	0.021
2457142.7001900002	17.502	0.019
2457143.8017	17.487000000000002	0.022000000000000002
2457145.76901	17.511	0.025
2457146.80558	17.458	0.024
2457147.8267	17.49	0.027000000000000003
2457153.67365	17.485	0.019
2457154.7616	17.503	0.019
2457155.8572	17.464000000000002	0.021
2457156.62772	17.5	0.019
2457156.6973900003	17.484	0.018000000000000002
2457156.80745	17.471	0.018000000000000002
2457157.74131	17.455	0.018000000000000002
2457158.88216	17.509	0.024
2457159.93299	17.458	0.019
2457161.6757	17.515	0.021
2457162.72222	17.463	0.021
2457163.79733	17.495	0.021
2457164.9273900003	17.523	0.027000000000000003
2457168.70633	17.454	0.021
2457169.93335	17.512999999999998	0.022000000000000002
2457172.60993	17.445	0.03
2457173.62951	17.426	0.027000000000000003
2457174.63943	17.464000000000002	0.021
2457175.6501700003	17.549	0.027999999999999997
2457178.64853	17.473	0.027000000000000003
2457179.60902	17.534000000000002	0.03
2457180.60452	17.485	0.027000000000000003
2457181.5997099997	17.493	0.021
2457182.61725	17.47	0.018000000000000002
2457183.62885	17.492	0.022000000000000002
2457184.66425	17.476	0.024
2457185.68139	17.45	0.025
2457186.84691	17.483	0.022000000000000002
2457187.86012	17.49	0.021
2457189.55694	17.46	0.024
2457190.61361	17.485	0.022000000000000002
2457191.79483	17.442	0.022000000000000002
2457194.65806	17.465	0.017
2457197.75944	17.5	0.021
2457198.7850099998	17.482	0.021
2457199.78718	17.494	0.018000000000000002
2457200.77024	17.493	0.019
2457206.63749	17.512	0.027000000000000003
2457207.6647099997	17.44	0.027000000000000003
2457209.8021	17.509	0.025
2457211.79154	17.541	0.027000000000000003
2457217.5392299998	17.441	0.031
2457219.7067	17.469	0.019
2457220.8202	17.444000000000003	0.021
2457222.5136700002	17.453	0.024
2457223.65846	17.499000000000002	0.021
2457224.74881	17.463	0.027999999999999997
2457226.64996	17.456	0.019
2457227.66164	17.511	0.019
2457228.72492	17.449	0.019
2457229.7677599997	17.473	0.024
2457235.6524900002	17.464000000000002	0.024
2457249.55947	17.458	0.025
2457252.60729	17.504	0.019
2457255.57416	17.457	0.024
2457257.68569	17.511	0.021
2457263.48492	17.453	0.022000000000000002
2457264.6447099997	17.505	0.025
2457267.64138	17.473	0.019
2457269.65663	17.465999999999998	0.021
2457272.50358	17.523	0.027999999999999997
2457275.6688599996	17.445	0.027999999999999997
2457278.65224	17.514	0.027000000000000003
2457292.52635	17.542	0.042
2457295.535	17.524	0.022000000000000002
2457317.50228	17.508	0.031
2457435.83484	17.458	0.025
2457437.8958900003	17.456	0.024
2457439.83168	17.508	0.027999999999999997
2457440.86606	17.468	0.022000000000000002
2457441.89353	17.471	0.022000000000000002
2457444.88483	17.482	0.021
2457445.89129	17.459	0.019
2457447.80475	17.48	0.025
2457448.80632	17.499000000000002	0.033
2457449.85708	17.507	0.031
2457451.8077700003	17.494	0.021
2457452.89274	17.465	0.018000000000000002
2457453.89665	17.467	0.018000000000000002
2457455.8487	17.47	0.019
2457456.85463	17.45	0.019
2457457.85096	17.462	0.022000000000000002
2457458.8448400004	17.451	0.019
2457460.85628	17.473	0.018000000000000002
2457461.84465	17.465999999999998	0.017
2457462.83155	17.497	0.018000000000000002
2457463.87541	17.488	0.018000000000000002
2457465.80064	17.47	0.019
2457466.85667	17.476	0.019
2457467.86415	17.44	0.021
2457470.8199299998	17.485	0.027000000000000003
2457471.77291	17.514	0.027000000000000003
2457471.90436	17.445	0.022000000000000002
2457472.84328	17.441	0.022000000000000002
2457473.86579	17.436	0.025
2457474.8383400002	17.441	0.021
2457475.76523	17.454	0.036000000000000004
2457475.87248	17.486	0.027000000000000003
2457484.82055	17.447	0.021
2457486.75449	17.559	0.03
2457487.86225	17.475	0.022000000000000002
2457489.84973	17.405	0.018000000000000002
2457492.73012	17.422	0.018000000000000002
2457493.72262	17.49	0.021
2457494.70545	17.452	0.019
2457495.68931	17.457	0.021
2457495.90995	17.523	0.022000000000000002
2457498.8191	17.461	0.025
2457499.79604	17.457	0.019
2457500.73726	17.445999999999998	0.025
2457507.74665	17.435	0.018000000000000002
2457508.79501	17.455	0.017
2457509.8918	17.455	0.021
2457512.83745	17.433	0.017
2457522.89822	17.427	0.025
2457526.79362	17.437	0.024
2457529.8206599997	17.437	0.039
2457534.79933	17.424	0.018000000000000002
2457536.79845	17.410999999999998	0.019
2457545.9402	17.407	0.022000000000000002
2457547.5758599997	17.396	0.027000000000000003
2457548.62743	17.409000000000002	0.017
2457549.84	17.425	0.018000000000000002
2457550.81855	17.39	0.021
2457555.55082	17.445999999999998	0.025
2457555.88863	17.43	0.022000000000000002
2457557.8593599997	17.389	0.025
2457562.6348599996	17.352	0.025
2457566.82912	17.362000000000002	0.027000000000000003
2457567.7729599997	17.362000000000002	0.019
2457568.77183	17.340999999999998	0.024
2457569.78943	17.35	0.021
2457575.6164599997	17.364	0.025
2457576.63529	17.308	0.015
2457579.65014	17.3	0.017
2457584.55648	17.268	0.024
2457589.54875	17.258	0.027000000000000003
2457590.5644400003	17.223	0.017
2457593.5373	17.226	0.017
2457596.4893400003	17.177	0.015
2457600.4983200002	17.173	0.024
2457602.60013	17.134	0.017
2457603.6598400003	17.095	0.013999999999999999
2457604.66692	17.108	0.015
2457605.70818	17.077	0.017
2457607.67628	17.085	0.015
2457609.49426	17.046	0.018000000000000002
2457610.6524400003	17.027	0.013999999999999999
2457612.62972	17.018	0.019
2457616.7204	16.941	0.022000000000000002
2457618.5994700002	16.929000000000002	0.017
2457621.6715700002	16.86	0.019
2457623.60325	16.819000000000003	0.012
2457625.5364900003	16.802	0.012
2457630.56605	16.71	0.011000000000000001
2457632.57303	16.672	0.011000000000000001
2457635.5838	16.642	0.013999999999999999
2457638.49304	16.616	0.013999999999999999
2457644.53232	16.595	0.017
2457648.59162	16.578	0.012
2457650.55958	16.572	0.012
2457651.58915	16.563	0.012
2457653.48343	16.58	0.011000000000000001
2457655.48428	16.605999999999998	0.013999999999999999
2457656.5690599997	16.642	0.012
2457659.48675	16.67	0.013999999999999999
2457660.5844400004	16.698	0.015
2457662.5558599997	16.748	0.013999999999999999
2457667.49214	16.81	0.013999999999999999
2457672.5422400003	16.913	0.015
2457681.50229	17.044	0.021
2457796.87641	17.499000000000002	0.022000000000000002
2457798.88471	17.496	0.024
2457800.88945	17.489	0.025
2457802.88012	17.445	0.034
2457808.8221299998	17.457	0.027000000000000003
2457810.90361	17.430999999999997	0.027999999999999997
2457814.82026	17.485	0.021
2457816.88422	17.445	0.019
2457819.81658	17.485	0.019
2457821.854	17.459	0.022000000000000002
2457823.86475	17.494	0.022000000000000002
2457825.89712	17.461	0.021
2457827.87421	17.457	0.019
2457830.76357	17.479	0.027000000000000003
2457835.88361	17.415	0.019
2457837.88124	17.449	0.019
2457839.8892099997	17.473	0.018000000000000002
2457841.88662	17.498	0.027000000000000003
2457843.8422	17.473	0.021
2457845.77654	17.458	0.021
2457847.7275	17.502	0.025
2457848.87468	17.429000000000002	0.018000000000000002
2457850.78248	17.465	0.025
2457851.92228	17.523	0.024
2457854.8395700003	17.489	0.022000000000000002
2457856.76085	17.454	0.031
2457858.8376	17.479	0.024
2457862.8799799997	17.511	0.024
2457865.78533	17.449	0.018000000000000002
2457866.91527	17.492	0.018000000000000002
2457868.86779	17.507	0.027999999999999997
2457870.74383	17.492	0.017
2457871.8991099996	17.495	0.019
2457873.75287	17.484	0.017
2457874.84406	17.473	0.022000000000000002
2457876.7422	17.461	0.019
2457877.83481	17.489	0.019
2457879.69979	17.496	0.025
2457880.85052	17.489	0.03
2457882.80461	17.477999999999998	0.024
2457890.87363	17.471	0.027999999999999997
2457893.9314099997	17.457	0.024
2457894.92901	17.483	0.025
2457901.68781	17.48	0.019
2457902.8077700003	17.445	0.019
2457904.61179	17.503	0.022000000000000002
2457905.5768	17.477	0.027000000000000003
2457905.9350400004	17.46	0.024
2457906.89095	17.469	0.022000000000000002
2457908.6359	17.499000000000002	0.024
2457909.56687	17.451	0.031
2457909.90388	17.500999999999998	0.022000000000000002
2457910.8243299997	17.493	0.021
2457911.6913799997	17.488	0.025
2457916.73947	17.485	0.021
2457917.72622	17.509	0.022000000000000002
2457923.60461	17.465	0.024
2457924.5731200003	17.477999999999998	0.021
2457925.59705	17.499000000000002	0.024
2457926.63559	17.462	0.021
2457932.64065	17.467	0.024
2457933.63141	17.477999999999998	0.024
2457934.65234	17.448	0.019
2457935.66659	17.505	0.019
2457936.65397	17.482	0.019
2457937.6284	17.469	0.021
2457938.65884	17.445999999999998	0.031
2457944.76386	17.465999999999998	0.025
2457945.67691	17.471	0.018000000000000002
2457946.6197900004	17.504	0.022000000000000002
2457947.65424	17.479	0.024
2457948.67595	17.491	0.022000000000000002
2457949.73067	17.59	0.036000000000000004
2457953.6508	17.497	0.021
2457954.67275	17.51	0.017
2457956.65491	17.483	0.018000000000000002
2457958.60862	17.477	0.024
2457959.61772	17.528	0.019
2457960.65692	17.491	0.019
2457961.7094799997	17.463	0.018000000000000002
2457964.62957	17.437	0.021
2457966.5732	17.515	0.027000000000000003
2457971.5205099997	17.5	0.039
2457972.53249	17.422	0.036000000000000004
2457973.65184	17.479	0.025
2457974.7385	17.454	0.033
2457980.56621	17.464000000000002	0.025
2457982.51823	17.45	0.022000000000000002
2457983.67753	17.452	0.019
2457986.49463	17.515	0.021
2457990.4807	17.469	0.024
2457991.66165	17.477999999999998	0.025
2457993.62491	17.489	0.024
2457998.57741	17.486	0.025
2458001.56211	17.473	0.021
2458004.56497	17.453	0.03
2458010.56763	17.491	0.025
2458014.5252400003	17.464000000000002	0.021
2458017.55585	17.498	0.024
2458032.5509900004	17.497	0.031
2458035.5350599997	17.493	0.03
2458046.51363	17.509	0.031
