2455378.57053	17.843	0.025
2455380.60336	17.797	0.024
2455382.7511299998	17.809	0.035
2455385.60008	17.8	0.02
2455385.69063	17.826	0.024
2455385.7887	17.801	0.022000000000000002
2455388.61161	17.779	0.024
2455391.73043	17.833	0.028999999999999998
2455397.6435700003	17.814	0.037000000000000005
2455404.78043	17.798	0.031
2455408.76493	17.797	0.033
2455412.7657	17.803	0.037000000000000005
2455422.5087599996	17.799	0.033
2455431.6527400003	17.801	0.039
2455433.63576	17.824	0.039
2455439.52948	17.78	0.035
2455446.6589	17.815	0.024
2455457.50826	17.8	0.024
2455460.53411	17.817999999999998	0.033
2455463.5975	17.785	0.031
2455464.55728	17.809	0.033
2455472.53824	17.867	0.040999999999999995
2455481.51072	17.788	0.039
2455483.51249	17.855	0.07200000000000001
2455489.54215	17.798	0.037000000000000005
2455606.88139	17.809	0.028999999999999998
2455612.88528	17.828	0.037000000000000005
2455615.8941099998	17.79	0.027000000000000003
2455621.86253	17.82	0.024
2455624.79011	17.840999999999998	0.031
2455626.88141	17.808	0.027000000000000003
2455628.79507	17.831	0.033
2455629.87514	17.79	0.028999999999999998
2455631.8505700002	17.867	0.028999999999999998
2455633.80553	17.816	0.025
2455634.88195	17.789	0.025
2455637.79248	17.84	0.039
2455640.8935599998	17.811	0.028999999999999998
2455643.74326	17.829	0.033
2455644.89372	17.797	0.047
2455648.75167	17.835	0.033
2455649.8897700002	17.785999999999998	0.022000000000000002
2455651.82612	17.844	0.025
2455654.78355	17.799	0.025
2455655.89493	17.834	0.025
2455657.9245700003	17.755	0.037000000000000005
2455659.80663	17.791	0.024
2455660.92196	17.813	0.037000000000000005
2455664.79101	17.837	0.028999999999999998
2455665.91569	17.86	0.025
2455669.7658700002	17.843	0.031
2455675.7247099997	17.802	0.027000000000000003
2455676.9175400003	17.807000000000002	0.02
2455679.87371	17.794	0.024
2455681.74259	17.792	0.022000000000000002
2455683.68763	17.785999999999998	0.024
2455684.92228	17.813	0.025
2455686.90588	17.852999999999998	0.028999999999999998
2455689.81916	17.808	0.022000000000000002
2455691.8286099997	17.840999999999998	0.028999999999999998
2455693.63851	17.797	0.028999999999999998
2455694.75475	17.822	0.027000000000000003
2455695.89377	17.816	0.024
2455697.63105	17.815	0.035
2455698.7245099996	17.801	0.039
2455705.7571799997	17.8	0.028999999999999998
2455707.68805	17.774	0.027000000000000003
2455708.75712	17.842	0.035
2455712.76738	17.75	0.022000000000000002
2455715.63582	17.857	0.025
2455716.81696	17.798	0.025
2455722.64818	17.836	0.025
2455723.80498	17.820999999999998	0.024
2455725.70148	17.815	0.024
2455734.83445	17.768	0.035
2455736.65279	17.834	0.022000000000000002
2455737.74097	17.794	0.02
2455739.55813	17.857	0.027000000000000003
2455740.6386599997	17.857	0.031
2455741.70774	17.825	0.025
2455742.72053	17.820999999999998	0.022000000000000002
2455743.83355	17.797	0.028999999999999998
2455745.5043200003	17.812	0.035
2455746.68108	17.845	0.027000000000000003
2455748.63474	17.801	0.024
2455752.5743	17.792	0.037000000000000005
2455760.74021	17.813	0.028999999999999998
2455762.51614	17.793	0.028999999999999998
2455763.65057	17.828	0.025
2455764.73757	17.805999999999997	0.025
2455766.56586	17.817	0.025
2455767.72846	17.807000000000002	0.028999999999999998
2455769.50196	17.882	0.027000000000000003
2455775.68507	17.851	0.031
2455778.49468	17.79	0.039
2455785.52391	17.832	0.039
2455787.48083	17.799	0.031
2455788.69446	17.83	0.045
2455793.51918	17.775	0.025
2455795.53166	17.839000000000002	0.033
2455801.5361599997	17.784000000000002	0.028999999999999998
2455804.5991599998	17.796	0.027000000000000003
2455807.61147	17.916	0.043
2455813.65495	17.822	0.028999999999999998
2455817.5542599997	17.815	0.031
2455819.63385	17.838	0.031
2455822.589	17.81	0.027000000000000003
2455827.57994	17.782	0.031
2455829.54856	17.797	0.025
2455831.55882	17.831	0.027000000000000003
2455833.5671900003	17.808	0.025
2455840.57425	17.811	0.031
2455842.5495700003	17.761	0.037000000000000005
2455844.55677	17.88	0.049
2455847.54788	17.831	0.06
2455852.53883	17.837	0.043
2455857.53364	17.695999999999998	0.045
2455977.88355	17.814	0.027000000000000003
2455982.89523	17.797	0.025
2455986.80376	17.84	0.031
2455988.90092	17.789	0.028999999999999998
2455991.8446400003	17.816	0.024
2455994.78858	17.775	0.033
2455996.81597	17.791	0.025
2455998.8243	17.805999999999997	0.025
2456003.87158	17.879	0.031
2456005.85706	17.82	0.02
2456007.83348	17.832	0.025
2456009.7568	17.820999999999998	0.025
2456010.8839	17.811	0.022000000000000002
2456012.81658	17.805999999999997	0.024
2456014.74866	17.85	0.027000000000000003
2456017.76004	17.82	0.02
2456018.8525900003	17.823	0.02
2456020.7338	17.793	0.024
2456021.79312	17.81	0.025
2456022.87425	17.82	0.024
2456025.7047900003	17.802	0.039
2456031.78364	17.83	0.025
2456033.72954	17.823	0.031
2456035.92542	17.824	0.027000000000000003
2456038.72542	17.794	0.025
2456040.7947400003	17.814	0.024
2456047.72267	17.801	0.027000000000000003
2456048.93182	17.8	0.031
2456050.84913	17.813	0.031
2456052.91175	17.759	0.027000000000000003
2456061.76529	17.778	0.022000000000000002
2456062.90279	17.855	0.028999999999999998
2456064.91545	17.797	0.028999999999999998
2456066.76732	17.797	0.02
2456067.8429099997	17.813	0.022000000000000002
2456069.66815	17.802	0.024
2456070.73344	17.787	0.022000000000000002
2456071.81116	17.785999999999998	0.025
2456075.87885	17.826	0.024
2456077.77838	17.81	0.027000000000000003
2456078.8621400003	17.831	0.022000000000000002
2456079.93473	17.854	0.027000000000000003
2456081.58187	17.815	0.037000000000000005
2456082.65228	17.875	0.043
2456085.77605	17.81	0.031
2456086.7842200003	17.83	0.025
2456088.6409	17.834	0.022000000000000002
2456092.78444	17.805	0.022000000000000002
2456094.58055	17.817999999999998	0.037000000000000005
2456096.6933	17.785999999999998	0.027000000000000003
2456097.89567	17.836	0.033
2456099.73965	17.858	0.043
2456101.51546	17.779	0.027000000000000003
2456102.55547	17.852	0.037000000000000005
2456103.57325	17.815	0.025
2456104.65626	17.79	0.022000000000000002
2456105.71052	17.814	0.025
2456108.78397	17.82	0.025
2456109.6682	17.844	0.039
2456113.73915	17.771	0.033
2456114.84094	17.816	0.039
2456116.56596	17.840999999999998	0.022000000000000002
2456117.65754	17.815	0.025
2456118.70998	17.816	0.024
2456121.4796	17.8	0.024
2456123.6026	17.834	0.027000000000000003
2456124.7259400003	17.808	0.024
2456125.81756	17.829	0.028999999999999998
2456127.7414	17.848	0.028999999999999998
2456132.54375	17.87	0.028999999999999998
2456134.54014	17.782	0.035
2456136.4898900003	17.785999999999998	0.039
2456141.4837700003	17.854	0.037000000000000005
2456149.6079599997	17.804000000000002	0.028999999999999998
2456152.4875	17.826	0.028999999999999998
2456157.6647900003	17.785	0.027000000000000003
2456159.52641	17.805	0.027000000000000003
2456161.55912	17.875999999999998	0.031
2456179.57415	17.804000000000002	0.037000000000000005
2456182.48382	17.824	0.031
2456191.49098	17.798	0.040999999999999995
2456196.53417	17.736	0.035
2456199.5222400003	17.825	0.040999999999999995
2456204.50841	17.797	0.027000000000000003
2456211.49739	17.776	0.027000000000000003
2456213.5520099998	17.829	0.031
2456218.5270700003	17.816	0.031
2456219.55706	17.807000000000002	0.027000000000000003
2456340.8892099997	17.83	0.024
2456347.83172	17.799	0.027000000000000003
2456350.8739	17.816	0.027000000000000003
2456354.78541	17.823	0.035
2456361.90515	17.778	0.025
2456367.8752900003	17.801	0.02
2456369.9037200003	17.812	0.022000000000000002
2456371.88963	17.817	0.022000000000000002
2456372.8816	17.819000000000003	0.022000000000000002
2456374.85274	17.854	0.025
2456376.80059	17.819000000000003	0.022000000000000002
2456378.7428	17.808	0.031
2456379.8683700003	17.807000000000002	0.027000000000000003
2456381.83899	17.805	0.022000000000000002
2456386.76448	17.797	0.024
2456387.8607400004	17.865	0.025
2456389.79392	17.827	0.024
2456390.86002	17.804000000000002	0.024
2456393.80896	17.866	0.027000000000000003
2456395.82612	17.84	0.022000000000000002
2456397.7897799998	17.819000000000003	0.02
2456399.71438	17.817999999999998	0.025
2456401.74716	17.84	0.02
2456402.92831	17.813	0.047
2456404.86058	17.846	0.024
2456405.8516700002	17.773	0.02
2456407.79225	17.832	0.028999999999999998
2456415.71438	17.797	0.035
2456416.90931	17.814	0.022000000000000002
2456418.74042	17.832	0.022000000000000002
2456419.90268	17.797	0.025
2456421.88233	17.754	0.028999999999999998
2456423.88322	17.833	0.027000000000000003
2456426.73717	17.823	0.022000000000000002
2456428.88631	17.86	0.027000000000000003
2456432.6545700002	17.815	0.027000000000000003
2456433.74799	17.831	0.027000000000000003
2456434.93725	17.752	0.037000000000000005
2456435.58465	17.899	0.043
2456436.67853	17.782	0.025
2456437.89507	17.805	0.045
2456442.73065	17.771	0.022000000000000002
2456444.87175	17.889	0.027000000000000003
2456446.90515	17.794	0.024
2456447.9317099997	17.785	0.024
2456449.5699	17.805	0.025
2456450.62005	17.820999999999998	0.024
2456451.67915	17.846	0.025
2456452.80922	17.83	0.02
2456454.8513700003	17.779	0.027000000000000003
2456456.73697	17.825	0.018000000000000002
2456458.58981	17.809	0.027000000000000003
2456459.6398099996	17.839000000000002	0.022000000000000002
2456460.89373	17.799	0.024
2456462.80736	17.81	0.025
2456463.8545	17.767	0.025
2456468.5767200002	17.78	0.025
2456469.7461599996	17.819000000000003	0.028999999999999998
2456473.56768	17.805	0.024
2456474.64231	17.785999999999998	0.025
2456475.73668	17.804000000000002	0.024
2456476.7867400004	17.831	0.022000000000000002
2456478.54806	17.846	0.033
2456480.60549	17.839000000000002	0.028999999999999998
2456481.7595	17.864	0.028999999999999998
2456485.57851	17.852	0.025
2456486.74156	17.866	0.024
2456487.82272	17.787	0.025
2456490.6252599997	17.838	0.024
2456491.77724	17.815	0.025
2456496.53075	17.814	0.033
2456498.5616	17.785	0.02
2456500.6531700003	17.842	0.039
2456505.4785599997	17.816	0.028999999999999998
2456507.62928	17.820999999999998	0.028999999999999998
2456509.58667	17.799	0.018000000000000002
2456510.752	17.808	0.031
2456514.7332900004	17.851	0.025
2456518.58197	17.805999999999997	0.022000000000000002
2456523.55767	17.817	0.025
2456525.57475	17.772000000000002	0.033
2456531.54002	17.847	0.024
2456534.51177	17.795	0.025
2456539.48358	17.862000000000002	0.027000000000000003
2456544.5236299997	17.944000000000003	0.033
2456559.55533	17.822	0.024
2456563.55152	17.829	0.031
2456565.61093	17.795	0.025
2456569.56875	17.8	0.025
2456572.54633	17.819000000000003	0.027000000000000003
2456581.5255299998	17.788	0.031
2456584.5268599996	17.884	0.040999999999999995
2456701.86215	17.769000000000002	0.025
2456708.8700200003	17.843	0.027000000000000003
2456711.89273	17.822	0.027000000000000003
2456717.83335	17.852999999999998	0.028999999999999998
2456719.89825	17.792	0.022000000000000002
2456722.8320400002	17.86	0.031
2456724.8541	17.81	0.025
2456726.84305	17.785999999999998	0.024
2456728.84795	17.812	0.02
2456730.81813	17.785999999999998	0.031
2456732.87514	17.839000000000002	0.033
2456734.82831	17.795	0.024
2456735.91269	17.75	0.027000000000000003
2456737.77822	17.825	0.025
2456741.86614	17.828	0.025
2456742.81483	17.804000000000002	0.02
2456744.9128	17.827	0.02
2456746.81565	17.827	0.022000000000000002
2456748.85072	17.774	0.022000000000000002
2456751.72639	17.84	0.033
2456751.74253	17.884	0.037000000000000005
2456754.76358	17.789	0.027000000000000003
2456756.7053099996	17.8	0.024
2456758.8585099997	17.782	0.025
2456760.80868	17.824	0.02
2456762.7538799997	17.799	0.027000000000000003
2456764.7197	17.785999999999998	0.025
2456765.87878	17.814	0.025
2456769.79998	17.793	0.022000000000000002
2456770.9079299998	17.812	0.024
2456772.8303799997	17.84	0.02
2456774.717	17.875999999999998	0.033
2456775.9315	17.774	0.025
2456777.91145	17.761	0.024
2456790.64052	17.747	0.035
2456791.6937	17.787	0.031
2456792.74415	17.805	0.027000000000000003
2456796.7971200002	17.813	0.025
2456797.8870900003	17.744	0.039
2456803.7434	17.828	0.022000000000000002
2456804.7546900003	17.807000000000002	0.025
2456805.81666	17.789	0.027000000000000003
2456807.7996099996	17.819000000000003	0.031
2456808.82273	17.826	0.024
2456809.87563	17.811	0.027000000000000003
2456810.90736	17.819000000000003	0.028999999999999998
2456811.92013	17.814	0.037000000000000005
2456814.71196	17.811	0.024
2456815.78815	17.792	0.024
2456816.86204	17.86	0.037000000000000005
2456817.92708	17.787	0.033
2456819.77519	17.802	0.035
2456824.63268	17.785	0.033
2456825.65542	17.845	0.025
2456826.6655900003	17.822	0.025
2456827.75731	17.815	0.022000000000000002
2456828.80345	17.788	0.024
2456829.7776200003	17.769000000000002	0.025
2456830.80223	17.783	0.022000000000000002
2456832.5592900002	17.8	0.025
2456833.6252900003	17.804000000000002	0.031
2456834.63232	17.785	0.027000000000000003
2456835.70646	17.778	0.027000000000000003
2456836.7398	17.784000000000002	0.031
2456837.75093	17.802	0.027000000000000003
2456838.7513	17.812	0.027000000000000003
2456839.76714	17.812	0.028999999999999998
2456840.81562	17.812	0.037000000000000005
2456842.56698	17.801	0.033
2456844.59571	17.797	0.022000000000000002
2456845.58413	17.768	0.024
2456847.5757	17.779	0.025
2456851.53966	17.796	0.031
2456852.46438	17.784000000000002	0.054000000000000006
2456852.6011900003	17.791	0.028999999999999998
2456855.678	17.789	0.022000000000000002
2456856.70296	17.803	0.024
2456857.7536400002	17.81	0.024
2456859.5764200003	17.828	0.028999999999999998
2456862.76401	17.795	0.027000000000000003
2456864.52072	17.803	0.027000000000000003
2456870.5847400003	17.834	0.025
2456872.734	17.854	0.033
2456879.6502400003	17.825	0.037000000000000005
2456881.60303	17.85	0.033
2456883.51244	17.873	0.027000000000000003
2456885.71708	17.82	0.028999999999999998
2456887.62679	17.824	0.024
2456889.5613	17.816	0.025
2456890.71089	17.836	0.028999999999999998
2456895.67948	17.814	0.025
2456909.52942	17.838	0.043
2456919.56324	17.785999999999998	0.027000000000000003
2456924.51656	17.857	0.040999999999999995
2456927.5139599997	17.825	0.040999999999999995
2456930.54222	17.851	0.049
2456932.55084	17.882	0.049
2456938.56479	17.8	0.039
2456943.54489	17.775	0.037000000000000005
2457066.86475	17.792	0.033
2457070.8993	17.708	0.043
2457074.85976	17.803	0.033
2457075.83561	17.838	0.039
2457076.9015200003	17.761	0.039
2457078.8760900004	17.79	0.024
2457080.89831	17.750999999999998	0.027000000000000003
2457083.80943	17.724	0.027000000000000003
2457084.80265	17.816	0.049
2457086.8791900002	17.781	0.025
2457089.79012	17.739	0.028999999999999998
2457091.82125	17.78	0.028999999999999998
2457098.89538	17.754	0.02
2457100.87813	17.775	0.022000000000000002
2457108.8287299997	17.748	0.028999999999999998
2457109.77673	17.730999999999998	0.027000000000000003
2457110.90161	17.75	0.02
2457112.86584	17.761	0.025
2457113.86908	17.732	0.02
2457115.86737	17.705	0.02
2457116.88256	17.727	0.025
2457117.86925	17.686	0.02
2457119.91237	17.725	0.027000000000000003
2457120.84509	17.705	0.025
2457125.75368	17.723	0.033
2457129.76771	17.691	0.022000000000000002
2457130.92788	17.689	0.027000000000000003
2457131.78181	17.682000000000002	0.02
2457132.84306	17.684	0.02
2457134.9134400003	17.667	0.022000000000000002
2457136.77923	17.67	0.022000000000000002
2457137.91634	17.717	0.033
2457139.76883	17.698	0.022000000000000002
2457140.89561	17.653	0.022000000000000002
2457142.7302900003	17.633	0.02
2457143.84084	17.665	0.022000000000000002
2457145.79881	17.625	0.025
2457146.83275	17.622	0.025
2457147.8541900003	17.634	0.031
2457153.70296	17.605999999999998	0.018000000000000002
2457154.79248	17.619	0.02
2457155.8862099997	17.581	0.022000000000000002
2457157.81093	17.579	0.02
2457158.91169	17.570999999999998	0.025
2457160.63167	17.574	0.024
2457161.70573	17.582	0.018000000000000002
2457162.76094	17.555999999999997	0.022000000000000002
2457163.82657	17.584	0.02
2457165.62493	17.537	0.024
2457168.79568	17.505	0.02
2457170.59326	17.534000000000002	0.022000000000000002
2457172.63934	17.493	0.022000000000000002
2457173.6603	17.499000000000002	0.022000000000000002
2457174.66916	17.512999999999998	0.022000000000000002
2457175.68295	17.469	0.022000000000000002
2457178.64554	17.528	0.02
2457179.6378	17.48	0.025
2457180.63305	17.482	0.025
2457181.62869	17.465	0.018000000000000002
2457182.64612	17.43	0.016
2457183.65818	17.461	0.02
2457184.6938400003	17.448	0.02
2457185.72381	17.452	0.024
2457186.87582	17.407	0.022000000000000002
2457187.88885	17.412	0.022000000000000002
2457189.58793	17.418	0.02
2457190.64503	17.401	0.02
2457191.8259799997	17.395	0.022000000000000002
2457194.70239	17.393	0.016
2457197.78932	17.357	0.02
2457198.8156	17.369	0.025
2457199.8157599997	17.326	0.016
2457200.8007900002	17.347	0.02
2457206.67935	17.277	0.022000000000000002
2457207.6958	17.292	0.02
2457209.83068	17.29	0.025
2457211.82084	17.255	0.022000000000000002
2457217.57139	17.238	0.018000000000000002
2457219.736	17.209	0.016
2457221.48893	17.205	0.02
2457222.54439	17.227999999999998	0.016
2457223.68765	17.215999999999998	0.018000000000000002
2457224.77757	17.234	0.02
2457226.68857	17.188	0.016
2457227.6995	17.262	0.016
2457228.75696	17.23	0.016
2457229.79623	17.221	0.018000000000000002
2457235.68711	17.268	0.025
2457249.58882	17.366	0.02
2457252.65352	17.362000000000002	0.018000000000000002
2457255.60911	17.409000000000002	0.02
2457263.51714	17.473	0.02
2457264.69639	17.495	0.025
2457267.6866	17.514	0.025
2457269.67971	17.549	0.022000000000000002
2457272.5334099997	17.541	0.024
2457277.48337	17.557000000000002	0.024
2457281.5118400003	17.61	0.033
2457292.56683	17.698	0.047
2457295.53652	17.674	0.025
2457299.5826	17.752	0.033
2457317.51536	17.707	0.033
2457435.85215	17.840999999999998	0.039
2457438.8335700002	17.767	0.031
2457441.82553	17.739	0.043
2457445.83596	17.774	0.028999999999999998
2457447.86332	17.858	0.025
2457451.8738700002	17.840999999999998	0.031
2457453.83115	17.768	0.02
2457456.79483	17.812	0.033
2457458.80501	17.8	0.031
2457461.80468	17.794	0.024
2457463.83362	17.767	0.024
2457465.90395	17.812	0.024
2457470.8097900003	17.79	0.025
2457471.90831	17.845	0.028999999999999998
2457474.76298	17.849	0.033
2457475.7952099997	17.887999999999998	0.043
2457484.83458	17.814	0.025
2457486.76849	17.817999999999998	0.027000000000000003
2457487.8766	17.817	0.024
2457489.90979	17.839000000000002	0.027000000000000003
2457492.73318	17.82	0.024
2457493.72568	17.847	0.031
2457494.71808	17.749000000000002	0.024
2457495.6923700003	17.822	0.033
2457495.91301	17.805	0.025
2457498.8436	17.837	0.031
2457499.79908	17.798	0.024
2457500.74032	17.862000000000002	0.035
2457507.7606200003	17.769000000000002	0.024
2457508.80913	17.852	0.02
2457509.90601	17.807000000000002	0.027000000000000003
2457512.86083	17.817999999999998	0.02
2457522.9123299997	17.887999999999998	0.037000000000000005
2457526.81475	17.798	0.027000000000000003
2457529.88309	17.785999999999998	0.045
2457534.8133900003	17.837	0.024
2457536.81267	17.782	0.024
2457546.62928	17.846	0.031
2457547.58984	17.852999999999998	0.037000000000000005
2457548.68579	17.791	0.018000000000000002
2457549.8541	17.785	0.027000000000000003
2457550.83256	17.75	0.024
2457555.56883	17.815	0.031
2457555.90278	17.814	0.027000000000000003
2457557.8755900003	17.789	0.033
2457561.66232	17.761	0.035
2457562.65285	17.804000000000002	0.031
2457566.84322	17.82	0.043
2457567.78707	17.765	0.028999999999999998
2457568.78603	17.822	0.033
2457569.8035	17.861	0.025
2457570.65068	17.902	0.022000000000000002
2457575.6420400003	17.835	0.024
2457576.66406	17.81	0.024
2457579.70057	17.817	0.025
2457584.58226	17.815	0.033
2457589.57435	17.781	0.035
2457590.5906	17.828	0.025
2457593.5715	17.820999999999998	0.024
2457596.52172	17.79	0.02
2457600.55305	17.873	0.033
2457602.64422	17.8	0.027000000000000003
2457603.6848	17.817	0.024
2457604.6918599997	17.785999999999998	0.024
2457605.7329599997	17.808	0.025
2457607.70543	17.811	0.024
2457609.52386	17.879	0.033
2457610.68203	17.801	0.024
2457612.65476	17.715	0.045
2457617.50085	17.827	0.035
2457618.6287	17.785999999999998	0.033
2457621.70521	17.77	0.033
2457623.6326	17.82	0.022000000000000002
2457625.58497	17.789	0.025
2457630.59595	17.79	0.025
2457632.60298	17.798	0.024
2457636.48401	17.848	0.037000000000000005
2457638.5262	17.827	0.031
2457644.55766	17.826	0.047
2457648.62037	17.85	0.033
2457651.54125	17.788	0.025
2457653.60659	17.764	0.024
2457656.58653	17.776	0.033
2457659.5899900002	17.82	0.027000000000000003
2457662.57521	17.787	0.028999999999999998
2457664.57513	17.794	0.035
2457796.8779	17.785	0.028999999999999998
2457799.8507	17.829	0.045
2457800.8909400003	17.783	0.028999999999999998
2457802.8821900003	17.82	0.037000000000000005
2457808.82892	17.835	0.033
2457808.84501	17.817	0.031
2457811.8198599997	17.881	0.033
2457814.83542	17.823	0.027000000000000003
2457817.80529	17.799	0.025
2457819.83167	17.832	0.025
2457821.86889	17.785	0.031
2457823.8796099997	17.792	0.025
2457826.78114	17.759	0.033
2457827.88934	17.805	0.025
2457830.79585	17.82	0.047
2457835.8683599997	17.809	0.033
2457837.8656200003	17.773	0.022000000000000002
2457839.87256	17.798	0.022000000000000002
2457841.8704	17.785999999999998	0.035
2457843.82692	17.784000000000002	0.025
2457845.76133	17.831	0.028999999999999998
2457846.9183400003	17.813	0.025
2457848.84871	17.798	0.022000000000000002
2457850.7662299997	17.832	0.028999999999999998
2457851.90598	17.81	0.025
2457854.82419	17.798	0.024
2457856.74559	17.765	0.040999999999999995
2457858.86259	17.826	0.028999999999999998
2457862.86416	17.817999999999998	0.031
2457865.76964	17.809	0.02
2457866.89951	17.801	0.022000000000000002
2457868.84018	17.772000000000002	0.028999999999999998
2457870.72816	17.804000000000002	0.02
2457871.88318	17.788	0.022000000000000002
2457873.73759	17.783	0.02
2457874.82666	17.836	0.028999999999999998
2457876.72505	17.796	0.027000000000000003
2457877.8174	17.774	0.02
2457879.68436	17.804000000000002	0.031
2457880.835	17.812	0.033
2457882.78882	17.812	0.031
2457890.8569799997	17.795	0.031
2457893.9162	17.797	0.033
2457894.91397	17.778	0.025
2457901.66915	17.839000000000002	0.027000000000000003
2457902.79258	17.79	0.025
2457904.58872	17.791	0.035
2457904.9443599996	17.781	0.045
2457905.9272	17.809	0.033
2457906.8757	17.822	0.025
2457908.62079	17.816	0.031
2457908.9380099997	17.75	0.035
2457909.88746	17.769000000000002	0.025
2457910.80904	17.808	0.024
2457911.67535	17.817	0.031
2457917.7083900003	17.808	0.028999999999999998
2457923.5893200003	17.791	0.031
2457924.5578900003	17.797	0.027000000000000003
2457925.5820299997	17.812	0.033
2457926.61655	17.859	0.031
2457932.62514	17.829	0.028999999999999998
2457933.61606	17.815	0.027000000000000003
2457934.62739	17.817999999999998	0.025
2457935.6501700003	17.829	0.025
2457936.6242400003	17.77	0.025
2457937.61276	17.789	0.027000000000000003
2457938.6417799997	17.784000000000002	0.035
2457944.75126	17.827	0.033
2457945.66093	17.808	0.027000000000000003
2457946.60414	17.796	0.028999999999999998
2457947.6366	17.808	0.028999999999999998
2457948.66021	17.798	0.031
2457949.7058900003	17.79	0.035
2457949.70929	17.84	0.039
2457953.63375	17.796	0.025
2457954.65174	17.779	0.02
2457956.62628	17.803	0.025
2457958.59775	17.767	0.031
2457959.60067	17.814	0.024
2457960.64091	17.798	0.024
2457961.68505	17.815	0.022000000000000002
2457964.6128	17.767	0.025
2457966.56319	17.783	0.028999999999999998
2457971.50751	17.823	0.035
2457972.51959	17.836	0.049
2457973.63634	17.747	0.031
2457974.7308900002	17.783	0.031
2457980.54936	17.815	0.031
2457982.49372	17.803	0.028999999999999998
2457983.66388	17.804000000000002	0.022000000000000002
2457985.62257	17.801	0.035
2457987.66493	17.773	0.022000000000000002
2457991.64629	17.87	0.037000000000000005
2457993.60959	17.793	0.025
2457998.56507	17.774	0.025
2458001.5467	17.799	0.025
2458004.54895	17.816	0.033
2458010.5518799997	17.796	0.025
2458014.49992	17.796	0.028999999999999998
2458017.54058	17.822	0.025
2458021.5594	17.8	0.028999999999999998
2458032.56636	17.785	0.037000000000000005
2458048.50361	17.779	0.024
