2455377.65561	18.396	0.035
2455377.67668	18.367	0.039
2455379.7222700003	18.35	0.036000000000000004
2455381.81642	18.429000000000002	0.057999999999999996
2455387.58105	18.37	0.031
2455390.72664	18.412	0.035
2455393.81823	18.409000000000002	0.065
2455404.51267	18.489	0.052000000000000005
2455407.7724900004	18.369	0.057
2455411.71024	18.372	0.032
2455418.65405	18.387	0.035
2455430.59124	18.406	0.05
2455436.65229	18.507	0.049
2455445.50392	18.368	0.032
2455450.62405	18.477	0.05
2455457.62282	18.346	0.052000000000000005
2455461.48837	18.313	0.07400000000000001
2455467.49211	18.339000000000002	0.042
2455473.53913	18.42	0.046
2455494.52358	18.317	0.079
2455605.88532	18.432000000000002	0.04
2455608.8928	18.317999999999998	0.07400000000000001
2455611.88442	18.355	0.042
2455614.84505	18.384	0.049
2455620.83516	18.38	0.04
2455624.81179	18.445	0.046
2455625.80905	18.41	0.04
2455627.79849	18.404	0.047
2455629.8122	18.471	0.042
2455630.8486	18.422	0.045
2455632.80773	18.406	0.046
2455634.78664	18.371	0.035
2455635.82474	18.336	0.049
2455638.7838	18.479	0.063
2455640.8464900004	18.453	0.052000000000000005
2455642.86367	18.386	0.04
2455642.88352	18.498	0.05
2455644.82888	18.366	0.04
2455649.85076	18.367	0.031
2455651.7847	18.375	0.036000000000000004
2455653.91163	18.387	0.028999999999999998
2455655.84963	18.339000000000002	0.027999999999999997
2455657.88202	18.368	0.028999999999999998
2455659.7689900002	18.46	0.035
2455660.86521	18.427	0.039
2455664.74867	18.389	0.049
2455665.86993	18.289	0.035
2455668.90538	18.39	0.054000000000000006
2455675.9009700003	18.377	0.042
2455680.68946	18.377	0.042
2455683.7389	18.423	0.036000000000000004
2455686.8941900004	18.410999999999998	0.047
2455692.75992	18.401	0.036000000000000004
2455694.90588	18.392	0.047
2455697.76677	18.428	0.043
2455707.6332400003	18.448	0.04
2455712.6400900004	18.367	0.043
2455712.6526	18.335	0.038
2455716.6573	18.41	0.038
2455723.61319	18.453	0.039
2455726.61791	18.38	0.052000000000000005
2455735.77888	18.444000000000003	0.038
2455737.87129	18.383	0.045
2455740.7436599997	18.38	0.035
2455742.74808	18.386	0.031
2455745.79405	18.325	0.046
2455749.5821	18.439	0.039
2455760.6646	18.415	0.046
2455765.63835	18.439	0.036000000000000004
2455769.53215	18.387	0.032
2455778.4822	18.383	0.06
2455786.58989	18.359	0.052000000000000005
2455790.66113	18.38	0.039
2455795.61586	18.42	0.057999999999999996
2455804.5347700003	18.409000000000002	0.036000000000000004
2455815.57448	18.362000000000002	0.032
2455819.6087599997	18.349	0.046
2455822.54559	18.477	0.053
2455827.54984	18.590999999999998	0.071
2455829.50313	18.38	0.046
2455831.5227200002	18.385	0.039
2455833.52914	18.324	0.039
2455840.53719	18.445999999999998	0.052000000000000005
2455844.51933	18.267	0.05
2455846.56116	18.375999999999998	0.07400000000000001
2455852.50996	18.311	0.06
2455977.83644	18.396	0.046
2455982.85903	18.383	0.036000000000000004
2455985.87929	18.422	0.035
2455988.8651799997	18.391	0.036000000000000004
2455991.8128	18.506	0.064
2455993.8797	18.351	0.04
2455995.90057	18.409000000000002	0.038
2455998.78563	18.412	0.052000000000000005
2456003.81379	18.421	0.057
2456005.8218099996	18.412	0.039
2456007.79751	18.394000000000002	0.032
2456008.91341	18.334	0.049
2456010.8566400004	18.367	0.028999999999999998
2456012.7886	18.397000000000002	0.035
2456013.9117400004	18.419	0.034
2456015.8149599996	18.349	0.027000000000000003
2456017.73293	18.343	0.035
2456018.82438	18.352	0.031
2456019.92623	18.439	0.046
2456021.76609	18.415	0.039
2456022.8182599996	18.368	0.034
2456023.90751	18.408	0.04
2456024.8988200002	18.391	0.04
2456033.76265	18.442999999999998	0.042
2456037.8267200002	18.401	0.034
2456041.7459400003	18.39	0.046
2456048.8489900003	18.409000000000002	0.028999999999999998
2456052.67282	18.351	0.054000000000000006
2456058.7615099996	18.461	0.04
2456061.90725	18.430999999999997	0.04
2456064.90394	18.328	0.034
2456067.6675	18.361	0.034
2456069.77602	18.397000000000002	0.028999999999999998
2456071.7365099997	18.44	0.035
2456076.79044	18.381	0.034
2456078.91541	18.379	0.042
2456080.8890299997	18.375999999999998	0.046
2456086.67078	18.44	0.034
2456089.7464099997	18.4	0.031
2456094.5821700003	18.413	0.057999999999999996
2456097.7554599997	18.377	0.042
2456100.6036099996	18.410999999999998	0.047
2456102.53212	18.386	0.053
2456103.83595	18.363	0.043
2456105.76453	18.409000000000002	0.054000000000000006
2456113.77856	18.359	0.042
2456115.7946	18.335	0.053
2456117.76334	18.379	0.038
2456119.70365	18.395	0.028999999999999998
2456121.69995	18.334	0.027000000000000003
2456124.78236	18.526	0.053
2456127.5391700002	18.383	0.043
2456132.6916	18.347	0.036000000000000004
2456135.76052	18.425	0.045
2456140.7481299997	18.42	0.08199999999999999
2456147.70688	18.444000000000003	0.049
2456151.67944	18.484	0.046
2456158.63492	18.434	0.04
2456164.4969200003	18.424	0.065
2456169.62598	18.413	0.046
2456179.56315	18.44	0.05
2456183.61081	18.45	0.04
2456191.5866900003	18.432000000000002	0.049
2456196.4876599996	18.549	0.053
2456198.5679099998	18.423	0.065
2456210.58456	18.354	0.05
2456213.52522	18.039	0.032
2456218.5000299998	18.397000000000002	0.049
2456340.86035	18.401	0.036000000000000004
2456345.85401	18.329	0.032
2456350.82884	18.386	0.045
2456353.86179	18.364	0.036000000000000004
2456361.87334	18.402	0.034
2456367.84834	18.397000000000002	0.027999999999999997
2456369.86941	18.412	0.027000000000000003
2456371.86044	18.348	0.025
2456372.85378	18.409000000000002	0.031
2456374.82376	18.366	0.031
2456376.76976	18.387999999999998	0.038
2456377.9008	18.364	0.027000000000000003
2456379.8404099997	18.340999999999998	0.034
2456381.8018400003	18.387999999999998	0.032
2456382.9034599997	18.509	0.079
2456387.83307	18.349	0.027999999999999997
2456389.7217599996	18.406	0.047
2456390.81713	18.425	0.034
2456391.79953	18.375	0.042
2456395.9122200003	18.35	0.027999999999999997
2456398.9034	18.366	0.034
2456402.69837	18.449	0.049
2456404.92767	18.384	0.04
2456417.81893	18.414	0.032
2456419.92967	18.375	0.038
2456423.7436900004	18.461	0.042
2456426.91358	18.447	0.034
2456432.63973	18.361	0.036000000000000004
2456434.7528	18.378	0.034
2456436.81295	18.337	0.04
2456442.68285	18.424	0.032
2456445.76807	18.352999999999998	0.031
2456447.7705599996	18.417	0.031
2456449.68511	18.397000000000002	0.032
2456451.62708	18.340999999999998	0.035
2456454.62783	18.409000000000002	0.032
2456456.7938099997	18.465	0.035
2456459.5455400003	18.474	0.049
2456461.69095	18.430999999999997	0.045
2456463.82927	18.322	0.035
2456469.5607	18.413	0.042
2456473.8228599997	18.487000000000002	0.043
2456475.77878	18.384	0.035
2456477.75453	18.327	0.042
2456480.77764	18.377	0.035
2456487.70652	18.346	0.027999999999999997
2456491.4747200003	18.410999999999998	0.05
2456499.47477	18.403	0.04
2456505.62883	18.404	0.042
2456508.7527099997	18.4	0.038
2456511.72495	18.366	0.04
2456518.63578	18.365	0.032
2456524.6547	18.314	0.045
2456532.5671900003	18.349	0.028999999999999998
2456539.5365	18.44	0.028999999999999998
2456546.58269	18.375999999999998	0.049
2456560.59723	18.393	0.063
2456565.57863	18.45	0.045
2456569.53959	18.464000000000002	0.035
2456572.50752	18.402	0.05
2456580.51544	18.368	0.06
2456584.4873	18.449	0.096
2456700.87642	18.323	0.031
2456708.8377799997	18.401	0.036000000000000004
2456716.90162	18.375999999999998	0.04
2456719.88199	18.416	0.034
2456721.89861	18.378	0.032
2456724.8213	18.362000000000002	0.047
2456726.8244	18.307000000000002	0.034
2456728.81378	18.384	0.028999999999999998
2456730.78655	18.335	0.052000000000000005
2456732.8587599997	18.334	0.057
2456734.79512	18.437	0.038
2456735.89645	18.43	0.036000000000000004
2456737.8413299997	18.417	0.032
2456744.8236	18.352	0.035
2456745.9087400003	18.444000000000003	0.031
2456750.81857	18.395	0.032
2456752.86221	18.365	0.035
2456756.71818	18.345	0.027999999999999997
2456757.91371	18.382	0.027000000000000003
2456760.70097	18.320999999999998	0.032
2456761.86695	18.44	0.04
2456763.86205	18.384	0.039
2456765.78068	18.35	0.034
2456769.70679	18.444000000000003	0.028999999999999998
2456770.8185	18.371	0.028999999999999998
2456772.7242400004	18.395	0.028999999999999998
2456773.8922	18.368	0.028999999999999998
2456775.83017	18.362000000000002	0.027999999999999997
2456777.78221	18.372	0.028999999999999998
2456784.93885	18.389	0.083
2456785.93337	18.381	0.046
2456789.85707	18.296	0.039
2456790.93825	18.371	0.065
2456792.64993	18.342	0.054000000000000006
2456796.70163	18.389	0.043
2456797.8009599997	18.344	0.052000000000000005
2456803.62978	18.419	0.038
2456804.65235	18.395	0.038
2456805.7049	18.451	0.042
2456807.70249	18.448	0.047
2456808.70947	18.36	0.034
2456809.7659400003	18.364	0.027999999999999997
2456810.8080700003	18.430999999999997	0.035
2456811.82852	18.464000000000002	0.047
2456813.9324	18.37	0.057
2456815.66304	18.328	0.039
2456816.75788	18.445999999999998	0.042
2456817.8372	18.343	0.042
2456819.69337	18.442	0.07200000000000001
2456823.9042700003	18.423	0.075
2456825.56701	18.382	0.036000000000000004
2456826.57761	18.374000000000002	0.042
2456827.62282	18.428	0.036000000000000004
2456828.6796	18.42	0.032
2456829.68727	18.387999999999998	0.032
2456830.71253	18.327	0.025
2456831.8409700003	18.414	0.05
2456833.52985	18.484	0.065
2456834.54578	18.405	0.05
2456835.59723	18.332	0.038
2456836.63287	18.418	0.039
2456837.6422900003	18.361	0.036000000000000004
2456838.64169	18.384	0.032
2456839.65643	18.407	0.038
2456840.7286900003	18.374000000000002	0.042
2456841.82186	18.351	0.05
2456844.50721	18.394000000000002	0.04
2456845.49791	18.415	0.035
2456847.4997900003	18.375	0.046
2456847.81787	18.404	0.055999999999999994
2456852.49826	18.428	0.047
2456855.56673	18.436	0.043
2456856.60326	18.418	0.032
2456857.65975	18.355999999999998	0.028999999999999998
2456858.7176	18.448	0.038
2456862.6759	18.399	0.043
2456863.75653	18.394000000000002	0.047
2456866.5638900003	18.365	0.043
2456872.61799	18.465	0.039
2456879.52203	18.445999999999998	0.068
2456880.73859	18.316	0.078
2456882.6771400003	18.395	0.043
2456885.62109	18.399	0.036000000000000004
2456887.51944	18.374000000000002	0.034
2456888.6937700002	18.457	0.053
2456890.62658	18.317	0.04
2456895.58699	18.378	0.032
2456918.5951	18.471	0.06
2456923.5205900003	18.425	0.063
2456926.53742	18.406	0.046
2456929.56581	18.509	0.061
2456937.56563	18.233	0.057
2456942.5244400003	18.410999999999998	0.049
2457085.90105	18.36	0.034
2457088.8319900003	18.434	0.039
2457090.86636	18.43	0.042
2457092.86936	18.336	0.034
2457098.78337	18.438	0.036000000000000004
2457100.7703299997	18.404	0.045
2457102.86081	18.35	0.04
2457110.79027	18.377	0.028999999999999998
2457112.74285	18.375	0.055999999999999994
2457113.76962	18.369	0.032
2457115.7804900003	18.474	0.038
2457117.77078	18.366	0.035
2457119.8197	18.418	0.046
2457125.72137	18.399	0.039
2457126.92886	18.331	0.047
2457130.84073	18.406	0.04
2457132.72907	18.399	0.042
2457134.80135	18.4	0.036000000000000004
2457136.69205	18.392	0.035
2457137.81432	18.396	0.028999999999999998
2457138.93188	18.459	0.05
2457140.7865400002	18.397000000000002	0.038
2457141.92188	18.434	0.036000000000000004
2457143.74205	18.363	0.038
2457144.8870900003	18.364	0.046
2457146.75493	18.343	0.04
2457147.7749400004	18.396	0.049
2457152.9396599997	18.323	0.065
2457154.6979799997	18.393	0.031
2457155.7760900003	18.375	0.031
2457157.66295	18.262999999999998	0.027000000000000003
2457158.82416	18.434	0.039
2457159.86888	18.397000000000002	0.047
2457160.93929	18.327	0.054000000000000006
2457162.6633599997	18.408	0.032
2457163.71748	18.423	0.047
2457164.86965	18.405	0.04
2457166.8914799998	18.359	0.043
2457169.87452	18.404	0.032
2457170.8995	18.34	0.04
2457172.94602	18.320999999999998	0.07400000000000001
2457174.58344	18.362000000000002	0.06
2457175.5937900003	18.449	0.07
2457178.8885	18.429000000000002	0.063
2457179.92534	18.452	0.053
2457180.9254400004	18.340999999999998	0.047
2457182.55973	18.488	0.045
2457183.5704200002	18.409000000000002	0.038
2457184.60693	18.42	0.045
2457185.61423	18.398	0.042
2457186.70199	18.437	0.061
2457187.79674	18.386	0.038
2457188.81646	18.487000000000002	0.053
2457189.89673	18.374000000000002	0.053
2457191.64036	18.422	0.036000000000000004
2457194.58798	18.385	0.032
2457197.6905900002	18.37	0.031
2457198.7272799998	18.41	0.039
2457199.72931	18.354	0.031
2457200.70805	18.385	0.028999999999999998
2457206.57793	18.345	0.055999999999999994
2457207.60408	18.322	0.035
2457209.74406	18.346	0.042
2457211.73358	18.343	0.032
2457214.7072099997	18.406	0.039
2457219.63802	18.385	0.032
2457220.75895	18.406	0.032
2457221.78778	18.391	0.034
2457223.5788	18.396	0.04
2457224.68166	18.419	0.038
2457226.57996	18.401	0.035
2457227.59788	18.398	0.034
2457228.6581200003	18.425	0.046
2457229.71017	18.385	0.038
2457235.50212	18.38	0.06
2457248.48363	18.461	0.052000000000000005
2457249.48183	18.361	0.05
2457252.52202	18.361	0.046
2457255.49464	18.399	0.045
2457257.6184799997	18.37	0.042
2457261.63125	18.382	0.07200000000000001
2457264.58418	18.448	0.047
2457267.58113	18.393	0.042
2457269.57438	18.364	0.035
2457271.5809400002	18.351	0.04
2457275.61309	18.342	0.064
2457278.6009	18.394000000000002	0.046
2457291.5181	18.399	0.08199999999999999
2457294.53684	18.435	0.068
2457299.57903	18.526	0.063
2457312.50179	18.298	0.057
2457424.87895	18.357	0.035
2457425.87498	18.402	0.045
2457427.86318	18.409000000000002	0.054000000000000006
2457428.85413	18.316	0.032
2457429.86021	18.346	0.04
2457431.88335	18.374000000000002	0.035
2457432.8530099997	18.338	0.036000000000000004
2457433.8511799998	18.44	0.039
2457434.84331	18.401	0.052000000000000005
2457435.8838299997	18.384	0.043
2457438.86886	18.44	0.043
2457441.8310599998	18.25	0.054000000000000006
2457443.85674	18.336	0.05
2457444.83615	18.429000000000002	0.046
2457445.85548	18.371	0.039
2457447.8775400002	18.436	0.039
2457451.85447	18.381	0.052000000000000005
2457453.84769	18.361	0.027000000000000003
2457456.8096	18.44	0.046
2457458.8333	18.31	0.036000000000000004
2457461.83297	18.37	0.028999999999999998
2457463.87861	18.325	0.028999999999999998
2457466.8794	18.404	0.038
2457470.8384599998	18.442	0.045
2457472.75622	18.416	0.052000000000000005
2457474.7773	18.482	0.049
2457475.80925	18.265	0.053
2457475.82361	18.335	0.065
2457484.7576900003	18.418	0.047
2457485.88419	18.379	0.032
2457487.77777	18.365	0.035
2457488.90305	18.445999999999998	0.035
2457491.91162	18.398	0.028999999999999998
2457492.91294	18.337	0.031
2457493.90004	18.345	0.031
2457494.88775	18.327	0.031
2457495.86568	18.434	0.04
2457498.75094	18.359	0.045
2457499.75307	18.389	0.043
2457500.69515	18.340999999999998	0.047
2457500.8964400003	18.364	0.052000000000000005
2457508.71569	18.335	0.027999999999999997
2457509.82072	18.358	0.036000000000000004
2457511.8946599998	18.372	0.032
2457522.82412	18.282	0.053
2457526.71237	18.387999999999998	0.045
2457529.75694	18.448	0.061
2457534.72922	18.303	0.039
2457536.7396	18.328	0.036000000000000004
2457545.8840099997	18.307000000000002	0.04
2457546.90605	18.347	0.054000000000000006
2457547.8576	18.289	0.035
2457549.75156	18.345	0.028999999999999998
2457550.74825	18.324	0.032
2457554.69117	18.283	0.032
2457555.79862	18.285	0.036000000000000004
2457557.75153	18.272000000000002	0.042
2457561.58012	18.272000000000002	0.057
2457562.5625	18.361	0.054000000000000006
2457566.77082	18.309	0.039
2457567.7143	18.242	0.034
2457568.71009	18.201	0.034
2457569.7299599997	18.276	0.036000000000000004
2457575.51299	18.333	0.046
2457575.5269400002	18.424	0.045
2457576.52245	18.320999999999998	0.035
2457576.53507	18.291	0.032
2457577.5789400004	18.267	0.034
2457583.77372	18.307000000000002	0.043
2457589.47672	18.262999999999998	0.065
2457590.50172	18.288	0.042
2457591.56203	18.319000000000003	0.079
2457595.56566	18.39	0.046
2457599.5317599997	18.293	0.04
2457599.61525	18.273	0.036000000000000004
2457599.7087	18.328	0.04
2457599.75078	18.246	0.036000000000000004
2457600.5405599996	18.303	0.042
2457600.63586	18.217	0.038
2457601.7072900003	18.253	0.032
2457602.53524	18.258	0.039
2457603.59695	18.255	0.032
2457604.60299	18.250999999999998	0.027999999999999997
2457605.64542	18.258	0.035
2457607.60345	18.320999999999998	0.039
2457608.71369	18.28	0.032
2457610.55952	18.21	0.034
2457612.56685	18.230999999999998	0.038
2457616.62811	18.237000000000002	0.039
2457618.52532	18.236	0.043
2457621.59222	18.199	0.038
2457623.50946	18.21	0.034
2457624.67129	18.227999999999998	0.032
2457626.68144	18.232	0.036000000000000004
2457632.4826599997	18.22	0.034
2457635.48907	18.230999999999998	0.042
2457637.5883299997	18.192999999999998	0.028999999999999998
2457643.5940099997	18.208	0.07
2457648.51822	18.145	0.047
2457650.50705	18.12	0.027999999999999997
2457651.5224	18.141	0.035
2457651.57767	18.15	0.034
2457652.50962	18.125	0.028999999999999998
2457653.509	18.084	0.027999999999999997
2457654.51362	18.065	0.04
2457655.5170400003	18.122	0.034
2457656.51647	18.059	0.035
2457656.60253	18.113	0.036000000000000004
2457657.56257	18.041	0.031
2457659.52403	18.074	0.038
2457660.4893900002	18.052	0.042
2457660.51071	18.029	0.046
2457661.51235	18.046	0.039
2457662.51306	18.048	0.04
2457664.51114	18.075	0.047
2457665.4945099996	17.945999999999998	0.04
2457665.52311	18.06	0.04
2457666.51339	17.938	0.042
2457667.54267	18.014	0.039
2457671.49972	18.009	0.042
2457672.50119	17.942	0.038
2457673.50754	17.942	0.042
2457675.50635	17.892	0.036000000000000004
2457682.50338	17.792	0.032
2457683.50245	17.79	0.039
2457795.86707	18.19	0.061
2457796.8617700003	18.165	0.038
2457798.86978	18.115	0.034
2457800.87454	18.212	0.036000000000000004
2457802.85445	18.131	0.052000000000000005
2457807.88498	18.209	0.028999999999999998
2457810.86137	18.152	0.028999999999999998
2457813.82584	18.213	0.035
2457816.85414	18.236	0.035
2457818.89701	18.198	0.028999999999999998
2457821.8245099997	18.288	0.042
2457823.83507	18.206	0.035
2457825.86736	18.238	0.039
2457827.84461	18.324	0.039
2457829.8404	18.287	0.045
2457835.75176	18.250999999999998	0.042
2457836.8623	18.303	0.035
2457838.75001	18.267	0.043
2457839.8157	18.328	0.028999999999999998
2457840.8747799997	18.366	0.036000000000000004
2457842.7472900003	18.250999999999998	0.038
2457843.77908	18.261	0.034
2457844.8309400002	18.317	0.045
2457845.87132	18.305999999999997	0.031
2457847.71997	18.277	0.04
2457848.74899	18.317999999999998	0.045
2457849.7776	18.361	0.031
2457850.80504	18.281	0.039
2457851.8382200003	18.294	0.032
2457853.90036	18.371	0.045
2457854.89815	18.305	0.034
2457856.72056	18.334	0.061
2457857.86045	18.352	0.064
2457858.78977	18.29	0.038
2457862.84036	18.348	0.038
2457864.91155	18.317	0.031
2457865.9175400003	18.334	0.039
2457866.92325	18.316	0.031
2457868.75566	18.333	0.04
2457869.77121	18.320999999999998	0.031
2457870.8080599997	18.305999999999997	0.027999999999999997
2457871.83706	18.382	0.027999999999999997
2457872.85371	18.31	0.031
2457873.83511	18.308	0.028999999999999998
2457874.8185900003	18.325	0.035
2457875.9076	18.386	0.036000000000000004
2457876.87117	18.371	0.038
2457877.84296	18.298	0.031
2457878.88335	18.329	0.028999999999999998
2457879.87602	18.344	0.055999999999999994
2457880.89752	18.294	0.055999999999999994
2457882.72426	18.358	0.046
2457889.9011	18.278	0.08800000000000001
2457893.63775	18.355999999999998	0.049
2457893.89324	18.392	0.045
2457894.78138	18.332	0.034
2457895.77145	18.326	0.035
2457901.64595	18.403	0.038
2457902.63693	18.454	0.053
2457903.67061	18.389	0.052000000000000005
2457904.63454	18.394000000000002	0.039
2457904.88758	18.379	0.04
2457905.7606900004	18.355999999999998	0.034
2457906.64158	18.398	0.032
2457906.8991	18.4	0.045
2457907.77777	18.386	0.035
2457908.75776	18.437	0.045
2457909.62237	18.311	0.038
2457909.86179	18.377	0.038
2457910.6537599997	18.354	0.045
2457911.55577	18.381	0.07200000000000001
2457911.84035	18.364	0.078
2457916.7316900003	18.374000000000002	0.042
2457917.57089	18.373	0.053
2457917.81263	18.467	0.063
2457923.53632	18.361	0.047
2457923.7974	18.394000000000002	0.045
2457924.61142	18.365	0.034
2457924.86149	18.378	0.039
2457925.7883900004	18.379	0.036000000000000004
2457926.7214900004	18.413	0.043
2457932.81235	18.378	0.046
2457933.6723	18.382	0.042
2457934.6044400004	18.36	0.032
2457934.84538	18.408	0.05
2457935.70761	18.328	0.034
2457936.5844099997	18.406	0.036000000000000004
2457936.85506	18.419	0.053
2457937.66897	18.349	0.038
2457938.5974	18.393	0.053
2457944.53765	18.331	0.045
2457944.63139	18.298	0.045
2457944.76087	18.352999999999998	0.052000000000000005
2457945.5417299997	18.367	0.043
2457945.77963	18.352	0.042
2457946.62802	18.344	0.038
2457947.5469400003	18.359	0.04
2457948.46318	18.369	0.085
2457948.73891	18.39	0.042
2457949.66585	18.332	0.047
2457952.8076400002	18.371	0.046
2457953.70987	18.364	0.034
2457954.6253400003	18.334	0.028999999999999998
2457955.79237	18.361	0.043
2457956.7291200003	18.394000000000002	0.038
2457958.57963	18.331	0.05
2457959.47419	18.373	0.038
2457959.70874	18.396	0.034
2457960.61301	18.345	0.028999999999999998
2457961.60633	18.394000000000002	0.035
2457962.5547700003	18.378	0.031
2457964.6211200003	18.358	0.039
2457965.70182	18.433	0.043
2457966.6913799997	18.423	0.047
2457967.70947	18.404	0.05
2457971.54508	18.361	0.049
2457971.64464	18.387	0.046
2457971.73727	18.374000000000002	0.08900000000000001
2457972.57994	18.38	0.06
2457972.68803	18.389	0.057
2457973.66045	18.377	0.052000000000000005
2457974.6409	18.332	0.04
2457979.5367900003	18.346	0.032
2457980.60572	18.406	0.049
2457981.6735400003	18.445	0.047
2457983.52577	18.384	0.046
2457984.5847400003	18.414	0.042
2457986.4868799997	18.382	0.034
2457987.56942	18.413	0.036000000000000004
2457990.6355	18.373	0.043
2457992.50673	18.328	0.034
2457993.57035	18.358	0.039
2457994.63155	18.398	0.05
2457998.56351	18.335	0.04
2458000.49738	18.386	0.052000000000000005
2458000.59411	18.344	0.07200000000000001
2458001.60097	18.354	0.043
2458004.47327	18.303	0.09300000000000001
2458007.58377	18.415	0.057
2458011.58135	18.352999999999998	0.054000000000000006
2458014.49213	18.432000000000002	0.042
2458016.52316	18.445999999999998	0.047
2458019.49681	18.385	0.039
2458029.48811	18.432000000000002	0.07
2458036.51835	18.407	0.063
2458039.49082	18.278	0.064
2458041.49677	18.409000000000002	0.054000000000000006
