2455377.5943400003	17.404	0.023
2455377.8300799998	17.405	0.024
2455378.76386	17.426	0.017
2455379.59142	17.42	0.017
2455379.8634200003	17.507	0.044000000000000004
2455380.75339	17.433	0.017
2455381.60455	17.445999999999998	0.023
2455381.8275	17.416	0.034
2455382.69722	17.445	0.019
2455384.80469	17.487000000000002	0.04
2455386.6962	17.427	0.016
2455387.7044900004	17.423	0.016
2455388.52252	17.43	0.02
2455389.48517	17.47	0.024
2455389.81341	17.445999999999998	0.023
2455390.7505099997	17.433	0.019
2455391.6200200003	17.415	0.017
2455392.53596	17.43	0.019
2455393.64242	17.435	0.021
2455397.59576	17.385	0.023
2455402.66575	17.414	0.03
2455403.57238	17.438	0.02
2455403.76907	17.448	0.033
2455404.64216	17.441	0.021
2455405.65856	17.422	0.024
2455407.5129299997	17.442	0.02
2455407.70722	17.445	0.024
2455408.6362900003	17.398	0.02
2455409.49825	17.424	0.017
2455410.5027	17.416	0.017
2455411.51716	17.423	0.016
2455412.56867	17.433	0.023
2455413.50943	17.415	0.017
2455414.52763	17.414	0.016
2455416.71522	17.433	0.026000000000000002
2455421.5383900004	17.444000000000003	0.017
2455422.51965	17.425	0.019
2455423.6797	17.421	0.021
2455430.4775099996	17.433	0.027000000000000003
2455431.47841	17.430999999999997	0.023
2455431.67582	17.424	0.027999999999999997
2455433.65171	17.45	0.027999999999999997
2455434.65385	17.419	0.023
2455435.65669	17.415	0.021
2455437.54569	17.407	0.017
2455439.49275	17.459	0.027000000000000003
2455443.52486	17.421	0.02
2455444.53563	17.407	0.023
2455445.6420299998	17.46	0.021
2455446.64155	17.477	0.021
2455448.50949	17.415	0.02
2455449.61861	17.413	0.023
2455451.5059700003	17.426	0.031
2455453.54709	17.471	0.04
2455458.55107	17.482	0.033
2455460.51683	17.414	0.024
2455461.6140799997	17.441	0.04
2455465.5429599998	17.428	0.026000000000000002
2455470.59438	17.488	0.027000000000000003
2455473.50794	17.438	0.023
2455479.53039	17.433	0.026000000000000002
2455483.5306	17.477	0.045
2455488.49818	17.484	0.027999999999999997
2455492.5240599997	17.525	0.047
2455595.86265	17.441	0.021
2455596.8574099997	17.432000000000002	0.021
2455598.84914	17.430999999999997	0.02
2455599.85143	17.428	0.017
2455600.84792	17.465999999999998	0.02
2455601.8517299998	17.445999999999998	0.02
2455604.85308	17.441	0.024
2455605.84918	17.43	0.019
2455606.8483700003	17.377	0.019
2455607.85232	17.445	0.02
2455608.83641	17.44	0.026000000000000002
2455611.83817	17.462	0.027000000000000003
2455613.85552	17.442	0.027999999999999997
2455615.8374400004	17.433	0.02
2455616.83387	17.472	0.03
2455621.82493	17.418	0.019
2455622.78045	17.445999999999998	0.019
2455624.76928	17.397000000000002	0.019
2455626.8281099997	17.441	0.021
2455628.7688	17.452	0.024
2455629.76472	17.423	0.02
2455631.7908900003	17.432000000000002	0.027000000000000003
2455632.8587599997	17.423	0.017
2455633.75708	17.408	0.019
2455634.90952	17.442999999999998	0.026000000000000002
2455635.78753	17.445	0.023
2455637.76551	17.448	0.027999999999999997
2455638.89789	17.43	0.017
2455641.89642	17.439	0.021
2455643.8865900002	17.434	0.019
2455647.7447900004	17.4	0.019
2455648.90226	17.43	0.017
2455650.8384700003	17.424	0.016
2455652.82732	17.428	0.013999999999999999
2455655.74628	17.422	0.017
2455657.76901	17.442999999999998	0.013999999999999999
2455658.8873099997	17.445	0.017
2455660.73272	17.429000000000002	0.019
2455662.85894	17.409000000000002	0.016
2455665.72624	17.41	0.02
2455668.74244	17.435	0.02
2455670.84474	17.452	0.024
2455676.72914	17.442	0.013999999999999999
2455679.68749	17.43	0.019
2455680.8576	17.463	0.019
2455682.7341299998	17.408	0.017
2455684.7108299998	17.425	0.016
2455686.72077	17.424	0.016
2455688.87398	17.434	0.019
2455691.6159900003	17.476	0.024
2455692.81155	17.421	0.016
2455693.9096	17.387999999999998	0.024
2455695.68605	17.423	0.02
2455696.80204	17.442	0.019
2455697.89118	17.453	0.024
2455702.58012	17.486	0.03
2455702.76052	17.417	0.037000000000000005
2455703.7351900004	17.430999999999997	0.02
2455706.79621	17.41	0.021
2455707.93323	17.455	0.037000000000000005
2455710.84852	17.451	0.021
2455713.86339	17.441	0.023
2455716.5715400004	17.434	0.019
2455721.80854	17.36	0.016
2455723.63704	17.421	0.017
2455724.77658	17.409000000000002	0.021
2455726.6891900003	17.422	0.027999999999999997
2455729.55909	17.36	0.045
2455729.7532099998	17.425	0.034
2455729.81204	17.47	0.062
2455734.6164	17.442999999999998	0.02
2455735.87047	17.47	0.03
2455737.55182	17.434	0.016
2455738.67394	17.416	0.016
2455739.82997	17.462	0.026000000000000002
2455741.5254	17.438	0.019
2455742.5395	17.434	0.02
2455743.67177	17.422	0.019
2455744.7053799997	17.422	0.016
2455745.76702	17.432000000000002	0.02
2455747.6639799997	17.449	0.021
2455749.69623	17.439	0.021
2455753.55809	17.488	0.051
2455757.50069	17.441	0.038
2455760.53656	17.42	0.02
2455762.77163	17.458	0.031
2455764.55394	17.432000000000002	0.016
2455765.70923	17.449	0.023
2455767.53281	17.436	0.02
2455768.66642	17.41	0.013999999999999999
2455770.65774	17.449	0.021
2455777.54684	17.436	0.016
2455779.7275	17.442999999999998	0.021
2455783.6076599997	17.381	0.031
2455784.48061	17.428	0.03
2455784.61175	17.423	0.02
2455786.57281	17.417	0.024
2455788.50841	17.453	0.021
2455790.67195	17.465999999999998	0.024
2455794.54077	17.432000000000002	0.02
2455796.61336	17.421	0.019
2455802.64575	17.455	0.024
2455805.6446599998	17.454	0.027000000000000003
2455813.50703	17.437	0.019
2455816.53987	17.471	0.026000000000000002
2455818.6135400003	17.430999999999997	0.035
2455823.57952	17.449	0.024
2455824.58618	17.434	0.02
2455825.58873	17.439	0.023
2455826.57387	17.4	0.026000000000000002
2455828.54988	17.415	0.019
2455830.5230900003	17.441	0.019
2455832.5417400002	17.430999999999997	0.023
2455834.56403	17.435	0.024
2455839.54484	17.457	0.027000000000000003
2455841.5439299997	17.419	0.027000000000000003
2455843.54542	17.487000000000002	0.027000000000000003
2455845.55723	17.435	0.027000000000000003
2455851.50899	17.445	0.033
2455855.49858	17.506	0.037000000000000005
2455856.48922	17.514	0.061
2455856.50525	17.458	0.033
2455856.52015	17.417	0.034
2455857.49521	17.498	0.042
2455858.4925700002	17.35	0.040999999999999995
2455860.51496	17.442999999999998	0.03
2455956.87015	17.428	0.02
2455958.87469	17.434	0.023
2455959.85945	17.445	0.02
2455960.8697099998	17.416	0.016
2455961.8555400004	17.45	0.021
2455962.85194	17.416	0.021
2455963.84651	17.422	0.026000000000000002
2455964.85151	17.409000000000002	0.03
2455965.86117	17.441	0.021
2455966.88303	17.41	0.023
2455967.86673	17.433	0.019
2455968.86045	17.462	0.024
2455970.88124	17.447	0.019
2455979.86084	17.432000000000002	0.02
2455984.84643	17.424	0.016
2455987.83905	17.430999999999997	0.019
2455990.78991	17.417	0.017
2455992.86234	17.407	0.016
2455995.76512	17.435	0.021
2455997.81012	17.422	0.02
2455999.80889	17.402	0.034
2456002.76407	17.407	0.02
2456002.8854099996	17.426	0.023
2456004.86295	17.351	0.02
2456006.8474	17.441	0.016
2456008.7806700002	17.427	0.017
2456009.90257	17.42	0.013999999999999999
2456011.83295	17.384	0.021
2456013.77239	17.423	0.016
2456014.8863	17.442999999999998	0.02
2456016.7853900003	17.424	0.013999999999999999
2456017.89567	17.429000000000002	0.013000000000000001
2456019.79243	17.427	0.017
2456020.86705	17.428	0.013000000000000001
2456022.71544	17.395	0.024
2456023.77482	17.396	0.016
2456024.7593099996	17.419	0.02
2456025.8258	17.434	0.02
2456032.81135	17.442	0.016
2456034.77298	17.414	0.013999999999999999
2456037.7578	17.429000000000002	0.017
2456039.80841	17.43	0.019
2456041.86509	17.447	0.017
2456048.74252	17.398	0.016
2456050.6614099997	17.407	0.021
2456052.75484	17.410999999999998	0.02
2456053.88114	17.381	0.024
2456057.68843	17.465	0.019
2456057.84919	17.42	0.016
2456058.87843	17.419	0.017
2456059.87634	17.416	0.016
2456062.72547	17.407	0.02
2456064.7311	17.404	0.013999999999999999
2456065.84367	17.44	0.016
2456067.6661400003	17.447	0.017
2456068.80687	17.399	0.013999999999999999
2456069.93546	17.415	0.017
2456071.63045	17.428	0.016
2456075.69066	17.435	0.016
2456076.82761	17.433	0.017
2456078.67673	17.416	0.016
2456079.76555	17.444000000000003	0.017
2456080.7919400004	17.41	0.017
2456081.84196	17.407	0.021
2456085.60285	17.463	0.021
2456086.60096	17.441	0.019
2456087.77321	17.42	0.017
2456089.8564299997	17.469	0.02
2456093.70695	17.425	0.016
2456094.84468	17.414	0.02
2456097.73162	17.438	0.02
2456098.79274	17.424	0.019
2456100.7386	17.396	0.016
2456101.7697099997	17.413	0.016
2456102.8094200003	17.393	0.017
2456104.48173	17.434	0.019
2456105.52053	17.436	0.019
2456108.61175	17.418	0.021
2456113.58061	17.4	0.02
2456114.6743099997	17.322	0.017
2456115.74077	17.432000000000002	0.021
2456116.8193099997	17.430999999999997	0.02
2456118.52129	17.421	0.016
2456119.55077	17.4	0.016
2456120.68079	17.47	0.016
2456121.72377	17.447	0.013000000000000001
2456124.51552	17.430999999999997	0.019
2456125.64428	17.415	0.017
2456126.77448	17.426	0.021
2456131.53651	17.428	0.017
2456133.61968	17.419	0.017
2456135.61018	17.448	0.02
2456140.62383	17.413	0.02
2456141.7374	17.435	0.024
2456147.62241	17.448	0.02
2456148.5972700003	17.415	0.013999999999999999
2456151.6105400003	17.43	0.02
2456154.51523	17.416	0.019
2456158.60617	17.403	0.017
2456160.62162	17.433	0.016
2456164.6181900003	17.42	0.024
2456167.60849	17.409000000000002	0.019
2456168.65095	17.404	0.019
2456169.61058	17.471	0.021
2456171.61513	17.469	0.021
2456172.61057	17.387	0.016
2456175.58603	17.410999999999998	0.02
2456181.48213	17.449	0.021
2456183.62118	17.416	0.02
2456185.59601	17.454	0.019
2456186.59275	17.449	0.023
2456195.5372200003	17.415	0.017
2456197.50167	17.482	0.024
2456201.5386200002	17.461	0.031
2456205.50739	17.46	0.019
2456212.5350200003	17.45	0.021
2456216.54417	17.44	0.021
2456221.55386	17.326	0.037000000000000005
2456227.52396	17.42	0.034
2456343.86411	17.405	0.019
2456348.86907	17.419	0.016
2456352.85627	17.432000000000002	0.016
2456360.8524	17.397000000000002	0.013999999999999999
2456362.8996099997	17.437	0.016
2456368.87903	17.419	0.016
2456370.89245	17.423	0.013999999999999999
2456373.85933	17.428	0.016
2456375.8001200003	17.412	0.016
2456377.74727	17.445999999999998	0.017
2456378.88579	17.438	0.013999999999999999
2456380.84549	17.46	0.016
2456382.78485	17.359	0.048
2456386.9185	17.378	0.02
2456388.8138099997	17.409000000000002	0.016
2456389.91396	17.445	0.017
2456391.8256099997	17.412	0.019
2456394.8640099997	17.424	0.017
2456396.85337	17.422	0.013000000000000001
2456398.80879	17.432000000000002	0.016
2456400.8007099996	17.42	0.013999999999999999
2456402.74795	17.41	0.017
2456403.9338700003	17.44	0.03
2456406.8816400003	17.428	0.019
2456408.8272599997	17.463	0.021
2456416.69298	17.414	0.017
2456417.89255	17.427	0.017
2456419.72733	17.436	0.016
2456420.84115	17.439	0.013999999999999999
2456423.68523	17.428	0.017
2456424.83879	17.412	0.013999999999999999
2456428.69822	17.397000000000002	0.019
2456431.81802	17.416	0.016
2456432.9207599997	17.436	0.021
2456434.75118	17.432000000000002	0.016
2456435.87922	17.408	0.017
2456441.93457	17.442999999999998	0.03
2456443.7388299997	17.476	0.017
2456445.79476	17.428	0.017
2456446.6993	17.427	0.013000000000000001
2456447.7689099996	17.437	0.013999999999999999
2456448.7979099997	17.42	0.013999999999999999
2456449.84047	17.438	0.019
2456450.89073	17.430999999999997	0.023
2456452.5622099997	17.412	0.013999999999999999
2456454.6667400002	17.418	0.016
2456456.54145	17.427	0.013999999999999999
2456457.79299	17.439	0.016
2456458.8568700003	17.415	0.02
2456460.59605	17.477	0.017
2456461.82785	17.425	0.013999999999999999
2456463.6638	17.403	0.017
2456464.78116	17.433	0.023
2456469.55882	17.427	0.017
2456472.7134599998	17.43	0.017
2456473.83454	17.459	0.023
2456475.53303	17.413	0.019
2456476.59833	17.403	0.017
2456477.69848	17.442	0.016
2456479.7072799997	17.465999999999998	0.019
2456481.51607	17.482	0.019
2456484.51164	17.465	0.017
2456486.5315799997	17.415	0.016
2456487.64041	17.433	0.013999999999999999
2456491.56091	17.425	0.019
2456497.71704	17.433	0.02
2456499.5012	17.419	0.016
2456501.72516	17.43	0.02
2456506.5564900003	17.485	0.023
2456508.6486	17.42	0.013999999999999999
2456510.5553099997	17.426	0.013999999999999999
2456514.48111	17.451	0.019
2456516.55444	17.454	0.019
2456519.6344	17.44	0.024
2456524.57227	17.458	0.019
2456529.5575099997	17.46	0.019
2456532.64073	17.422	0.02
2456536.59472	17.42	0.016
2456541.62188	17.42	0.012
2456546.5065200003	17.418	0.024
2456558.5149	17.408	0.016
2456561.55988	17.438	0.02
2456564.54367	17.482	0.023
2456568.53884	17.465	0.024
2456571.49189	17.496	0.024
2456573.5488	17.433	0.021
2456576.5018700003	17.495	0.044000000000000004
2456576.57153	17.435	0.051
2456578.51378	17.393	0.023
2456741.84419	17.434	0.016
2456742.74936	17.437	0.013999999999999999
2456744.8713599998	17.438	0.013000000000000001
2456746.78221	17.447	0.013999999999999999
2456748.85324	17.435	0.013999999999999999
2456752.82125	17.436	0.013000000000000001
2456756.9240099997	17.42	0.017
2456760.75204	17.405	0.013999999999999999
2456763.7440400003	17.42	0.016
2456768.74898	17.410999999999998	0.013999999999999999
2456770.83505	17.447	0.013999999999999999
2456773.73763	17.43	0.017
2456776.6672799997	17.487000000000002	0.016
2456784.8962	17.419	0.02
2456785.8882299997	17.433	0.019
2456786.91349	17.418	0.02
2456790.92569	17.430999999999997	0.024
2456797.86318	17.444000000000003	0.024
2456803.93596	17.425	0.023
2456805.83299	17.415	0.02
2456808.68157	17.44	0.017
2456810.60469	17.419	0.019
2456811.8785099997	17.477	0.03
2456814.91029	17.436	0.027000000000000003
2456817.57852	17.464000000000002	0.024
2456819.61	17.427	0.03
2456824.63425	17.476	0.024
2456826.51742	17.456	0.021
2456827.74393	17.417	0.019
2456829.60896	17.445999999999998	0.02
2456831.6222	17.409000000000002	0.013999999999999999
2456833.56072	17.452	0.026000000000000002
2456834.81894	17.366	0.027999999999999997
2456836.75615	17.432000000000002	0.02
2456838.5998	17.454	0.02
2456839.85051	17.401	0.027999999999999997
2456842.52432	17.463	0.026000000000000002
2456844.80028	17.418	0.021
2456847.61442	17.408	0.019
2456852.48188	17.438	0.023
2456855.79014	17.433	0.021
2456857.72022	17.432000000000002	0.017
2456862.56512	17.435	0.02
2456864.56834	17.423	0.017
2456872.6038	17.432000000000002	0.019
2456878.55966	17.436	0.027999999999999997
2456881.72535	17.409000000000002	0.033
2456885.6405	17.416	0.019
2456888.5202	17.423	0.016
2456890.6993299997	17.414	0.023
2456898.5181	17.412	0.02
2456912.6025799997	17.444000000000003	0.026000000000000002
2456922.55904	17.451	0.024
2456927.5290200002	17.456	0.03
2456932.50811	17.491	0.033
2456938.52153	17.442	0.03
2456943.49292	17.473	0.033
2457063.88387	17.42	0.021
2457069.87514	17.436	0.019
2457071.89983	17.461	0.026000000000000002
2457075.9006	17.426	0.033
2457077.8856099998	17.441	0.019
2457079.90474	17.45	0.035
2457082.84081	17.441	0.016
2457083.88859	17.457	0.017
2457086.84851	17.432000000000002	0.019
2457088.89043	17.441	0.019
2457091.78229	17.43	0.019
2457098.84368	17.426	0.016
2457100.8471	17.410999999999998	0.016
2457102.91696	17.432000000000002	0.02
2457110.8596900003	17.412	0.016
2457112.80441	17.413	0.02
2457114.78225	17.409000000000002	0.017
2457117.81752	17.404	0.017
2457120.87084	17.425	0.021
2457129.86282	17.442999999999998	0.016
2457132.74565	17.436	0.019
2457135.80512	17.432000000000002	0.013999999999999999
2457137.9328799997	17.469	0.035
2457140.74541	17.439	0.017
2457142.83264	17.444000000000003	0.017
2457145.87708	17.397000000000002	0.019
2457153.85464	17.419	0.016
2457155.8881099997	17.427	0.019
2457158.7443	17.437	0.017
2457160.70926	17.422	0.017
2457162.68067	17.409000000000002	0.017
2457164.71699	17.447	0.017
2457168.84748	17.424	0.019
2457170.8582900004	17.435	0.019
2457173.79649	17.421	0.019
2457175.63721	17.445	0.019
2457178.6568299998	17.415	0.021
2457180.63475	17.413	0.021
2457181.8837900003	17.5	0.024
2457183.75676	17.427	0.017
2457185.61589	17.435	0.019
2457187.64404	17.401	0.017
2457189.62131	17.445	0.019
2457193.7919799997	17.432000000000002	0.016
2457197.82135	17.454	0.023
2457199.7072	17.427	0.016
2457206.72449	17.456	0.023
2457209.73094	17.434	0.019
2457212.80855	17.465	0.023
2457219.67886	17.421	0.016
2457221.65826	17.432000000000002	0.017
2457223.63529	17.43	0.019
2457226.48991	17.423	0.02
2457227.74354	17.44	0.02
2457229.72576	17.423	0.021
2457233.48195	17.406	0.026000000000000002
2457249.51211	17.42	0.02
2457253.6077400004	17.410999999999998	0.016
2457261.55372	17.445	0.027999999999999997
2457265.5336	17.414	0.017
2457269.57533	17.437	0.017
2457273.62662	17.445	0.023
2457281.51332	17.435	0.027000000000000003
2457292.49441	17.428	0.033
2457295.48674	17.419	0.03
2457437.82482	17.41	0.016
2457440.82284	17.413	0.017
2457443.90558	17.435	0.026000000000000002
2457446.8944	17.39	0.016
2457451.81305	17.427	0.016
2457452.88301	17.434	0.016
2457455.83903	17.395	0.017
2457460.87564	17.378	0.016
2457462.8794400003	17.403	0.016
2457465.8343599997	17.412	0.019
2457467.91293	17.417	0.017
2457471.83423	17.422	0.02
2457472.91975	17.410999999999998	0.021
2457474.90695	17.457	0.019
2457480.8442	17.437	0.026000000000000002
2457488.7376599996	17.414	0.016
2457491.92795	17.429000000000002	0.023
2457494.7375	17.410999999999998	0.016
2457497.91168	17.408	0.02
2457499.93105	17.397000000000002	0.023
2457507.93101	17.406	0.02
2457509.9095900003	17.416	0.021
2457518.74573	17.396	0.019
2457526.8167	17.383	0.019
2457530.86941	17.4	0.026000000000000002
2457536.8145	17.392	0.017
2457546.81084	17.404	0.02
2457547.88873	17.458	0.027000000000000003
2457550.6396	17.412	0.019
2457554.66904	17.403	0.013999999999999999
2457560.76408	17.418	0.024
2457561.5052400003	17.395	0.021
2457562.55149	17.415	0.02
2457566.48072	17.423	0.021
2457566.52335	17.381	0.016
2457567.4873599997	17.387	0.019
2457567.5389400003	17.389	0.017
2457568.68828	17.389	0.017
2457569.50584	17.402	0.021
2457570.6748900004	17.395	0.016
2457573.6452	17.434	0.017
2457575.78267	17.399	0.017
2457576.46125	17.375	0.026000000000000002
2457576.79213	17.397000000000002	0.019
2457577.46179	17.435	0.027000000000000003
2457581.80973	17.384	0.021
2457584.71163	17.41	0.021
2457589.71502	17.392	0.024
2457590.72487	17.386	0.019
2457593.70487	17.396	0.017
2457599.5192	17.382	0.021
2457599.5984900002	17.375999999999998	0.019
2457599.60223	17.395	0.017
2457599.69614	17.393	0.019
2457600.5279900003	17.375999999999998	0.02
2457600.62324	17.409000000000002	0.02
2457600.74922	17.413	0.024
2457601.69467	17.383	0.016
2457601.71917	17.416	0.017
2457603.54998	17.375999999999998	0.016
2457604.75636	17.419	0.02
2457607.6483400003	17.401	0.016
2457609.71544	17.417	0.019
2457612.65579	17.427	0.040999999999999995
2457618.49558	17.352	0.021
2457622.57975	17.382	0.016
2457625.49823	17.398	0.017
2457631.57418	17.358	0.013999999999999999
2457636.50257	17.45	0.021
2457643.51718	17.405	0.027999999999999997
2457649.5737099997	17.412	0.019
2457650.49126	17.395	0.017
2457650.57666	17.405	0.02
2457651.50658	17.392	0.019
2457652.49277	17.371	0.016
2457653.49322	17.339000000000002	0.016
2457653.52814	17.37	0.016
2457654.49783	17.372	0.02
2457655.49397	17.4	0.024
2457655.57871	17.394000000000002	0.023
2457656.49597	17.396	0.02
2457657.54037	17.392	0.02
2457658.49642	17.384	0.02
2457659.4981299997	17.385	0.02
2457660.49494	17.398	0.024
2457661.4965	17.379	0.024
2457662.48976	17.4	0.026000000000000002
2457662.49664	17.385	0.023
2457663.5511	17.38	0.021
2457664.49533	17.416	0.026000000000000002
2457665.49925	17.406	0.024
2457666.4975400004	17.398	0.027999999999999997
2457667.49467	17.36	0.024
2457667.50214	17.372	0.024
2457671.48379	17.428	0.038
2457672.48396	17.387999999999998	0.027000000000000003
2457673.49114	17.325	0.024
2457675.4882	17.463	0.035
2457681.49001	17.44	0.038
2457682.4876599996	17.347	0.037000000000000005
2457683.4868799997	17.295	0.051
2457797.88382	17.199	0.019
2457800.8448799998	17.18	0.017
2457801.8854099996	17.154	0.017
2457807.8232	17.174	0.016
2457809.89781	17.160999999999998	0.016
2457812.8669	17.155	0.013999999999999999
2457815.89457	17.160999999999998	0.013999999999999999
2457818.83729	17.180999999999997	0.013999999999999999
2457820.87158	17.16	0.013999999999999999
2457822.8802099996	17.159000000000002	0.016
2457825.80854	17.14	0.016
2457826.9015200003	17.145	0.017
2457828.8889099997	17.167	0.016
2457830.9031	17.15	0.023
2457834.8861	17.125	0.013999999999999999
2457836.91927	17.139	0.026000000000000002
2457838.90791	17.164	0.013000000000000001
2457840.91706	17.152	0.016
2457842.87934	17.169	0.013999999999999999
2457844.8393900003	17.148	0.017
2457846.79427	17.168	0.013999999999999999
2457848.7269	17.165	0.016
2457849.85676	17.169	0.012
2457851.76938	17.139	0.02
2457853.92825	17.147000000000002	0.027999999999999997
2457855.83068	17.167	0.017
2457862.73779	17.197	0.017
2457864.90453	17.19	0.013999999999999999
2457866.75159	17.206	0.013999999999999999
2457867.88637	17.184	0.013999999999999999
2457869.82072	17.194000000000003	0.013000000000000001
2457871.7280099997	17.203	0.013000000000000001
2457872.87359	17.223	0.013999999999999999
2457874.68301	17.250999999999998	0.016
2457875.8903900003	17.253	0.016
2457877.67231	17.238	0.013999999999999999
2457878.8334	17.248	0.013000000000000001
2457880.69857	17.227999999999998	0.021
2457881.8886599997	17.267	0.027999999999999997
2457889.93266	17.305	0.035
2457893.7811	17.279	0.016
2457894.78968	17.262	0.016
2457897.71917	17.27	0.017
2457902.64481	17.28	0.019
2457903.81383	17.287	0.017
2457904.8187700002	17.272000000000002	0.013999999999999999
2457905.78533	17.284000000000002	0.016
2457906.74794	17.296	0.013999999999999999
2457907.756	17.307000000000002	0.016
2457908.84361	17.296	0.017
2457909.76714	17.289	0.017
2457910.66209	17.297	0.017
2457911.55073	17.294	0.026000000000000002
2457916.61242	17.294	0.017
2457917.5786200003	17.301	0.019
2457918.58017	17.303	0.019
2457922.67594	17.317	0.016
2457923.82047	17.322	0.02
2457924.77703	17.295	0.016
2457925.81159	17.31	0.02
2457928.57852	17.322	0.017
2457933.5188700003	17.333	0.021
2457934.5052900002	17.305999999999997	0.019
2457935.50534	17.309	0.017
2457936.49164	17.333	0.017
2457937.48605	17.381	0.021
2457937.8383299997	17.332	0.023
2457944.61927	17.337	0.02
2457945.53354	17.342	0.017
2457946.46415	17.348	0.024
2457947.5156900003	17.317999999999998	0.017
2457948.5085299998	17.359	0.017
2457949.5679200003	17.358	0.021
2457953.47928	17.329	0.019
2457954.49136	17.364	0.017
2457955.8006	17.32	0.02
2457957.66261	17.383	0.021
2457959.4819099996	17.320999999999998	0.013999999999999999
2457960.4887099997	17.329	0.017
2457961.57256	17.344	0.013999999999999999
2457962.7653200002	17.352999999999998	0.02
2457965.67923	17.374000000000002	0.019
2457967.60714	17.344	0.033
2457971.67161	17.311	0.023
2457972.7025	17.365	0.026000000000000002
2457974.59865	17.349	0.02
2457979.59656	17.354	0.016
2457981.58619	17.366	0.019
2457983.53388	17.384	0.02
2457984.671	17.363	0.02
2457987.51987	17.357	0.016
2457991.49762	17.393	0.017
2457993.4810099998	17.402	0.02
2457994.6387099996	17.352	0.033
2458000.5805200003	17.345	0.031
2458003.48727	17.355	0.027999999999999997
2458007.60979	17.366	0.026000000000000002
2458012.5891299997	17.383	0.02
2458016.49914	17.401	0.021
2458020.4929299997	17.393	0.023
2458029.49676	17.392	0.026000000000000002
2458040.5168	17.396	0.031
