2455378.68709	17.977999999999998	0.027000000000000003
2455380.71649	18.016	0.03
2455383.7966400003	18.005	0.042
2455385.60629	17.997	0.026000000000000002
2455385.69685	18.017	0.027000000000000003
2455385.7949099997	18.023	0.027000000000000003
2455388.81361	18.046	0.039
2455392.48631	18.029	0.040999999999999995
2455405.7001799997	17.977999999999998	0.039
2455409.5644400003	17.98	0.027000000000000003
2455413.6663	17.945999999999998	0.024
2455422.76301	18.008	0.036000000000000004
2455434.53882	18.022000000000002	0.040999999999999995
2455439.63619	18.012	0.039
2455447.5751900002	17.97	0.028999999999999998
2455453.58806	17.927	0.028999999999999998
2455458.57831	17.997	0.039
2455460.53258	18.02	0.044000000000000004
2455462.48764	17.941	0.036000000000000004
2455465.56329	17.948	0.048
2455471.52482	18.006	0.035
2455473.5361	18.039	0.040999999999999995
2455480.49999	18.055999999999997	0.040999999999999995
2455483.50193	17.984	0.07400000000000001
2455485.52921	18.02	0.047
2455488.5129	17.994	0.042
2455494.52061	18.088	0.069
2455606.89095	18.037	0.048
2455614.87597	17.999000000000002	0.035
2455620.856	18.046	0.035
2455624.81672	17.965	0.033
2455625.77878	17.956	0.039
2455627.80355	17.955	0.035
2455629.7824	18.002	0.035
2455630.77492	18.012999999999998	0.035
2455632.77079	17.994	0.040999999999999995
2455634.7571099997	17.980999999999998	0.036000000000000004
2455635.82965	18.016	0.039
2455638.74793	18.041	0.057
2455639.77201	18.007	0.036000000000000004
2455642.86521	18.022000000000002	0.036000000000000004
2455642.8851099997	17.953	0.035
2455649.89278	17.992	0.024
2455654.87649	17.962	0.028999999999999998
2455658.9305	17.896	0.126
2455664.76631	18.018	0.039
2455668.93139	17.927	0.053
2455675.92923	17.977999999999998	0.040999999999999995
2455680.7146799997	17.989	0.038
2455683.79557	17.989	0.028999999999999998
2455686.9212700003	18.074	0.038
2455692.7851400003	17.995	0.028999999999999998
2455694.93063	18.017	0.045
2455697.79708	17.994	0.032
2455707.66736	17.996	0.032
2455712.7007299997	17.984	0.028999999999999998
2455716.69561	17.982	0.028999999999999998
2455723.6384400004	18.0	0.03
2455726.64308	17.971	0.039
2455735.81029	17.973	0.028999999999999998
2455738.58274	18.012999999999998	0.028999999999999998
2455740.7699	18.008	0.03
2455742.77332	18.003	0.024
2455746.54972	17.954	0.032
2455749.6088	17.996	0.032
2455760.6924900003	17.993	0.033
2455762.48983	17.961	0.035
2455763.48074	17.973	0.038
2455765.66677	18.018	0.03
2455769.57017	18.002	0.036000000000000004
2455778.52048	17.968	0.042
2455783.58673	17.97	0.042
2455786.6192900003	18.053	0.039
2455790.6866900004	18.063	0.035
2455795.68967	17.935	0.035
2455804.56033	17.977	0.033
2455815.60901	18.000999999999998	0.033
2455819.6353599997	18.047	0.040999999999999995
2455824.62511	17.941	0.035
2455829.60265	17.971	0.032
2455834.5550700002	18.007	0.032
2455841.59894	18.01	0.051
2455846.5366599998	18.073	0.059000000000000004
2455855.53361	18.032	0.051
2455977.8303	17.932000000000002	0.033
2455985.8695799997	18.007	0.027000000000000003
2455990.89792	18.035	0.028999999999999998
2455995.88956	17.974	0.03
2455999.89814	17.992	0.027000000000000003
2456004.77997	18.007	0.032
2456007.8832900003	17.988	0.026000000000000002
2456010.9111200003	17.938	0.024
2456014.78835	18.007	0.027000000000000003
2456017.78702	17.916	0.018000000000000002
2456020.7478	18.016	0.03
2456022.87727	17.993	0.027000000000000003
2456025.7864599996	17.985	0.040999999999999995
2456033.7892	18.032	0.03
2456037.87455	17.96	0.026000000000000002
2456041.7746900003	18.04	0.03
2456048.87593	18.03	0.033
2456052.6981900004	18.01	0.036000000000000004
2456058.78876	17.984	0.026000000000000002
2456061.9333200003	18.034000000000002	0.035
2456064.92936	18.015	0.028999999999999998
2456067.6926700003	18.009	0.026000000000000002
2456069.81624	17.964000000000002	0.026000000000000002
2456071.77193	18.0	0.03
2456076.81604	17.965999999999998	0.027000000000000003
2456079.57797	18.017	0.03
2456080.92108	17.999000000000002	0.03
2456086.69728	17.977	0.026000000000000002
2456089.78173	18.041	0.03
2456094.62105	17.987000000000002	0.035
2456097.7814599997	17.996	0.033
2456100.62841	17.968	0.027000000000000003
2456102.55691	17.973	0.038
2456104.4833	18.035	0.038
2456106.61691	17.995	0.044000000000000004
2456113.80321	17.965999999999998	0.033
2456115.81967	17.963	0.044000000000000004
2456117.78825	17.955	0.028999999999999998
2456121.72554	17.957	0.02
2456124.80852	17.980999999999998	0.032
2456132.72295	18.004	0.028999999999999998
2456135.78562	18.035999999999998	0.036000000000000004
2456140.7715	17.915	0.12300000000000001
2456148.48662	17.977999999999998	0.023
2456151.70654	17.995	0.036000000000000004
2456158.6614200003	17.985	0.033
2456164.5361200003	17.998	0.032
2456169.65289	18.043	0.040999999999999995
2456179.59237	18.053	0.047
2456183.63733	18.05	0.032
2456191.6162099997	18.043	0.032
2456202.55951	17.881	0.051
2456210.5877900003	17.993	0.033
2456217.58062	18.019000000000002	0.036000000000000004
2456220.50428	17.852999999999998	0.047
2456348.85622	17.989	0.028999999999999998
2456356.82835	18.000999999999998	0.054000000000000006
2456363.88887	17.99	0.024
2456371.8149900003	18.002	0.023
2456372.8172400002	18.016	0.024
2456375.91012	17.95	0.023
2456379.79423	17.908	0.03
2456382.85062	18.017	0.033
2456388.8646	17.947	0.024
2456388.8810900003	17.998	0.028999999999999998
2456391.82659	18.038	0.036000000000000004
2456396.7021	17.947	0.026000000000000002
2456398.92853	17.959	0.038
2456402.72353	17.973	0.028999999999999998
2456405.8659599996	17.968	0.021
2456409.88869	18.018	0.047
2456417.84581	18.017	0.036000000000000004
2456420.64514	18.022000000000002	0.026000000000000002
2456423.78478	17.953	0.03
2456426.9405099996	18.141	0.068
2456432.67003	18.031	0.033
2456434.79068	17.988	0.028999999999999998
2456436.84087	18.061	0.036000000000000004
2456442.71895	17.986	0.024
2456445.80986	18.0	0.027000000000000003
2456447.79734	18.0	0.024
2456449.71218	17.972	0.026000000000000002
2456451.65393	18.012999999999998	0.03
2456454.6547	17.989	0.027000000000000003
2456456.82068	18.017	0.026000000000000002
2456459.5726099997	18.029	0.027000000000000003
2456461.73041	17.962	0.027000000000000003
2456463.8560599997	17.924	0.028999999999999998
2456469.5872400003	18.0	0.033
2456475.80719	18.007	0.033
2456477.78144	18.075	0.044000000000000004
2456485.64532	18.035999999999998	0.024
2456487.73605	17.964000000000002	0.023
2456491.5018700003	18.016	0.038
2456499.50324	18.078	0.028999999999999998
2456505.65593	17.98	0.028999999999999998
2456508.77396	17.916	0.027000000000000003
2456511.7621400002	18.075	0.038
2456518.66704	17.953	0.027000000000000003
2456525.49549	18.01	0.040999999999999995
2456532.58335	17.983	0.024
2456539.57004	18.02	0.024
2456546.622	17.951	0.033
2456568.5411900003	17.969	0.039
2456576.49253	18.049	0.071
2456576.5622	18.053	0.040999999999999995
2456577.53347	18.029	0.065
2456741.88799	17.997	0.039
2456742.89197	17.988	0.02
2456746.75287	17.989	0.03
2456749.8867599997	17.98	0.023
2456754.83798	17.942	0.028999999999999998
2456757.91554	18.027	0.026000000000000002
2456761.72997	17.982	0.033
2456764.7214	17.988	0.032
2456769.69412	18.014	0.027000000000000003
2456771.8155400003	18.006	0.015
2456774.7037400003	17.955	0.03
2456776.92142	18.064	0.035
2456789.80365	18.003	0.032
2456791.78881	17.944000000000003	0.03
2456796.7321599997	18.024	0.038
2456799.7924200003	18.018	0.045
2456804.7732	17.942	0.028999999999999998
2456807.61402	17.983	0.039
2456808.8985	17.965	0.032
2456810.8245099997	17.985	0.03
2456813.81168	18.006	0.032
2456815.78958	17.97	0.032
2456817.7848	17.958	0.032
2456819.79046	17.971	0.06
2456824.86145	17.980999999999998	0.045
2456826.73465	17.98	0.03
2456828.58002	17.977	0.027000000000000003
2456829.82295	18.021	0.036000000000000004
2456831.8423599997	17.942999999999998	0.036000000000000004
2456833.78402	17.979	0.036000000000000004
2456835.69342	17.983	0.036000000000000004
2456837.57115	17.980999999999998	0.027000000000000003
2456838.8117400003	17.925	0.039
2456840.73015	17.977	0.033
2456845.59999	17.971	0.03
2456847.78191	17.999000000000002	0.040999999999999995
2456852.7151099998	17.944000000000003	0.048
2456856.64619	17.997	0.024
2456858.57835	17.969	0.024
2456862.77802	18.029	0.042
2456873.60563	17.952	0.033
2456879.71393	17.974	0.051
2456882.66029	17.99	0.03
2456886.59626	17.986	0.028999999999999998
2456889.49622	17.993	0.032
2456891.693	18.039	0.042
2456907.63506	18.024	0.044000000000000004
2456915.63141	17.965999999999998	0.036000000000000004
2456924.50367	17.919	0.035
2456928.60776	18.019000000000002	0.047
2456931.48946	17.907	0.057
2456932.5118299997	18.017	0.054000000000000006
2456936.54153	18.053	0.045
2456942.5565400003	17.969	0.044000000000000004
2457070.8755900003	17.855999999999998	0.024
2457076.83879	17.863	0.027000000000000003
2457079.81819	17.855999999999998	0.035
2457083.80643	17.861	0.033
2457087.79995	17.820999999999998	0.033
2457090.8695400003	17.803	0.027000000000000003
2457098.77526	17.759	0.024
2457100.75913	17.778	0.027000000000000003
2457100.81707	17.778	0.026000000000000002
2457100.88865	17.783	0.024
2457100.9105700003	17.8	0.024
2457101.7812799998	17.813	0.040999999999999995
2457101.9153299998	17.798	0.048
2457102.9115	17.814	0.028999999999999998
2457110.86237	17.729	0.021
2457115.78196	17.724	0.024
2457118.86751	17.724	0.024
2457125.85947	17.744	0.026000000000000002
2457130.81765	17.713	0.024
2457133.9191	17.683	0.026000000000000002
2457136.7516799998	17.72	0.024
2457138.85897	17.701	0.021
2457141.67685	17.726	0.024
2457143.7434799997	17.738	0.027000000000000003
2457146.74395	17.705	0.026000000000000002
2457152.7749400004	17.748	0.026000000000000002
2457154.76306	17.775	0.023
2457156.77831	17.78	0.021
2457159.6129799997	17.858	0.033
2457160.92572	17.796	0.026000000000000002
2457162.89623	17.805999999999997	0.026000000000000002
2457164.92884	17.936	0.035
2457169.59281	17.832	0.028999999999999998
2457169.79234	17.84	0.024
2457172.71475	17.847	0.028999999999999998
2457174.5972700003	17.83	0.039
2457175.89351	17.862000000000002	0.042
2457178.65002	17.909000000000002	0.039
2457179.62489	17.916	0.036000000000000004
2457180.83867	17.903	0.035
2457182.7261099997	17.889	0.027000000000000003
2457184.59385	17.915	0.035
2457185.82721	17.891	0.032
2457187.8616	17.892	0.027000000000000003
2457189.8398599997	17.887	0.03
2457194.6595	17.914	0.021
2457198.67011	17.887999999999998	0.026000000000000002
2457200.51528	17.872	0.028999999999999998
2457201.5119	18.02	0.07200000000000001
2457202.56578	17.925	0.048
2457202.60155	17.945	0.039
2457202.6838	17.903	0.040999999999999995
2457207.56218	17.91	0.036000000000000004
2457209.64477	17.942999999999998	0.036000000000000004
2457210.83069	17.912	0.051
2457214.70901	17.916	0.03
2457220.59061	17.896	0.024
2457222.5180200003	17.898	0.032
2457224.53065	17.948	0.03
2457226.7045	17.983	0.027000000000000003
2457228.6447799997	17.932000000000002	0.03
2457235.5035900003	17.944000000000003	0.053
2457249.7058599996	18.034000000000002	0.042
2457255.61058	17.998	0.035
2457263.5491	18.009	0.044000000000000004
2457267.55711	17.97	0.035
2457270.58275	18.000999999999998	0.026000000000000002
2457275.67033	17.977999999999998	0.042
2457292.59961	17.918	0.057
2457301.50319	17.961	0.040999999999999995
2457435.83025	17.998	0.040999999999999995
2457440.88368	18.015	0.032
2457447.8273	17.974	0.028999999999999998
2457452.89892	18.003	0.026000000000000002
2457457.84202	17.989	0.036000000000000004
2457462.79298	17.986	0.032
2457466.91265	17.954	0.03
2457471.90982	18.008	0.033
2457475.7823099997	17.982	0.044000000000000004
2457484.79408	17.962	0.035
2457486.84183	17.967	0.032
2457488.90476	17.969	0.026000000000000002
2457492.8577400004	17.986	0.024
2457494.9054	18.007	0.027000000000000003
2457498.86165	18.006	0.036000000000000004
2457500.81258	17.993	0.039
2457508.8121	18.019000000000002	0.024
2457511.81262	17.968	0.024
2457522.90124	17.949	0.036000000000000004
2457528.85296	17.979	0.045
2457534.81485	17.984	0.028999999999999998
2457545.7823799998	17.973	0.027000000000000003
2457547.53537	17.98	0.039
2457549.61724	17.984	0.024
2457550.82157	18.035	0.033
2457555.63405	18.007	0.03
2457557.75331	17.995	0.036000000000000004
2457561.52423	17.942	0.051
2457566.5816	18.011	0.036000000000000004
2457567.70293	17.977	0.03
2457570.83867	17.98	0.036000000000000004
2457576.5501200003	18.01	0.03
2457581.79758	18.029	0.035
2457589.55022	18.0	0.047
2457590.7390900003	18.000999999999998	0.040999999999999995
2457596.54468	17.987000000000002	0.024
2457601.72114	17.965999999999998	0.027000000000000003
2457603.67372	17.977	0.026000000000000002
2457605.6094	17.991	0.032
2457608.49478	18.044	0.032
2457610.61009	17.956	0.03
2457616.5196700003	17.945999999999998	0.032
2457618.63015	18.059	0.044000000000000004
2457622.7248400003	18.01	0.03
2457625.65997	17.93	0.038
2457632.52933	17.954	0.026000000000000002
2457636.6419	17.988	0.036000000000000004
2457644.55915	17.958	0.051
2457650.58044	18.039	0.036000000000000004
2457655.49065	18.017	0.039
2457661.49149	17.987000000000002	0.042
2457666.49431	18.026	0.040999999999999995
