2455378.6562900003	19.45	0.078
2455380.69037	19.512999999999998	0.077
2455382.8395599998	19.262999999999998	0.159
2455385.55905	19.428	0.075
2455385.66235	19.528	0.08199999999999999
2455385.7606900004	19.445	0.07400000000000001
2455388.78297	19.434	0.092
2455391.851	19.406	0.13699999999999998
2455405.67478	19.526	0.126
2455409.5127	19.392	0.084
2455413.5953599997	19.678	0.10099999999999999
2455422.67662	19.418	0.081
2455434.51249	19.6	0.138
2455439.61067	19.542	0.129
2455447.54983	19.404	0.08800000000000001
2455453.54917	19.514	0.184
2455458.5633900003	19.517	0.16399999999999998
2455460.5189400003	19.522000000000002	0.121
2455461.62678	19.407	0.191
2455465.54504	19.532	0.145
2455470.5965	19.555999999999997	0.14300000000000002
2455473.52167	19.545	0.138
2455479.5445	19.534000000000002	0.152
2455483.50937	19.535	0.258
2455485.5150900004	19.405	0.163
2455488.50024	19.464000000000002	0.134
2455493.52373	19.474	0.228
2455606.88607	19.518	0.126
2455612.88996	19.352999999999998	0.122
2455615.89875	19.469	0.11900000000000001
2455621.86721	19.435	0.077
2455624.79478	19.407	0.086
2455626.88607	19.480999999999998	0.09300000000000001
2455628.79973	19.343	0.09300000000000001
2455629.8798	19.471	0.085
2455631.8552099997	19.532	0.10400000000000001
2455633.8102	19.408	0.075
2455634.88662	19.506	0.096
2455637.79785	19.499000000000002	0.132
2455639.75954	19.424	0.111
2455640.85912	19.527	0.12300000000000001
2455642.8968	19.517	0.127
2455644.8623	19.383	0.11900000000000001
2455647.83679	19.347	0.11900000000000001
2455649.86593	19.458	0.077
2455651.79943	19.494	0.07400000000000001
2455653.92617	19.374000000000002	0.16399999999999998
2455655.86937	19.385	0.069
2455657.89684	19.459	0.066
2455659.7815400003	19.41	0.08199999999999999
2455660.8807099997	19.59	0.11
2455664.76468	19.553	0.13
2455665.89099	19.331	0.067
2455668.91681	19.689	0.203
2455671.76273	19.522000000000002	0.11900000000000001
2455676.86771	19.389	0.078
2455679.822	19.323	0.07400000000000001
2455681.7038	19.494	0.095
2455682.91333	19.352999999999998	0.086
2455684.8818099997	19.495	0.086
2455686.86663	19.609	0.107
2455689.77882	19.451	0.07400000000000001
2455691.79374	19.363	0.08800000000000001
2455692.9254900003	19.605	0.149
2455694.68852	19.469	0.1
2455695.85605	19.454	0.077
2455696.9418	19.625999999999998	0.325
2455698.6855900004	19.451	0.163
2455702.6828	19.199	0.336
2455705.72796	19.503	0.122
2455707.63155	19.29	0.077
2455708.71882	19.500999999999998	0.09
2455712.72523	19.406	0.081
2455715.57344	19.448	0.1
2455715.59501	19.43	0.092
2455716.7773	19.412	0.085
2455722.59374	19.375999999999998	0.08199999999999999
2455723.76642	19.452	0.081
2455725.63477	19.369	0.096
2455726.81424	19.465999999999998	0.18899999999999997
2455729.74078	19.623	0.222
2455729.80143	19.545	0.45399999999999996
2455734.78445	19.343	0.106
2455736.60898	19.425	0.066
2455737.7014900004	19.461	0.066
2455739.52003	19.456	0.11800000000000001
2455740.5772700002	19.473	0.12300000000000001
2455741.6466099997	19.529	0.106
2455742.68187	19.416	0.064
2455743.8083599997	19.639	0.13
2455744.85579	19.54	0.14800000000000002
2455746.62532	19.488	0.106
2455747.81875	19.444000000000003	0.14300000000000002
2455749.8130099997	19.518	0.13
2455753.7730099997	19.44	0.265
2455760.69038	19.373	0.092
2455763.5921400003	19.41	0.078
2455764.69187	19.435	0.071
2455766.52447	19.559	0.096
2455767.70042	19.354	0.08900000000000001
2455768.79568	19.428	0.115
2455775.61084	19.332	0.092
2455777.7486400004	19.377	0.092
2455783.58415	19.45	0.281
2455784.57927	19.329	0.10300000000000001
2455784.68384	19.156	0.23600000000000002
2455786.71557	19.49	0.166
2455788.65349	19.573	0.11900000000000001
2455791.60524	19.385	0.08800000000000001
2455794.67947	19.312	0.08199999999999999
2455798.69065	19.391	0.134
2455804.5586900003	19.572	0.11199999999999999
2455807.5690599997	19.491	0.121
2455813.6296200003	19.495	0.107
2455817.50692	19.402	0.09
2455819.59443	19.334	0.099
2455822.56187	19.375	0.099
2455827.56548	19.401	0.133
2455829.52481	19.43	0.09699999999999999
2455831.53525	19.464000000000002	0.10300000000000001
2455833.54167	19.331	0.08199999999999999
2455836.54357	19.480999999999998	0.182
2455840.55602	19.412	0.11699999999999999
2455842.51991	19.79	0.266
2455844.5323400004	19.452	0.147
2455846.5739700003	19.269000000000002	0.185
2455852.5230900003	19.619	0.196
2455857.5037700003	19.207	0.16899999999999998
2455977.85219	19.447	0.10800000000000001
2455982.8719099998	19.523	0.08199999999999999
2455985.89737	19.543	0.107
2455988.88717	19.483	0.08199999999999999
2455991.82854	19.495	0.085
2455993.90843	19.445999999999998	0.13699999999999998
2455996.78353	19.599	0.14800000000000002
2455998.7998200003	19.615	0.12300000000000001
2456002.86563	19.509	0.10800000000000001
2456003.85772	19.512	0.155
2456005.83487	19.465	0.09699999999999999
2456007.81933	19.336	0.069
2456009.74462	19.525	0.107
2456010.8701400002	19.412	0.063
2456012.80216	19.473	0.075
2456014.73387	19.49	0.09300000000000001
2456015.82774	19.351	0.055999999999999994
2456017.74588	19.457	0.07
2456018.83807	19.547	0.081
2456020.71869	19.605999999999998	0.133
2456021.77903	19.407	0.07400000000000001
2456022.83171	19.465	0.084
2456023.922	19.404	0.126
2456024.9119599997	19.364	0.09300000000000001
2456029.6883099996	20.179000000000002	0.794
2456029.69095	19.176	0.322
2456029.6935400004	19.852	0.606
2456029.6957400003	19.505	0.396
2456029.71049	19.407	0.285
2456029.71501	20.82	1.3319999999999999
2456029.7165200002	19.843	0.493
2456029.72156	20.204	0.757
2456029.72305	20.699	1.1320000000000001
2456029.72761	19.336	0.315
2456029.73066	19.851	0.54
2456029.7351900004	19.957	0.535
2456029.73666	19.39	0.308
2456029.74138	19.12	0.218
2456029.7428900003	19.665	0.37
2456029.74745	19.289	0.256
2456029.75013	19.477999999999998	0.34
2456029.7546900003	19.386	0.278
2456029.75616	19.412	0.275
2456029.76087	19.969	0.495
2456029.76235	19.256	0.265
2456029.76689	19.462	0.308
2456029.76885	19.483	0.256
2456029.77342	19.601	0.315
2456029.77492	19.594	0.3
2456029.7795700002	19.363	0.245
2456029.7810400003	19.03	0.18100000000000002
2456029.7855700003	19.374000000000002	0.249
2456029.7892400003	19.327	0.249
2456029.79075	19.618	0.326
2456029.79525	19.692	0.262
2456029.7973	19.67	0.248
2456029.8018099996	19.505	0.23399999999999999
2456029.80328	19.471	0.214
2456029.80892	19.654	0.27399999999999997
2456029.81039	19.500999999999998	0.201
2456029.81495	19.523	0.225
2456029.86253	19.136	0.14300000000000002
2456029.88027	19.442	0.158
2456029.9325900003	19.622	0.34700000000000003
2456032.93375	19.611	0.273
2456035.85647	19.509	0.08199999999999999
2456037.9125599996	19.445999999999998	0.09699999999999999
2456040.75284	19.418	0.078
2456045.937	19.730999999999998	0.19699999999999998
2456047.68357	19.361	0.08199999999999999
2456048.89083	19.383	0.08
2456050.80915	19.36	0.08199999999999999
2456052.8730599997	19.44	0.096
2456057.79625	19.532	0.11900000000000001
2456061.7151900004	19.230999999999998	0.08199999999999999
2456062.86479	19.456	0.095
2456064.87355	19.304000000000002	0.075
2456066.71686	19.499000000000002	0.086
2456067.80416	19.456	0.075
2456069.60772	19.38	0.08199999999999999
2456070.69522	19.496	0.081
2456071.75684	19.361	0.077
2456075.8343700003	19.451	0.077
2456077.7157900003	19.385	0.078
2456078.81885	19.452	0.081
2456079.89492	19.504	0.09
2456080.93214	19.385	0.10099999999999999
2456085.73772	19.675	0.134
2456086.7327099997	19.449	0.078
2456088.60252	19.31	0.067
2456092.6666200003	19.422	0.08
2456093.85967	19.363	0.114
2456096.65142	19.457	0.081
2456097.85722	19.480999999999998	0.107
2456099.63113	19.367	0.10400000000000001
2456100.8646	19.19	0.114
2456102.51642	19.592	0.16899999999999998
2456103.53309	19.406	0.099
2456105.67026	19.426	0.086
2456108.74343	19.279	0.09300000000000001
2456113.70034	19.518	0.126
2456114.79936	19.535999999999998	0.114
2456116.52431	19.483	0.08199999999999999
2456117.5946400003	19.456	0.07400000000000001
2456118.66756	19.493	0.07400000000000001
2456119.6891799998	19.465999999999998	0.075
2456120.80715	19.455	0.092
2456123.55541	19.512999999999998	0.09300000000000001
2456124.68656	19.362000000000002	0.075
2456125.77599	19.389	0.09699999999999999
2456127.6387	19.426	0.09699999999999999
2456131.69772	19.655	0.09699999999999999
2456131.77104	19.675	0.111
2456133.7752900003	19.424	0.152
2456135.77147	19.549	0.10800000000000001
2456140.7464	19.68	0.281
2456149.56306	19.569000000000003	0.09300000000000001
2456151.7303	19.357	0.10099999999999999
2456154.70812	19.378	0.10400000000000001
2456158.7234900002	19.549	0.115
2456161.51771	19.269000000000002	0.099
2456179.5139099997	19.332	0.1
2456179.5279599996	19.418	0.12300000000000001
2456181.61798	19.451	0.095
2456184.62252	19.347	0.07400000000000001
2456190.59137	19.44	0.09300000000000001
2456196.50032	19.442999999999998	0.106
2456198.594	19.730999999999998	0.254
2456204.49422	19.521	0.11800000000000001
2456210.5975200003	19.532	0.14300000000000002
2456213.53786	19.315	0.107
2456218.51271	19.652	0.141
2456340.87322	19.588	0.09
2456345.8701299997	19.424	0.075
2456350.84164	19.372	0.08900000000000001
2456353.8892200002	19.647000000000002	0.10400000000000001
2456361.88924	19.625	0.106
2456367.86122	19.338	0.055999999999999994
2456369.8857400003	19.59	0.08800000000000001
2456371.8733900003	19.48	0.066
2456372.86691	19.471	0.073
2456374.8372299997	19.418	0.08800000000000001
2456376.7828	19.357	0.077
2456377.91635	19.538	0.1
2456379.85348	19.374000000000002	0.09
2456381.82461	19.355	0.071
2456386.7503299997	19.375999999999998	0.09
2456387.84609	19.469	0.07400000000000001
2456389.7563099996	19.415	0.077
2456390.8309400002	19.407	0.08199999999999999
2456393.77017	19.546	0.10300000000000001
2456395.77654	19.461	0.081
2456397.73905	19.589000000000002	0.08199999999999999
2456398.92712	19.522000000000002	0.121
2456401.68668	19.449	0.111
2456402.8833	19.489	0.13
2456404.8212099997	19.647000000000002	0.09300000000000001
2456407.75438	19.430999999999997	0.107
2456409.89985	19.526	0.18
2456416.85959	19.383	0.07
2456418.70295	19.421	0.08900000000000001
2456419.8555799997	19.413	0.085
2456421.8228	19.354	0.07
2456423.8447	19.355999999999998	0.084
2456426.65781	19.366	0.071
2456428.84376	19.302	0.085
2456431.93971	19.458	0.185
2456433.69802	19.535	0.099
2456434.89173	19.623	0.11
2456436.63543	19.533	0.11199999999999999
2456442.68104	19.468	0.08199999999999999
2456444.83097	19.519000000000002	0.106
2456445.93115	19.457	0.14
2456446.83907	19.487000000000002	0.071
2456447.89105	19.385	0.075
2456448.9223599997	19.805	0.23600000000000002
2456450.5789	19.649	0.11800000000000001
2456451.63868	19.403	0.086
2456452.72887	19.539	0.099
2456454.81088	19.399	0.078
2456456.68451	19.544	0.063
2456458.52727	19.345	0.11900000000000001
2456459.59851	19.429000000000002	0.084
2456460.79648	19.449	0.077
2456462.66951	19.456	0.08900000000000001
2456463.81361	19.438	0.08800000000000001
2456468.5347700003	19.393	0.127
2456469.70516	19.517	0.10400000000000001
2456472.84622	19.357	0.107
2456474.60176	19.63	0.115
2456475.68763	19.473	0.084
2456476.74606	19.499000000000002	0.1
2456477.82119	19.837	0.20800000000000002
2456480.56486	19.511	0.107
2456481.71832	19.609	0.11699999999999999
2456485.53325	19.658	0.10400000000000001
2456486.69868	19.514	0.084
2456487.77721	19.373	0.066
2456490.56679	19.345	0.08
2456491.73484	19.662	0.107
2456496.4901799997	19.453	0.14400000000000002
2456498.51656	19.598	0.09
2456500.5577599998	19.614	0.152
2456504.7269099997	19.632	0.107
2456506.74104	19.577	0.125
2456509.52585	19.583	0.075
2456510.71447	19.42	0.08800000000000001
2456514.67821	19.471	0.069
2456518.51889	19.343	0.078
2456523.51943	19.448	0.096
2456525.5271	19.522000000000002	0.12300000000000001
2456531.48068	19.361	0.12300000000000001
2456533.61289	19.284000000000002	0.086
2456538.58697	19.625999999999998	0.127
2456543.63197	19.398	0.09300000000000001
2456547.59061	19.445	0.159
2456559.49672	19.305	0.107
2456562.60947	19.375999999999998	0.085
2456565.5954	19.781	0.145
2456569.55313	19.476	0.08199999999999999
2456572.52593	20.519000000000002	0.332
2456576.49077	19.477999999999998	0.251
2456576.56007	19.475	0.12300000000000001
2456581.49438	19.319000000000003	0.115
2456741.81783	19.455	0.095
2456741.90513	19.333	0.064
2456744.83988	19.305999999999997	0.07
2456745.92533	19.379	0.136
2456749.86336	19.439	0.067
2456754.82383	19.631	0.114
2456757.90092	19.511	0.078
2456761.71407	19.418	0.099
2456764.70734	19.413	0.111
2456769.67997	19.467	0.08199999999999999
2456771.80118	19.274	0.063
2456774.68932	19.358	0.096
2456776.8930900004	19.56	0.095
2456789.78732	19.407	0.085
2456791.7718700003	19.343	0.08900000000000001
2456796.71759	19.295	0.10099999999999999
2456798.87019	19.394000000000002	0.14800000000000002
2456804.75618	19.547	0.086
2456806.9147900003	19.301	0.11699999999999999
2456808.88382	19.542	0.10800000000000001
2456810.80956	19.354	0.07400000000000001
2456813.78758	19.320999999999998	0.08199999999999999
2456815.77502	19.539	0.095
2456817.7697900003	19.46	0.11199999999999999
2456819.7766400003	19.573	0.17300000000000001
2456824.84605	19.543	0.134
2456826.70921	19.463	0.09
2456828.56522	19.364	0.07400000000000001
2456829.80854	19.408	0.096
2456831.82785	19.582	0.114
2456833.76936	19.496	0.10800000000000001
2456835.66642	19.697	0.134
2456837.5567400004	19.463	0.086
2456838.79704	19.573	0.11900000000000001
2456840.71556	19.465999999999998	0.126
2456842.7207400003	19.543	0.096
2456845.5855400003	19.515	0.095
2456847.76947	19.436	0.133
2456852.69827	19.680999999999997	0.244
2456856.6312700002	19.416	0.07400000000000001
2456858.56349	19.559	0.078
2456862.7654	19.685	0.141
2456864.76309	19.397000000000002	0.11800000000000001
2456873.5904599996	19.566	0.141
2456879.69861	19.35	0.159
2456882.64535	19.523	0.095
2456886.58128	19.452	0.07
2456889.48154	19.47	0.096
2456891.67776	19.548	0.13699999999999998
2456907.61995	19.527	0.141
2456915.62612	19.521	0.125
2456924.48882	19.456	0.11699999999999999
2456928.57913	19.495	0.141
2456931.4844	19.566	0.23
2456932.5101799998	19.651	0.21899999999999997
2456938.49115	19.537	0.17
2456942.53871	19.382	0.11800000000000001
2457065.88309	19.392	0.11
2457070.8853	19.5	0.084
2457072.89269	19.589000000000002	0.11199999999999999
2457076.8862799997	19.547	0.085
2457078.86208	19.415	0.085
2457080.88447	19.598	0.11199999999999999
2457082.90341	19.52	0.13
2457086.79843	19.500999999999998	0.13699999999999998
2457088.8468400002	19.505	0.09699999999999999
2457090.88122	19.408	0.095
2457092.88204	19.445	0.08800000000000001
2457098.81152	19.491	0.092
2457100.80224	19.447	0.086
2457102.88311	19.569000000000003	0.106
2457110.80549	19.421	0.067
2457112.7725299997	19.659000000000002	0.134
2457115.76773	19.451	0.11199999999999999
2457118.85271	19.424	0.084
2457125.83388	19.43	0.07400000000000001
2457130.80318	19.484	0.08900000000000001
2457133.9048200003	19.485	0.1
2457136.73746	19.601	0.11699999999999999
2457138.83146	19.494	0.085
2457141.66127	19.439	0.08800000000000001
2457143.72874	19.485	0.10099999999999999
2457146.7317	19.327	0.09
2457152.76027	19.454	0.096
2457154.74828	19.422	0.085
2457156.76322	19.553	0.078
2457158.94265	19.423	0.204
2457160.91143	19.496	0.08900000000000001
2457162.8780799997	19.328	0.077
2457164.91432	19.412	0.099
2457169.77746	19.668	0.10099999999999999
2457172.6998400004	19.264	0.08900000000000001
2457174.58487	19.717	0.17
2457175.8798599998	19.886	0.284
2457178.65157	19.226	0.127
2457179.6105299997	19.539	0.147
2457180.8242099998	19.609	0.114
2457182.71043	19.429000000000002	0.077
2457184.5769599997	19.496	0.151
2457185.8127599997	19.437	0.096
2457187.84721	19.399	0.08900000000000001
2457189.82554	19.535	0.09699999999999999
2457194.6338400003	19.48	0.075
2457198.6461400003	19.480999999999998	0.08199999999999999
2457200.50097	19.646	0.136
2457207.54764	19.262	0.11199999999999999
2457214.69158	19.525	0.106
2457220.57525	19.45	0.08199999999999999
2457222.4994799998	19.53	0.122
2457224.51597	19.514	0.10400000000000001
2457226.6899900003	19.395	0.081
2457228.6199	19.521	0.095
2457235.48338	19.23	0.121
2457249.6930400003	19.226	0.11
2457255.59533	19.505	0.10400000000000001
2457263.5339	19.41	0.106
2457267.5413	19.557000000000002	0.133
2457270.56816	19.372	0.08900000000000001
2457275.6560299997	19.413	0.12300000000000001
2457291.5345799997	19.605	0.19899999999999998
2457294.55471	19.682000000000002	0.19899999999999998
2457312.5168	19.156	0.125
2457439.87298	19.549	0.10800000000000001
2457446.84233	19.461	0.084
2457452.80737	19.489	0.078
2457456.86092	19.421	0.08800000000000001
2457461.82137	19.368	0.069
2457465.87549	19.977999999999998	0.159
2457471.8072599997	19.531	0.129
2457474.88191	19.332	0.092
2457484.77472	19.524	0.126
2457486.82792	19.415	0.1
2457488.89018	19.477999999999998	0.075
2457492.8341900003	19.417	0.07400000000000001
2457494.89113	19.476	0.08199999999999999
2457498.84669	19.55	0.136
2457500.7984	19.476	0.132
2457508.79811	19.392	0.066
2457511.79843	19.305	0.062
2457522.88715	19.292	0.11699999999999999
2457528.83856	19.352999999999998	0.121
2457534.80086	19.29	0.075
2457545.76796	19.333	0.08199999999999999
2457546.93269	19.297	0.132
2457549.5906700003	19.437	0.085
2457550.80761	19.387	0.08900000000000001
2457555.61853	19.324	0.09300000000000001
2457557.73637	19.214000000000002	0.10400000000000001
2457560.78915	19.614	0.27699999999999997
2457566.56732	19.365	0.096
2457567.68841	19.349	0.078
2457568.85257	19.444000000000003	0.149
2457570.82515	19.386	0.106
2457576.52386	19.295	0.086
2457576.53645	19.368	0.09
2457581.78193	19.258	0.08900000000000001
2457589.5332	19.237000000000002	0.121
2457590.72665	19.166	0.081
2457596.52314	19.171	0.051
2457601.69314	19.102999999999998	0.055
2457603.6612400003	19.115	0.054000000000000006
2457605.58788	19.076	0.063
2457608.48015	19.059	0.077
2457610.5858299998	19.153	0.073
2457616.50421	19.207	0.08900000000000001
2457618.61548	19.021	0.08800000000000001
2457622.71372	18.92	0.06
2457625.64499	18.923	0.062
2457632.50477	18.933	0.051
2457636.6294	18.757	0.057999999999999996
2457644.54612	19.012	0.129
2457660.4915400003	18.803	0.081
