2455378.57053	18.883	0.055
2455380.60336	18.902	0.053
2455382.7511299998	18.865	0.08199999999999999
2455385.60008	18.873	0.043
2455385.69063	18.930999999999997	0.055
2455385.7887	18.85	0.047
2455388.61161	18.977	0.059000000000000004
2455391.73043	18.899	0.07
2455397.6435700003	18.827	0.08800000000000001
2455404.78043	18.84	0.068
2455408.76493	18.902	0.08199999999999999
2455412.7657	18.831	0.084
2455422.5087599996	18.887	0.08199999999999999
2455431.6527400003	18.823	0.092
2455433.63576	18.86	0.092
2455439.52948	18.959	0.092
2455446.6589	18.840999999999998	0.049
2455457.50826	18.919	0.057
2455460.53411	18.884	0.08
2455463.5975	18.863	0.07200000000000001
2455464.55728	18.812	0.076
2455472.53824	18.998	0.109
2455481.51072	18.866	0.102
2455483.51249	18.857	0.174
2455489.54215	18.847	0.086
2455606.88139	18.929000000000002	0.07
2455612.88528	18.664	0.076
2455615.8941099998	18.906	0.068
2455621.86253	18.883	0.053
2455624.79011	18.896	0.07400000000000001
2455626.88141	18.945	0.067
2455628.79507	18.912	0.08
2455629.87514	18.889	0.067
2455631.8505700002	18.926	0.07
2455633.80553	18.958	0.063
2455634.88195	18.894000000000002	0.063
2455637.79248	18.745	0.086
2455640.8935599998	18.913	0.07400000000000001
2455643.74326	18.918	0.08199999999999999
2455644.89372	18.875999999999998	0.12300000000000001
2455648.75167	18.793	0.068
2455649.8897700002	18.882	0.051
2455651.82612	18.986	0.065
2455654.78355	18.914	0.059000000000000004
2455655.89493	18.877	0.061
2455657.9245700003	18.951	0.10400000000000001
2455659.80663	18.945	0.063
2455660.92196	18.694000000000003	0.078
2455664.79101	18.819000000000003	0.065
2455665.91569	18.89	0.057
2455669.7658700002	18.788	0.068
2455675.7247099997	18.9	0.067
2455676.9175400003	18.854	0.045
2455679.87371	18.897000000000002	0.057
2455681.74259	18.852	0.051
2455683.68763	18.862000000000002	0.057
2455684.92228	18.805	0.055
2455686.90588	18.968	0.07200000000000001
2455689.81916	18.959	0.057
2455691.8286099997	18.984	0.076
2455693.63851	18.828	0.07
2455694.75475	18.972	0.07
2455695.89377	18.934	0.053
2455697.63105	18.836	0.08199999999999999
2455698.7245099996	18.997	0.109
2455705.7571799997	18.964000000000002	0.078
2455707.68805	18.919	0.068
2455708.75712	18.907	0.084
2455712.76738	18.92	0.055
2455715.63582	18.858	0.057
2455716.81696	18.994	0.067
2455722.64818	18.889	0.059000000000000004
2455723.80498	18.955	0.057
2455725.70148	18.842	0.053
2455734.83445	18.909000000000002	0.09
2455736.65279	18.93	0.047
2455737.74097	18.859	0.040999999999999995
2455739.55813	18.824	0.059000000000000004
2455740.6386599997	18.984	0.076
2455741.70774	18.840999999999998	0.059000000000000004
2455742.72053	18.884	0.051
2455743.83355	18.894000000000002	0.068
2455745.5043200003	19.007	0.094
2455746.68108	18.953	0.068
2455748.63474	18.967	0.061
2455752.5743	18.835	0.092
2455760.74021	18.914	0.07200000000000001
2455762.51614	18.887	0.07
2455763.65057	18.996	0.067
2455764.73757	18.871	0.055
2455766.56586	19.009	0.065
2455767.72846	18.952	0.07
2455769.50196	18.881	0.059000000000000004
2455775.68507	18.863	0.07400000000000001
2455778.49468	18.878	0.098
2455785.52391	18.955	0.102
2455787.48083	18.797	0.07
2455788.69446	18.838	0.106
2455793.51918	18.904	0.061
2455795.53166	18.954	0.084
2455801.5361599997	18.892	0.07
2455804.5991599998	18.796	0.057
2455807.61147	18.771	0.08800000000000001
2455813.65495	18.937	0.07200000000000001
2455817.5542599997	18.921	0.076
2455819.63385	18.852	0.068
2455822.589	18.722	0.057
2455827.57994	19.052	0.09
2455829.54856	18.955	0.065
2455831.55882	19.009	0.068
2455833.5671900003	18.928	0.063
2455840.57425	18.829	0.07200000000000001
2455842.5495700003	18.846	0.096
2455844.55677	18.834	0.109
2455847.54788	19.095	0.191
2455852.53883	18.944000000000003	0.111
2455857.53364	19.17	0.17
2455977.88355	18.902	0.067
2455982.89523	18.828	0.059000000000000004
2455986.80376	18.752	0.063
2455988.90092	18.959	0.076
2455991.8446400003	18.871	0.051
2455994.78858	18.815	0.08199999999999999
2455996.81597	18.906	0.061
2455998.8243	18.823	0.057
2456003.87158	18.968	0.07400000000000001
2456005.85706	18.854	0.045
2456007.83348	18.954	0.061
2456009.7568	18.771	0.055
2456010.8839	18.849	0.045
2456012.81658	18.837	0.049
2456014.74866	18.958	0.063
2456017.76004	18.898	0.047
2456018.8525900003	18.899	0.047
2456020.7338	18.867	0.055
2456021.79312	18.887	0.061
2456022.87425	18.824	0.049
2456025.7047900003	18.843	0.096
2456031.78364	18.969	0.063
2456033.72954	18.852999999999998	0.07
2456035.92542	18.732	0.059000000000000004
2456038.72542	18.976	0.065
2456040.7947400003	19.03	0.063
2456047.72267	18.83	0.065
2456048.93182	18.910999999999998	0.07400000000000001
2456050.84913	18.92	0.08
2456052.91175	18.872	0.067
2456061.76529	18.854	0.053
2456062.90279	18.847	0.067
2456064.91545	18.907	0.07400000000000001
2456066.76732	18.862000000000002	0.047
2456067.8429099997	18.939	0.051
2456069.66815	18.918	0.061
2456070.73344	18.922	0.051
2456071.81116	18.945	0.065
2456075.87885	19.0	0.059000000000000004
2456077.77838	18.875999999999998	0.067
2456078.8621400003	18.983	0.053
2456079.93473	18.925	0.065
2456081.58187	18.792	0.08800000000000001
2456082.65228	19.03	0.121
2456085.77605	18.852	0.07200000000000001
2456086.7842200003	18.965999999999998	0.063
2456088.6409	18.851	0.045
2456092.78444	18.96	0.055
2456094.58055	18.915	0.092
2456096.6933	18.864	0.065
2456097.89567	18.829	0.07400000000000001
2456099.73965	18.83	0.1
2456101.51546	18.86	0.068
2456102.55547	18.746	0.078
2456103.57325	19.097	0.076
2456104.65626	18.833	0.051
2456105.71052	18.907	0.059000000000000004
2456108.78397	18.919	0.065
2456109.6682	19.254	0.139
2456113.73915	18.868	0.084
2456114.84094	18.996	0.113
2456116.56596	18.864	0.047
2456117.65754	18.787	0.057
2456118.70998	18.883	0.055
2456121.4796	19.041	0.067
2456123.6026	18.914	0.065
2456124.7259400003	18.986	0.059000000000000004
2456125.81756	18.76	0.061
2456127.7414	18.989	0.07400000000000001
2456132.54375	18.792	0.061
2456134.54014	18.868	0.086
2456136.4898900003	18.91	0.106
2456141.4837700003	18.813	0.084
2456149.6079599997	19.007	0.078
2456152.4875	18.809	0.067
2456157.6647900003	18.953	0.07200000000000001
2456159.52641	18.912	0.068
2456161.55912	18.919	0.076
2456179.57415	18.813	0.09
2456182.48382	18.925	0.08
2456191.49098	18.787	0.096
2456196.53417	19.028	0.106
2456199.5222400003	19.004	0.115
2456204.50841	18.9	0.07
2456211.49739	18.993	0.07400000000000001
2456213.5520099998	18.79	0.065
2456218.5270700003	18.955	0.08
2456219.55706	18.887	0.065
2456340.8892099997	18.991	0.061
2456347.83172	18.909000000000002	0.07
2456350.8739	18.912	0.067
2456354.78541	18.956	0.09
2456361.90515	18.891	0.065
2456367.8752900003	18.829	0.043
2456369.9037200003	18.948	0.057
2456371.88963	18.954	0.051
2456372.8816	18.965	0.057
2456374.85274	18.863	0.057
2456376.80059	18.868	0.053
2456378.7428	18.915	0.078
2456379.8683700003	18.828	0.065
2456381.83899	18.9	0.051
2456386.76448	18.908	0.059000000000000004
2456387.8607400004	19.055999999999997	0.068
2456389.79392	18.819000000000003	0.049
2456390.86002	18.959	0.059000000000000004
2456393.80896	18.794	0.057
2456395.82612	18.963	0.055
2456397.7897799998	18.899	0.047
2456399.71438	18.903	0.063
2456401.74716	18.919	0.047
2456402.92831	19.05	0.13699999999999998
2456404.86058	18.901	0.057
2456405.8516700002	18.819000000000003	0.045
2456407.79225	18.998	0.078
2456415.71438	18.906	0.08800000000000001
2456416.90931	18.899	0.053
2456418.74042	18.898	0.053
2456419.90268	18.877	0.059000000000000004
2456421.88233	18.917	0.078
2456423.88322	19.025	0.07200000000000001
2456426.73717	18.901	0.049
2456428.88631	18.915	0.063
2456432.6545700002	18.885	0.065
2456433.74799	19.002	0.07200000000000001
2456434.93725	18.857	0.096
2456435.58465	18.824	0.096
2456436.67853	18.859	0.061
2456437.89507	18.874000000000002	0.111
2456442.73065	19.011	0.057
2456444.87175	18.85	0.061
2456446.90515	18.915	0.057
2456447.9317099997	18.875999999999998	0.055
2456449.5699	18.828	0.061
2456450.62005	19.025	0.063
2456451.67915	18.837	0.061
2456452.80922	18.942	0.043
2456454.8513700003	18.980999999999998	0.076
2456456.73697	18.996	0.047
2456458.58981	18.8	0.061
2456459.6398099996	18.927	0.049
2456460.89373	18.874000000000002	0.055
2456462.80736	18.872	0.063
2456463.8545	18.846	0.061
2456468.5767200002	18.948	0.068
2456469.7461599996	18.78	0.063
2456473.56768	18.762999999999998	0.049
2456474.64231	18.836	0.061
2456475.73668	18.93	0.057
2456476.7867400004	18.944000000000003	0.051
2456478.54806	18.894000000000002	0.078
2456480.60549	19.002	0.078
2456481.7595	18.855	0.068
2456485.57851	18.919	0.059000000000000004
2456486.74156	18.887	0.055
2456487.82272	18.88	0.063
2456490.6252599997	18.910999999999998	0.055
2456491.77724	18.933	0.063
2456496.53075	18.854	0.08
2456498.5616	18.929000000000002	0.049
2456500.6531700003	18.847	0.092
2456505.4785599997	18.901	0.07200000000000001
2456507.62928	19.043	0.086
2456509.58667	18.964000000000002	0.045
2456510.752	18.805	0.07200000000000001
2456514.7332900004	18.798	0.053
2456518.58197	18.824	0.047
2456523.55767	18.922	0.067
2456525.57475	19.043	0.1
2456531.54002	18.899	0.057
2456534.51177	18.88	0.061
2456539.48358	18.823	0.063
2456544.5236299997	19.057000000000002	0.08800000000000001
2456559.55533	18.875999999999998	0.055
2456563.55152	19.012999999999998	0.084
2456565.61093	18.734	0.051
2456569.56875	18.785	0.055
2456572.54633	18.823	0.059000000000000004
2456581.5255299998	18.837	0.07400000000000001
2456584.5268599996	18.796	0.08800000000000001
2456701.86215	18.932000000000002	0.067
2456708.8700200003	18.847	0.061
2456711.89273	18.949	0.07
2456717.83335	18.95	0.07400000000000001
2456719.89825	18.839000000000002	0.053
2456722.8320400002	19.035	0.08800000000000001
2456724.8541	19.015	0.068
2456726.84305	18.897000000000002	0.059000000000000004
2456728.84795	18.817	0.043
2456730.81813	18.991	0.084
2456732.87514	18.883	0.08
2456734.82831	18.735	0.051
2456735.91269	18.885	0.07400000000000001
2456737.77822	18.857	0.061
2456741.86614	18.955	0.068
2456742.81483	18.872	0.045
2456744.9128	18.868	0.045
2456746.81565	18.916	0.051
2456748.85072	19.012	0.059000000000000004
2456751.72639	18.823	0.076
2456751.74253	18.977	0.096
2456754.76358	18.866	0.067
2456756.7053099996	18.791	0.055
2456758.8585099997	19.139	0.078
2456760.80868	18.955	0.047
2456762.7538799997	18.835	0.065
2456764.7197	18.807000000000002	0.063
2456765.87878	18.918	0.065
2456769.79998	18.942	0.053
2456770.9079299998	18.909000000000002	0.057
2456772.8303799997	18.893	0.043
2456774.717	19.007	0.08800000000000001
2456775.9315	18.805999999999997	0.059000000000000004
2456777.91145	18.819000000000003	0.057
2456790.64052	18.962	0.098
2456791.6937	18.907	0.08199999999999999
2456792.74415	18.887999999999998	0.065
2456796.7971200002	18.893	0.061
2456797.8870900003	18.803	0.094
2456803.7434	18.896	0.049
2456804.7546900003	18.922	0.061
2456805.81666	18.92	0.068
2456807.7996099996	18.855	0.07200000000000001
2456808.82273	18.878	0.053
2456809.87563	18.827	0.061
2456810.90736	18.884	0.067
2456811.92013	18.834	0.08800000000000001
2456814.71196	18.811	0.049
2456815.78815	18.968	0.061
2456816.86204	18.859	0.084
2456817.92708	18.932000000000002	0.08800000000000001
2456819.77519	18.832	0.084
2456824.63268	19.026	0.098
2456825.65542	18.892	0.057
2456826.6655900003	18.952	0.061
2456827.75731	18.892	0.049
2456828.80345	18.918	0.057
2456829.7776200003	18.834	0.059000000000000004
2456830.80223	18.922	0.053
2456832.5592900002	18.930999999999997	0.063
2456833.6252900003	18.887	0.078
2456834.63232	18.941	0.07200000000000001
2456835.70646	18.962	0.067
2456836.7398	18.805	0.068
2456837.75093	18.741	0.057
2456838.7513	18.896	0.065
2456839.76714	18.916	0.07
2456840.81562	18.808	0.08
2456842.56698	18.929000000000002	0.086
2456844.59571	18.874000000000002	0.049
2456845.58413	18.912	0.059000000000000004
2456847.5757	18.972	0.067
2456851.53966	18.917	0.08
2456852.46438	19.118	0.17800000000000002
2456852.6011900003	18.915	0.076
2456855.678	18.898	0.051
2456856.70296	18.858	0.051
2456857.7536400002	18.851	0.051
2456859.5764200003	18.926	0.07200000000000001
2456862.76401	18.847	0.061
2456864.52072	18.963	0.067
2456870.5847400003	18.866	0.055
2456872.734	18.87	0.07200000000000001
2456879.6502400003	18.937	0.094
2456881.60303	18.868	0.07400000000000001
2456883.51244	18.951	0.067
2456885.71708	18.904	0.07
2456887.62679	18.921	0.053
2456889.5613	19.019000000000002	0.063
2456890.71089	18.896	0.065
2456895.67948	18.872	0.059000000000000004
2456909.52942	18.898	0.10400000000000001
2456919.56324	18.782	0.057
2456924.51656	19.074	0.11699999999999999
2456927.5139599997	18.894000000000002	0.102
2456930.54222	19.127	0.14300000000000002
2456932.55084	18.918	0.11699999999999999
2456938.56479	18.789	0.08800000000000001
2456943.54489	18.862000000000002	0.09
2457066.86475	18.792	0.078
2457070.8993	18.968	0.127
2457074.85976	18.808	0.08
2457075.83561	18.944000000000003	0.098
2457076.9015200003	18.801	0.098
2457078.8760900004	18.855999999999998	0.053
2457080.89831	18.778	0.065
2457083.80943	18.97	0.078
2457084.80265	18.977	0.131
2457086.8791900002	18.915	0.061
2457089.79012	18.985	0.086
2457091.82125	18.862000000000002	0.07200000000000001
2457098.89538	18.848	0.047
2457100.87813	18.832	0.049
2457108.8287299997	18.94	0.08
2457109.77673	18.899	0.068
2457110.90161	18.815	0.043
2457112.86584	18.845	0.059000000000000004
2457113.86908	18.858	0.043
2457115.86737	18.872	0.049
2457116.88256	18.934	0.07
2457117.86925	18.889	0.053
2457119.91237	18.935	0.07400000000000001
2457120.84509	18.817	0.065
2457125.75368	18.923	0.094
2457129.76771	18.89	0.055
2457130.92788	18.847	0.07200000000000001
2457131.78181	18.891	0.051
2457132.84306	18.861	0.051
2457134.9134400003	18.972	0.059000000000000004
2457136.77923	18.843	0.053
2457137.91634	18.984	0.096
2457139.76883	18.862000000000002	0.055
2457140.89561	18.819000000000003	0.053
2457142.7302900003	18.94	0.053
2457143.84084	18.91	0.057
2457145.79881	18.928	0.07400000000000001
2457146.83275	18.852999999999998	0.076
2457147.8541900003	18.848	0.08800000000000001
2457153.70296	18.948	0.051
2457154.79248	18.857	0.055
2457155.8862099997	18.909000000000002	0.065
2457157.81093	18.825	0.055
2457158.91169	19.053	0.086
2457160.63167	18.928	0.07200000000000001
2457161.70573	18.873	0.045
2457162.76094	19.022000000000002	0.068
2457163.82657	18.908	0.059000000000000004
2457165.62493	18.817999999999998	0.067
2457168.79568	18.86	0.057
2457170.59326	18.955	0.067
2457172.63934	18.852999999999998	0.067
2457173.6603	18.825	0.067
2457174.66916	18.929000000000002	0.068
2457175.68295	18.833	0.067
2457178.64554	18.882	0.061
2457179.6378	18.953	0.08800000000000001
2457180.63305	18.809	0.07400000000000001
2457181.62869	18.942	0.053
2457182.64612	18.832	0.045
2457183.65818	18.936	0.067
2457184.6938400003	18.867	0.065
2457185.72381	18.822	0.07
2457186.87582	18.857	0.07200000000000001
2457187.88885	18.982	0.076
2457189.58793	18.902	0.065
2457190.64503	18.831	0.061
2457191.8259799997	18.962	0.076
2457194.70239	18.861	0.049
2457197.78932	18.908	0.067
2457198.8156	18.892	0.1
2457199.8157599997	18.863	0.049
2457200.8007900002	18.825	0.063
2457206.67935	18.939	0.09
2457207.6958	18.838	0.067
2457209.83068	19.072	0.12300000000000001
2457211.82084	18.698	0.07
2457217.57139	19.0	0.07400000000000001
2457219.736	18.865	0.059000000000000004
2457221.48893	18.917	0.08199999999999999
2457222.54439	18.857	0.061
2457223.68765	18.956	0.068
2457224.77757	18.999000000000002	0.08
2457226.68857	18.845	0.053
2457227.6995	18.868	0.055
2457228.75696	19.027	0.061
2457229.79623	18.847	0.061
2457235.68711	18.944000000000003	0.10400000000000001
2457249.58882	18.988	0.07
2457252.65352	18.928	0.063
2457255.60911	18.863	0.065
2457263.51714	18.954	0.067
2457264.69639	18.955	0.084
2457267.6866	18.875999999999998	0.076
2457269.67971	18.852	0.063
2457272.5334099997	18.933	0.07200000000000001
2457277.48337	18.855	0.068
2457281.5118400003	18.918	0.102
2457292.56683	19.057000000000002	0.154
2457295.53652	18.893	0.07
2457299.5826	18.816	0.078
2457317.51536	18.944000000000003	0.092
2457435.85215	18.939	0.102
2457438.8335700002	18.865	0.08
2457441.82553	18.905	0.11900000000000001
2457445.83596	18.873	0.07400000000000001
2457447.86332	18.799	0.053
2457451.8738700002	18.905	0.07400000000000001
2457453.83115	18.852999999999998	0.049
2457456.79483	18.945	0.09
2457458.80501	18.952	0.08
2457461.80468	18.910999999999998	0.057
2457463.83362	18.98	0.065
2457465.90395	18.988	0.059000000000000004
2457470.8097900003	18.857	0.063
2457471.90831	18.959	0.07200000000000001
2457474.76298	18.938	0.086
2457475.7952099997	18.813	0.096
2457484.83458	18.837	0.061
2457486.76849	18.88	0.065
2457487.8766	19.002	0.065
2457489.90979	18.868	0.061
2457492.73318	18.866	0.055
2457493.72568	18.804000000000002	0.067
2457494.71808	18.877	0.055
2457495.6923700003	18.84	0.076
2457495.91301	18.908	0.063
2457498.8436	18.802	0.07200000000000001
2457499.79908	18.854	0.053
2457500.74032	18.88	0.084
2457507.7606200003	18.884	0.057
2457508.80913	18.912	0.045
2457509.90601	18.918	0.067
2457512.86083	18.917	0.049
2457522.9123299997	18.922	0.09
2457526.81475	18.941	0.067
2457529.88309	18.949	0.12300000000000001
2457534.8133900003	18.817	0.051
2457536.81267	18.937	0.061
2457546.62928	18.903	0.076
2457547.58984	18.825	0.08199999999999999
2457548.68579	18.885	0.040999999999999995
2457549.8541	18.914	0.067
2457550.83256	18.944000000000003	0.061
2457555.56883	18.858	0.07400000000000001
2457555.90278	18.932000000000002	0.068
2457557.8755900003	18.965	0.08800000000000001
2457561.66232	19.028	0.10800000000000001
2457562.65285	18.862000000000002	0.076
2457566.84322	18.875999999999998	0.10400000000000001
2457567.78707	18.845	0.068
2457568.78603	18.924	0.08
2457569.8035	18.889	0.059000000000000004
2457570.65068	18.965	0.055
2457575.6420400003	18.817999999999998	0.047
2457576.66406	18.823	0.051
2457579.70057	18.887999999999998	0.059000000000000004
2457584.58226	18.927	0.08800000000000001
2457589.57435	19.033	0.10400000000000001
2457590.5906	18.941	0.063
2457593.5715	18.93	0.059000000000000004
2457596.52172	18.809	0.045
2457600.55305	18.895	0.076
2457602.64422	18.871	0.065
2457603.6848	18.865	0.051
2457604.6918599997	18.844	0.051
2457605.7329599997	18.924	0.061
2457607.70543	18.824	0.053
2457609.52386	18.919	0.078
2457610.68203	18.973	0.059000000000000004
2457612.65476	18.985	0.133
2457617.50085	18.924	0.09
2457618.6287	18.743	0.07200000000000001
2457621.70521	18.895	0.08800000000000001
2457623.6326	18.942999999999998	0.053
2457625.58497	18.887999999999998	0.061
2457630.59595	18.908	0.061
2457632.60298	18.885	0.053
2457636.48401	18.771	0.08199999999999999
2457638.5262	19.049	0.092
2457644.55766	18.928	0.121
2457648.62037	18.862000000000002	0.076
2457651.54125	18.901	0.061
2457653.60659	18.846	0.057
2457656.58653	19.081	0.098
2457659.5899900002	19.009	0.068
2457662.57521	18.875999999999998	0.07200000000000001
2457664.57513	18.873	0.086
2457796.8779	18.842	0.07
2457799.8507	18.609	0.08800000000000001
2457800.8909400003	18.771	0.068
2457802.8821900003	18.699	0.08
2457808.82892	18.794	0.076
2457808.84501	18.804000000000002	0.07
2457811.8198599997	18.829	0.07400000000000001
2457814.83542	18.86	0.065
2457817.80529	18.907	0.067
2457819.83167	18.895	0.063
2457821.86889	18.815	0.07
2457823.8796099997	18.869	0.059000000000000004
2457826.78114	18.833	0.08199999999999999
2457827.88934	18.783	0.055
2457830.79585	18.785999999999998	0.111
2457835.8683599997	18.736	0.07
2457837.8656200003	18.782	0.047
2457839.87256	18.743	0.043
2457841.8704	18.766	0.076
2457843.82692	18.727	0.053
2457845.76133	18.699	0.059000000000000004
2457846.9183400003	18.727999999999998	0.055
2457848.84871	18.779	0.047
2457850.7662299997	18.62	0.057
2457851.90598	18.69	0.049
2457854.82419	18.619	0.047
2457856.74559	18.561	0.08
2457858.86259	18.644000000000002	0.059000000000000004
2457862.86416	18.562	0.055
2457865.76964	18.558	0.035
2457866.89951	18.563	0.037000000000000005
2457868.84018	18.458	0.053
2457870.72816	18.461	0.033
2457871.88318	18.495	0.035
2457873.73759	18.451	0.033
2457874.82666	18.469	0.049
2457876.72505	18.325	0.040999999999999995
2457877.8174	18.340999999999998	0.032
2457879.68436	18.257	0.045
2457880.835	18.311	0.049
2457882.78882	18.212	0.045
2457890.8569799997	18.031	0.037000000000000005
2457893.9162	17.952	0.037000000000000005
2457894.91397	17.991	0.03
2457901.66915	18.019000000000002	0.032
2457902.79258	18.03	0.03
2457904.58872	18.05	0.043
2457904.9443599996	18.04	0.057
2457905.9272	18.084	0.039
2457906.8757	18.094	0.03
2457908.62079	18.137999999999998	0.040999999999999995
2457908.9380099997	18.165	0.047
2457909.88746	18.124000000000002	0.032
2457910.80904	18.227999999999998	0.033
2457911.67535	18.19	0.040999999999999995
2457917.7083900003	18.366	0.045
2457923.5893200003	18.429000000000002	0.051
2457924.5578900003	18.448	0.047
2457925.5820299997	18.472	0.059000000000000004
2457926.61655	18.533	0.055
2457932.62514	18.59	0.055
2457933.61606	18.579	0.051
2457934.62739	18.545	0.047
2457935.6501700003	18.621	0.049
2457936.6242400003	18.618	0.049
2457937.61276	18.715	0.057
2457938.6417799997	18.680999999999997	0.07400000000000001
2457944.75126	18.668	0.068
2457945.66093	18.7	0.055
2457946.60414	18.769000000000002	0.065
2457947.6366	18.748	0.061
2457948.66021	18.674	0.067
2457949.7058900003	18.703	0.076
2457949.70929	18.762	0.086
2457953.63375	18.747	0.055
2457954.65174	18.719	0.040999999999999995
2457956.62628	18.706	0.051
2457958.59775	18.759	0.07
2457959.60067	18.778	0.049
2457960.64091	18.852	0.055
2457961.68505	18.744	0.045
2457964.6128	18.83	0.059000000000000004
2457966.56319	18.713	0.063
2457971.50751	18.69	0.07200000000000001
2457972.51959	18.811	0.115
2457973.63634	18.791	0.076
2457974.7308900002	18.733	0.067
2457980.54936	18.761	0.068
2457982.49372	18.81	0.068
2457983.66388	18.789	0.047
2457985.62257	18.824	0.08199999999999999
2457987.66493	18.847	0.049
2457991.64629	18.862000000000002	0.08199999999999999
2457993.60959	18.824	0.055
2457998.56507	18.884	0.063
2458001.5467	18.738	0.051
2458004.54895	18.901	0.08
2458010.5518799997	18.875999999999998	0.061
2458014.49992	18.849	0.07
2458017.54058	18.875999999999998	0.059000000000000004
2458021.5594	18.862000000000002	0.068
2458032.56636	18.840999999999998	0.09
2458048.50361	18.945999999999998	0.061
