2455377.63111	18.309	0.043
2455377.86686	18.366	0.07200000000000001
2455378.7911099996	18.409000000000002	0.045
2455379.66401	18.354	0.037000000000000005
2455380.78992	18.399	0.045
2455381.66271	18.326	0.049
2455382.52897	18.417	0.053
2455382.73551	18.36	0.053
2455385.48745	18.36	0.045
2455386.75924	18.342	0.034
2455387.74149	18.428	0.035
2455388.60841	18.423	0.032
2455389.52195	18.381	0.046
2455390.52582	18.452	0.065
2455390.78706	18.412	0.04
2455391.72742	18.402	0.045
2455392.59612	18.342	0.035
2455393.6809	18.379	0.043
2455396.5405900003	18.417	0.069
2455397.64043	18.35	0.064
2455403.61165	18.374000000000002	0.045
2455404.48423	18.35	0.042
2455404.68051	18.424	0.049
2455405.69718	18.381	0.051
2455407.5498599997	18.436	0.053
2455407.74409	18.362000000000002	0.053
2455408.67371	18.374000000000002	0.045
2455409.56108	18.378	0.032
2455410.56347	18.354	0.037000000000000005
2455411.59902	18.427	0.034
2455412.60713	18.419	0.051
2455413.5923200003	18.363	0.037000000000000005
2455414.6362400004	18.372	0.034
2455418.5699299998	18.383	0.032
2455421.5964099998	18.398	0.045
2455422.56468	18.389	0.042
2455425.5102	18.327	0.054000000000000006
2455430.5052099996	18.408	0.059000000000000004
2455431.50646	18.397000000000002	0.049
2455433.67973	18.424	0.062
2455434.6837299997	18.434	0.055999999999999994
2455435.68689	18.404	0.045
2455437.62678	18.394000000000002	0.037000000000000005
2455439.54651	18.39	0.059000000000000004
2455443.5605	18.41	0.048
2455444.572	18.422	0.046
2455445.6708299997	18.387	0.042
2455447.47787	18.382	0.051
2455448.53702	18.369	0.045
2455450.4966700003	18.39	0.051
2455451.58844	18.37	0.062
2455457.50341	18.34	0.035
2455458.5484700003	18.492	0.08
2455459.58202	18.375999999999998	0.048
2455460.5948900003	18.558	0.131
2455461.62494	18.551	0.091
2455463.5474099996	18.458	0.046
2455464.53741	18.373	0.061
2455467.57711	18.352	0.045
2455470.5919	18.364	0.046
2455472.55424	18.351	0.054000000000000006
2455476.50827	18.526	0.059000000000000004
2455479.54145	18.382	0.067
2455481.53617	18.358	0.105
2455486.5394599997	18.389	0.069
2455488.53338	18.383	0.064
2455605.88382	18.335	0.037000000000000005
2455608.89131	18.369	0.069
2455611.8829200002	18.419	0.048
2455614.8435299997	18.337	0.046
2455620.8336400003	18.403	0.046
2455624.8102700002	18.276	0.051
2455625.80755	18.395	0.045
2455627.79699	18.386	0.049
2455629.81069	18.438	0.043
2455630.84707	18.437	0.053
2455632.80621	18.357	0.051
2455634.78515	18.331	0.038
2455635.823	18.364	0.061
2455638.78205	18.340999999999998	0.07
2455639.8744200002	18.401	0.038
2455640.78108	18.349	0.062
2455642.77434	18.504	0.064
2455644.75318	18.442999999999998	0.094
2455649.75756	18.382	0.038
2455650.88229	18.374000000000002	0.043
2455652.86857	18.405	0.034
2455655.78467	18.362000000000002	0.042
2455657.80727	18.374000000000002	0.032
2455658.9273	18.609	0.20199999999999999
2455660.77932	18.408	0.042
2455662.90057	18.359	0.038
2455665.77092	18.402	0.045
2455668.87734	18.401	0.059000000000000004
2455670.92657	18.349	0.046
2455676.8092900002	18.419	0.034
2455679.78051	18.44	0.042
2455681.66558	18.337	0.045
2455682.83563	18.343	0.042
2455682.8613400003	18.498	0.049
2455684.8229	18.368	0.035
2455686.81731	18.437	0.043
2455689.704	18.442	0.035
2455691.74956	18.384	0.042
2455692.88798	18.372	0.04
2455694.65066	18.348	0.046
2455695.81715	18.386	0.037000000000000005
2455696.88754	18.340999999999998	0.043
2455698.63635	18.407	0.069
2455703.8520400003	18.467	0.076
2455707.59348	18.35	0.046
2455708.6685200003	18.351	0.045
2455712.67352	18.38	0.04
2455712.6862	18.406	0.038
2455714.86027	18.32	0.045
2455716.7341400003	18.415	0.038
2455721.8994400003	18.455	0.076
2455723.72739	18.369	0.038
2455725.56758	18.399	0.042
2455726.77545	18.342	0.078
2455734.74125	18.418	0.061
2455736.5685900003	18.332	0.037000000000000005
2455737.64678	18.39	0.028999999999999998
2455738.76738	18.409000000000002	0.037000000000000005
2455740.53523	18.379	0.045
2455741.6088799997	18.42	0.038
2455742.61991	18.365	0.035
2455743.77048	18.366	0.043
2455744.81045	18.345	0.037000000000000005
2455746.58772	18.391	0.038
2455747.75258	18.417	0.051
2455749.77303	18.407	0.059000000000000004
2455753.6957400003	18.461	0.055999999999999994
2455760.64571	18.408	0.051
2455763.55051	18.36	0.032
2455764.64304	18.371	0.035
2455766.4857099997	18.311	0.042
2455767.6367099998	18.378	0.04
2455768.75721	18.389	0.038
2455770.6450400003	18.375999999999998	0.061
2455770.6819	18.377	0.043
2455770.7793	18.473	0.051
2455777.6740200003	18.39	0.037000000000000005
2455786.66038	18.374000000000002	0.046
2455788.61186	18.492	0.053
2455791.4929299997	18.458	0.054000000000000006
2455794.63208	18.37	0.045
2455796.69694	18.496	0.069
2455804.5079200002	18.414	0.04
2455806.59923	18.354	0.059000000000000004
2455813.59203	18.406	0.04
2455816.61695	18.319000000000003	0.061
2455819.55705	18.373	0.043
2455823.62381	18.358	0.067
2455826.61359	18.34	0.064
2455828.58809	18.403	0.049
2455830.56158	18.43	0.049
2455832.58351	18.389	0.054000000000000006
2455835.5354299997	18.362000000000002	0.067
2455839.5832	18.408	0.096
2455841.5881	18.447	0.078
2455843.5895	18.534000000000002	0.09699999999999999
2455846.4920099997	18.385	0.083
2455851.5478	18.445	0.057
2455855.53192	18.349	0.065
2455862.50508	18.438	0.059000000000000004
2455972.88199	18.387	0.049
2455980.85464	18.362000000000002	0.057
2455984.89351	18.34	0.035
2455987.8768599997	18.396	0.037000000000000005
2455990.8407099997	18.368	0.038
2455993.79538	18.334	0.062
2455995.82626	18.38	0.04
2455997.8480599998	18.396	0.043
2455999.85673	18.365	0.042
2456004.89984	18.407	0.035
2456006.89573	18.340999999999998	0.03
2456008.8273099996	18.387999999999998	0.034
2456010.7559599997	18.365	0.045
2456011.88985	18.385	0.048
2456013.81049	18.399	0.037000000000000005
2456015.73835	18.372	0.035
2456016.82494	18.307000000000002	0.03
2456019.8491	18.396	0.03
2456020.90665	18.328	0.038
2456022.75285	18.392	0.04
2456023.81472	18.4	0.038
2456024.79764	18.392	0.043
2456025.88772	18.437	0.051
2456032.89324	18.372	0.03
2456034.91733	18.407	0.038
2456037.87279	18.384	0.034
2456039.91268	18.352999999999998	0.037000000000000005
2456045.8994400003	18.397000000000002	0.04
2456046.91062	18.403	0.038
2456048.84748	18.329	0.03
2456050.7387599996	18.345	0.038
2456052.83368	18.392	0.043
2456060.78318	18.422	0.037000000000000005
2456061.67631	18.447	0.053
2456062.8254400003	18.386	0.035
2456064.83358	18.439	0.038
2456066.67893	18.393	0.034
2456067.75294	18.361	0.03
2456068.90272	18.348	0.034
2456070.65559	18.287	0.043
2456071.70962	18.371	0.034
2456075.79498	18.387999999999998	0.028999999999999998
2456076.92252	18.508	0.059000000000000004
2456078.7790200002	18.427	0.035
2456079.8573	18.305	0.028999999999999998
2456080.88751	18.413	0.048
2456081.9301299998	18.413	0.076
2456085.68713	18.457	0.064
2456086.68296	18.432000000000002	0.037000000000000005
2456088.56481	18.35	0.037000000000000005
2456092.6264400003	18.58	0.051
2456093.82101	18.423	0.053
2456096.6065599998	18.385	0.043
2456097.8177900002	18.4	0.042
2456098.86965	18.316	0.049
2456100.82694	18.44	0.059000000000000004
2456101.8562	18.454	0.057
2456103.4906900004	18.444000000000003	0.065
2456104.57197	18.423	0.034
2456105.6068700003	18.384	0.043
2456108.70565	18.442999999999998	0.038
2456113.66037	18.367	0.049
2456114.76052	18.521	0.054000000000000006
2456116.48438	18.364	0.038
2456117.55637	18.404	0.038
2456118.6011799998	18.386	0.032
2456119.6507599996	18.362000000000002	0.032
2456120.76258	18.448	0.046
2456123.51723	18.507	0.054000000000000006
2456124.64545	18.338	0.037000000000000005
2456125.73062	18.413	0.038
2456127.55073	18.324	0.043
2456131.65167	18.477999999999998	0.04
2456133.7264	18.367	0.042
2456135.7297099996	18.391	0.04
2456140.7028200002	18.31	0.064
2456142.55328	18.375999999999998	0.067
2456147.71808	18.465	0.059000000000000004
2456148.6834299997	18.312	0.032
2456151.6923	18.364	0.048
2456154.63633	18.425	0.043
2456158.68704	18.415	0.043
2456160.70452	18.407	0.045
2456172.6825599996	18.331	0.057
2456175.65915	18.397000000000002	0.061
2456181.5757	18.387	0.037000000000000005
2456184.5754299997	18.389	0.032
2456190.53285	18.407	0.042
2456195.5772	18.396	0.049
2456197.55033	18.432000000000002	0.061
2456203.51046	18.383	0.051
2456205.55084	18.416	0.042
2456210.50889	18.372	0.048
2456212.5743299997	18.528	0.051
2456217.51549	18.401	0.037000000000000005
2456223.54376	18.489	0.076
2456339.85179	18.423	0.037000000000000005
2456344.84957	18.424	0.037000000000000005
2456349.83817	18.398	0.048
2456352.89885	18.39	0.046
2456360.90068	18.404	0.038
2456363.83098	18.328	0.037000000000000005
2456369.7798099997	18.480999999999998	0.045
2456371.77385	18.378	0.034
2456372.7667400003	18.432000000000002	0.04
2456373.89853	18.398	0.04
2456375.8675	18.357	0.032
2456377.82201	18.379	0.032
2456379.755	18.346	0.04
2456380.8856	18.434	0.038
2456382.82351	18.416	0.051
2456387.75185	18.334	0.032
2456388.86135	18.465	0.034
2456388.87759	18.375	0.035
2456390.74779	18.445	0.038
2456393.7157	18.438	0.045
2456395.72822	18.41	0.037000000000000005
2456397.70123	18.35	0.035
2456398.88885	18.34	0.034
2456400.9024	18.409000000000002	0.037000000000000005
2456402.8437099997	18.371	0.042
2456404.77196	18.414	0.035
2456407.71637	18.316	0.046
2456416.79401	18.421	0.032
2456418.66548	18.364	0.038
2456419.81471	18.409000000000002	0.038
2456420.92804	18.361	0.032
2456423.80457	18.371	0.037000000000000005
2456426.61716	18.398	0.038
2456428.79018	18.348	0.042
2456431.89871	18.403	0.045
2456433.6575	18.396	0.038
2456434.84387	18.46	0.045
2456436.59377	18.312	0.055999999999999994
2456442.64108	18.361	0.032
2456444.78095	18.371	0.038
2456445.8837099997	18.346	0.04
2456446.79709	18.371	0.027000000000000003
2456447.8506	18.362000000000002	0.035
2456448.8802099996	18.335	0.043
2456449.91228	18.500999999999998	0.061
2456451.5986599997	18.371	0.045
2456452.65717	18.413	0.028999999999999998
2456454.76989	18.352	0.032
2456456.63338	18.337	0.024
2456457.87498	18.383	0.035
2456459.55761	18.389	0.043
2456460.7240400002	18.348	0.034
2456462.62849	18.363	0.037000000000000005
2456463.77277	18.371	0.04
2456464.86369	18.445999999999998	0.059000000000000004
2456469.6392599996	18.517	0.042
2456472.80577	18.362000000000002	0.043
2456474.5567099997	18.375999999999998	0.042
2456475.63662	18.41	0.03
2456476.7055599997	18.412	0.042
2456477.7799	18.382	0.053
2456479.82967	18.4	0.054000000000000006
2456481.601	18.432000000000002	0.038
2456481.61571	18.445999999999998	0.043
2456485.48704	18.331	0.038
2456486.62989	18.387999999999998	0.037000000000000005
2456487.73448	18.36	0.032
2456490.52625	18.367	0.038
2456491.69307	18.399	0.038
2456498.4730599998	18.387	0.034
2456499.5890599997	18.494	0.043
2456504.68464	18.374000000000002	0.037000000000000005
2456506.68961	18.419	0.051
2456508.7510900004	18.425	0.042
2456510.64475	18.395	0.03
2456514.62739	18.365	0.034
2456516.67588	18.392	0.043
2456519.73419	18.32	0.045
2456524.66938	18.438	0.053
2456529.64286	18.529	0.055999999999999994
2456533.55249	18.435	0.048
2456538.53247	18.374000000000002	0.034
2456543.58775	18.39	0.037000000000000005
2456546.6198299997	18.445	0.051
2456558.60013	18.383	0.046
2456562.56615	18.396	0.037000000000000005
2456564.5889	18.355999999999998	0.045
2456568.58021	18.38	0.048
2456571.55328	18.457	0.064
2456578.56935	18.409000000000002	0.054000000000000006
2456583.5046900003	18.473	0.078
2456586.53546	18.396	0.07
2456698.88359	18.42	0.054000000000000006
2456705.89956	18.479	0.081
2456710.85612	18.373	0.037000000000000005
2456716.81133	18.382	0.035
2456718.8905599997	18.423	0.045
2456721.82258	18.442	0.048
2456723.85755	18.38	0.037000000000000005
2456725.8635299997	18.547	0.045
2456727.86132	18.340999999999998	0.027000000000000003
2456729.83666	18.365	0.034
2456731.8979599997	18.406	0.049
2456733.86039	18.477999999999998	0.042
2456735.78876	18.316	0.051
2456736.90078	18.372	0.035
2456743.89311	18.397000000000002	0.035
2456745.85104	18.4	0.03
2456747.88512	18.354	0.032
2456748.8077700003	18.425	0.032
2456749.81677	18.363	0.035
2456750.83468	18.355999999999998	0.034
2456751.85966	18.417	0.027000000000000003
2456752.8316	18.338	0.03
2456754.82	18.374000000000002	0.064
2456755.84237	18.427	0.035
2456756.80487	18.372	0.03
2456757.75643	18.477	0.042
2456758.7559	18.392	0.038
2456759.7266	18.349	0.034
2456759.91752	18.331	0.027000000000000003
2456760.8683599997	18.334	0.026000000000000002
2456761.80448	18.335	0.034
2456762.75215	18.36	0.04
2456763.72359	18.348	0.043
2456763.9057	18.364	0.037000000000000005
2456764.83365	18.410999999999998	0.032
2456765.77896	18.410999999999998	0.038
2456768.72985	18.422	0.035
2456768.91562	18.351	0.028999999999999998
2456769.81265	18.357	0.03
2456770.71415	18.385	0.034
2456770.87676	18.438	0.038
2456771.84037	18.439	0.038
2456772.73894	18.405	0.034
2456772.93117	18.389	0.053
2456773.85099	18.442	0.048
2456774.7644700003	18.423	0.049
2456775.7292	18.371	0.028999999999999998
2456775.9297700003	18.410999999999998	0.04
2456776.85047	18.383	0.035
2456777.8265400003	18.293	0.038
2456784.7379	18.415	0.04
2456784.9240900003	18.359	0.049
2456785.71855	18.379	0.032
2456785.9173	18.385	0.042
2456786.72743	18.372	0.035
2456789.6959	18.363	0.043
2456789.8705	18.417	0.049
2456790.7263700003	18.362000000000002	0.048
2456790.9078	18.357	0.053
2456791.73921	18.381	0.049
2456791.9101299997	18.434	0.049
2456792.7426299998	18.355999999999998	0.045
2456792.88993	18.394000000000002	0.055999999999999994
2456796.68402	18.406	0.049
2456796.85575	18.397000000000002	0.042
2456797.72002	18.429000000000002	0.059000000000000004
2456797.8856200003	18.408	0.067
2456803.66189	18.419	0.042
2456803.84147	18.365	0.034
2456804.60384	18.338	0.042
2456804.7949	18.351	0.035
2456805.5919	18.402	0.049
2456805.78602	18.437	0.043
2456806.85268	18.325	0.045
2456807.73552	18.358	0.049
2456807.9019400002	18.419	0.067
2456808.69286	18.355999999999998	0.035
2456808.88087	18.4	0.043
2456809.66684	18.372	0.037000000000000005
2456809.8741599997	18.348	0.045
2456810.66512	18.407	0.038
2456810.86103	18.366	0.042
2456811.62978	18.365	0.045
2456811.82703	18.366	0.049
2456813.6894799997	18.4	0.038
2456813.88883	18.396	0.042
2456814.73717	18.332	0.032
2456814.90723	18.4	0.053
2456815.6934700003	18.462	0.048
2456815.90594	18.418	0.048
2456816.75638	18.429000000000002	0.046
2456817.60507	18.394000000000002	0.049
2456817.78187	18.447	0.043
2456818.5498	18.5	0.069
2456819.60695	18.397000000000002	0.062
2456819.75953	18.413	0.057
2456823.77047	18.426	0.048
2456824.54898	18.348	0.061
2456824.7439	18.407	0.045
2456825.5336599997	18.346	0.045
2456825.71065	18.429000000000002	0.043
2456825.89071	18.316	0.051
2456826.64932	18.396	0.037000000000000005
2456826.8588900003	18.375	0.046
2456827.6362400004	18.367	0.038
2456827.84546	18.429000000000002	0.046
2456828.60951	18.372	0.035
2456828.8169299997	18.382	0.038
2456829.56275	18.435	0.054000000000000006
2456829.7473	18.421	0.045
2456830.53737	18.43	0.046
2456830.7265	18.366	0.028999999999999998
2456831.61912	18.378	0.028999999999999998
2456831.8080700003	18.381	0.04
2456832.60548	18.351	0.042
2456832.79367	18.38	0.048
2456833.62379	18.379	0.042
2456833.81023	18.392	0.054000000000000006
2456834.58754	18.436	0.051
2456834.77129	18.313	0.046
2456835.59576	18.418	0.045
2456835.77888	18.442	0.046
2456836.5655900002	18.512	0.076
2456836.75317	18.392	0.048
2456837.53937	18.355999999999998	0.038
2456837.72023	18.364	0.037000000000000005
2456838.49106	18.383	0.051
2456838.66668	18.399	0.042
2456838.8365	18.41	0.054000000000000006
2456839.62352	18.365	0.042
2456839.81061	18.375999999999998	0.049
2456840.63366	18.25	0.054000000000000006
2456840.81417	18.454	0.065
2456841.7058200003	18.394000000000002	0.043
2456842.50896	18.407	0.067
2456842.68841	18.375	0.045
2456844.47681	18.387	0.061
2456844.64988	18.359	0.037000000000000005
2456844.82418	18.419	0.051
2456845.56833	18.391	0.04
2456845.74849	18.375999999999998	0.037000000000000005
2456847.46272	18.275	0.067
2456847.52302	18.347	0.043
2456847.5650299997	18.392	0.043
2456847.61642	18.326	0.064
2456847.66685	18.406	0.046
2456847.80383	18.421	0.057
2456851.55265	18.399	0.049
2456851.72665	18.407	0.055999999999999994
2456852.5425	18.358	0.061
2456852.74412	18.387	0.07200000000000001
2456855.51768	18.476	0.054000000000000006
2456855.70578	18.479	0.043
2456856.50319	18.456	0.057
2456856.68712	18.383	0.037000000000000005
2456857.50105	18.385	0.035
2456857.68797	18.394000000000002	0.034
2456858.5159	18.387	0.035
2456858.70113	18.415	0.035
2456859.65898	18.409000000000002	0.042
2456862.614	18.361	0.048
2456862.7673299997	18.47	0.053
2456863.64787	18.362000000000002	0.034
2456864.48826	18.433	0.053
2456864.67605	18.426	0.04
2456866.5624	18.408	0.054000000000000006
2456870.5827099998	18.348	0.045
2456871.57382	18.319000000000003	0.038
2456872.67293	18.403	0.042
2456874.5548099997	18.339000000000002	0.049
2456879.5625299998	18.498	0.078
2456880.49215	18.521	0.092
2456880.72297	18.387	0.073
2456881.6727400003	18.452	0.061
2456882.59656	18.344	0.043
2456883.51081	18.372	0.042
2456885.47623	18.403	0.046
2456885.67008	18.468	0.045
2456886.5931599997	18.459	0.043
2456887.4931	18.332	0.04
2456887.69088	18.391	0.045
2456888.62593	18.391	0.04
2456889.57474	18.332	0.034
2456890.504	18.398	0.045
2456890.6842400003	18.366	0.045
2456891.63022	18.408	0.04
2456895.5855	18.393	0.037000000000000005
2456896.55303	18.34	0.046
2456907.5737	18.375999999999998	0.051
2456909.59969	18.52	0.081
2456912.6147	18.352	0.048
2456915.6246599997	18.49	0.07200000000000001
2456919.48778	18.416	0.073
2456922.48372	18.412	0.065
2456923.5021599997	18.383	0.065
2456924.5438099997	18.396	0.049
2456925.5847400003	18.403	0.054000000000000006
2456926.6085099997	18.378	0.049
2456928.5309200003	18.455	0.073
2456929.59309	18.31	0.061
2456937.5063400003	18.465	0.065
2456941.50684	18.449	0.075
2456948.521	18.393	0.064
2457065.8591400003	18.51	0.064
2457070.86132	18.396	0.037000000000000005
2457072.86877	18.392	0.045
2457076.86238	18.451	0.04
2457078.82749	18.38	0.043
2457080.84813	18.385	0.053
2457082.87865	18.392	0.037000000000000005
2457085.83717	18.399	0.043
2457087.8904	18.393	0.043
2457090.79511	18.348	0.053
2457092.81612	18.375999999999998	0.04
2457097.87675	18.403	0.03
2457099.87217	18.389	0.034
2457102.78363	18.48	0.055999999999999994
2457109.91461	18.399	0.04
2457111.87509	18.387	0.032
2457113.86752	18.326	0.027000000000000003
2457114.86399	18.361	0.035
2457115.8078900003	18.405	0.046
2457116.7870400003	18.379	0.053
2457117.76931	18.35	0.035
2457118.81322	18.334	0.04
2457119.8182	18.351	0.053
2457120.76359	18.381	0.073
2457120.9076099996	18.342	0.053
2457125.87406	18.351	0.037000000000000005
2457126.83054	18.375999999999998	0.03
2457129.7662400003	18.422	0.043
2457130.70346	18.451	0.046
2457130.88533	18.397000000000002	0.04
2457131.80501	18.352999999999998	0.028999999999999998
2457132.72757	18.424	0.049
2457133.85514	18.445999999999998	0.043
2457134.74114	18.383	0.042
2457134.92666	18.402	0.04
2457135.85234	18.355	0.027000000000000003
2457136.74877	18.374000000000002	0.038
2457136.93232	18.296	0.065
2457137.8380299998	18.366	0.035
2457138.71404	18.392	0.038
2457138.90078	18.399	0.038
2457139.8317299997	18.442	0.037000000000000005
2457140.71273	18.442999999999998	0.049
2457140.8941099998	18.338	0.037000000000000005
2457141.77699	18.373	0.027000000000000003
2457142.67081	18.397000000000002	0.037000000000000005
2457142.85495	18.357	0.034
2457143.72573	18.367	0.042
2457143.91877	18.395	0.037000000000000005
2457144.78896	18.46	0.054000000000000006
2457145.81282	18.325	0.042
2457146.66652	18.377	0.055999999999999994
2457146.80377	18.395	0.04
2457147.6479	18.346	0.08900000000000001
2457147.78575	18.474	0.053
2457147.93095	18.358	0.062
2457152.7719	18.354	0.04
2457152.93817	18.506	0.084
2457153.7751	18.322	0.032
2457154.6499900003	18.463	0.034
2457154.84712	18.391	0.035
2457155.68345	18.302	0.035
2457155.87021	18.384	0.043
2457156.69282	18.358	0.032
2457157.68134	18.339000000000002	0.03
2457157.9174	18.377	0.038
2457158.76986	18.412	0.038
2457159.61003	18.419	0.051
2457159.78291	18.357	0.035
2457160.63022	18.377	0.046
2457160.81715	18.346	0.032
2457161.64165	18.437	0.055999999999999994
2457161.8435400003	18.371	0.03
2457162.66189	18.354	0.038
2457162.84639	18.462	0.046
2457163.67175	18.373	0.048
2457163.85489	18.452	0.045
2457164.7593799997	18.379	0.038
2457164.9405	18.459	0.084
2457166.87689	18.41	0.048
2457169.8599900003	18.368	0.037000000000000005
2457170.8851900003	18.445999999999998	0.045
2457172.93245	18.387	0.059000000000000004
2457174.57108	18.435	0.08800000000000001
2457175.5810700003	18.429000000000002	0.076
2457178.887	18.464000000000002	0.064
2457179.91093	18.379	0.054000000000000006
2457180.91109	18.373	0.053
2457181.92663	18.426	0.057
2457183.5509200003	18.414	0.054000000000000006
2457184.59242	18.429000000000002	0.064
2457185.6001	18.436	0.049
2457186.66283	18.449	0.059000000000000004
2457187.78244	18.351	0.04
2457188.80027	18.484	0.053
2457189.88231	18.359	0.057
2457191.62611	18.408	0.045
2457194.5737	18.396	0.043
2457197.66527	18.414	0.037000000000000005
2457198.71256	18.456	0.049
2457199.7058	18.338	0.035
2457200.6926599997	18.316	0.03
2457206.56268	18.303	0.062
2457207.58965	18.41	0.045
2457209.72965	18.372	0.042
2457211.71913	18.424	0.043
2457214.68964	18.449	0.042
2457219.61171	18.409000000000002	0.035
2457220.74365	18.415	0.034
2457221.77316	18.412	0.038
2457223.56456	18.352	0.049
2457224.66427	18.372	0.046
2457226.56208	18.384	0.042
2457227.57348	18.375999999999998	0.035
2457228.64327	18.4	0.037000000000000005
2457229.69572	18.345	0.038
2457235.4819799997	18.368	0.065
2457236.64512	18.472	0.07200000000000001
2457252.50658	18.47	0.07
2457255.4801	18.393	0.051
2457257.59256	18.433	0.04
2457261.61153	18.394000000000002	0.073
2457264.5694	18.368	0.043
2457267.5554400003	18.379	0.049
2457269.5598400002	18.428	0.043
2457271.56652	18.377	0.042
2457275.59601	18.366	0.067
2457278.58655	18.392	0.043
2457293.5691400003	18.375999999999998	0.04
2457299.51993	18.382	0.054000000000000006
2457311.50882	18.363	0.038
2457322.50784	18.525	0.08800000000000001
2457424.88047	18.357	0.042
2457425.87649	18.486	0.053
2457427.8647	18.311	0.061
2457428.85565	18.359	0.04
2457429.86171	18.438	0.046
2457431.8848599996	18.406	0.04
2457432.85456	18.381	0.042
2457433.85272	18.409000000000002	0.045
2457434.8448099997	18.357	0.054000000000000006
2457435.86816	18.413	0.048
2457438.84822	18.425	0.049
2457441.83421	18.364	0.055999999999999994
2457443.85825	18.455	0.054000000000000006
2457444.83765	18.317999999999998	0.043
2457445.85397	18.444000000000003	0.043
2457447.87603	18.432000000000002	0.043
2457451.85599	18.408	0.054000000000000006
2457453.84619	18.326	0.03
2457456.8081	18.414	0.049
2457458.81979	18.296	0.037000000000000005
2457461.8196400004	18.382	0.034
2457463.86492	18.373	0.034
2457466.86295	18.417	0.042
2457470.82458	18.397000000000002	0.057
2457472.7547	18.499000000000002	0.059000000000000004
2457474.7758	18.320999999999998	0.048
2457484.74523	18.402	0.049
2457485.86871	18.434	0.037000000000000005
2457487.77624	18.355	0.043
2457488.90153	18.326	0.032
2457491.9101	18.385	0.03
2457492.90118	18.372	0.037000000000000005
2457493.88869	18.429000000000002	0.034
2457494.88626	18.397000000000002	0.037000000000000005
2457495.85366	18.336	0.042
2457498.74943	18.42	0.051
2457499.7421	18.396	0.051
2457500.68411	18.297	0.053
2457500.88538	18.389	0.051
2457508.71419	18.346	0.028999999999999998
2457508.72821	18.368	0.028999999999999998
2457509.81921	18.331	0.042
2457511.89315	18.428	0.038
2457522.8226099997	18.422	0.073
2457526.69969	18.44	0.054000000000000006
2457528.9323299997	18.367	0.061
2457534.71675	18.426	0.048
2457536.71738	18.444000000000003	0.045
2457545.86995	18.371	0.04
2457546.89359	18.357	0.049
2457547.84509	18.417	0.042
2457549.7500299998	18.352999999999998	0.032
2457550.74672	18.394000000000002	0.037000000000000005
2457554.6674200003	18.404	0.04
2457555.7971200002	18.414	0.045
2457557.74973	18.358	0.049
2457561.53826	18.407	0.075
2457562.55008	18.454	0.059000000000000004
2457566.75826	18.385	0.045
2457567.70132	18.346	0.037000000000000005
2457568.68681	18.407	0.04
2457569.71728	18.373	0.045
2457576.5098200003	18.33	0.037000000000000005
2457577.5644400003	18.48	0.054000000000000006
2457583.7611700003	18.422	0.053
2457584.81102	18.429000000000002	0.067
2457590.4890900003	18.338	0.051
2457591.5425299997	18.43	0.065
2457595.51718	18.465	0.07
2457599.73814	18.415	0.042
2457602.52285	18.387999999999998	0.055999999999999994
2457603.58425	18.36	0.037000000000000005
2457604.59021	18.52	0.043
2457605.63301	18.429000000000002	0.045
2457607.5885	18.369	0.043
2457608.6984200003	18.421	0.035
2457610.53895	18.459	0.054000000000000006
2457612.5522	18.419	0.07200000000000001
2457616.61335	18.39	0.043
2457618.5090799998	18.387999999999998	0.062
2457621.57196	18.308	0.045
2457623.49331	18.467	0.049
2457624.65606	18.391	0.049
2457626.66632	18.37	0.043
2457631.66139	18.36	0.037000000000000005
2457634.57656	18.378	0.051
2457637.57385	18.37	0.034
2457643.56646	18.519000000000002	0.08
2457648.50342	18.41	0.059000000000000004
2457651.56475	18.444000000000003	0.048
2457654.49279	18.410999999999998	0.049
2457656.601	18.492	0.054000000000000006
2457660.4878700003	18.386	0.061
2457665.49301	18.453	0.073
2457798.87896	18.394000000000002	0.046
2457803.8596200002	18.394000000000002	0.061
2457809.90643	18.459	0.099
2457813.81992	18.419	0.049
2457816.87825	18.340999999999998	0.035
2457819.8108099997	18.349	0.042
2457821.87806	18.345	0.046
2457824.82413	18.371	0.065
2457826.83544	18.35	0.048
2457828.8527599997	18.38	0.04
2457830.8996200003	18.287	0.055999999999999994
2457836.76605	18.342	0.055999999999999994
2457838.7577299997	18.258	0.042
2457840.76453	18.266	0.04
2457842.7396400003	18.375999999999998	0.048
2457843.8897700002	18.299	0.037000000000000005
2457845.83237	18.315	0.034
2457847.77355	18.253	0.037000000000000005
2457848.92339	18.3	0.043
2457850.8283	18.275	0.034
2457852.84359	18.225	0.051
2457854.89051	18.247	0.042
2457856.8095299997	18.269000000000002	0.054000000000000006
2457858.80084	18.131	0.034
2457863.762	18.222	0.042
2457864.71907	18.175	0.03
2457865.86127	18.132	0.03
2457867.72328	18.093	0.028999999999999998
2457868.9262	18.104	0.046
2457870.80005	18.055	0.026000000000000002
2457872.6741400003	17.967	0.027000000000000003
2457873.79991	17.942	0.022000000000000002
2457874.89172	17.942999999999998	0.026000000000000002
2457876.80125	17.9	0.024
2457877.88742	17.921	0.028999999999999998
2457879.74608	17.822	0.038
2457880.92145	17.789	0.042
2457882.8631599997	17.698	0.03
2457893.63598	17.445999999999998	0.028999999999999998
2457894.6310799997	17.442999999999998	0.024
2457895.64523	17.503	0.021
2457901.78307	17.722	0.024
2457902.9065900003	17.717	0.038
2457904.65736	17.781	0.027000000000000003
2457905.6242299997	17.907	0.027000000000000003
2457906.58787	17.882	0.034
2457907.6098599997	17.947	0.034
2457908.68279	17.942	0.027000000000000003
2457909.61492	17.939	0.034
2457910.8799	17.974	0.028999999999999998
2457911.7622	17.968	0.049
2457916.78251	18.102999999999998	0.034
2457917.77428	18.131	0.037000000000000005
2457923.65753	18.230999999999998	0.043
2457924.61913	18.24	0.034
2457925.6431299997	18.264	0.03
2457926.71171	18.207	0.037000000000000005
2457932.6992200003	18.328	0.053
2457933.68109	18.291	0.046
2457935.71561	18.283	0.035
2457936.71237	18.344	0.038
2457937.6765900003	18.305999999999997	0.043
2457944.50153	18.275	0.053
2457944.8051400003	18.371	0.07
2457945.72474	18.29	0.034
2457946.6855200003	18.374000000000002	0.04
2457947.74817	18.386	0.057
2457948.74662	18.355	0.038
2457952.67694	18.27	0.037000000000000005
2457953.7005	18.337	0.035
2457954.7339	18.39	0.034
2457956.7045299998	18.359	0.038
2457958.6411099997	18.375999999999998	0.046
2457959.66719	18.344	0.03
2457960.70697	18.33	0.034
2457961.78173	18.477	0.069
2457964.6771299997	18.457	0.046
2457966.61878	18.351	0.053
2457972.56972	18.504	0.078
2457973.71042	18.399	0.075
2457975.62992	18.408	0.069
2457980.61336	18.347	0.054000000000000006
2457982.57545	18.41	0.042
2457984.52678	18.444000000000003	0.055999999999999994
2457986.5663099997	18.367	0.032
2457990.5382	18.371	0.045
2457992.51566	18.378	0.04
2457994.4953	18.317	0.065
2457998.61992	18.399	0.051
2458001.60863	18.383	0.045
2458004.61167	18.323	0.053
2458011.54434	18.378	0.062
2458014.57271	18.355	0.042
2458018.50961	18.401	0.046
