2455378.62695	17.555999999999997	0.02
2455380.6606099997	17.572	0.02
2455382.81391	17.548	0.036000000000000004
2455385.53137	17.570999999999998	0.02
2455385.63083	17.533	0.017
2455385.73317	17.552	0.02
2455388.7560400004	17.566	0.02
2455391.82634	17.564	0.026000000000000002
2455397.694	17.518	0.027000000000000003
2455405.64774	17.594	0.028999999999999998
2455409.48759	17.599	0.023
2455413.52383	17.567	0.02
2455422.56786	17.579	0.023
2455433.6995599996	17.570999999999998	0.043
2455439.5854599997	17.555	0.026000000000000002
2455447.5232	17.561	0.023
2455457.58223	17.555999999999997	0.021
2455460.5865	17.58	0.049
2455465.5315	17.546	0.027000000000000003
2455473.49707	17.585	0.028999999999999998
2455490.5383900004	17.547	0.036000000000000004
2455602.85382	17.569000000000003	0.024
2455604.86174	17.500999999999998	0.026000000000000002
2455605.85789	17.566	0.02
2455606.85752	17.6	0.023
2455607.86102	17.574	0.024
2455608.85201	17.566	0.027000000000000003
2455611.8476400003	17.601	0.033
2455612.8569	17.567	0.026000000000000002
2455613.88962	17.57	0.039
2455615.8484099996	17.557000000000002	0.023
2455616.84256	17.548	0.03
2455621.8335599997	17.561	0.021
2455622.8215400004	17.57	0.018000000000000002
2455624.7779099997	17.543	0.023
2455626.83676	17.570999999999998	0.027000000000000003
2455628.7779	17.566	0.035
2455629.77337	17.504	0.027000000000000003
2455631.83823	17.565	0.027000000000000003
2455632.8673900003	17.565	0.02
2455633.76653	17.582	0.024
2455635.79896	17.542	0.027000000000000003
2455637.7776099998	17.524	0.032
2455638.90791	17.557000000000002	0.021
2455639.77834	17.613	0.032
2455642.75726	17.559	0.028999999999999998
2455647.76275	17.590999999999998	0.021
2455649.78672	17.551	0.017
2455654.78793	17.573	0.02
2455658.8509400003	17.555999999999997	0.018000000000000002
2455662.9039	17.574	0.021
2455668.78409	17.553	0.028999999999999998
2455675.79017	17.6	0.023
2455679.88853	17.57	0.018000000000000002
2455682.91511	17.551	0.021
2455686.80524	17.570999999999998	0.017
2455692.65679	17.561	0.024
2455694.8311099997	17.547	0.02
2455697.68018	17.544	0.021
2455702.59037	17.565	0.033
2455702.7694200003	17.637999999999998	0.048
2455706.86356	17.567	0.028999999999999998
2455709.82168	17.579	0.017
2455715.85194	17.557000000000002	0.021
2455722.82271	17.58	0.021
2455725.7962700003	17.57	0.021
2455735.6696099997	17.572	0.026000000000000002
2455737.78322	17.57	0.018000000000000002
2455740.6402	17.564	0.023
2455742.66819	17.572	0.017
2455745.7179099997	17.544	0.02
2455749.50635	17.492	0.035
2455760.5654599997	17.525	0.027000000000000003
2455765.53052	17.578	0.021
2455768.78474	17.590999999999998	0.023
2455777.66139	17.537	0.018000000000000002
2455784.49002	17.535999999999998	0.043
2455784.6212	17.557000000000002	0.032
2455785.72833	17.549	0.035
2455790.57856	17.529	0.024
2455794.6809900003	17.637999999999998	0.024
2455803.51497	17.563	0.026000000000000002
2455815.48335	17.583	0.027000000000000003
2455819.52403	17.58	0.023
2455824.54742	17.579	0.021
2455829.52622	17.563	0.023
2455833.5827099998	17.587	0.024
2455841.5191200003	17.561	0.027000000000000003
2455845.56076	17.608	0.033
2455854.51633	17.561	0.03
2455971.88522	17.570999999999998	0.023
2455984.8728400003	17.547	0.018000000000000002
2455990.79654	17.59	0.023
2455995.77307	17.575	0.026000000000000002
2455999.81172	17.590999999999998	0.024
2456002.77273	17.573	0.036000000000000004
2456002.89406	17.577	0.026000000000000002
2456003.80745	17.58	0.027000000000000003
2456007.78849	17.562	0.02
2456010.82352	17.576	0.018000000000000002
2456013.9010099997	17.562	0.017
2456016.9045700002	17.555999999999997	0.017
2456019.8890299997	17.563	0.017
2456022.78174	17.58	0.02
2456025.7080900003	17.551	0.032
2456032.9094700003	17.567999999999998	0.018000000000000002
2456037.73176	17.581	0.023
2456040.8878599997	17.559	0.02
2456048.74379	17.565	0.017
2456051.64649	17.546	0.024
2456057.69873	17.553	0.023
2456057.8580400003	17.565	0.02
2456058.66139	17.534000000000002	0.026000000000000002
2456061.83101	17.543	0.02
2456064.8226	17.543	0.02
2456066.94202	17.612000000000002	0.024
2456069.6823400003	17.518	0.017
2456071.6582	17.572	0.02
2456076.6941299997	17.581	0.017
2456078.83321	17.565	0.018000000000000002
2456080.7934	17.570999999999998	0.023
2456086.58948	17.531	0.021
2456089.6464	17.559	0.018000000000000002
2456093.82252	17.542	0.024
2456096.8744799998	17.539	0.028999999999999998
2456099.84444	17.555	0.028999999999999998
2456101.82791	17.558	0.024
2456103.72657	17.576	0.02
2456103.7945	17.542	0.018000000000000002
2456103.8236599998	17.567	0.024
2456104.51068	17.573	0.021
2456104.64558	17.559	0.017
2456104.77963	17.566	0.018000000000000002
2456105.68688	17.575	0.021
2456113.702	17.542	0.024
2456115.67099	17.575	0.024
2456117.6855200003	17.602	0.02
2456119.613	17.594	0.02
2456121.62593	17.594	0.017
2456124.7014599997	17.548	0.018000000000000002
2456126.75574	17.555999999999997	0.02
2456132.55793	17.586	0.023
2456135.6639900003	17.611	0.027000000000000003
2456140.6648	17.589000000000002	0.028999999999999998
2456147.6116299997	17.567999999999998	0.024
2456151.59961	17.587	0.024
2456158.5436299997	17.595	0.02
2456161.61118	17.58	0.021
2456167.68739	17.547	0.042
2456169.53496	17.58	0.024
2456175.6457599998	17.563	0.024
2456182.63295	17.593	0.026000000000000002
2456191.4922700003	17.553	0.032
2456198.57073	17.52	0.03
2456210.5103	17.577	0.026000000000000002
2456217.50435	17.557000000000002	0.02
2456347.86227	17.534000000000002	0.02
2456354.8815099997	17.566	0.02
2456362.9007	17.574	0.02
2456370.88057	17.533	0.017
2456375.80128	17.616	0.02
2456378.88696	17.559	0.017
2456382.77321	17.573	0.039
2456388.75353	17.557000000000002	0.023
2456391.70642	17.624000000000002	0.028999999999999998
2456395.82793	17.57	0.017
2456398.82265	17.566	0.017
2456401.86634	17.589000000000002	0.018000000000000002
2456404.8361400003	17.555	0.018000000000000002
2456408.81409	17.526	0.026000000000000002
2456417.733	17.558	0.02
2456419.84472	17.561	0.02
2456422.93768	17.648	0.042
2456426.83183	17.554000000000002	0.017
2456431.8870200003	17.576	0.021
2456434.66097	17.590999999999998	0.023
2456436.7069599996	17.593	0.021
2456442.60261	17.553	0.018000000000000002
2456445.66365	17.57	0.017
2456447.66499	17.579	0.018000000000000002
2456449.60098	17.555	0.018000000000000002
2456450.90944	17.566	0.021
2456454.53582	17.549	0.026000000000000002
2456456.70037	17.547	0.016
2456458.84503	17.587	0.02
2456461.6020299997	17.58	0.02
2456463.74664	17.593	0.021
2456468.78244	17.562	0.023
2456473.74136	17.546	0.017
2456475.68946	17.6	0.018000000000000002
2456477.65961	17.558	0.021
2456480.69661	17.552	0.02
2456485.48858	17.524	0.02
2456487.59272	17.583	0.016
2456490.70112	17.555	0.017
2456496.51906	17.654	0.028999999999999998
2456498.71257	17.545	0.021
2456505.4937299998	17.574	0.021
2456508.65058	17.551	0.017
2456511.6203900003	17.557000000000002	0.018000000000000002
2456518.5207	17.576	0.018000000000000002
2456524.55822	17.551	0.021
2456531.666	17.575	0.02
2456538.58855	17.526	0.021
2456545.63791	17.546	0.018000000000000002
2456560.49161	17.601	0.024
2456567.5444900002	17.564	0.024
2456573.53648	17.557000000000002	0.023
2456741.8699	17.534000000000002	0.017
2456742.83465	17.573	0.016
2456745.88192	17.542	0.016
2456749.91613	17.555	0.018000000000000002
2456752.80272	17.586	0.017
2456755.86977	17.552	0.017
2456757.84877	17.577	0.018000000000000002
2456759.87351	17.547	0.013999999999999999
2456761.8064200003	17.558	0.017
2456763.78936	17.554000000000002	0.018000000000000002
2456768.9175400003	17.588	0.016
2456770.75984	17.584	0.017
2456771.93241	17.538	0.026000000000000002
2456773.82208	17.551	0.023
2456775.76219	17.592	0.016
2456776.93829	17.566	0.028999999999999998
2456784.8782	17.581	0.021
2456785.87161	17.558	0.02
2456786.8955900003	17.55	0.021
2456789.78579	17.573	0.02
2456790.87043	17.584	0.027000000000000003
2456791.92655	17.537	0.024
2456796.6389200003	17.562	0.023
2456797.7384900004	17.596	0.026000000000000002
2456799.88296	17.577	0.03
2456804.59057	17.555999999999997	0.02
2456805.6388	17.542	0.024
2456807.61233	17.570999999999998	0.027000000000000003
2456808.64783	17.535	0.02
2456809.6833599997	17.562	0.017
2456810.73788	17.554000000000002	0.018000000000000002
2456811.7609099997	17.56	0.021
2456813.87553	17.574	0.021
2456815.60012	17.555	0.024
2456816.6844200003	17.56	0.024
2456817.7684	17.557000000000002	0.024
2456819.63334	17.559	0.024
2456823.8462099996	17.582	0.023
2456824.88936	17.55	0.035
2456826.5159299998	17.567	0.026000000000000002
2456827.56278	17.575	0.02
2456828.61103	17.559	0.018000000000000002
2456829.60748	17.543	0.023
2456830.6301599997	17.539	0.017
2456831.77729	17.562	0.02
2456832.81083	17.572	0.024
2456833.86619	17.572	0.032
2456835.53739	17.589000000000002	0.024
2456836.56706	17.527	0.027000000000000003
2456837.58406	17.549	0.018000000000000002
2456838.58395	17.562	0.023
2456839.59516	17.558	0.021
2456840.64759	17.592	0.024
2456841.76507	17.58	0.021
2456842.80851	17.589000000000002	0.024
2456844.83941	17.562	0.024
2456845.82162	17.569000000000003	0.02
2456847.768	17.567999999999998	0.023
2456851.77453	17.541	0.026000000000000002
2456855.50459	17.561	0.023
2456856.5337400003	17.531	0.021
2456857.57645	17.567999999999998	0.02
2456858.65843	17.584	0.017
2456862.61538	17.579	0.021
2456863.69435	17.566	0.018000000000000002
2456864.76157	17.562	0.023
2456872.5172	17.573	0.021
2456878.56917	17.492	0.038
2456880.67838	17.546	0.036000000000000004
2456882.61264	17.544	0.02
2456885.56058	17.557000000000002	0.021
2456886.70232	17.576	0.023
2456888.62727	17.55	0.02
2456890.5649099997	17.561	0.02
2456895.50153	17.558	0.018000000000000002
2456908.50119	17.532	0.026000000000000002
2456912.61601	17.543	0.026000000000000002
2456918.53482	17.584	0.027000000000000003
2456922.60341	17.624000000000002	0.026000000000000002
2456925.6165	17.565	0.024
2456929.49474	17.570999999999998	0.028999999999999998
2456932.55853	17.601	0.045
2456942.49519	17.559	0.026000000000000002
2457069.86368	17.542	0.02
2457074.87399	17.532	0.023
2457075.8500900003	17.527	0.023
2457078.85256	17.544	0.021
2457082.85447	17.573	0.02
2457086.8809599997	17.555999999999997	0.02
2457090.784	17.566	0.03
2457097.88006	17.544	0.016
2457100.86543	17.565	0.018000000000000002
2457110.79202	17.555999999999997	0.017
2457112.90122	17.565	0.017
2457115.7184	17.531	0.024
2457116.92465	17.552	0.027000000000000003
2457126.8492799997	17.54	0.018000000000000002
2457130.76347	17.557000000000002	0.021
2457131.92262	17.554000000000002	0.018000000000000002
2457134.7428099997	17.563	0.021
2457135.9010799997	17.559	0.017
2457137.74559	17.573	0.016
2457138.87217	17.559	0.018000000000000002
2457140.72918	17.554000000000002	0.021
2457141.86161	17.589000000000002	0.018000000000000002
2457143.68448	17.592	0.023
2457144.79062	17.51	0.024
2457146.70565	17.607	0.023
2457147.72517	17.562	0.027000000000000003
2457152.88113	17.552	0.023
2457153.92778	17.593	0.023
2457155.71467	17.56	0.018000000000000002
2457156.83142	17.549	0.016
2457158.74258	17.554000000000002	0.018000000000000002
2457159.8103	17.564	0.018000000000000002
2457160.8766400004	17.541	0.018000000000000002
2457162.60443	17.542	0.021
2457163.6587900002	17.565	0.024
2457164.7927599996	17.56	0.017
2457165.62358	17.567	0.023
2457166.76975	17.552	0.018000000000000002
2457166.9343	17.529	0.026000000000000002
2457169.67802	17.546	0.017
2457169.87307	17.562	0.018000000000000002
2457170.66505	17.595	0.018000000000000002
2457170.85515	17.542	0.023
2457172.6674900004	17.534000000000002	0.021
2457172.85849	17.535	0.024
2457173.64382	17.535	0.026000000000000002
2457173.84006	17.602999999999998	0.023
2457174.6091299998	17.56	0.027000000000000003
2457174.7809599997	17.56	0.023
2457174.94433	17.546	0.035
2457175.7324900003	17.558	0.02
2457178.6760299997	17.52	0.021
2457178.84749	17.573	0.024
2457179.60765	17.5	0.027000000000000003
2457179.77208	17.57	0.023
2457180.55994	17.561	0.024
2457180.71913	17.541	0.02
2457180.8952	17.576	0.024
2457181.67207	17.545	0.017
2457181.84857	17.535	0.024
2457182.61586	17.528	0.017
2457182.80798	17.569000000000003	0.03
2457183.56893	17.555	0.023
2457183.7536	17.55	0.021
2457183.9195	17.548	0.024
2457184.74503	17.566	0.021
2457184.9089099998	17.56	0.024
2457185.70455	17.559	0.02
2457185.87042	17.549	0.028999999999999998
2457186.8309	17.563	0.024
2457187.6121	17.553	0.021
2457187.79522	17.563	0.021
2457188.58175	17.543	0.024
2457188.76901	17.558	0.024
2457189.6182	17.559	0.021
2457189.8080599997	17.551	0.02
2457190.5891400003	17.545	0.021
2457190.78968	17.548	0.021
2457191.62454	17.53	0.021
2457192.82724	17.564	0.018000000000000002
2457192.8582	17.562	0.021
2457193.66769	17.567999999999998	0.016
2457193.83813	17.567	0.018000000000000002
2457194.6006400003	17.507	0.018000000000000002
2457194.7922	17.499000000000002	0.018000000000000002
2457195.8322	17.557000000000002	0.013999999999999999
2457197.634	17.562	0.018000000000000002
2457197.81733	17.554000000000002	0.021
2457198.61162	17.564	0.018000000000000002
2457198.79784	17.537	0.021
2457199.57411	17.549	0.018000000000000002
2457199.75683	17.551	0.018000000000000002
2457200.5122700003	17.554000000000002	0.021
2457200.6910900003	17.559	0.018000000000000002
2457200.85981	17.561	0.021
2457202.85185	17.579	0.035
2457206.65197	17.548	0.03
2457206.82343	17.54	0.033
2457207.6318900003	17.555	0.021
2457207.80031	17.586	0.038
2457207.8207400003	17.538	0.027000000000000003
2457209.7280200003	17.531	0.024
2457211.50614	17.559	0.028999999999999998
2457211.67876	17.554000000000002	0.021
2457212.5292	17.622	0.021
2457214.6327400003	17.561	0.017
2457217.5842	17.554000000000002	0.023
2457219.49908	17.562	0.027000000000000003
2457219.70507	17.514	0.018000000000000002
2457220.5874	17.558	0.018000000000000002
2457220.77666	17.532	0.02
2457221.57458	17.543	0.02
2457221.7571400004	17.564	0.018000000000000002
2457222.5427200003	17.526	0.02
2457222.75556	17.553	0.023
2457223.59212	17.553	0.02
2457223.77916	17.522000000000002	0.027000000000000003
2457224.6406	17.539	0.023
2457225.48558	17.563	0.021
2457226.50177	17.519000000000002	0.021
2457226.6869799998	17.516	0.018000000000000002
2457227.4707	17.56	0.028999999999999998
2457227.64223	17.567	0.017
2457228.47212	17.574	0.026000000000000002
2457228.65644	17.559	0.018000000000000002
2457229.50057	17.565	0.021
2457229.66528	17.555999999999997	0.018000000000000002
2457233.49133	17.566	0.033
2457233.53317	17.52	0.03
2457235.68546	17.59	0.03
2457236.54489	17.565	0.026000000000000002
2457249.5328	17.572	0.028999999999999998
2457249.68994	17.544	0.024
2457252.51998	17.532	0.023
2457253.47654	17.543	0.023
2457253.6686400003	17.54	0.02
2457255.6366	17.554000000000002	0.02
2457256.63931	17.551	0.026000000000000002
2457261.49114	17.514	0.038
2457261.65562	17.545	0.035
2457263.6199	17.52	0.021
2457264.56759	17.555	0.023
2457265.53085	17.53	0.02
2457266.50222	17.499000000000002	0.026000000000000002
2457267.67773	17.552	0.026000000000000002
2457268.6680099997	17.542	0.021
2457269.65491	17.545	0.02
2457270.59435	17.527	0.017
2457271.5504	17.528	0.02
2457272.58152	17.517	0.024
2457274.52119	17.52	0.024
2457277.4999599997	17.521	0.024
2457278.48312	17.549	0.033
2457281.4934400003	17.512	0.028999999999999998
2457284.53375	17.49	0.021
2457292.513	17.477	0.036000000000000004
2457299.5537900003	17.519000000000002	0.024
2457318.51738	17.488	0.026000000000000002
2457436.83058	17.334	0.02
2457437.8294599997	17.312	0.017
2457438.88975	17.271	0.021
2457440.82546	17.302	0.021
2457441.86666	17.265	0.018000000000000002
2457442.8908599997	17.28	0.02
2457445.86552	17.256	0.017
2457446.87647	17.295	0.013999999999999999
2457447.87468	17.264	0.017
2457448.88557	17.27	0.016
2457451.83078	17.211	0.018000000000000002
2457452.8478200003	17.229	0.013999999999999999
2457453.84486	17.185	0.013000000000000001
2457455.79404	17.221	0.018000000000000002
2457456.80677	17.207	0.018000000000000002
2457457.80687	17.194000000000003	0.017
2457458.80218	17.184	0.018000000000000002
2457460.8018900002	17.192	0.017
2457461.80179	17.188	0.013999999999999999
2457462.78487	17.172	0.016
2457463.80812	17.16	0.013999999999999999
2457464.8783299997	17.163	0.013000000000000001
2457465.88653	17.153	0.013999999999999999
2457467.82059	17.180999999999997	0.017
2457470.77738	17.147000000000002	0.02
2457470.90595	17.146	0.013999999999999999
2457471.8730599997	17.148	0.018000000000000002
2457472.81133	17.123	0.018000000000000002
2457473.77944	17.111	0.023
2457474.81215	17.121	0.017
2457474.9172099996	17.097	0.017
2457475.85092	17.137	0.021
2457484.78723	17.059	0.016
2457486.72059	17.029	0.018000000000000002
2457487.82247	17.029	0.013999999999999999
2457489.79967	17.002	0.013999999999999999
2457492.70431	16.998	0.016
2457492.93025	16.999000000000002	0.02
2457493.91744	16.986	0.013000000000000001
2457494.91544	17.014	0.013000000000000001
2457495.8839	16.998	0.016
2457498.78901	16.97	0.013999999999999999
2457499.77032	16.951	0.013999999999999999
2457500.71239	16.974	0.017
2457500.9138700003	16.962	0.017
2457508.76712	16.953	0.011000000000000001
2457509.86352	16.938	0.013000000000000001
2457512.79871	16.945	0.011000000000000001
2457522.86969	16.989	0.02
2457526.74456	16.939	0.013999999999999999
2457529.7897799998	16.999000000000002	0.024
2457534.7684299997	17.007	0.013000000000000001
2457536.77045	17.023	0.013000000000000001
2457545.9137	17.065	0.016
2457547.54275	17.081	0.018000000000000002
2457547.8871400002	17.074	0.021
2457549.81214	17.133	0.013999999999999999
2457550.79076	17.128	0.013999999999999999
2457554.7606200003	17.192999999999998	0.02
2457555.51963	17.174	0.027000000000000003
2457555.83981	17.159000000000002	0.016
2457557.8258599997	17.18	0.017
2457561.6146400003	17.174	0.018000000000000002
2457562.59644	17.203	0.02
2457566.80094	17.265	0.018000000000000002
2457567.49206	17.195999999999998	0.021
2457567.7450599996	17.269000000000002	0.018000000000000002
2457568.4934	17.217	0.024
2457568.7401099997	17.265	0.018000000000000002
2457569.4923	17.271	0.027000000000000003
2457569.7601900003	17.283	0.021
2457570.71116	17.277	0.017
2457573.6299099997	17.295	0.018000000000000002
2457575.55169	17.29	0.017
2457575.72993	17.295	0.016
2457576.49546	17.255	0.016
2457576.6885599997	17.276	0.013999999999999999
2457576.82908	17.322	0.02
2457579.67332	17.302	0.016
2457581.80829	17.33	0.021
2457584.5164099997	17.315	0.023
2457584.6595	17.337	0.02
2457584.80938	17.31	0.024
2457589.61465	17.354	0.023
2457589.77286	17.349	0.03
2457590.5628400003	17.385	0.018000000000000002
2457590.7108400003	17.4	0.027000000000000003
2457593.4879900003	17.397000000000002	0.021
2457593.65363	17.361	0.017
2457595.51549	17.395	0.024
2457596.57988	17.393	0.016
2457599.50037	17.419	0.023
2457599.56784	17.409000000000002	0.023
2457599.65942	17.359	0.02
2457599.67715	17.367	0.018000000000000002
2457600.50933	17.404	0.026000000000000002
2457600.52317	17.433	0.024
2457600.6030900003	17.451	0.023
2457600.73173	17.418	0.017
2457601.7179400004	17.409000000000002	0.017
2457601.7304599998	17.399	0.016
2457602.55854	17.394000000000002	0.023
2457602.71765	17.405	0.021
2457603.52561	17.421	0.017
2457603.68315	17.434	0.017
2457604.51145	17.445999999999998	0.021
2457604.65286	17.414	0.016
2457605.49027	17.425	0.02
2457605.65649	17.429000000000002	0.018000000000000002
2457606.66299	17.442	0.021
2457607.5708	17.433	0.018000000000000002
2457607.73275	17.430999999999997	0.018000000000000002
2457608.65231	17.415	0.016
2457609.50732	17.45	0.024
2457609.69695	17.385	0.018000000000000002
2457610.53703	17.436	0.021
2457610.72431	17.439	0.018000000000000002
2457612.49928	17.438	0.024
2457612.6405599997	17.394000000000002	0.023
2457616.50105	17.447	0.023
2457616.67911	17.439	0.02
2457617.62074	17.457	0.026000000000000002
2457618.50721	17.436	0.026000000000000002
2457618.67063	17.45	0.028999999999999998
2457621.49161	17.459	0.021
2457621.68693	17.508	0.027000000000000003
2457622.64072	17.458	0.017
2457623.53819	17.467	0.02
2457624.47836	17.436	0.023
2457624.66959	17.469	0.018000000000000002
2457625.64188	17.469	0.02
2457626.63501	17.468	0.02
2457630.6088400004	17.477999999999998	0.02
2457631.58674	17.473	0.017
2457632.57094	17.494	0.018000000000000002
2457633.61393	17.477999999999998	0.021
2457635.52123	17.457	0.023
2457636.5819900003	17.467	0.02
2457637.57212	17.474	0.018000000000000002
2457638.58295	17.473	0.02
2457639.63608	17.488	0.018000000000000002
2457644.55588	17.484	0.033
2457647.53588	17.511	0.024
2457648.5753900004	17.482	0.023
2457649.60025	17.458	0.018000000000000002
2457650.48305	17.473	0.018000000000000002
2457650.4991599997	17.51	0.017
2457651.5144599997	17.496	0.018000000000000002
2457651.53793	17.523	0.02
2457652.50165	17.506	0.017
2457652.56618	17.499000000000002	0.018000000000000002
2457653.5010900004	17.509	0.018000000000000002
2457653.60327	17.497	0.018000000000000002
2457654.5057	17.48	0.023
2457655.5024200003	17.49	0.02
2457656.48564	17.54	0.026000000000000002
2457656.50422	17.518	0.023
2457657.55245	17.473	0.018000000000000002
2457657.5923	17.514	0.02
2457658.51076	17.456	0.02
2457659.5108	17.519000000000002	0.023
2457660.50283	17.488	0.024
2457660.5536599997	17.492	0.024
2457661.50441	17.463	0.023
2457662.48859	17.495	0.026000000000000002
2457662.50449	17.482	0.024
2457664.5032099998	17.480999999999998	0.027000000000000003
2457664.55889	17.429000000000002	0.026000000000000002
2457665.50712	17.502	0.026000000000000002
2457666.50539	17.491	0.024
2457666.5286	17.485	0.023
2457667.5104799997	17.524	0.024
2457671.49163	17.500999999999998	0.027000000000000003
2457672.49302	17.468	0.023
2457673.49957	17.479	0.023
2457675.4983099997	17.51	0.032
2457682.49545	17.49	0.027000000000000003
2457683.49466	17.563	0.032
2457791.88169	17.546	0.024
2457792.88447	17.541	0.027000000000000003
2457793.87593	17.559	0.023
2457794.8829099997	17.573	0.033
2457795.88694	17.551	0.03
2457798.85383	17.524	0.024
2457800.84603	17.583	0.027000000000000003
2457801.89825	17.538	0.038
2457807.83856	17.514	0.021
2457810.8157900004	17.574	0.023
2457812.8815	17.535	0.02
2457816.80912	17.534000000000002	0.024
2457818.85208	17.532	0.017
2457820.8862900003	17.55	0.018000000000000002
2457822.89473	17.559	0.021
2457825.82297	17.567	0.026000000000000002
2457827.80053	17.548	0.023
2457828.90348	17.543	0.021
2457834.8777900003	17.552	0.021
2457836.81346	17.554000000000002	0.026000000000000002
2457837.8736900003	17.549	0.02
2457839.7565099997	17.542	0.018000000000000002
2457840.82944	17.544	0.021
2457841.89469	17.563	0.024
2457843.73363	17.542	0.021
2457844.7757900003	17.555999999999997	0.018000000000000002
2457845.82435	17.544	0.018000000000000002
2457846.87855	17.564	0.018000000000000002
2457847.91765	17.551	0.021
2457849.7313	17.535	0.023
2457850.7588	17.548	0.023
2457851.79188	17.555	0.024
2457853.79753	17.544	0.028999999999999998
2457854.84942	17.563	0.021
2457855.89848	17.553	0.021
2457856.92625	17.54	0.045
2457858.81522	17.551	0.02
2457862.79235	17.586	0.023
2457863.90215	17.526	0.023
2457864.86094	17.57	0.018000000000000002
2457865.86978	17.563	0.018000000000000002
2457866.87627	17.538	0.017
2457867.89418	17.552	0.018000000000000002
2457869.72524	17.573	0.02
2457870.7521	17.558	0.017
2457871.76601	17.551	0.017
2457872.79176	17.559	0.017
2457873.77688	17.561	0.017
2457874.76072	17.558	0.026000000000000002
2457875.86277	17.584	0.018000000000000002
2457876.8095400003	17.543	0.018000000000000002
2457877.79282	17.567	0.017
2457878.82362	17.55	0.017
2457879.7844700003	17.543	0.024
2457880.8429400004	17.563	0.03
2457881.9353	17.582	0.036000000000000004
2457883.68304	17.617	0.038
2457890.88155	17.575	0.035
2457893.846	17.555999999999997	0.021
2457894.72468	17.563	0.018000000000000002
2457895.61943	17.575	0.021
2457901.59442	17.553	0.032
2457902.59165	17.555	0.028999999999999998
2457902.84867	17.604	0.027000000000000003
2457904.58342	17.559	0.03
2457904.84154	17.54	0.021
2457905.70283	17.588	0.018000000000000002
2457906.59554	17.588	0.024
2457906.85194	17.59	0.021
2457907.73644	17.542	0.018000000000000002
2457908.69953	17.561	0.02
2457909.57475	17.567999999999998	0.03
2457909.82222	17.558	0.021
2457910.60708	17.511	0.024
2457910.8716599997	17.566	0.021
2457911.75428	17.574	0.03
2457916.68738	17.562	0.023
2457916.90297	17.531	0.039
2457917.76665	17.584	0.023
2457918.66645	17.596	0.026000000000000002
2457922.72617	17.558	0.023
2457923.7492400003	17.588	0.027000000000000003
2457924.56557	17.572	0.024
2457924.8151700003	17.601	0.02
2457925.74033	17.543	0.023
2457926.64568	17.529	0.02
2457932.76668	17.58	0.023
2457933.62374	17.549	0.02
2457934.55877	17.543	0.02
2457934.80454	17.55	0.024
2457935.65853	17.547	0.018000000000000002
2457936.53672	17.567	0.024
2457936.8088700003	17.548	0.02
2457937.6206400003	17.593	0.018000000000000002
2457938.54887	17.572	0.024
2457944.51332	17.52	0.027000000000000003
2457944.61641	17.567	0.024
2457944.7280900003	17.55	0.023
2457945.49407	17.570999999999998	0.027000000000000003
2457945.73276	17.561	0.02
2457946.5804	17.562	0.021
2457947.5082400003	17.589000000000002	0.023
2457947.78779	17.531	0.024
2457948.66824	17.553	0.024
2457949.6054599998	17.613	0.023
2457952.76135	17.549	0.023
2457953.66046	17.575	0.021
2457954.55237	17.546	0.018000000000000002
2457955.75365	17.554000000000002	0.017
2457956.6804	17.555	0.02
2457957.7359700003	17.572	0.023
2457958.76245	17.587	0.024
2457959.65937	17.562	0.018000000000000002
2457960.54502	17.558	0.02
2457961.56397	17.543	0.018000000000000002
2457962.5045	17.564	0.018000000000000002
2457964.57008	17.565	0.02
2457965.67122	17.542	0.02
2457966.64274	17.561	0.024
2457967.6898	17.573	0.028999999999999998
2457971.53026	17.555	0.027000000000000003
2457971.6203900003	17.542	0.024
2457971.7233	17.562	0.028999999999999998
2457972.55381	17.559	0.035
2457972.66842	17.55	0.03
2457973.61257	17.596	0.028999999999999998
2457974.5912599997	17.582	0.023
2457979.47059	17.586	0.03
2457980.55786	17.584	0.027000000000000003
2457981.6263900003	17.544	0.02
2457982.66224	17.543	0.021
2457984.53486	17.564	0.026000000000000002
2457985.5995	17.555	0.024
2457987.51197	17.57	0.018000000000000002
2457990.58977	17.594	0.024
2457991.6538400003	17.549	0.03
2457993.5227200002	17.554000000000002	0.021
2457994.5821	17.555	0.021
2457998.55033	17.538	0.023
2457998.6438700003	17.61	0.04
2458000.5778200002	17.558	0.032
2458001.55425	17.552	0.021
2458003.5459	17.589000000000002	0.033
2458007.52522	17.597	0.026000000000000002
2458011.50392	17.561	0.028999999999999998
2458013.5547	17.564	0.021
2458016.47627	17.512	0.043
2458018.5429	17.572	0.021
2458021.55138	17.555999999999997	0.023
2458026.55842	17.592	0.028999999999999998
2458048.52096	17.549	0.02
