2455385.54451	17.676	0.02
2455385.64751	17.684	0.021
2455385.74617	17.67	0.021
2455639.84143	17.699	0.024
2455640.84812	17.713	0.033
2455647.82234	17.644000000000002	0.026000000000000002
2455648.7548700003	17.701	0.026000000000000002
2455652.76634	17.691	0.021
2455657.81041	17.687	0.02
2455660.88302	17.697	0.024
2455667.7652	17.68	0.024
2455679.67552	17.698	0.024
2455682.66726	17.688	0.03
2455685.85074	17.69	0.018000000000000002
2455691.71408	17.678	0.023
2455694.6036400003	17.718	0.028999999999999998
2455694.60495	17.694000000000003	0.03
2455696.80333	17.664	0.024
2455698.9317400004	17.65	0.044000000000000004
2455702.6707	17.67	0.040999999999999995
2455703.79116	17.698	0.035
2455708.81042	17.718	0.026000000000000002
2455715.6376	17.732	0.023
2455722.5633099996	17.704	0.024
2455722.57662	17.698	0.023
2455725.5469	17.708	0.027000000000000003
2455734.69522	17.704	0.033
2455737.5660599996	17.712	0.023
2455739.7968099997	17.68	0.021
2455741.86555	17.675	0.021
2455745.50588	17.705	0.027000000000000003
2455747.78326	17.699	0.033
2455753.52875	17.706	0.047
2455764.63173	17.708	0.021
2455768.5787400003	17.68	0.023
2455776.69311	17.754	0.027000000000000003
2455784.56866	17.581	0.055999999999999994
2455784.67259	17.678	0.028999999999999998
2455785.49382	17.699	0.036000000000000004
2455788.61332	17.662	0.026000000000000002
2455794.5795	17.660999999999998	0.026000000000000002
2455801.69623	17.67	0.036000000000000004
2455806.48848	17.625	0.032
2455806.50632	17.660999999999998	0.03
2455806.51786	17.646	0.027000000000000003
2455806.53241	17.674	0.028999999999999998
2455806.54701	17.688	0.028999999999999998
2455806.56157	17.667	0.039
2455806.60455	17.643	0.027000000000000003
2455807.54368	17.654	0.026000000000000002
2455807.55816	17.659000000000002	0.028999999999999998
2455807.5724	17.656	0.032
2455807.6129	17.656	0.03
2455807.61483	17.642	0.03
2455813.56788	17.680999999999997	0.024
2455818.56261	17.639	0.028999999999999998
2455823.5671	17.657	0.032
2455828.5534900003	17.730999999999998	0.024
2455832.57227	17.695	0.027000000000000003
2455840.5068200002	17.753	0.038
2455844.5597	17.805	0.044000000000000004
2455851.56171	17.7	0.028999999999999998
2455983.86662	17.675	0.018000000000000002
2455989.83633	17.683	0.023
2455994.8387599997	17.748	0.03
2455998.86658	17.721	0.021
2456002.85506	17.717	0.03
2456006.87157	17.691	0.02
2456009.9036	17.718	0.021
2456013.78585	17.672	0.02
2456016.78645	17.687	0.02
2456019.7807400003	17.71	0.023
2456021.9049	17.726	0.021
2456024.8354700003	17.694000000000003	0.021
2456032.8124599997	17.7	0.02
2456036.8381	17.695	0.017
2456040.76747	17.654	0.023
2456047.9031	17.708	0.023
2456050.85088	17.682000000000002	0.024
2456053.89638	17.719	0.03
2456057.78517	17.697	0.035
2456061.71695	17.689	0.026000000000000002
2456064.66912	17.695999999999998	0.023
2456066.85092	17.705	0.021
2456068.90429	17.680999999999997	0.02
2456070.92617	17.747	0.027000000000000003
2456076.5929400004	17.719	0.024
2456078.72827	17.705	0.021
2456080.69814	17.737000000000002	0.021
2456085.84192	17.69	0.033
2456088.62989	17.691	0.018000000000000002
2456093.69547	17.699	0.021
2456096.77972	17.730999999999998	0.027000000000000003
2456098.8837200003	17.685	0.03
2456101.73282	17.717	0.021
2456103.615	17.69	0.021
2456105.56003	17.663	0.024
2456113.6075	17.676	0.027000000000000003
2456115.5518799997	17.666	0.024
2456117.57017	17.695	0.02
2456119.5120599996	17.692	0.027000000000000003
2456121.5185	17.687	0.021
2456124.56352	17.713	0.021
2456126.62572	17.647000000000002	0.021
2456131.63716	17.687	0.018000000000000002
2456135.52376	17.702	0.026000000000000002
2456140.56021	17.7	0.035
2456143.69668	17.684	0.038
2456150.68266	17.741	0.026000000000000002
2456157.66625	17.730999999999998	0.026000000000000002
2456161.50637	17.658	0.026000000000000002
2456167.57944	17.692999999999998	0.026000000000000002
2456168.60912	17.72	0.026000000000000002
2456175.56265	17.745	0.027000000000000003
2456182.52763	17.738	0.024
2456190.52099	17.682000000000002	0.024
2456197.53854	17.7	0.03
2456205.56493	17.695	0.024
2456214.53389	17.723	0.027000000000000003
2456227.53743	17.707	0.047
2456344.89326	17.687	0.024
2456353.8487400003	17.747	0.027000000000000003
2456362.82435	17.658	0.021
2456370.7746	17.686	0.021
2456374.86732	17.717	0.021
2456378.78327	17.704	0.024
2456381.85375	17.714000000000002	0.02
2456387.86251	17.688	0.021
2456390.8326	17.713	0.023
2456395.7168	17.663	0.024
2456398.70954	17.671	0.02
2456401.76134	17.684	0.018000000000000002
2456404.7341400003	17.697	0.02
2456408.72013	17.673	0.051
2456416.9109799997	17.65	0.021
2456419.74134	17.682000000000002	0.02
2456422.7543099998	17.673	0.02
2456426.6595900003	17.73	0.021
2456431.7925400003	17.732	0.023
2456433.84014	17.666	0.017
2456436.60874	17.682000000000002	0.027000000000000003
2456441.87959	17.67	0.033
2456444.91573	17.723	0.027000000000000003
2456447.5710400003	17.665	0.021
2456448.88185	17.705	0.026000000000000002
2456450.81962	17.692	0.02
2456452.8258599997	17.698	0.018000000000000002
2456456.59388	17.687	0.015
2456458.74033	17.656	0.02
2456460.80142	17.714000000000002	0.02
2456463.62426	17.673	0.027000000000000003
2456468.64612	17.708	0.024
2456472.8074	17.717	0.023
2456473.62468	17.694000000000003	0.017
2456475.56352	17.717	0.026000000000000002
2456477.5526900003	17.68	0.023
2456480.58029	17.711	0.023
2456484.50011	17.683	0.024
2456487.49051	17.68	0.02
2456490.5827099998	17.674	0.021
2456492.70555	17.567999999999998	0.024
2456498.60924	17.679000000000002	0.021
2456504.67276	17.651	0.021
2456508.5457900004	17.682000000000002	0.021
2456510.7442400004	17.665	0.024
2456516.5784	17.723	0.021
2456523.67632	17.698	0.03
2456531.54163	17.695999999999998	0.023
2456536.61027	17.718	0.023
2456545.53317	17.750999999999998	0.018000000000000002
2456558.62831	17.69	0.028999999999999998
2456565.51747	17.651	0.026000000000000002
2456572.51072	17.658	0.027000000000000003
2456582.5244299998	17.742	0.028999999999999998
2456585.55245	17.625999999999998	0.040999999999999995
2456700.86394	17.729	0.023
2456709.82945	17.74	0.026000000000000002
2456716.83469	17.676	0.02
2456720.81218	17.680999999999997	0.024
2456723.83911	17.697	0.023
2456726.86338	17.778	0.023
2456729.82094	17.701	0.02
2456732.8623900004	17.744	0.03
2456735.7744299998	17.68	0.027000000000000003
2456737.85963	17.677	0.02
2456745.7933900002	17.680999999999997	0.02
2456750.7984599997	17.699	0.023
2456752.8478	17.706	0.02
2456755.91591	17.747	0.021
2456757.89895	17.711	0.017
2456759.9193599997	17.697	0.017
2456761.85017	17.71	0.02
2456763.84714	17.684	0.026000000000000002
2456769.69252	17.717	0.021
2456770.80328	17.673	0.02
2456772.70755	17.68	0.02
2456773.8779	17.719	0.021
2456775.8156	17.713	0.02
2456777.76528	17.7	0.02
2456784.9256599997	17.727	0.032
2456785.91885	17.709	0.024
2456789.8330099997	17.679000000000002	0.024
2456790.92386	17.697	0.027000000000000003
2456792.63728	17.654	0.036000000000000004
2456796.68555	17.662	0.028999999999999998
2456797.78538	17.656	0.026000000000000002
2456803.6229	17.671	0.024
2456804.63632	17.695	0.024
2456805.6885599997	17.660999999999998	0.026000000000000002
2456807.68597	17.687	0.027000000000000003
2456808.6943599996	17.695	0.023
2456809.74875	17.692	0.018000000000000002
2456810.7932700003	17.712	0.021
2456811.81341	17.724	0.026000000000000002
2456813.9198	17.706	0.027000000000000003
2456815.64704	17.683	0.027000000000000003
2456816.73295	17.737000000000002	0.032
2456817.81242	17.76	0.033
2456819.6729900003	17.671	0.028999999999999998
2456823.89091	17.7	0.028999999999999998
2456825.55142	17.701	0.024
2456826.56238	17.671	0.027000000000000003
2456827.6079599997	17.675	0.023
2456828.65487	17.718	0.021
2456829.67133	17.708	0.023
2456830.6974400003	17.698	0.018000000000000002
2456831.82644	17.684	0.023
2456833.51542	17.706	0.036000000000000004
2456834.5312	17.664	0.03
2456835.58286	17.654	0.024
2456836.61936	17.688	0.03
2456837.62756	17.692	0.023
2456838.62735	17.703	0.024
2456839.63994	17.658	0.023
2456840.71415	17.658	0.035
2456841.80938	17.695999999999998	0.032
2456844.49274	17.632	0.027000000000000003
2456845.48347	17.657	0.026000000000000002
2456847.48728	17.669	0.032
2456847.8053200003	17.65	0.028999999999999998
2456852.4805799997	17.694000000000003	0.042
2456855.5519	17.675	0.026000000000000002
2456856.5778099997	17.692999999999998	0.021
2456857.64452	17.679000000000002	0.02
2456858.7025599997	17.706	0.021
2456862.66095	17.671	0.024
2456863.74163	17.692	0.023
2456865.59961	17.736	0.027000000000000003
2456872.59384	17.695999999999998	0.024
2456879.50282	17.623	0.039
2456880.72441	17.590999999999998	0.038
2456882.65873	17.692999999999998	0.023
2456885.60635	17.678	0.021
2456887.49452	17.695	0.026000000000000002
2456888.6787400004	17.695	0.027000000000000003
2456890.61157	17.662	0.026000000000000002
2456895.57136	17.697	0.021
2456918.57885	17.684	0.028999999999999998
2456923.50358	17.649	0.035
2456926.51763	17.589000000000002	0.03
2456929.55135	17.688	0.028999999999999998
2456940.49788	17.724	0.038
2457065.8607900003	17.708	0.032
2457072.8451400003	17.695999999999998	0.028999999999999998
2457077.86174	17.744	0.03
2457080.8999400004	17.657	0.028999999999999998
2457085.90265	17.698	0.023
2457089.84417	17.679000000000002	0.026000000000000002
2457092.87099	17.713	0.023
2457097.7691	17.695	0.023
2457100.7639	17.649	0.027000000000000003
2457109.8834700002	17.652	0.023
2457112.7905	17.639	0.026000000000000002
2457113.75348	17.66	0.023
2457115.76625	17.691	0.028999999999999998
2457117.7560799997	17.687	0.027000000000000003
2457119.8053099997	17.683	0.03
2457125.7067299997	17.675	0.032
2457126.91601	17.680999999999997	0.02
2457130.81628	17.695	0.023
2457132.71471	17.709	0.026000000000000002
2457134.7869	17.686	0.023
2457136.67747	17.672	0.024
2457137.78998	17.657	0.017
2457138.91675	17.678	0.023
2457140.7724	17.692999999999998	0.021
2457141.90831	17.701	0.021
2457143.7272900003	17.688	0.024
2457144.8605299997	17.674	0.03
2457146.7425700002	17.689	0.026000000000000002
2457147.76251	17.679000000000002	0.03
2457152.92514	17.671	0.026000000000000002
2457154.6831	17.671	0.02
2457155.75881	17.683	0.02
2457157.64831	17.646	0.02
2457158.79853	17.691	0.021
2457159.85445	17.675	0.021
2457160.9243799997	17.678	0.024
2457162.64894	17.724	0.024
2457163.7028799998	17.729	0.027000000000000003
2457164.8552	17.695999999999998	0.024
2457166.61762	17.664	0.027000000000000003
2457166.80153	17.682000000000002	0.023
2457168.72675	17.678	0.026000000000000002
2457169.70786	17.71	0.02
2457169.90199	17.705	0.027000000000000003
2457170.69463	17.668	0.026000000000000002
2457170.88369	17.698	0.028999999999999998
2457172.69692	17.685	0.023
2457172.88755	17.697	0.03
2457173.6737599997	17.694000000000003	0.024
2457173.8692099997	17.679000000000002	0.028999999999999998
2457174.63805	17.709	0.027000000000000003
2457174.81036	17.662	0.028999999999999998
2457175.5923099997	17.668	0.039
2457178.67297	17.657	0.024
2457178.84443	17.637999999999998	0.026000000000000002
2457179.63639	17.644000000000002	0.027000000000000003
2457179.80117	17.66	0.028999999999999998
2457180.58885	17.674	0.026000000000000002
2457180.75188	17.695999999999998	0.024
2457180.92394	17.653	0.033
2457181.71065	17.68	0.023
2457181.88075	17.7	0.032
2457182.6447	17.694000000000003	0.02
2457182.83726	17.669	0.023
2457183.59827	17.7	0.023
2457183.7825599997	17.655	0.023
2457184.59091	17.685	0.032
2457184.77408	17.702	0.024
2457185.5523	17.652	0.026000000000000002
2457185.7372	17.686	0.024
2457186.5885900003	17.659000000000002	0.027000000000000003
2457186.86006	17.692	0.027000000000000003
2457187.64079	17.708	0.023
2457187.82988	17.673	0.024
2457188.61094	17.675	0.024
2457188.79872	17.692	0.028999999999999998
2457189.6655200003	17.683	0.023
2457189.83697	17.680999999999997	0.027000000000000003
2457190.62764	17.663	0.023
2457190.8254400003	17.658	0.026000000000000002
2457191.65353	17.679000000000002	0.021
2457193.55938	17.667	0.021
2457193.60793	17.672	0.02
2457193.64219	17.662	0.02
2457193.66469	17.678	0.017
2457193.68545	17.685	0.018000000000000002
2457194.63095	17.636	0.02
2457197.66353	17.666	0.02
2457197.85024	17.680999999999997	0.03
2457198.64316	17.721	0.023
2457198.8305	17.662	0.040999999999999995
2457199.6031	17.730999999999998	0.023
2457199.78574	17.675	0.021
2457200.54365	17.69	0.023
2457200.7212900002	17.673	0.021
2457202.69673	17.733	0.032
2457202.88039	17.743	0.040999999999999995
2457206.69466	17.686	0.033
2457207.49719	17.675	0.028999999999999998
2457207.6630700002	17.688	0.027000000000000003
2457207.85055	17.712	0.044000000000000004
2457209.75691	17.719	0.028999999999999998
2457211.53472	17.686	0.027000000000000003
2457211.71756	17.677	0.023
2457212.8056099997	17.663	0.032
2457214.66917	17.711	0.023
2457217.62286	17.719	0.028999999999999998
2457219.53933	17.645	0.024
2457219.73447	17.691	0.024
2457220.47477	17.733	0.03
2457220.62811	17.674	0.018000000000000002
2457220.80589	17.711	0.023
2457221.6134200003	17.262999999999998	0.015
2457221.7862	17.692999999999998	0.021
2457222.57797	17.662	0.023
2457222.79384	17.637	0.028999999999999998
2457223.63233	17.692999999999998	0.024
2457224.48365	17.637	0.026000000000000002
2457224.68011	17.637	0.024
2457225.5139900004	17.651	0.026000000000000002
2457226.53112	17.668	0.027000000000000003
2457226.7160900002	17.667	0.021
2457227.49962	17.588	0.035
2457227.68364	17.695999999999998	0.02
2457228.5016799998	17.659000000000002	0.027000000000000003
2457228.6948599997	17.715999999999998	0.033
2457229.52932	17.721	0.023
2457229.6941400003	17.715	0.024
2457233.5302	17.539	0.047
2457233.72414	17.564	0.062
2457235.71972	17.641	0.032
2457236.57538	17.665	0.027000000000000003
2457249.57361	17.667	0.024
2457249.71568	17.676	0.035
2457252.56457	17.672	0.027000000000000003
2457253.5059599997	17.698	0.026000000000000002
2457255.47849	17.662	0.024
2457255.6689299997	17.713	0.026000000000000002
2457256.66872	17.685	0.03
2457261.5277299997	17.732	0.036000000000000004
2457263.48286	17.705	0.028999999999999998
2457263.65043	17.697	0.028999999999999998
2457264.59746	17.685	0.026000000000000002
2457265.56074	17.715	0.023
2457267.5063099996	17.709	0.027000000000000003
2457268.49735	17.717	0.02
2457269.48803	17.674	0.026000000000000002
2457269.67808	17.698	0.024
2457270.6163	17.714000000000002	0.023
2457271.57933	17.687	0.026000000000000002
2457273.55168	17.702	0.03
2457275.56564	17.689	0.038
2457277.52966	17.701	0.026000000000000002
2457278.51318	17.663	0.033
2457281.52592	17.738	0.032
2457284.56988	17.74	0.024
2457295.58691	17.657	0.027000000000000003
2457318.50292	17.602999999999998	0.028999999999999998
2457415.8695099996	16.915	0.02
2457416.8679400003	16.952	0.024
2457424.859	16.813	0.013000000000000001
2457425.8541099997	16.820999999999998	0.015
2457426.85553	16.827	0.02
2457427.8476400003	16.832	0.018000000000000002
2457428.84336	16.813	0.013999999999999999
2457428.8835	16.845	0.015
2457430.8688	16.854	0.013000000000000001
2457432.84216	16.873	0.013999999999999999
2457433.84032	16.929000000000002	0.015
2457434.8867599997	16.913	0.015
2457436.8539	16.975	0.017
2457437.88341	16.952	0.013999999999999999
2457439.82686	16.977	0.023
2457440.83921	16.997	0.015
2457441.8810900003	17.027	0.015
2457443.81683	17.03	0.023
2457443.90345	17.018	0.021
2457444.81555	17.031	0.021
2457445.87858	17.086	0.015
2457446.89054	17.111	0.013999999999999999
2457447.89854	17.13	0.018000000000000002
2457451.8352	17.194000000000003	0.02
2457452.87649	17.201	0.013999999999999999
2457453.88204	17.214000000000002	0.013999999999999999
2457455.8336099996	17.225	0.017
2457456.83996	17.250999999999998	0.018000000000000002
2457457.83581	17.257	0.018000000000000002
2457458.8303099996	17.253	0.018000000000000002
2457460.8309	17.250999999999998	0.015
2457461.82989	17.287	0.015
2457462.81677	17.303	0.015
2457463.84422	17.301	0.017
2457465.78589	17.314	0.018000000000000002
2457465.91511	17.357	0.018000000000000002
2457467.84922	17.349	0.017
2457470.80528	17.386	0.02
2457471.7584700002	17.35	0.026000000000000002
2457471.88932	17.432000000000002	0.02
2457472.82738	17.401	0.023
2457473.8527599997	17.404	0.023
2457474.826	17.416	0.023
2457475.75324	17.384	0.042
2457475.86375	17.430999999999997	0.028999999999999998
2457484.80673	17.500999999999998	0.021
2457485.91329	17.555	0.02
2457486.7406599997	17.552	0.027000000000000003
2457487.84808	17.529	0.02
2457489.82212	17.528	0.02
2457492.71679	17.542	0.023
2457493.7102200002	17.56	0.024
2457493.92991	17.507	0.036000000000000004
2457494.9183900002	17.555999999999997	0.018000000000000002
2457495.89704	17.534000000000002	0.021
2457498.81615	17.55	0.023
2457499.78342	17.54	0.02
2457500.72477	17.576	0.028999999999999998
2457500.9263400002	17.601	0.03
2457508.78098	17.602	0.017
2457509.87755	17.595	0.02
2457512.8228	17.611	0.018000000000000002
2457522.8840900003	17.619	0.032
2457526.77893	17.621	0.024
2457529.8045099997	17.6	0.036000000000000004
2457534.78537	17.625999999999998	0.02
2457536.78452	17.604	0.024
2457545.92642	17.614	0.026000000000000002
2457547.56048	17.684	0.032
2457547.90111	17.7	0.033
2457549.82615	17.665	0.021
2457550.80469	17.637999999999998	0.021
2457555.53437	17.629	0.036000000000000004
2457555.86568	17.642	0.021
2457557.8434099997	17.66	0.026000000000000002
2457561.62806	17.682000000000002	0.026000000000000002
2457562.61257	17.698	0.028999999999999998
2457566.81511	17.672	0.028999999999999998
2457567.7590400004	17.647000000000002	0.023
2457568.75789	17.645	0.026000000000000002
2457569.77539	17.703	0.026000000000000002
2457570.73974	17.68	0.024
2457573.66004	17.664	0.023
2457575.58782	17.652	0.026000000000000002
2457575.7557099997	17.644000000000002	0.018000000000000002
2457576.52091	17.643	0.023
2457576.5335	17.667	0.024
2457576.71419	17.659000000000002	0.021
2457577.53191	17.662	0.026000000000000002
2457579.71365	17.651	0.021
2457582.66109	17.64	0.026000000000000002
2457584.54208	17.672	0.026000000000000002
2457584.68491	17.674	0.027000000000000003
2457589.4879900003	17.714000000000002	0.048
2457589.64807	17.707	0.027000000000000003
2457589.79833	17.579	0.042
2457590.58908	17.653	0.023
2457590.73605	17.668	0.024
2457593.51314	17.672	0.021
2457593.67888	17.707	0.021
2457595.58	17.687	0.033
2457599.4750099997	17.749000000000002	0.039
2457599.50347	17.705	0.03
2457599.57095	17.724	0.028999999999999998
2457599.68025	17.708	0.024
2457599.7201099996	17.646	0.023
2457600.51243	17.713	0.032
2457600.5641	17.656	0.026000000000000002
2457600.60618	17.67	0.027000000000000003
2457600.73668	17.680999999999997	0.028999999999999998
2457601.73355	17.667	0.023
2457601.7568200002	17.712	0.027000000000000003
2457602.58539	17.663	0.026000000000000002
2457602.7450900003	17.72	0.033
2457603.58266	17.680999999999997	0.021
2457603.72299	17.701	0.023
2457604.54887	17.664	0.023
2457604.6903	17.695999999999998	0.021
2457605.53262	17.687	0.023
2457605.69422	17.708	0.024
2457606.70755	17.676	0.032
2457607.61658	17.68	0.023
2457608.4917	17.679000000000002	0.024
2457608.69682	17.73	0.021
2457609.56342	17.682000000000002	0.024
2457610.607	17.678	0.026000000000000002
2457611.5712099997	17.647000000000002	0.028999999999999998
2457612.53715	17.72	0.027000000000000003
2457612.6785	17.663	0.026000000000000002
2457617.49928	17.595	0.03
2457617.66462	17.636	0.032
2457618.55454	17.68	0.027000000000000003
2457618.7105400003	17.69	0.036000000000000004
2457621.55549	17.682000000000002	0.024
2457622.4911599997	17.682000000000002	0.023
2457622.68542	17.689	0.021
2457623.60165	17.673	0.021
2457624.52599	17.655	0.023
2457625.49553	17.67	0.023
2457626.483	17.673	0.023
2457626.67983	17.642	0.024
2457630.65361	17.675	0.024
2457631.63059	17.705	0.018000000000000002
2457632.61598	17.677	0.023
2457633.65609	17.621	0.028999999999999998
2457635.5821700003	17.665	0.027000000000000003
2457636.62634	17.662	0.026000000000000002
2457637.6158	17.651	0.027000000000000003
2457639.50446	17.678	0.03
2457643.59025	17.701	0.045
2457644.60683	17.58	0.039
2457647.58084	17.642	0.027000000000000003
2457648.61875	17.658	0.03
2457650.50226	17.701	0.02
2457650.5448	17.75	0.026000000000000002
2457651.51756	17.688	0.024
2457651.57449	17.695	0.023
2457652.50475	17.726	0.021
2457652.59639	17.71	0.024
2457653.5041900002	17.719	0.021
2457654.5088299997	17.759	0.027000000000000003
2457654.53912	17.66	0.027000000000000003
2457655.5055299997	17.695999999999998	0.024
2457656.50735	17.701	0.027000000000000003
2457656.55438	17.711	0.026000000000000002
2457657.55779	17.702	0.023
2457658.51387	17.683	0.024
2457659.51589	17.663	0.027000000000000003
2457660.50591	17.674	0.028999999999999998
2457660.56981	17.717	0.032
2457661.50751	17.652	0.027000000000000003
2457662.50758	17.656	0.028999999999999998
2457662.54134	17.723	0.032
2457664.50629	17.721	0.033
2457665.4894	17.694000000000003	0.039
2457665.51314	17.756	0.039
2457666.50849	17.735	0.032
2457666.56833	17.697	0.028999999999999998
2457667.51359	17.687	0.027000000000000003
2457671.49495	17.666	0.028999999999999998
2457672.4961	17.701	0.028999999999999998
2457673.50264	17.653	0.028999999999999998
2457675.5013900003	17.58	0.032
2457682.49854	17.694000000000003	0.028999999999999998
2457683.49772	17.684	0.035
2457791.88311	17.709	0.033
2457792.88588	17.677	0.038
2457793.87736	17.655	0.027000000000000003
2457794.88435	17.601	0.039
2457795.88838	17.651	0.039
2457798.8683700003	17.683	0.027000000000000003
2457800.86117	17.674	0.026000000000000002
2457802.84105	17.611	0.033
2457807.86936	17.697	0.024
2457810.84622	17.679000000000002	0.023
2457813.81033	17.684	0.032
2457816.839	17.671	0.026000000000000002
2457818.88198	17.682000000000002	0.02
2457821.80973	17.666	0.033
2457823.82055	17.639	0.027000000000000003
2457825.85269	17.664	0.027000000000000003
2457827.8300400004	17.633	0.027000000000000003
2457829.82584	17.665	0.035
2457834.82127	17.659000000000002	0.024
2457835.7579799998	17.637	0.032
2457835.89767	17.689	0.026000000000000002
2457836.85275	17.674	0.023
2457837.78664	17.644000000000002	0.023
2457837.89585	17.701	0.023
2457838.84212	17.689	0.023
2457839.78169	17.652	0.02
2457839.90517	17.685	0.018000000000000002
2457840.83543	17.671	0.023
2457841.7754599997	17.676	0.032
2457841.88515	17.666	0.027000000000000003
2457842.79984	17.674	0.023
2457842.9076799997	17.692999999999998	0.023
2457843.8408	17.676	0.021
2457844.75138	17.702	0.024
2457844.86773	17.643	0.024
2457845.77513	17.680999999999997	0.023
2457845.8933200003	17.68	0.023
2457846.82285	17.677	0.021
2457847.7261	17.619	0.028999999999999998
2457847.8434599997	17.65	0.021
2457848.73991	17.687	0.028999999999999998
2457848.8473	17.712	0.021
2457849.75262	17.688	0.023
2457849.8712	17.683	0.018000000000000002
2457850.76483	17.68	0.027000000000000003
2457850.8846	17.68	0.021
2457851.78253	17.683	0.028999999999999998
2457851.90437	17.664	0.023
2457852.89099	17.66	0.026000000000000002
2457854.7008700003	17.708	0.032
2457854.8228	17.691	0.024
2457855.73547	17.637	0.027000000000000003
2457855.84512	17.65	0.024
2457856.74419	17.671	0.038
2457856.85515	17.649	0.03
2457858.77831	17.646	0.024
2457862.70409	17.703	0.032
2457862.814	17.717	0.026000000000000002
2457863.76056	17.669	0.032
2457863.90814	17.641	0.024
2457864.71759	17.656	0.021
2457864.86887	17.684	0.02
2457865.7223	17.659000000000002	0.021
2457865.85952	17.671	0.023
2457866.71848	17.687	0.021
2457866.84774	17.695999999999998	0.018000000000000002
2457867.7217599996	17.676	0.02
2457867.85158	17.678	0.02
2457868.7785900002	17.633	0.024
2457868.92473	17.68	0.032
2457869.7774	17.659000000000002	0.02
2457869.9094599998	17.7	0.021
2457870.7985799997	17.673	0.018000000000000002
2457870.92013	17.688	0.023
2457871.82223	17.663	0.018000000000000002
2457872.67267	17.659000000000002	0.021
2457872.82403	17.687	0.018000000000000002
2457873.67495	17.648	0.021
2457873.78287	17.669	0.02
2457873.91821	17.677	0.023
2457874.7513900003	17.688	0.027000000000000003
2457874.87483	17.66	0.023
2457875.83167	17.695999999999998	0.021
2457875.93843	17.658	0.047
2457876.75653	17.714000000000002	0.024
2457876.8933599996	17.7	0.024
2457877.71672	17.68	0.021
2457877.84968	17.698	0.021
2457878.75536	17.717	0.021
2457878.88961	17.677	0.02
2457879.7138799997	17.715999999999998	0.033
2457879.8665400003	17.652	0.032
2457880.74251	17.646	0.028999999999999998
2457880.8714799997	17.699	0.028999999999999998
2457881.82194	17.707	0.028999999999999998
2457882.6998900003	17.611	0.036000000000000004
2457882.83005	17.664	0.028999999999999998
2457883.8001599996	17.713	0.047
2457890.71288	17.692	0.03
2457890.87223	17.684	0.032
2457893.6915599997	17.688	0.032
2457893.82105	17.666	0.026000000000000002
2457893.93	17.699	0.032
2457894.67576	17.666	0.021
2457894.80347	17.7	0.024
2457894.91254	17.719	0.024
2457895.78033	17.678	0.024
2457897.71741	17.691	0.026000000000000002
2457901.65208	17.679000000000002	0.026000000000000002
2457901.80803	17.649	0.024
2457902.64304	17.656	0.032
2457902.77569	17.67	0.023
2457903.81213	17.704	0.023
2457904.6685200003	17.673	0.02
2457904.80014	17.679000000000002	0.02
2457904.90885	17.655	0.027000000000000003
2457905.63796	17.692999999999998	0.024
2457905.76681	17.692999999999998	0.023
2457905.87795	17.686	0.023
2457906.58635	17.673	0.024
2457906.70458	17.675	0.02
2457906.82706	17.675	0.023
2457907.69938	17.71	0.026000000000000002
2457907.83068	17.684	0.024
2457908.65022	17.683	0.026000000000000002
2457908.7798599997	17.684	0.026000000000000002
2457908.88905	17.658	0.032
2457909.5808200003	17.679000000000002	0.033
2457909.70107	17.702	0.024
2457909.81303	17.658	0.024
2457909.91304	17.652	0.03
2457910.5980700003	17.667	0.028999999999999998
2457910.71716	17.67	0.023
2457910.8516	17.706	0.027000000000000003
2457911.5762099996	17.617	0.040999999999999995
2457911.6739	17.699	0.03
2457911.87948	17.655	0.047
2457916.62282	17.675	0.026000000000000002
2457916.7217900003	17.673	0.027000000000000003
2457916.82345	17.679000000000002	0.028999999999999998
2457917.54318	17.627	0.036000000000000004
2457917.6576900003	17.677	0.024
2457917.77273	17.692999999999998	0.027000000000000003
2457917.87978	17.677	0.035
2457918.6540599996	17.688	0.035
2457922.63436	17.666	0.024
2457923.52725	17.675	0.03
2457923.63393	17.68	0.026000000000000002
2457923.7708400004	17.724	0.028999999999999998
2457923.88059	17.643	0.03
2457924.5564099997	17.65	0.026000000000000002
2457924.66198	17.656	0.023
2457924.7908	17.68	0.023
2457925.5805599997	17.686	0.03
2457925.70624	17.678	0.023
2457925.83146	17.67	0.028999999999999998
2457926.5967900003	17.655	0.026000000000000002
2457926.74433	17.712	0.026000000000000002
2457928.59251	17.662	0.024
2457932.62365	17.654	0.024
2457932.7576	17.648	0.026000000000000002
2457933.6145599997	17.649	0.026000000000000002
2457933.73687	17.645	0.024
2457934.54966	17.672	0.021
2457934.6856	17.680999999999997	0.021
2457934.78027	17.682000000000002	0.024
2457935.51914	17.69	0.024
2457935.64854	17.663	0.021
2457935.7609	17.694000000000003	0.02
2457936.51188	17.692999999999998	0.027000000000000003
2457936.62273	17.682000000000002	0.026000000000000002
2457936.7672599996	17.712	0.024
2457937.56385	17.692	0.03
2457937.67501	17.667	0.024
2457937.80605	17.203	0.02
2457938.58773	17.674	0.033
2457944.48233	17.622	0.033
2457944.5231	17.697	0.032
2457944.57475	17.692	0.028999999999999998
2457944.61492	17.665	0.027000000000000003
2457944.67478	17.677	0.028999999999999998
2457944.72511	17.678	0.026000000000000002
2457944.7850900004	17.63	0.033
2457945.48988	17.659000000000002	0.035
2457945.5953900004	17.649	0.021
2457945.70757	17.695999999999998	0.023
2457945.8172299997	17.7	0.028999999999999998
2457946.5386200002	17.674	0.024
2457946.66785	17.67	0.024
2457946.7799299997	17.669	0.028999999999999998
2457947.52441	17.624000000000002	0.027000000000000003
2457947.63507	17.692	0.027000000000000003
2457948.52345	17.675	0.023
2457948.65868	17.656	0.027000000000000003
2457948.79168	17.659000000000002	0.026000000000000002
2457949.58515	17.676	0.026000000000000002
2457949.70435	17.623	0.033
2457949.70775	17.754	0.036000000000000004
2457952.72745	17.678	0.024
2457953.4909	17.676	0.028999999999999998
2457953.6322	17.704	0.024
2457953.75121	17.713	0.021
2457954.5076200003	17.672	0.023
2457954.65011	17.678	0.02
2457954.788	17.714000000000002	0.023
2457956.4908	17.672	0.026000000000000002
2457956.6247400003	17.708	0.023
2457956.75206	17.692999999999998	0.024
2457957.67804	17.695	0.024
2457958.596	17.669	0.026000000000000002
2457958.68447	17.641	0.027000000000000003
2457958.79366	17.688	0.032
2457959.5487900004	17.662	0.021
2457959.6655599996	17.71	0.02
2457959.78309	17.673	0.027000000000000003
2457960.53528	17.697	0.023
2457960.67122	17.7	0.023
2457961.61368	17.65	0.02
2457961.7261200002	17.669	0.023
2457962.54486	17.685	0.021
2457963.72103	17.647000000000002	0.023
2457964.6110799997	17.687	0.023
2457964.75635	17.639	0.024
2457965.68761	17.676	0.023
2457966.5616	17.662	0.027000000000000003
2457966.66491	17.666	0.028999999999999998
2457967.60108	17.694000000000003	0.035
2457967.68711	17.669	0.033
2457971.4730700003	17.691	0.044000000000000004
2457971.51584	17.697	0.028999999999999998
2457971.5671599996	17.669	0.028999999999999998
2457971.60463	17.642	0.03
2457971.65462	17.645	0.027000000000000003
2457971.69537	17.68	0.03
2457972.4737	17.680999999999997	0.048
2457972.52758	17.628	0.038
2457972.5761599997	17.683	0.035
2457972.62084	17.679000000000002	0.035
2457972.67828	17.707	0.039
2457972.72382	17.668	0.039
2457973.5584	17.649	0.039
2457973.68216	17.64	0.036000000000000004
2457974.54695	17.669	0.024
2457974.6630599997	17.65	0.027000000000000003
2457975.49603	17.662	0.032
2457979.5435900004	17.669	0.023
2457979.6718200003	17.7	0.021
2457980.59647	17.701	0.03
2457981.49444	17.698	0.028999999999999998
2457981.64806	17.72	0.024
2457982.55817	17.684	0.026000000000000002
2457982.66845	17.692999999999998	0.024
2457983.5967	17.706	0.023
2457984.50713	17.692999999999998	0.028999999999999998
2457984.62283	17.705	0.026000000000000002
2457985.55915	17.668	0.033
2457986.51042	17.702	0.021
2457986.64825	17.698	0.023
2457987.5754400003	17.701	0.021
2457990.49456	17.715	0.026000000000000002
2457990.62641	17.71	0.027000000000000003
2457991.54645	17.712	0.03
2457992.47959	17.679000000000002	0.023
2457992.60102	17.684	0.026000000000000002
2457993.52896	17.660999999999998	0.026000000000000002
2457993.63916	17.723	0.028999999999999998
2457994.5729900002	17.726	0.026000000000000002
2457998.4821900004	17.566	0.035
2457998.5339099998	17.635	0.03
2457998.57275	17.68	0.028999999999999998
2457998.62629	17.659000000000002	0.036000000000000004
2458000.5070700003	17.634	0.038
2458000.5507	17.655	0.027000000000000003
2458000.6071	17.656	0.040999999999999995
2458001.4972	17.666	0.027000000000000003
2458001.6069900002	17.698	0.027000000000000003
2458002.5778099997	17.808	0.069
2458004.4805799997	17.739	0.036000000000000004
2458004.61004	17.679000000000002	0.032
2458007.57465	17.694000000000003	0.032
2458008.59227	17.741	0.03
2458011.54268	17.705	0.038
2458012.55714	17.711	0.024
2458013.56098	17.695999999999998	0.024
2458014.57108	17.686	0.024
2458015.57237	17.677	0.027000000000000003
2458017.48275	17.647000000000002	0.03
2458018.5079799998	17.685	0.024
2458019.545	17.691	0.023
2458021.48635	17.685	0.033
2458026.52783	17.615	0.035
2458029.49567	17.729	0.036000000000000004
2458030.53428	17.679000000000002	0.027000000000000003
2458036.54181	17.713	0.035
2458040.5157	17.668	0.038
