2455377.6520599998	18.392	0.034
2455377.6731	18.295	0.038
2455378.49585	18.386	0.043
2455378.8040400003	18.419	0.043
2455379.69225	18.39	0.038
2455380.80248	18.384	0.047
2455381.67742	18.304000000000002	0.043
2455382.5414299998	18.383	0.055999999999999994
2455382.74808	18.395	0.049
2455385.50017	18.357	0.037000000000000005
2455385.60213	18.393	0.031
2455385.6927400003	18.369	0.034
2455385.79078	18.363	0.032
2455386.77196	18.36	0.032
2455387.7543	18.352999999999998	0.032
2455388.64321	18.426	0.034
2455389.5346	18.355999999999998	0.040999999999999995
2455390.5424200003	18.433	0.052000000000000005
2455390.79959	18.384	0.035
2455391.76165	18.362000000000002	0.043
2455392.63215	18.35	0.035
2455393.69379	18.375	0.04
2455396.5751799997	18.267	0.055999999999999994
2455397.6532400004	18.455	0.057999999999999996
2455403.62524	18.430999999999997	0.044000000000000004
2455404.49682	18.38	0.044000000000000004
2455404.69415	18.332	0.044000000000000004
2455405.70983	18.333	0.047
2455407.5628299997	18.416	0.046
2455407.75667	18.382	0.047
2455408.68624	18.38	0.047
2455409.59658	18.393	0.034
2455410.59968	18.371	0.034
2455411.63585	18.352999999999998	0.032
2455412.61994	18.355999999999998	0.044000000000000004
2455413.6277099997	18.419	0.034
2455414.6723700003	18.37	0.032
2455418.58369	18.386	0.032
2455421.6134200003	18.387999999999998	0.034
2455422.63221	18.363	0.031
2455425.5247400003	18.377	0.040999999999999995
2455430.5185	18.409000000000002	0.061
2455431.51957	18.358	0.047
2455433.69822	18.289	0.079
2455434.69613	18.437	0.05
2455435.6993400003	18.385	0.044000000000000004
2455437.6787	18.355	0.04
2455439.55922	18.358	0.049
2455443.57303	18.403	0.049
2455444.59438	18.387999999999998	0.043
2455445.68335	18.357	0.038
2455447.49125	18.397000000000002	0.035
2455448.5503	18.337	0.040999999999999995
2455448.56509	18.368	0.044000000000000004
2455450.50929	18.393	0.047
2455451.63583	18.447	0.055999999999999994
2455457.51797	18.366	0.038
2455458.5619	18.32	0.052000000000000005
2455459.5954	18.314	0.043
2455460.60809	18.507	0.096
2455462.48613	18.328	0.047
2455463.5929	18.399	0.046
2455464.5526400004	18.317	0.044000000000000004
2455465.48708	18.367	0.062
2455468.55699	18.36	0.05
2455471.53865	18.385	0.044000000000000004
2455472.58855	18.402	0.047
2455476.55321	18.293	0.065
2455480.51119	18.334	0.046
2455483.4989	18.389	0.08800000000000001
2455487.49715	18.367	0.044000000000000004
2455489.49603	18.464000000000002	0.08199999999999999
2455492.52152	18.499000000000002	0.08800000000000001
2455497.49982	18.434	0.07
2455596.86155	18.34	0.049
2455596.8849299997	18.413	0.081
2455597.8564400002	18.465999999999998	0.05
2455606.8878900004	18.33	0.049
2455614.8681799998	18.327	0.043
2455620.8525400003	18.369	0.040999999999999995
2455624.81369	18.407	0.046
2455625.77575	18.519000000000002	0.065
2455627.80052	18.371	0.047
2455629.77936	18.409000000000002	0.055
2455630.76935	18.4	0.044000000000000004
2455632.76685	18.337	0.064
2455634.75408	18.449	0.05
2455635.82663	18.437	0.055999999999999994
2455638.7449	18.503	0.087
2455639.7579	18.345	0.053
2455639.8335599997	18.317999999999998	0.043
2455639.90923	18.348	0.049
2455640.83066	18.373	0.049
2455641.75679	18.329	0.055
2455641.8769099996	18.387999999999998	0.043
2455642.79865	18.333	0.043
2455643.74478	18.438	0.055
2455643.8225	18.334	0.040999999999999995
2455644.74551	18.433	0.079
2455644.85916	18.354	0.067
2455648.73163	18.4	0.052000000000000005
2455648.84025	18.373	0.035
2455649.7359700003	18.41	0.047
2455649.84613	18.395	0.031
2455650.72843	18.358	0.043
2455650.8347	18.389	0.034
2455651.75434	18.328	0.035
2455651.86663	18.354	0.038
2455652.79486	18.379	0.032
2455653.76072	18.331	0.031
2455654.76381	18.394000000000002	0.038
2455654.85574	18.372	0.037000000000000005
2455655.7686400004	18.345	0.04
2455655.84485	18.369	0.032
2455656.8019	18.381	0.035
2455657.76525	18.369	0.032
2455657.84494	18.414	0.034
2455658.75607	18.348	0.046
2455658.85706	18.357	0.034
2455659.71374	18.371	0.044000000000000004
2455659.78992	18.399	0.037000000000000005
2455659.87583	18.387999999999998	0.031
2455660.76355	18.355	0.037000000000000005
2455660.86043	18.361	0.04
2455662.7548599998	18.327	0.05
2455662.85523	18.399	0.038
2455663.7531	18.487000000000002	0.047
2455664.80156	18.408	0.04
2455664.90533	18.41	0.04
2455665.78799	18.383	0.034
2455665.90002	18.38	0.035
2455667.82761	18.347	0.034
2455668.83262	18.37	0.049
2455669.81619	18.407	0.046
2455670.80419	18.355	0.049
2455671.77379	18.377	0.043
2455675.87305	18.372	0.037000000000000005
2455676.77886	18.364	0.032
2455677.73551	18.368	0.034
2455677.9225	18.373	0.032
2455679.8442599997	18.406	0.037000000000000005
2455680.7247200003	18.437	0.043
2455680.91041	18.402	0.034
2455681.80527	18.383	0.04
2455682.70487	18.349	0.044000000000000004
2455682.92448	18.387	0.040999999999999995
2455683.87913	18.344	0.038
2455684.78254	18.35	0.034
2455685.76895	18.379	0.031
2455686.65668	18.348	0.046
2455686.8650700003	18.430999999999997	0.043
2455687.7541400003	18.438	0.037000000000000005
2455688.92886	18.392	0.059000000000000004
2455690.6562200002	18.357	0.04
2455690.86988	18.463	0.05
2455691.79219	18.438	0.04
2455692.6849	18.34	0.04
2455692.8605400003	18.368	0.04
2455693.70883	18.393	0.038
2455693.8824299998	18.375999999999998	0.04
2455694.71415	18.413	0.040999999999999995
2455694.89016	18.393	0.043
2455695.76643	18.371	0.037000000000000005
2455695.92979	18.409000000000002	0.043
2455696.75752	18.378	0.038
2455696.94025	18.414	0.085
2455697.76346	18.351	0.043
2455697.9298400003	18.342	0.044000000000000004
2455698.76314	18.387	0.061
2455698.92853	18.463	0.079
2455705.72643	18.351	0.044000000000000004
2455705.92019	18.429000000000002	0.061
2455706.87444	18.281	0.052000000000000005
2455707.73748	18.384	0.044000000000000004
2455707.89854	18.316	0.044000000000000004
2455708.73014	18.358	0.034
2455709.56167	18.537	0.055999999999999994
2455712.59762	18.35	0.046
2455712.6002700003	18.393	0.046
2455712.8062299998	18.326	0.037000000000000005
2455713.82092	18.351	0.038
2455715.5592	18.455	0.049
2455715.76494	18.416	0.034
2455716.5917	18.415	0.055
2455716.60434	18.373	0.038
2455716.61906	18.452	0.040999999999999995
2455716.63168	18.307000000000002	0.037000000000000005
2455716.82829	18.399	0.038
2455721.71282	18.386	0.044000000000000004
2455721.91385	18.44	0.061
2455722.76675	18.39	0.037000000000000005
2455723.63532	18.445999999999998	0.040999999999999995
2455723.80345	18.384	0.035
2455724.6636200002	18.387	0.046
2455725.5659	18.311	0.043
2455725.7793900003	18.367	0.04
2455726.68752	18.433	0.046
2455734.66356	18.366	0.052000000000000005
2455734.8458	18.329	0.053
2455735.7924900004	18.375999999999998	0.038
2455736.5416599996	18.384	0.040999999999999995
2455736.70883	18.363	0.031
2455737.53746	18.328	0.038
2455737.7270400003	18.384	0.028999999999999998
2455737.89458	18.35	0.043
2455738.7528	18.375999999999998	0.032
2455739.62272	18.38	0.035
2455739.81079	18.315	0.038
2455740.62447	18.36	0.044000000000000004
2455740.8115	18.366	0.043
2455741.5819900003	18.399	0.038
2455741.76059	18.374000000000002	0.032
2455742.50886	18.279	0.046
2455742.69336	18.361	0.032
2455742.84882	18.409000000000002	0.035
2455743.74327	18.377	0.043
2455744.50111	18.506	0.071
2455744.67696	18.414	0.035
2455745.49023	18.345	0.055
2455745.66535	18.418	0.035
2455746.7050900003	18.345	0.038
2455747.58874	18.343	0.079
2455747.76554	18.475	0.057999999999999996
2455749.54103	18.412	0.046
2455749.70761	18.417	0.046
2455752.58536	18.327	0.053
2455752.77633	18.352	0.055999999999999994
2455753.71315	18.393	0.061
2455759.83542	18.393	0.065
2455760.4808900002	18.423	0.071
2455760.6746400003	18.38	0.044000000000000004
2455761.4956	18.304000000000002	0.028999999999999998
2455762.54031	18.385	0.040999999999999995
2455762.69636	18.387999999999998	0.040999999999999995
2455763.57629	18.35	0.031
2455763.76204	18.42	0.047
2455764.57942	18.417	0.038
2455764.7859099996	18.368	0.037000000000000005
2455765.65023	18.354	0.034
2455766.50995	18.377	0.04
2455766.69632	18.393	0.035
2455767.5745	18.382	0.04
2455767.78258	18.406	0.05
2455768.63669	18.441	0.037000000000000005
2455769.47365	18.456	0.052000000000000005
2455769.67797	18.392	0.035
2455770.75402	18.374000000000002	0.043
2455776.60894	18.465999999999998	0.055
2455777.52599	18.362000000000002	0.032
2455777.77335	18.363	0.04
2455779.60105	18.41	0.040999999999999995
2455785.62816	18.314	0.052000000000000005
2455786.57178	18.293	0.053
2455787.60792	18.266	0.038
2455788.5073599997	18.410999999999998	0.049
2455788.6929599997	18.414	0.071
2455790.59073	18.404	0.049
2455791.4772799998	18.368	0.059000000000000004
2455793.59747	18.382	0.046
2455794.47946	18.465999999999998	0.061
2455794.67808	18.463	0.043
2455795.7253400004	18.428	0.046
2455796.6523599997	18.367	0.043
2455801.57377	18.375	0.046
2455802.5649599996	18.416	0.05
2455804.5573	18.328	0.044000000000000004
2455805.50722	18.382	0.032
2455806.5004	18.449	0.055
2455807.6371299997	18.459	0.05
2455812.61953	18.393	0.057999999999999996
2455813.60311	18.35	0.038
2455815.57137	18.328	0.035
2455816.5517599997	18.301	0.046
2455817.55276	18.36	0.047
2455818.53419	18.354	0.049
2455819.54288	18.389	0.047
2455820.51155	18.405	0.055999999999999994
2455822.5121299997	18.34	0.052000000000000005
2455822.6007	18.371	0.043
2455823.53216	18.441	0.053
2455823.61926	18.39	0.062
2455824.55558	18.383	0.038
2455824.63322	18.458	0.05
2455825.57215	18.385	0.046
2455826.49529	18.467	0.052000000000000005
2455826.58265	18.378	0.052000000000000005
2455827.52135	18.283	0.055
2455827.6017400003	18.413	0.055999999999999994
2455828.53486	18.333	0.037000000000000005
2455828.61013	18.387	0.040999999999999995
2455829.5455400003	18.445999999999998	0.04
2455829.62163	18.38	0.043
2455830.55855	18.375999999999998	0.043
2455831.5307299998	18.35	0.038
2455831.60399	18.384	0.047
2455832.55368	18.332	0.047
2455833.5117900004	18.422	0.040999999999999995
2455833.58951	18.389	0.05
2455834.54893	18.35	0.037000000000000005
2455835.53241	18.389	0.064
2455836.52949	18.329	0.061
2455836.59296	18.379	0.064
2455839.55347	18.454	0.09300000000000001
2455840.49928	18.334	0.055999999999999994
2455840.60019	18.35	0.05
2455841.52691	18.379	0.061
2455841.60623	18.449	0.073
2455842.5769	18.417	0.071
2455843.5298900004	18.387999999999998	0.053
2455844.5537400004	18.392	0.062
2455845.5142099997	18.320999999999998	0.057999999999999996
2455845.59496	18.410999999999998	0.064
2455846.55664	18.357	0.068
2455851.5433099996	18.455	0.05
2455852.4934900003	18.395	0.079
2455855.54647	18.404	0.059000000000000004
2455856.55358	18.472	0.075
2455858.52585	18.217	0.07
2455860.49863	18.391	0.065
2455861.5218	18.357	0.062
2455969.87764	18.324	0.04
2455972.8938	18.296	0.055999999999999994
2455977.8318	18.358	0.046
2455978.84625	18.322	0.040999999999999995
2455979.85714	18.414	0.046
2455981.88555	18.379	0.04
2455982.8907	18.379	0.034
2455983.88388	18.319000000000003	0.027999999999999997
2455984.86802	18.375999999999998	0.031
2455985.85205	18.363	0.04
2455986.8333	18.351	0.038
2455987.80664	18.425	0.057999999999999996
2455987.89805	18.363	0.035
2455988.88552	18.345	0.034
2455989.86055	18.361	0.046
2455990.8250700003	18.323	0.038
2455991.79867	18.366	0.052000000000000005
2455991.89312	18.327	0.032
2455992.85863	18.439	0.038
2455993.8383	18.442	0.049
2455994.79238	18.385	0.055
2455994.8975	18.313	0.038
2455995.77624	18.365	0.047
2455995.9100099998	18.426	0.055999999999999994
2455996.85206	18.384	0.035
2455997.8078799997	18.337	0.043
2455997.8942299997	18.404	0.035
2455998.84581	18.338	0.034
2455999.77463	18.480999999999998	0.068
2455999.86778	18.386	0.038
2456003.85608	18.340999999999998	0.052000000000000005
2456004.78792	18.351	0.040999999999999995
2456004.8842700003	18.358	0.038
2456005.80553	18.393	0.037000000000000005
2456005.9108599997	18.369	0.031
2456006.84215	18.369	0.034
2456007.7515	18.395	0.035
2456007.85156	18.329	0.035
2456008.74681	18.361	0.038
2456008.83628	18.37	0.037000000000000005
2456009.74755	18.449	0.046
2456009.84699	18.379	0.032
2456010.73878	18.313	0.049
2456010.83012	18.381	0.034
2456010.91777	18.386	0.043
2456011.82772	18.442999999999998	0.057999999999999996
2456012.74016	18.378	0.038
2456012.83438	18.365	0.031
2456012.92151	18.347	0.04
2456013.81882	18.355999999999998	0.031
2456013.92252	18.387999999999998	0.071
2456014.7949599996	18.401	0.032
2456014.89409	18.455	0.040999999999999995
2456015.7729599997	18.35	0.028999999999999998
2456015.84007	18.361	0.027999999999999997
2456016.7546900003	18.374000000000002	0.032
2456016.8346	18.379	0.034
2456017.74275	18.387999999999998	0.031
2456017.81921	18.361	0.027999999999999997
2456017.91915	18.331	0.038
2456018.8081	18.437	0.05
2456018.9138	18.409000000000002	0.032
2456019.7872200003	18.399	0.035
2456019.88235	18.374000000000002	0.032
2456020.7417200003	18.352999999999998	0.037000000000000005
2456020.8356	18.417	0.031
2456020.91546	18.327	0.037000000000000005
2456021.7644700003	18.473	0.043
2456021.84222	18.357	0.031
2456022.7132099997	18.233	0.059000000000000004
2456022.7895	18.347	0.035
2456022.88572	18.361	0.035
2456023.7458200003	18.326	0.038
2456023.8257	18.371	0.035
2456024.7041700003	18.332	0.055
2456024.78275	18.333	0.040999999999999995
2456024.89528	18.383	0.043
2456025.76884	18.352	0.05
2456025.86246	18.377	0.044000000000000004
2456029.8942400003	18.340999999999998	0.038
2456031.8909299998	18.389	0.055999999999999994
2456032.83486	18.349	0.034
2456033.75948	18.416	0.044000000000000004
2456034.70745	18.413	0.035
2456035.84172	18.372	0.034
2456036.83485	18.333	0.026000000000000002
2456037.78373	18.38	0.038
2456038.75282	18.414	0.038
2456039.74694	18.366	0.043
2456040.7387200003	18.36	0.040999999999999995
2456040.92293	18.410999999999998	0.043
2456041.87627	18.351	0.035
2456046.92151	18.4	0.038
2456047.82448	18.426	0.049
2456048.76589	18.339000000000002	0.032
2456049.68254	18.38	0.04
2456049.87703	18.375999999999998	0.034
2456050.77098	18.397000000000002	0.037000000000000005
2456051.64781	18.399	0.052000000000000005
2456052.76537	18.288	0.040999999999999995
2456052.92302	18.285	0.04
2456053.79647	18.340999999999998	0.040999999999999995
2456054.89049	18.377	0.085
2456058.8207	18.403	0.044000000000000004
2456059.71144	18.392	0.037000000000000005
2456059.88733	18.368	0.037000000000000005
2456061.78633	18.389	0.035
2456062.65501	18.407	0.049
2456062.83722	18.358	0.037000000000000005
2456063.80639	18.312	0.049
2456064.7291	18.399	0.032
2456064.91393	18.361	0.04
2456065.74885	18.363	0.032
2456066.67725	18.427	0.034
2456066.86032	18.352	0.034
2456067.6642299998	18.347	0.035
2456067.84139	18.304000000000002	0.028999999999999998
2456068.6674200003	18.371	0.035
2456068.8867900004	18.425	0.034
2456069.6205700003	18.373	0.038
2456069.8275599997	18.354	0.028999999999999998
2456070.62853	18.435	0.05
2456070.80505	18.336	0.034
2456071.60316	18.39	0.034
2456071.76893	18.346	0.038
2456071.9375299998	18.36	0.053
2456075.7571900003	18.38	0.031
2456076.6151900003	18.357	0.038
2456076.80005	18.334	0.028999999999999998
2456077.71427	18.406	0.038
2456077.9160599997	18.406	0.037000000000000005
2456078.72464	18.305999999999997	0.031
2456078.89953	18.337	0.035
2456079.69806	18.346	0.037000000000000005
2456079.89342	18.362000000000002	0.032
2456080.66081	18.302	0.044000000000000004
2456080.83838	18.402	0.043
2456081.61809	18.399	0.059000000000000004
2456081.79141	18.361	0.038
2456082.61203	18.381	0.064
2456082.81649	18.296	0.068
2456085.62682	18.347	0.043
2456085.78717	18.374000000000002	0.040999999999999995
2456086.55877	18.313	0.04
2456086.73122	18.391	0.034
2456086.9149599997	18.273	0.057999999999999996
2456087.8218900003	18.367	0.04
2456088.66457	18.335	0.028999999999999998
2456089.77863	18.522000000000002	0.044000000000000004
2456092.62476	18.374000000000002	0.035
2456092.91213	18.31	0.053
2456093.70499	18.346	0.035
2456094.57903	18.34	0.05
2456094.7650099997	18.349	0.043
2456096.57618	18.399	0.044000000000000004
2456096.77654	18.417	0.044000000000000004
2456097.67965	18.287	0.038
2456097.86833	18.293	0.040999999999999995
2456098.66183	18.414	0.047
2456098.84264	18.430999999999997	0.043
2456100.517	18.272000000000002	0.055
2456100.71065	18.398	0.034
2456100.87567	18.314	0.046
2456101.64047	18.355999999999998	0.034
2456101.82419	18.296	0.038
2456102.62385	18.364	0.038
2456102.78069	18.396	0.034
2456103.53163	18.456	0.043
2456103.71071	18.373	0.035
2456104.53227	18.410999999999998	0.035
2456104.69538	18.368	0.028999999999999998
2456104.86403	18.375	0.043
2456105.6274200003	18.377	0.035
2456106.62728	18.34	0.05
2456108.62295	18.358	0.043
2456108.7949900003	18.33	0.037000000000000005
2456109.5745599996	18.412	0.129
2456109.7875200002	18.204	0.055
2456113.59179	18.328	0.046
2456113.7501	18.367	0.046
2456114.59993	18.361	0.044000000000000004
2456114.77155	18.438	0.044000000000000004
2456115.5363	18.419	0.04
2456115.75166	18.4	0.043
2456116.57778	18.371	0.032
2456116.75885	18.403	0.04
2456117.55472	18.4	0.037000000000000005
2456117.7335	18.398	0.038
2456118.5073599997	18.413	0.043
2456118.69593	18.362000000000002	0.028999999999999998
2456118.83972	18.39	0.044000000000000004
2456119.64875	18.414	0.034
2456119.79248	18.337	0.04
2456120.67946	18.367	0.028999999999999998
2456121.47807	18.331	0.032
2456121.65828	18.386	0.027999999999999997
2456123.5155700003	18.282	0.052000000000000005
2456123.69151	18.417	0.032
2456124.48695	18.381	0.047
2456124.69845	18.408	0.034
2456125.7012400003	18.322	0.034
2456126.53008	18.399	0.04
2456126.73687	18.374000000000002	0.037000000000000005
2456127.65877	18.349	0.037000000000000005
2456128.63194	18.367	0.032
2456131.50564	18.344	0.040999999999999995
2456131.78297	18.371	0.038
2456132.76298	18.48	0.043
2456133.69259	18.391	0.040999999999999995
2456134.59359	18.462	0.059000000000000004
2456135.56481	18.379	0.044000000000000004
2456135.78262	18.398	0.040999999999999995
2456140.56977	18.430999999999997	0.064
2456140.743	18.334	0.085
2456141.59746	18.355	0.055999999999999994
2456141.76347	18.322	0.052000000000000005
2456143.53583	18.462	0.05
2456147.6499	18.451	0.055
2456148.5961599997	18.438	0.032
2456149.6064400002	18.455	0.046
2456150.63967	18.405	0.035
2456151.6225400004	18.395	0.043
2456152.5	18.343	0.038
2456152.70656	18.428	0.034
2456154.68129	18.332	0.04
2456158.51637	18.44	0.035
2456158.6981	18.42	0.04
2456159.62956	18.338	0.037000000000000005
2456160.62058	18.323	0.035
2456161.51632	18.429000000000002	0.049
2456164.49368	18.386	0.037000000000000005
2456164.70579	18.445	0.08199999999999999
2456165.60286	18.48	0.055
2456165.63375	18.429000000000002	0.061
2456165.66075	18.361	0.052000000000000005
2456165.68877	18.264	0.064
2456165.7132599996	18.361	0.062
2456166.5131	18.392	0.052000000000000005
2456166.55986	18.402	0.052000000000000005
2456166.61515	18.309	0.046
2456166.6686400003	18.433	0.047
2456167.50316	18.32	0.040999999999999995
2456167.68448	18.287	0.087
2456168.60153	18.327	0.038
2456169.49496	18.258	0.043
2456169.6784900003	18.389	0.052000000000000005
2456171.58842	18.375	0.040999999999999995
2456171.6397599997	18.252	0.079
2456172.60967	18.375999999999998	0.034
2456174.5813700003	18.455	0.061
2456175.55944	18.39	0.043
2456179.50771	18.365	0.049
2456179.5474900003	18.369	0.047
2456180.52124	18.404	0.046
2456181.48122	18.419	0.05
2456182.48231	18.378	0.047
2456183.49203	18.392	0.046
2456184.58838	18.343	0.031
2456185.48401	18.351	0.032
2456186.49496	18.346	0.044000000000000004
2456190.53131	18.423	0.044000000000000004
2456191.58358	18.384	0.038
2456195.53478	18.319000000000003	0.038
2456195.61277	18.347	0.043
2456196.53267	18.336	0.055
2456196.61445	18.462	0.061
2456197.53407	18.295	0.046
2456198.5022400003	18.205	0.061
2456199.56311	18.234	0.059000000000000004
2456201.51543	18.398	0.07
2456203.50592	18.395	0.052000000000000005
2456203.59578	18.366	0.068
2456204.54908	18.372	0.044000000000000004
2456205.4903599997	18.358	0.047
2456205.57155	18.338	0.037000000000000005
2456208.5158700002	18.432000000000002	0.053
2456210.54277	18.366	0.04
2456211.4928200003	18.340999999999998	0.040999999999999995
2456211.5736700003	18.316	0.037000000000000005
2456212.4929	18.258	0.04
2456212.5698	18.362000000000002	0.040999999999999995
2456213.5222099996	18.357	0.040999999999999995
2456214.49613	18.447	0.049
2456216.50188	18.387	0.047
2456217.52509	18.368	0.035
2456218.50977	18.259	0.046
2456219.51713	18.469	0.037000000000000005
2456221.51576	18.375	0.064
2456221.54318	18.266	0.064
2456223.5583599997	18.432000000000002	0.064
2456226.50365	18.408	0.064
2456231.50435	18.308	0.059000000000000004
2456233.53597	18.235	0.055
2456238.51272	18.322	0.062
2456334.87984	18.359	0.038
2456335.86009	18.335	0.038
2456337.87118	18.322	0.04
2456338.84967	18.355999999999998	0.043
2456338.89329	18.354	0.047
2456340.8558099996	18.402	0.035
2456341.8946	18.309	0.053
2456343.86043	18.448	0.047
2456344.86117	18.398	0.032
2456345.8804599997	18.345	0.032
2456347.8832	18.299	0.038
2456348.8806	18.389	0.037000000000000005
2456349.88828	18.342	0.05
2456350.89993	18.335	0.05
2456351.90607	18.324	0.073
2456352.89728	18.34	0.038
2456353.88595	18.377	0.034
2456354.8905700003	18.375999999999998	0.038
2456360.80967	18.299	0.031
2456360.89605	18.368	0.034
2456361.8702599998	18.325	0.034
2456362.7929700003	18.334	0.04
2456362.90818	18.447	0.052000000000000005
2456363.8826599997	18.384	0.034
2456367.88348	18.36	0.027999999999999997
2456368.83428	18.349	0.032
2456368.9139400003	18.438	0.064
2456369.84444	18.37	0.032
2456370.7966299998	18.383	0.032
2456370.88862	18.363	0.035
2456371.81014	18.354	0.028999999999999998
2456371.90198	18.325	0.028999999999999998
2456372.8124	18.305999999999997	0.028999999999999998
2456372.89469	18.354	0.032
2456373.82932	18.31	0.034
2456373.90839	18.410999999999998	0.043
2456374.8355799997	18.336	0.038
2456374.9166	18.39	0.043
2456375.8505700002	18.384	0.031
2456376.7581599997	18.287	0.038
2456376.84665	18.339000000000002	0.034
2456377.7566	18.307000000000002	0.034
2456377.85839	18.338	0.027999999999999997
2456378.76572	18.38	0.040999999999999995
2456378.85348	18.295	0.032
2456379.7621	18.375	0.04
2456379.85024	18.36	0.04
2456380.75319	18.315	0.034
2456380.8547799997	18.355	0.034
2456381.7738900003	18.366	0.035
2456381.86174	18.377	0.032
2456382.76829	18.328	0.057999999999999996
2456382.84588	18.339000000000002	0.040999999999999995
2456386.76137	18.412	0.038
2456386.86072	18.347	0.037000000000000005
2456387.7599299997	18.396	0.031
2456387.84289	18.352	0.031
2456388.78386	18.381	0.031
2456388.89181	18.323	0.04
2456389.75298	18.406	0.037000000000000005
2456389.84203	18.401	0.035
2456390.71751	18.343	0.038
2456390.79944	18.378	0.04
2456390.88901	18.355	0.037000000000000005
2456391.8092900002	18.267	0.040999999999999995
2456393.8074	18.37	0.037000000000000005
2456394.77519	18.363	0.04
2456395.72627	18.413	0.037000000000000005
2456395.90763	18.307000000000002	0.028999999999999998
2456395.9270099998	18.39	0.040999999999999995
2456396.86403	18.340999999999998	0.028999999999999998
2456397.80986	18.348	0.028999999999999998
2456398.71884	18.364	0.031
2456398.90019	18.398	0.032
2456399.82148	18.328	0.031
2456400.79692	18.355999999999998	0.032
2456401.7456400003	18.371	0.032
2456401.91459	18.375999999999998	0.031
2456402.84167	18.225	0.035
2456403.74881	18.347	0.032
2456403.9317	18.494	0.064
2456404.85905	18.305999999999997	0.031
2456405.84144	18.367	0.038
2456405.87638	18.317999999999998	0.025
2456406.89762	18.348	0.04
2456407.80329	18.329	0.043
2456408.75781	18.346	0.057999999999999996
2456409.87231	18.403	0.062
2456415.81731	18.389	0.04
2456416.70389	18.379	0.037000000000000005
2456416.92033	18.404	0.035
2456417.81505	18.430999999999997	0.035
2456418.6762900003	18.397000000000002	0.037000000000000005
2456418.84014	18.342	0.026000000000000002
2456419.7252700003	18.351	0.035
2456419.90114	18.361	0.038
2456420.74277	18.344	0.027999999999999997
2456420.92637	18.343	0.031
2456422.71319	18.319000000000003	0.032
2456423.66488	18.328	0.037000000000000005
2456423.86879	18.32	0.038
2456424.7195200003	18.348	0.028999999999999998
2456424.9185200003	18.292	0.034
2456426.82815	18.35	0.027999999999999997
2456427.92367	18.338	0.038
2456428.61889	18.404	0.049
2456428.8136400003	18.358	0.037000000000000005
2456431.5904599996	18.367	0.062
2456431.80253	18.387999999999998	0.038
2456432.63465	18.395	0.044000000000000004
2456432.82425	18.319000000000003	0.032
2456433.62872	18.459	0.047
2456433.82002	18.377	0.037000000000000005
2456434.71298	18.43	0.040999999999999995
2456434.90441	18.339000000000002	0.035
2456435.75353	18.361	0.037000000000000005
2456435.93245	18.375999999999998	0.038
2456436.74115	18.402	0.04
2456436.91957	18.377	0.044000000000000004
2456441.71768	18.258	0.043
2456441.77991	18.445	0.057999999999999996
2456442.56725	18.337	0.038
2456442.7551700003	18.46	0.034
2456442.9166099997	18.31	0.038
2456443.62183	18.488	0.037000000000000005
2456444.70245	18.34	0.044000000000000004
2456444.7629	18.384	0.038
2456444.94724	18.266	0.075
2456445.76462	18.398	0.035
2456446.56243	18.345	0.032
2456446.7531	18.322	0.031
2456446.94564	18.287	0.05
2456447.7118599997	18.334	0.032
2456447.88941	18.368	0.032
2456448.65192	18.383	0.038
2456448.83784	18.342	0.031
2456449.6116	18.38	0.035
2456449.79726	18.392	0.04
2456450.54669	18.363	0.047
2456450.74753	18.381	0.028999999999999998
2456450.92075	18.467	0.047
2456451.67751	18.391	0.037000000000000005
2456451.86331	18.401	0.04
2456452.64177	18.343	0.027999999999999997
2456452.87722	18.351	0.031
2456454.65143	18.294	0.034
2456454.83629	18.391	0.038
2456455.6231400003	18.437	0.038
2456456.61807	18.386	0.026000000000000002
2456456.80392	18.367	0.028999999999999998
2456457.77745	18.361	0.027999999999999997
2456458.56094	18.37	0.047
2456458.73679	18.386	0.034
2456458.90314	18.333	0.047
2456459.69007	18.347	0.027999999999999997
2456459.8687400003	18.322	0.032
2456460.75539	18.488	0.040999999999999995
2456461.62548	18.364	0.040999999999999995
2456461.8419	18.367	0.034
2456462.70627	18.367	0.046
2456463.56773	18.313	0.044000000000000004
2456463.75691	18.304000000000002	0.037000000000000005
2456464.57442	18.434	0.059000000000000004
2456464.75592	18.45	0.059000000000000004
2456468.56073	18.323	0.043
2456468.75584	18.317999999999998	0.043
2456469.62407	18.381	0.037000000000000005
2456469.84428	18.480999999999998	0.094
2456472.62273	18.414	0.040999999999999995
2456472.80401	18.345	0.040999999999999995
2456473.57925	18.429000000000002	0.038
2456473.7651299997	18.332	0.031
2456474.69817	18.39	0.04
2456475.48865	18.317	0.046
2456475.68605	18.344	0.034
2456475.85862	18.401	0.05
2456476.6245	18.410999999999998	0.038
2456476.81211	18.417	0.04
2456477.61747	18.343	0.037000000000000005
2456477.80571	18.365	0.05
2456478.66988	18.555	0.049
2456479.74908	18.333	0.038
2456480.6310799997	18.331	0.035
2456480.8158	18.392	0.044000000000000004
2456481.64362	18.349	0.04
2456482.80353	18.327	0.062
2456484.5371	18.412	0.038
2456485.64207	18.339000000000002	0.027999999999999997
2456486.5762400003	18.383	0.034
2456486.78673	18.373	0.032
2456487.57588	18.292	0.027999999999999997
2456487.77567	18.365	0.027999999999999997
2456489.6145	18.348	0.031
2456490.46987	18.307000000000002	0.046
2456490.65323	18.332	0.032
2456491.4985599997	18.401	0.052000000000000005
2456491.7182	18.359	0.037000000000000005
2456492.53461	18.276	0.040999999999999995
2456492.72482	18.3	0.038
2456496.55565	18.276	0.055
2456497.6512599997	18.287	0.040999999999999995
2456498.48576	18.312	0.028999999999999998
2456498.66573	18.408	0.034
2456499.49957	18.334	0.035
2456500.65147	18.393	0.057999999999999996
2456501.63955	18.365	0.032
2456504.6539	18.329	0.035
2456505.5515900003	18.394000000000002	0.038
2456505.75009	18.292	0.04
2456506.68788	18.352999999999998	0.047
2456507.73823	18.348	0.047
2456508.64732	18.3	0.027999999999999997
2456509.57137	18.366	0.027999999999999997
2456509.7387200003	18.26	0.035
2456510.62894	18.399	0.028999999999999998
2456511.57233	18.358	0.037000000000000005
2456512.7376099997	18.538	0.055
2456514.69872	18.459	0.035
2456516.63597	18.343	0.032
2456518.6477900003	18.367	0.032
2456519.60106	18.361	0.032
2456523.5307299998	18.35	0.040999999999999995
2456523.68646	18.404	0.055
2456524.63552	18.343	0.043
2456525.6444200003	18.284000000000002	0.055
2456528.5781400003	18.507	0.049
2456531.47915	18.386	0.055999999999999994
2456532.4809	18.375999999999998	0.038
2456533.4920099997	18.428	0.049
2456534.57163	18.361	0.038
2456536.49498	18.352999999999998	0.034
2456538.5854700003	18.322	0.038
2456539.64272	18.335	0.031
2456543.5022	18.349	0.043
2456544.54561	18.335	0.037000000000000005
2456545.58911	18.379	0.034
2456546.63678	18.248	0.046
2456553.54674	18.314	0.071
2456558.49702	18.343	0.032
2456559.54041	18.324	0.037000000000000005
2456560.5902400003	18.359	0.052000000000000005
2456562.54765	18.349	0.038
2456563.57537	18.412	0.046
2456564.5136599997	18.320999999999998	0.046
2456564.59939	18.312	0.044000000000000004
2456565.57698	18.444000000000003	0.044000000000000004
2456567.55332	18.384	0.049
2456568.5498599997	18.407	0.052000000000000005
2456569.51053	18.422	0.035
2456569.59265	18.389	0.044000000000000004
2456570.57513	18.371	0.049
2456571.58288	18.29	0.047
2456572.54305	18.342	0.04
2456573.51651	18.312	0.038
2456576.51598	18.344	0.08199999999999999
2456576.58324	18.477	0.106
2456577.57233	18.452	0.062
2456578.5661	18.336	0.049
2456579.52261	18.375	0.052000000000000005
2456580.5315099997	18.12	0.067
2456581.52393	18.305	0.047
2456582.50101	18.261	0.046
2456583.5011299998	18.430999999999997	0.065
2456584.48906	18.483	0.091
2456585.49434	18.616	0.075
2456586.49668	18.365	0.067
2456594.5079200002	18.335	0.064
2456695.8627400002	18.371	0.04
2456696.85578	18.289	0.031
2456697.85359	18.357	0.037000000000000005
2456698.8676	18.417	0.05
2456700.8729	18.428	0.038
2456702.89139	18.264	0.05
2456705.8645900004	18.36	0.052000000000000005
2456707.86213	18.292	0.047
2456708.8851400004	18.346	0.038
2456710.83068	18.314	0.037000000000000005
2456715.83542	18.391	0.032
2456716.82927	18.333	0.032
2456717.8316200003	18.394000000000002	0.046
2456718.84943	18.402	0.049
2456719.8471	18.469	0.040999999999999995
2456720.8229400003	18.357	0.032
2456721.80638	18.342	0.049
2456721.8950799997	18.304000000000002	0.032
2456722.89183	18.307000000000002	0.028999999999999998
2456723.8725900003	18.430999999999997	0.034
2456724.85059	18.402	0.043
2456725.8251099996	18.392	0.037000000000000005
2456726.78967	18.325	0.035
2456726.88675	18.343	0.035
2456727.8574099997	18.363	0.027999999999999997
2456728.8255	18.317999999999998	0.028999999999999998
2456729.78237	18.334	0.035
2456729.87828	18.382	0.028999999999999998
2456730.83068	18.349	0.046
2456731.87781	18.369	0.043
2456732.83893	18.364	0.046
2456733.77527	18.309	0.044000000000000004
2456733.86966	18.368	0.038
2456734.80607	18.326	0.035
2456734.90015	18.340999999999998	0.034
2456735.84948	18.249000000000002	0.037000000000000005
2456736.7791	18.434	0.061
2456736.88241	18.425	0.043
2456737.83596	18.359	0.031
2456737.91356	18.326	0.040999999999999995
2456741.8382599996	18.348	0.034
2456741.8809700003	18.393	0.044000000000000004
2456742.8291	18.361	0.028999999999999998
2456742.91542	18.339000000000002	0.031
2456744.83798	18.384	0.035
2456745.7327	18.326	0.04
2456745.7717	18.432000000000002	0.038
2456745.83304	18.355999999999998	0.034
2456745.92055	18.236	0.038
2456746.82645	18.314	0.032
2456747.8483599997	18.308	0.031
2456748.83282	18.372	0.031
2456749.83104	18.385	0.031
2456750.8541599996	18.352999999999998	0.028999999999999998
2456751.8739099996	18.305	0.026000000000000002
2456752.84588	18.382	0.031
2456754.8344900003	18.404	0.044000000000000004
2456755.86774	18.335	0.032
2456756.70357	18.368	0.035
2456757.7729	18.413	0.035
2456758.77391	18.391	0.035
2456759.6979900002	18.329	0.044000000000000004
2456760.69913	18.333	0.037000000000000005
2456760.88542	18.355	0.028999999999999998
2456761.81845	18.352999999999998	0.032
2456762.7681299997	18.323	0.031
2456763.7396299997	18.328	0.037000000000000005
2456763.92975	18.387999999999998	0.055999999999999994
2456764.8482	18.405	0.034
2456765.7824	18.322	0.032
2456768.7442799998	18.284000000000002	0.046
2456768.9303	18.349	0.038
2456769.8277	18.393	0.035
2456770.72828	18.38	0.034
2456770.89193	18.375999999999998	0.032
2456771.8563200003	18.27	0.032
2456772.77068	18.373	0.032
2456773.6852700002	18.407	0.053
2456773.87598	18.415	0.035
2456774.77897	18.465	0.052000000000000005
2456775.7601900003	18.331	0.027999999999999997
2456776.66273	18.333	0.035
2456776.87493	18.434	0.038
2456777.86161	18.327	0.034
2456784.76026	18.354	0.037000000000000005
2456784.86603	18.328	0.04
2456784.9371599997	18.317999999999998	0.071
2456785.73338	18.278	0.028999999999999998
2456785.89735	18.320999999999998	0.034
2456785.93173	18.338	0.043
2456786.75196	18.36	0.032
2456786.89844	18.391	0.04
2456788.84326	18.375999999999998	0.04
2456789.71053	18.359	0.04
2456789.89422	18.325	0.04
2456790.74077	18.319000000000003	0.04
2456790.9221799998	18.29	0.044000000000000004
2456791.75365	18.401	0.047
2456791.92478	18.255	0.044000000000000004
2456792.75526	18.373	0.049
2456792.90334	18.302	0.047
2456796.69998	18.271	0.04
2456796.87054	18.335	0.04
2456797.73653	18.307000000000002	0.049
2456797.89807	18.346	0.053
2456798.91862	18.271	0.059000000000000004
2456803.67778	18.292	0.035
2456803.85459	18.298	0.035
2456804.61856	18.393	0.037000000000000005
2456804.80967	18.351	0.037000000000000005
2456805.60701	18.35	0.043
2456805.8006	18.366	0.037000000000000005
2456806.8709400003	18.405	0.047
2456807.75096	18.387	0.055999999999999994
2456807.9144	18.302	0.047
2456808.70774	18.336	0.037000000000000005
2456808.8955	18.354	0.037000000000000005
2456809.6817	18.344	0.027999999999999997
2456809.88902	18.349	0.040999999999999995
2456810.67953	18.327	0.035
2456810.87573	18.345	0.04
2456811.6445	18.297	0.037000000000000005
2456811.84168	18.292	0.044000000000000004
2456813.7060599998	18.367	0.038
2456813.9034700003	18.35	0.040999999999999995
2456814.75409	18.354	0.031
2456814.91968	18.362000000000002	0.052000000000000005
2456815.70914	18.345	0.043
2456815.92087	18.364	0.044000000000000004
2456816.77098	18.369	0.040999999999999995
2456817.62107	18.328	0.038
2456817.7963400004	18.282	0.05
2456818.55919	18.288	0.065
2456819.61934	18.316	0.047
2456819.77367	18.45	0.061
2456823.7864900003	18.273	0.038
2456824.56595	18.269000000000002	0.055
2456824.76876	18.359	0.038
2456825.5498	18.359	0.038
2456825.73618	18.36	0.04
2456825.90175	18.409000000000002	0.05
2456826.66408	18.347	0.035
2456826.87377	18.349	0.044000000000000004
2456827.65087	18.364	0.035
2456827.86031	18.312	0.04
2456828.62404	18.261	0.027999999999999997
2456828.8325900002	18.371	0.037000000000000005
2456829.57702	18.373	0.053
2456829.76178	18.327	0.038
2456830.55198	18.392	0.049
2456830.74108	18.355	0.031
2456831.63166	18.381	0.031
2456831.82482	18.346	0.038
2456832.6197900004	18.412	0.04
2456832.80926	18.26	0.040999999999999995
2456833.63817	18.384	0.040999999999999995
2456833.82516	18.34	0.053
2456834.60209	18.38	0.046
2456834.78579	18.39	0.059000000000000004
2456835.61005	18.374000000000002	0.04
2456835.79335	18.37	0.047
2456836.59085	18.406	0.05
2456836.7679	18.397000000000002	0.05
2456837.55372	18.31	0.032
2456837.7346200002	18.34	0.037000000000000005
2456838.5055400003	18.403	0.05
2456838.68217	18.338	0.049
2456838.8489599996	18.317	0.052000000000000005
2456839.6382400002	18.364	0.040999999999999995
2456839.82282	18.288	0.046
2456840.64604	18.352	0.044000000000000004
2456841.52545	18.375999999999998	0.04
2456841.7192	18.402	0.040999999999999995
2456842.52138	18.381	0.057999999999999996
2456842.70286	18.37	0.034
2456844.4911599997	18.340999999999998	0.052000000000000005
2456844.6667400002	18.357	0.035
2456844.83788	18.327	0.040999999999999995
2456845.58262	18.389	0.037000000000000005
2456845.76308	18.366	0.034
2456847.53542	18.366	0.043
2456847.67919	18.320999999999998	0.059000000000000004
2456847.81624	18.335	0.049
2456851.5687	18.334	0.046
2456851.74166	18.382	0.055
2456852.55687	18.34	0.052000000000000005
2456852.76895	18.31	0.071
2456855.53563	18.3	0.038
2456855.72088	18.305	0.034
2456856.51765	18.345	0.038
2456856.70143	18.355	0.034
2456857.5156	18.395	0.037000000000000005
2456857.70221	18.323	0.028999999999999998
2456858.53109	18.372	0.034
2456858.7159700003	18.351	0.035
2456859.67391	18.374000000000002	0.04
2456862.63015	18.401	0.044000000000000004
2456863.47262	18.334	0.043
2456863.66271	18.355999999999998	0.034
2456864.50448	18.344	0.04
2456864.69062	18.308	0.032
2456870.60824	18.344	0.035
2456871.6095	18.366	0.040999999999999995
2456872.69075	18.406	0.043
2456879.57993	18.358	0.068
2456880.54313	18.365	0.062
2456880.737	18.405	0.07
2456881.6957400003	18.224	0.044000000000000004
2456882.6112599997	18.398	0.037000000000000005
2456883.52511	18.43	0.043
2456885.49115	18.299	0.04
2456885.6855099997	18.42	0.043
2456886.6079599997	18.34	0.034
2456887.51744	18.364	0.037000000000000005
2456887.70422	18.351	0.037000000000000005
2456888.6406099997	18.325	0.035
2456889.59204	18.354	0.032
2456890.52975	18.314	0.04
2456890.69685	18.307000000000002	0.04
2456891.64507	18.339000000000002	0.04
2456895.60005	18.368	0.034
2456896.56813	18.336	0.043
2456900.5258	18.39	0.032
2456907.58818	18.334	0.043
2456908.5562400003	18.289	0.040999999999999995
2456909.6140400004	18.305999999999997	0.057999999999999996
2456912.6288900003	18.317999999999998	0.046
2456915.62992	18.375999999999998	0.049
2456919.50265	18.436	0.064
2456922.49833	18.435	0.055
2456923.5186799997	18.404	0.059000000000000004
2456924.55858	18.361	0.044000000000000004
2456925.6008900004	18.482	0.053
2456927.51223	18.335	0.064
2456928.54729	18.427	0.053
2456929.6074200002	18.297	0.055999999999999994
2456931.48092	18.288	0.076
2456931.50256	18.314	0.04
2456932.54479	18.417	0.079
2456936.56533	18.4	0.057999999999999996
2456937.56258	18.319000000000003	0.05
2456938.5617299997	18.344	0.061
2456940.52225	18.272000000000002	0.05
2456942.48918	18.358	0.05
2456943.48888	18.287	0.075
2456944.52888	18.367	0.044000000000000004
2456947.53165	18.391	0.052000000000000005
2456951.49522	18.26	0.047
2456953.51331	18.309	0.052000000000000005
2456955.52669	18.308	0.040999999999999995
2457064.8615200003	18.205	0.044000000000000004
2457066.87319	18.291	0.05
2457069.89566	18.317999999999998	0.065
2457071.84509	18.346	0.037000000000000005
2457072.85294	18.255	0.04
2457074.88176	18.317999999999998	0.046
2457075.85786	18.302	0.038
2457076.8593200003	18.288	0.032
2457077.85704	18.265	0.046
2457078.84772	18.267	0.037000000000000005
2457079.8196799997	18.319000000000003	0.049
2457080.88281	18.339000000000002	0.04
2457082.8371200003	18.219	0.032
2457083.80792	18.195	0.040999999999999995
2457083.89928	18.291	0.043
2457084.8793599997	18.245	0.028999999999999998
2457085.85215	18.233	0.035
2457086.83122	18.254	0.04
2457087.79373	18.215999999999998	0.047
2457087.88722	18.293	0.04
2457088.85854	18.29	0.035
2457089.82308	18.2	0.038
2457090.7853599996	18.25	0.05
2457090.87958	18.281	0.038
2457091.83304	18.261	0.038
2457092.78032	18.227	0.04
2457092.86626	18.239	0.035
2457093.87398	18.262	0.035
2457093.88395	18.273	0.031
2457093.90615	18.213	0.046
2457097.84575	18.243	0.026000000000000002
2457098.7787099998	18.281	0.035
2457098.8938700003	18.277	0.028999999999999998
2457099.83543	18.264	0.031
2457100.76223	18.194000000000003	0.04
2457100.87511	18.247	0.032
2457101.84592	18.283	0.052000000000000005
2457102.83298	18.273	0.040999999999999995
2457108.8086	18.264	0.052000000000000005
2457109.74243	18.241	0.035
2457109.8596900003	18.214000000000002	0.032
2457110.77048	18.217	0.027999999999999997
2457110.88105	18.241	0.028999999999999998
2457111.7913900004	18.204	0.028999999999999998
2457111.90357	18.244	0.031
2457112.79911	18.291	0.038
2457112.91095	18.252	0.032
2457113.88225	18.195	0.027999999999999997
2457114.8796599996	18.242	0.032
2457115.8222	18.201	0.032
2457116.80163	18.203	0.038
2457117.7834900003	18.232	0.032
2457118.83367	18.272000000000002	0.037000000000000005
2457119.83252	18.243	0.038
2457120.7768099997	18.208	0.037000000000000005
2457125.70506	18.197	0.038
2457125.89265	18.225	0.034
2457126.84744	18.2	0.028999999999999998
2457129.78081	18.199	0.028999999999999998
2457130.71774	18.172	0.032
2457130.90041	18.208	0.037000000000000005
2457131.81947	18.215	0.026000000000000002
2457132.74197	18.235	0.035
2457133.8719599997	18.208	0.034
2457134.7557900003	18.188	0.034
2457135.68355	18.187	0.032
2457135.86978	18.176	0.026000000000000002
2457136.7632299997	18.239	0.032
2457137.6699200002	18.21	0.031
2457137.85459	18.156	0.028999999999999998
2457138.72874	18.213	0.031
2457138.91507	18.159000000000002	0.031
2457139.84585	18.183	0.037000000000000005
2457140.72742	18.128	0.035
2457140.90869	18.234	0.034
2457141.7916900003	18.180999999999997	0.025
2457142.68291	18.172	0.027999999999999997
2457142.8695099996	18.204	0.031
2457143.74042	18.153	0.035
2457143.93468	18.232	0.053
2457144.82557	18.123	0.055999999999999994
2457145.8288	18.160999999999998	0.037000000000000005
2457146.67927	18.177	0.043
2457146.81725	18.176	0.035
2457147.6603	18.175	0.052000000000000005
2457147.79826	18.204	0.040999999999999995
2457152.7873299997	18.147000000000002	0.032
2457153.62751	18.125999999999998	0.037000000000000005
2457153.79011	18.165	0.026000000000000002
2457154.66692	18.182000000000002	0.026000000000000002
2457154.86162	18.157	0.028999999999999998
2457155.69802	18.164	0.032
2457155.8847	18.18	0.032
2457156.709	18.201	0.027999999999999997
2457157.6962	18.119	0.026000000000000002
2457157.93214	18.137	0.035
2457158.79669	18.15	0.031
2457159.62481	18.143	0.028999999999999998
2457159.80858	18.18	0.031
2457160.6463900004	18.213	0.038
2457160.83143	18.194000000000003	0.031
2457161.67422	18.157	0.028999999999999998
2457161.85814	18.158	0.026000000000000002
2457162.67723	18.178	0.028999999999999998
2457162.86056	18.144000000000002	0.032
2457163.68639	18.148	0.035
2457163.86934	18.212	0.040999999999999995
2457164.7756	18.127	0.028999999999999998
2457166.63196	18.142	0.040999999999999995
2457166.8162599998	18.15	0.034
2457168.7941799997	18.165	0.032
2457169.72244	18.14	0.026000000000000002
2457169.91626	18.174	0.035
2457170.70925	18.132	0.031
2457170.89786	18.175	0.037000000000000005
2457172.71173	18.116	0.031
2457172.90213	18.114	0.037000000000000005
2457173.68837	18.153	0.043
2457173.88382	18.182000000000002	0.04
2457174.65293	18.178	0.037000000000000005
2457174.82492	18.146	0.04
2457175.60515	18.237000000000002	0.05
2457175.83403	18.133	0.044000000000000004
2457178.64703	18.163	0.035
2457179.65058	18.115	0.043
2457179.82059	18.059	0.04
2457180.60304	18.099	0.04
2457180.77415	18.149	0.034
2457180.93682	18.086	0.046
2457181.7267	18.102999999999998	0.035
2457181.89599	18.12	0.04
2457182.6592900003	18.066	0.026000000000000002
2457182.8550299997	18.146	0.031
2457183.6128700003	18.15	0.034
2457183.79679	18.089000000000002	0.031
2457184.6052900003	18.099	0.035
2457184.7886	18.133	0.034
2457185.56984	18.114	0.034
2457185.75192	18.092	0.035
2457186.60335	18.072	0.035
2457186.87432	18.053	0.035
2457187.66461	18.070999999999998	0.026000000000000002
2457187.84424	18.111	0.031
2457188.62509	18.145	0.031
2457188.81479	18.13	0.04
2457189.68028	18.096	0.031
2457189.8515	18.089000000000002	0.035
2457190.64354	18.086	0.028999999999999998
2457190.8402400003	18.034000000000002	0.032
2457191.66916	18.082	0.026000000000000002
2457193.58295	18.087	0.026000000000000002
2457193.61919	18.112000000000002	0.026000000000000002
2457193.6450900002	18.105999999999998	0.025
2457193.663	18.1	0.023
2457193.70395	18.090999999999998	0.023
2457193.75038	18.083	0.025
2457194.65661	18.107	0.026000000000000002
2457196.88382	18.160999999999998	0.046
2457197.68848	18.070999999999998	0.026000000000000002
2457197.86535	18.064	0.04
2457198.66711	18.090999999999998	0.028999999999999998
2457198.85241	18.144000000000002	0.038
2457199.61746	18.102	0.031
2457199.80006	18.075	0.027999999999999997
2457200.7361	18.085	0.027999999999999997
2457202.7116799997	18.055	0.047
2457206.5308	18.014	0.049
2457206.7071700003	18.074	0.046
2457207.5114700003	18.054000000000002	0.044000000000000004
2457207.6786700003	18.04	0.037000000000000005
2457207.8670099997	18.214000000000002	0.062
2457209.7711099996	18.042	0.035
2457211.54895	18.081	0.032
2457211.73196	18.017	0.026000000000000002
2457214.49853	18.069000000000003	0.040999999999999995
2457214.50115	18.189	0.049
2457214.68748	18.078	0.031
2457217.63854	18.088	0.035
2457219.5655400003	18.000999999999998	0.035
2457220.6545700002	18.065	0.025
2457220.81874	18.11	0.038
2457221.63037	18.028	0.025
2457221.80069	18.027	0.027999999999999997
2457222.59268	18.049	0.028999999999999998
2457222.80761	18.049	0.032
2457223.6570099997	18.02	0.031
2457224.49812	18.04	0.032
2457224.70333	18.022000000000002	0.031
2457225.52852	18.016	0.028999999999999998
2457226.54573	18.055	0.035
2457226.73035	18.012999999999998	0.027999999999999997
2457227.51393	18.012	0.038
2457227.69801	18.003	0.027999999999999997
2457228.51661	18.027	0.035
2457228.71086	18.058	0.032
2457229.54388	17.968	0.026000000000000002
2457229.70853	18.061	0.027999999999999997
2457234.6446700003	18.06	0.067
2457235.73395	18.052	0.04
2457236.59326	17.975	0.035
2457249.58733	17.977999999999998	0.028999999999999998
2457249.7305099997	17.993	0.038
2457252.5852	17.98	0.028999999999999998
2457253.5309200003	17.951	0.025
2457255.4929299997	18.018	0.037000000000000005
2457256.49673	17.962	0.034
2457257.55529	17.976	0.035
2457258.5371	18.05	0.05
2457261.543	17.983	0.04
2457263.4994200002	17.951	0.032
2457263.66493	17.927	0.031
2457264.612	17.902	0.032
2457265.5761	17.998	0.028999999999999998
2457267.5227099997	17.947	0.031
2457268.5221700002	17.957	0.023
2457269.50404	17.934	0.026000000000000002
2457269.69246	17.969	0.034
2457270.65747	17.965999999999998	0.027999999999999997
2457271.59383	17.964000000000002	0.031
2457273.56685	17.945	0.038
2457275.58023	17.878	0.046
2457277.5444799997	17.928	0.032
2457278.5276599997	18.006	0.044000000000000004
2457281.54055	17.918	0.035
2457284.58798	17.847	0.025
2457292.5071099997	17.844	0.043
2457293.48983	17.79	0.037000000000000005
2457293.6053299997	17.901	0.026000000000000002
2457294.5984900002	17.867	0.043
2457295.58241	17.843	0.031
2457299.49905	17.864	0.032
2457300.48805	17.865	0.04
2457307.5547	17.814	0.031
2457311.55085	17.801	0.031
2457313.52057	17.725	0.040999999999999995
2457318.52605	17.713	0.028999999999999998
2457435.83655	18.083	0.040999999999999995
2457437.89437	18.067999999999998	0.034
2457439.83317	18.101	0.043
2457440.86454	18.038	0.035
2457441.89201	18.088	0.032
2457444.8832900003	18.123	0.031
2457445.88978	18.075	0.028999999999999998
2457446.90195	18.146	0.04
2457447.9	18.158	0.043
2457449.82729	18.077	0.05
2457451.80927	18.105	0.032
2457452.87793	18.090999999999998	0.023
2457453.8834700002	18.147000000000002	0.026000000000000002
2457455.8350400003	18.156	0.032
2457456.8414	18.125	0.032
2457457.8372400003	18.157	0.035
2457458.83172	18.119	0.032
2457460.83238	18.123	0.028999999999999998
2457461.83134	18.154	0.026000000000000002
2457462.81827	18.179000000000002	0.031
2457463.84568	18.15	0.031
2457463.86173	18.163	0.027999999999999997
2457465.78731	18.191	0.035
2457465.91658	18.164	0.035
2457467.8506400003	18.202	0.032
2457470.8067	18.157	0.034
2457471.7713900004	18.179000000000002	0.046
2457471.90285	18.142	0.035
2457472.84117	18.227999999999998	0.037000000000000005
2457473.86406	18.163	0.038
2457474.83682	18.162	0.035
2457475.76373	18.105	0.065
2457475.87096	18.176	0.043
2457484.8470400004	18.203	0.035
2457486.76999	18.188	0.037000000000000005
2457487.87811	18.215999999999998	0.037000000000000005
2457489.91143	18.225	0.035
2457492.7493	18.229	0.031
2457493.73685	18.22	0.032
2457494.7196	18.218	0.031
2457495.70357	18.229	0.04
2457495.9241299997	18.212	0.034
2457498.84509	18.22	0.043
2457499.8102700002	18.199	0.034
2457500.7513	18.199	0.046
2457507.7621	18.276	0.034
2457508.81062	18.225	0.026000000000000002
2457509.90752	18.287	0.040999999999999995
2457512.86233	18.257	0.028999999999999998
2457522.91383	18.227	0.05
2457526.8392	18.289	0.038
2457529.8963200003	18.294	0.08199999999999999
2457534.8261599997	18.29	0.034
2457536.82517	18.33	0.04
2457546.64672	18.25	0.040999999999999995
2457547.60248	18.31	0.043
2457548.72064	18.248	0.025
2457549.8556	18.299	0.04
2457550.83405	18.252	0.035
2457555.5709	18.317999999999998	0.044000000000000004
2457555.9042599997	18.298	0.04
2457557.76702	18.329	0.044000000000000004
2457557.87729	18.289	0.052000000000000005
2457561.67795	18.273	0.052000000000000005
2457566.53497	18.354	0.047
2457566.8558	18.317999999999998	0.064
2457567.79977	18.34	0.040999999999999995
2457568.7985	18.367	0.047
2457569.81726	18.344	0.046
2457575.6291	18.295	0.038
2457576.6496200003	18.285999999999998	0.027999999999999997
2457579.67506	18.319000000000003	0.032
2457584.56948	18.269000000000002	0.047
2457589.56155	18.354	0.062
2457590.57757	18.296	0.038
2457593.54984	18.313	0.031
2457596.50878	18.320999999999998	0.032
2457600.52482	18.319000000000003	0.047
2457602.6216700003	18.381	0.038
2457603.67224	18.36	0.032
2457604.67944	18.293	0.032
2457605.7204299998	18.230999999999998	0.035
2457607.6908	18.299	0.032
2457609.50899	18.352999999999998	0.047
2457610.66723	18.374000000000002	0.035
2457612.6422599996	18.267	0.078
2457616.7321099997	18.312	0.044000000000000004
2457618.6141	18.332	0.047
2457621.69069	18.421	0.055999999999999994
2457623.61801	18.320999999999998	0.034
2457625.5606	18.299	0.037000000000000005
2457630.58131	18.331	0.037000000000000005
2457632.58835	18.307000000000002	0.035
2457635.59901	18.262	0.049
2457638.51023	18.265	0.046
2457644.5447400003	18.334	0.057999999999999996
2457648.606	18.287	0.043
2457650.54646	18.351	0.038
2457651.57615	18.345	0.038
2457652.59805	18.328	0.035
2457654.54082	18.410999999999998	0.053
2457656.55605	18.271	0.038
2457659.48526	18.26	0.046
2457660.58293	18.399	0.055999999999999994
2457662.5430099997	18.399	0.05
2457665.49109	18.363	0.065
2457666.57002	18.324	0.044000000000000004
2457672.51817	18.283	0.052000000000000005
2457681.50075	18.364	0.052000000000000005
2457797.88944	18.391	0.055
2457799.88389	18.33	0.049
2457801.87603	18.379	0.053
2457803.85654	18.394000000000002	0.055
2457807.83044	18.362000000000002	0.04
2457808.82741	18.37	0.053
2457809.88964	18.332	0.037000000000000005
2457810.8862099997	18.365	0.038
2457812.84253	18.354	0.037000000000000005
2457813.83348	18.352	0.040999999999999995
2457815.83976	18.352	0.04
2457816.8314400003	18.35	0.043
2457817.828	18.351	0.037000000000000005
2457818.81422	18.323	0.035
2457818.90463	18.421	0.044000000000000004
2457819.89107	18.358	0.032
2457820.89378	18.402	0.035
2457821.89139	18.372	0.044000000000000004
2457822.8873	18.416	0.040999999999999995
2457823.87241	18.368	0.04
2457824.8684099996	18.379	0.055
2457825.86022	18.352	0.044000000000000004
2457826.81861	18.327	0.046
2457827.80636	18.309	0.043
2457827.89548	18.352	0.038
2457828.86448	18.369	0.04
2457829.8464900004	18.387	0.052000000000000005
2457830.85488	18.357	0.04
2457835.7670299998	18.344	0.040999999999999995
2457836.87788	18.375999999999998	0.046
2457838.76526	18.346	0.046
2457839.83099	18.345	0.028999999999999998
2457840.89168	18.396	0.035
2457842.76249	18.389	0.044000000000000004
2457843.7948	18.404	0.04
2457844.84639	18.331	0.046
2457845.88688	18.347	0.035
2457847.73503	18.378	0.040999999999999995
2457848.76397	18.365	0.04
2457849.79269	18.342	0.028999999999999998
2457850.82047	18.368	0.038
2457851.85413	18.342	0.037000000000000005
2457853.9098900002	18.416	0.055
2457854.91377	18.362000000000002	0.035
2457856.7379099997	18.348	0.059000000000000004
2457857.87177	18.315	0.09
2457858.81346	18.357	0.038
2457862.85586	18.427	0.044000000000000004
2457865.67035	18.381	0.037000000000000005
2457866.68114	18.415	0.038
2457867.6991	18.355	0.032
2457868.77231	18.383	0.040999999999999995
2457869.78659	18.392	0.034
2457870.83377	18.403	0.034
2457871.85362	18.368	0.032
2457872.88089	18.375	0.031
2457873.86117	18.317999999999998	0.032
2457874.83536	18.375	0.047
2457875.9191	18.387	0.040999999999999995
2457876.88657	18.441	0.040999999999999995
2457877.85919	18.355999999999998	0.037000000000000005
2457878.89866	18.377	0.032
2457880.65906	18.348	0.055
2457881.74123	18.428	0.08199999999999999
2457882.73946	18.374000000000002	0.044000000000000004
2457889.9232	18.289	0.062
2457893.65485	18.412	0.053
2457893.90853	18.407	0.046
2457894.79708	18.451	0.04
2457895.78472	18.375999999999998	0.037000000000000005
2457901.66147	18.469	0.05
2457902.6534700003	18.453	0.05
2457903.75942	18.364	0.044000000000000004
2457904.6496	18.399	0.040999999999999995
2457904.90259	18.406	0.055999999999999994
2457905.7766400003	18.398	0.032
2457906.65875	18.406	0.034
2457906.91433	18.324	0.043
2457907.82309	18.35	0.04
2457908.7730900003	18.405	0.040999999999999995
2457909.63809	18.349	0.044000000000000004
2457909.87885	18.303	0.04
2457910.67885	18.35	0.038
2457911.56188	18.339000000000002	0.071
2457911.89924	18.336	0.068
2457916.747	18.301	0.037000000000000005
2457917.5860099997	18.309	0.052000000000000005
2457917.82776	18.359	0.057999999999999996
2457923.55169	18.37	0.044000000000000004
2457923.81269	18.32	0.044000000000000004
2457924.6266799998	18.369	0.037000000000000005
2457924.87958	18.361	0.043
2457925.80388	18.355999999999998	0.040999999999999995
2457926.7381	18.433	0.049
2457932.82748	18.357	0.05
2457933.6888900003	18.361	0.038
2457934.61969	18.387	0.038
2457934.85351	18.367	0.052000000000000005
2457935.72342	18.344	0.032
2457936.60058	18.367	0.035
2457936.86368	18.409000000000002	0.053
2457937.69475	18.379	0.035
2457938.61412	18.442999999999998	0.061
2457944.53914	18.327	0.047
2457944.6515200003	18.372	0.052000000000000005
2457944.76236	18.334	0.05
2457945.55685	18.343	0.046
2457945.7953	18.331	0.046
2457946.66158	18.375999999999998	0.043
2457947.56376	18.384	0.038
2457948.47572	18.345	0.047
2457948.75412	18.352999999999998	0.037000000000000005
2457949.68371	18.262999999999998	0.05
2457952.82358	18.367	0.047
2457953.72631	18.367	0.031
2457954.64383	18.381	0.031
2457955.81099	18.357	0.04
2457956.7455599997	18.363	0.037000000000000005
2457958.59959	18.438	0.047
2457959.4846099997	18.329	0.037000000000000005
2457959.7250599996	18.387	0.035
2457960.63263	18.387	0.034
2457961.61867	18.291	0.031
2457962.57172	18.359	0.031
2457964.63785	18.404	0.040999999999999995
2457965.71335	18.245	0.043
2457966.7066099998	18.423	0.049
2457967.7269200003	18.305999999999997	0.052000000000000005
2457971.64616	18.326	0.043
2457972.5816200003	18.326	0.057999999999999996
2457972.6998099997	18.405	0.057999999999999996
2457973.67609	18.294	0.052000000000000005
2457974.65699	18.373	0.049
2457979.5545	18.343	0.032
2457980.62106	18.365	0.05
2457982.4706099997	18.343	0.08199999999999999
2457983.54344	18.406	0.044000000000000004
2457984.60121	18.323	0.038
2457986.50425	18.363	0.034
2457987.58929	18.375	0.034
2457990.65055	18.405	0.043
2457992.52355	18.4	0.038
2457993.5858400003	18.339000000000002	0.038
2457994.6469	18.384	0.05
2457998.5744	18.338	0.040999999999999995
2458000.49918	18.346	0.049
2458000.61029	18.485	0.071
2458001.61614	18.42	0.044000000000000004
2458004.49081	18.415	0.052000000000000005
2458007.60241	18.351	0.046
2458012.47727	18.38	0.07
2458014.5175400004	18.362000000000002	0.04
2458016.53904	18.394000000000002	0.043
2458019.5233299998	18.415	0.035
2458029.52086	18.354	0.053
2458039.51139	18.406	0.059000000000000004
2458046.51211	18.375	0.065
