2455377.70797	18.521	0.042
2455379.74897	18.621	0.042
2455381.8418400004	18.565	0.064
2455387.70638	18.585	0.032
2455390.75244	18.6	0.039
2455404.5379	18.602999999999998	0.052000000000000005
2455408.5254	18.64	0.057999999999999996
2455411.75911	18.587	0.052000000000000005
2455418.68855	18.535999999999998	0.045
2455430.6178	18.605999999999998	0.06
2455437.49113	18.612000000000002	0.042
2455445.5822400004	18.668	0.044000000000000004
2455450.6497	18.561	0.048
2455458.4826700003	18.538	0.069
2455459.59856	18.601	0.054000000000000006
2455461.55815	18.57	0.087
2455463.55055	18.537	0.052000000000000005
2455464.54055	18.590999999999998	0.049
2455469.61362	18.561	0.054000000000000006
2455472.57167	18.605999999999998	0.057999999999999996
2455478.51697	18.569000000000003	0.054000000000000006
2455487.5002599997	18.649	0.049
2455490.5104400003	18.602	0.096
2455611.88775	18.614	0.055
2455616.8713599998	18.572	0.048
2455620.89035	18.61	0.049
2455624.873	18.56	0.039
2455626.84399	18.57	0.052000000000000005
2455628.80355	18.572	0.049
2455630.8070400003	18.602999999999998	0.040999999999999995
2455631.90564	18.682000000000002	0.07
2455632.81091	18.624000000000002	0.051
2455634.78998	18.579	0.042
2455635.90545	18.617	0.049
2455637.82377	18.604	0.051
2455638.82987	18.617	0.045
2455640.7825	18.691	0.07
2455642.77573	18.583	0.057
2455644.75458	18.647000000000002	0.085
2455649.75897	18.588	0.040999999999999995
2455650.8837	18.554000000000002	0.040999999999999995
2455652.86997	18.575	0.036000000000000004
2455655.78608	18.635	0.049
2455657.80868	18.572	0.036000000000000004
2455658.9287	18.512	0.163
2455660.7807299998	18.595	0.042
2455662.90198	18.577	0.042
2455665.77232	18.601	0.045
2455668.8905	18.616	0.061
2455671.73537	18.532	0.049
2455676.83188	18.539	0.032
2455679.79443	18.552	0.044000000000000004
2455681.67831	18.65	0.049
2455682.8862900003	18.566	0.038
2455684.83702	18.611	0.044000000000000004
2455686.83782	18.569000000000003	0.042
2455689.7431799998	18.594	0.036000000000000004
2455691.7629400003	18.558	0.042
2455692.90048	18.578	0.047
2455694.66298	18.548	0.045
2455695.82975	18.569000000000003	0.039
2455696.90771	18.58	0.045
2455698.64868	18.500999999999998	0.069
2455703.87096	18.576	0.075
2455707.60626	18.573	0.049
2455708.68244	18.567999999999998	0.045
2455712.69907	18.592	0.039
2455714.87678	18.516	0.051
2455716.74766	18.561	0.040999999999999995
2455721.91596	18.677	0.076
2455723.74097	18.594	0.040999999999999995
2455725.58101	18.538	0.040999999999999995
2455725.5945	18.49	0.038
2455725.60794	18.599	0.040999999999999995
2455726.78883	18.566	0.087
2455734.7559599997	18.58	0.052000000000000005
2455736.58123	18.581	0.040999999999999995
2455737.66051	18.621	0.033
2455739.50755	18.541	0.055
2455740.55061	18.576	0.06
2455741.6214400004	18.552	0.038
2455742.64335	18.579	0.035
2455743.78314	18.514	0.048
2455744.82334	18.492	0.048
2455746.6002	18.601	0.040999999999999995
2455747.76723	18.58	0.051
2455749.78605	18.578	0.052000000000000005
2455753.7151099998	18.52	0.073
2455760.6631099996	18.522000000000002	0.054000000000000006
2455763.5652099997	18.577	0.038
2455764.6579	18.504	0.03
2455766.49882	18.573	0.038
2455767.65992	18.542	0.040999999999999995
2455768.7706400002	18.484	0.039
2455775.55748	18.641	0.057
2455777.69762	18.545	0.032
2455786.67505	18.572	0.06
2455788.62473	18.506	0.044000000000000004
2455791.51634	18.609	0.049
2455794.64751	18.581	0.044000000000000004
2455796.70994	18.607	0.075
2455804.53334	18.559	0.040999999999999995
2455806.6285200003	18.637999999999998	0.063
2455813.6047799997	18.61	0.047
2455816.62979	18.647000000000002	0.084
2455819.56963	18.543	0.047
2455827.4868900003	18.489	0.067
2455828.58972	18.621	0.051
2455830.56322	18.658	0.049
2455832.58679	18.675	0.066
2455835.53706	18.579	0.069
2455843.59112	18.701	0.102
2455846.49364	18.671	0.09
2455851.55884	18.532	0.052000000000000005
2455862.51035	18.572	0.06
2455972.8834	18.646	0.049
2455980.85605	18.609	0.063
2455985.82001	18.515	0.055
2455987.89952	18.590999999999998	0.042
2455990.85373	18.618	0.039
2455993.81471	18.519000000000002	0.057
2455995.82767	18.572	0.042
2455997.84945	18.611	0.047
2455999.85812	18.643	0.047
2456004.911	18.517	0.039
2456006.90672	18.55	0.035
2456008.83928	18.63	0.042
2456010.77093	18.576	0.044000000000000004
2456011.90105	18.607	0.055
2456013.82187	18.588	0.038
2456015.7502900003	18.500999999999998	0.038
2456016.83762	18.592	0.035
2456019.8601	18.581	0.03
2456020.9188599996	18.538	0.044000000000000004
2456022.75426	18.537	0.042
2456023.8161400002	18.557000000000002	0.040999999999999995
2456024.79905	18.598	0.051
2456025.88912	18.565	0.051
2456032.9075700003	18.53	0.032
2456034.92996	18.561	0.061
2456037.8856599997	18.551	0.039
2456039.92505	18.64	0.045
2456045.91205	18.524	0.045
2456046.9231	18.564	0.040999999999999995
2456048.86006	18.637999999999998	0.035
2456050.77259	18.624000000000002	0.040999999999999995
2456052.84661	18.599	0.047
2456054.89211	18.601	0.057999999999999996
2456060.79745	18.516	0.036000000000000004
2456061.68965	18.683	0.052000000000000005
2456062.83894	18.632	0.040999999999999995
2456064.84705	18.542	0.038
2456066.6916	18.545	0.038
2456067.7661599996	18.691	0.038
2456068.9169400004	18.577	0.040999999999999995
2456070.6682700003	18.602	0.044000000000000004
2456071.72233	18.505	0.03
2456075.80778	18.543	0.03
2456076.9349599998	18.607	0.055
2456078.79341	18.605	0.036000000000000004
2456079.86982	18.574	0.033
2456080.903	18.548	0.044000000000000004
2456081.94275	18.541	0.079
2456085.69829	18.646	0.081
2456086.69564	18.573	0.038
2456088.57743	18.613	0.040999999999999995
2456092.6390400003	18.642	0.055
2456093.83377	18.616	0.048
2456096.62283	18.581	0.044000000000000004
2456097.8303099996	18.605	0.049
2456100.83966	18.563	0.054000000000000006
2456101.86877	18.602999999999998	0.061
2456103.5000299998	18.561	0.067
2456104.58445	18.569000000000003	0.035
2456105.6291799997	18.599	0.038
2456108.71826	18.506	0.040999999999999995
2456113.67333	18.461	0.051
2456114.7732599997	18.574	0.047
2456116.49711	18.549	0.040999999999999995
2456117.56873	18.528	0.036000000000000004
2456118.62663	18.489	0.032
2456119.66374	18.614	0.036000000000000004
2456120.77514	18.564	0.049
2456123.5297	18.632	0.054000000000000006
2456124.65956	18.581	0.036000000000000004
2456125.7469099998	18.62	0.036000000000000004
2456127.5674	18.625	0.054000000000000006
2456131.66591	18.64	0.038
2456131.73435	18.447	0.035
2456133.74351	18.612000000000002	0.045
2456135.7452599998	18.507	0.042
2456140.71936	18.584	0.084
2456142.56672	18.605	0.067
2456148.69965	18.604	0.033
2456151.70511	18.586	0.049
2456154.68304	18.585	0.040999999999999995
2456158.69979	18.607	0.044000000000000004
2456161.49205	18.578	0.048
2456179.4866	18.588	0.052000000000000005
2456181.59196	18.587	0.038
2456184.59004	18.583	0.033
2456190.56357	18.574	0.040999999999999995
2456195.58862	18.623	0.048
2456197.5616	18.521	0.051
2456203.52227	18.598	0.055
2456205.56203	18.570999999999998	0.044000000000000004
2456210.5203299997	18.569000000000003	0.044000000000000004
2456217.52672	18.559	0.039
2456339.85321	18.570999999999998	0.039
2456344.85097	18.57	0.038
2456349.8396	18.559	0.052000000000000005
2456352.90025	18.572	0.057
2456361.8102	18.578	0.036000000000000004
2456363.84337	18.617	0.040999999999999995
2456369.7910700003	18.561	0.039
2456371.78537	18.561	0.033
2456372.77812	18.615	0.039
2456373.91017	18.567	0.042
2456375.8792	18.562	0.033
2456377.83373	18.582	0.033
2456379.7652	18.567	0.045
2456380.9032	18.47	0.039
2456382.8347099996	18.566	0.045
2456387.76306	18.619	0.033
2456388.86278	18.525	0.033
2456388.87905	18.637	0.040999999999999995
2456390.74922	18.558	0.036000000000000004
2456393.73018	18.705	0.051
2456395.74122	18.647000000000002	0.039
2456397.71369	18.553	0.033
2456398.90178	18.6	0.035
2456400.91681	18.579	0.038
2456402.8566900003	18.607	0.040999999999999995
2456404.79539	18.554000000000002	0.040999999999999995
2456407.72887	18.535	0.069
2456409.87393	18.589000000000002	0.066
2456416.8163400004	18.654	0.035
2456418.6779	18.575	0.049
2456419.82931	18.702	0.040999999999999995
2456421.79588	18.477999999999998	0.038
2456423.8190099997	18.562	0.038
2456426.63102	18.548	0.038
2456428.81555	18.595	0.042
2456433.67081	18.641	0.047
2456434.85714	18.623	0.047
2456436.607	18.533	0.055
2456442.65444	18.547	0.038
2456448.89375	18.604	0.051
2456450.55554	18.5	0.044000000000000004
2456451.61204	18.611	0.047
2456452.6707200003	18.547	0.028999999999999998
2456454.78345	18.613	0.033
2456456.64692	18.545	0.026000000000000002
2456459.57105	18.523	0.039
2456460.7606	18.59	0.039
2456462.64208	18.578	0.036000000000000004
2456463.78617	18.553	0.038
2456469.66524	18.557000000000002	0.044000000000000004
2456474.57009	18.567	0.047
2456475.65392	18.583	0.033
2456480.53522	18.528	0.052000000000000005
2456481.63056	18.598	0.042
2456485.50185	18.619	0.045
2456486.66139	18.486	0.033
2456487.7486099997	18.632	0.032
2456490.53983	18.533	0.042
2456491.7066900004	18.577	0.039
2456492.7962700003	18.723	0.08199999999999999
2456498.4878700003	18.64	0.036000000000000004
2456500.5287200003	18.47	0.049
2456508.76463	18.602999999999998	0.039
2456510.6589	18.559	0.032
2456516.69701	18.614	0.051
2456525.49357	18.622	0.057
2456533.57961	18.566	0.042
2456562.57958	18.535	0.036000000000000004
2456565.4975400004	18.567999999999998	0.048
2456571.5665700003	18.532	0.052000000000000005
2456579.49387	18.57	0.057
2456583.50646	18.512999999999998	0.073
2456698.88524	18.514	0.057
2456706.8489	18.531	0.047
2456710.86875	18.578	0.048
2456716.81652	18.608	0.039
2456718.90657	18.616	0.063
2456721.82423	18.566	0.051
2456723.85917	18.567	0.039
2456725.87837	18.517	0.040999999999999995
2456727.86297	18.641	0.03
2456729.85098	18.596	0.036000000000000004
2456731.9106400004	18.573	0.057999999999999996
2456733.87316	18.605	0.040999999999999995
2456735.80309	18.599	0.052000000000000005
2456736.9024099996	18.594	0.044000000000000004
2456743.89543	18.542	0.036000000000000004
2456747.88675	18.570999999999998	0.035
2456750.78124	18.628	0.044000000000000004
2456754.8756	18.653	0.039
2456754.9164	18.637999999999998	0.057
2456758.79235	18.779	0.057999999999999996
2456761.79294	18.55	0.039
2456764.79171	18.559	0.036000000000000004
2456769.75832	18.585	0.040999999999999995
2456771.89023	18.544	0.036000000000000004
2456774.7680200003	18.552	0.045
2456777.76736	18.535999999999998	0.033
2456789.87344	18.622	0.057
2456791.85202	18.544	0.048
2456796.799	18.594	0.049
2456799.89311	18.576	0.07
2456804.84186	18.511	0.039
2456807.70397	18.607	0.052000000000000005
2456809.57614	18.54	0.045
2456810.89405	18.615	0.048
2456813.87701	18.558	0.042
2456815.8614	18.551	0.045
2456817.8626900003	18.586	0.049
2456819.8519900003	18.654	0.07200000000000001
2456825.53668	18.599	0.048
2456826.79451	18.596	0.042
2456828.6417900003	18.639	0.033
2456829.88122	18.574	0.061
2456832.52687	18.639	0.051
2456833.84309	18.548	0.057
2456835.7524900003	18.542	0.044000000000000004
2456837.6291900002	18.517	0.040999999999999995
2456839.49027	18.468	0.057
2456840.7880700002	18.601	0.051
2456842.79563	18.652	0.054000000000000006
2456845.66924	18.665	0.040999999999999995
2456847.83183	18.615	0.063
2456853.5980599998	18.557000000000002	0.069
2456856.70465	18.625	0.038
2456858.66022	18.569000000000003	0.035
2456863.52073	18.547	0.036000000000000004
2456870.49849	18.539	0.047
2456874.63064	18.564	0.039
2456880.4953	18.465999999999998	0.076
2456882.72693	18.55	0.052000000000000005
2456886.65802	18.63	0.045
2456889.57816	18.566	0.035
2456895.5344700003	18.553	0.035
2456918.55116	18.644000000000002	0.057999999999999996
2456924.56172	18.607	0.051
2456929.5531	18.559	0.057999999999999996
2456937.50797	18.555999999999997	0.06
2456941.5088	18.552	0.073
2456948.52264	18.674	0.073
2457065.87015	18.639	0.057999999999999996
2457070.87231	18.552	0.035
2457072.8797	18.561	0.040999999999999995
2457076.8735599997	18.543	0.038
2457078.8492	18.614	0.047
2457080.86165	18.665	0.051
2457082.89067	18.629	0.038
2457085.85365	18.542	0.042
2457087.90373	18.572	0.052000000000000005
2457090.8054	18.622	0.057
2457092.82725	18.557000000000002	0.044000000000000004
2457097.87815	18.597	0.033
2457099.8979	18.574	0.039
2457102.78528	18.572	0.052000000000000005
2457110.75233	18.555	0.036000000000000004
2457111.8765	18.576	0.033
2457115.85443	18.581	0.036000000000000004
2457125.92505	18.538	0.044000000000000004
2457130.88873	18.577	0.042
2457134.70181	18.699	0.051
2457136.8097200003	18.619	0.039
2457138.91812	18.602	0.042
2457141.73561	18.574	0.033
2457143.80353	18.565	0.036000000000000004
2457144.6647900003	18.553	0.057999999999999996
2457146.79403	18.565	0.047
2457152.83738	18.567	0.045
2457154.85032	18.6	0.038
2457157.6349400003	18.525	0.036000000000000004
2457159.67154	18.577	0.038
2457161.6447	18.621	0.047
2457163.61515	18.577	0.06
2457166.63505	18.533	0.06
2457169.86144	18.612000000000002	0.039
2457172.79565	18.547	0.045
2457174.65605	18.607	0.052000000000000005
2457178.90144	18.577	0.064
2457179.6828400004	18.523	0.054000000000000006
2457180.89817	18.524	0.047
2457182.79671	18.656	0.047
2457184.65162	18.515	0.049
2457185.89241	18.576	0.07200000000000001
2457188.56475	18.595	0.051
2457189.89824	18.521	0.057
2457194.73618	18.597	0.039
2457198.7433599997	18.519000000000002	0.039
2457200.58792	18.583	0.039
2457202.73125	18.563	0.057999999999999996
2457207.6201400002	18.6	0.047
2457211.52376	18.602999999999998	0.055
2457217.54095	18.534000000000002	0.069
2457220.6724900003	18.577	0.032
2457222.58142	18.563	0.036000000000000004
2457224.59221	18.555	0.047
2457226.76216	18.488	0.042
2457228.71427	18.601	0.047
2457235.65424	18.532	0.054000000000000006
2457250.5786599996	18.517	0.040999999999999995
2457255.67217	18.441	0.039
2457263.60891	18.462	0.042
2457267.62745	18.382	0.033
2457270.6606900003	18.379	0.035
2457277.51829	18.375999999999998	0.039
2457293.59542	18.257	0.03
2457299.5218	18.185	0.038
2457311.51045	18.063	0.027000000000000003
2457424.88491	18.492	0.064
2457425.88117	18.535999999999998	0.06
2457427.87437	18.512	0.049
2457428.86936	18.539	0.039
2457429.86618	18.548	0.048
2457431.88935	18.558	0.040999999999999995
2457433.86363	18.612000000000002	0.047
2457434.8621	18.555999999999997	0.048
2457435.88528	18.467	0.048
2457438.87033	18.584	0.047
2457441.8568700003	18.564	0.052000000000000005
2457443.86571	18.494	0.055
2457444.84509	18.616	0.048
2457445.86861	18.486	0.038
2457447.88842	18.601	0.047
2457448.82997	18.617	0.045
2457448.89729	18.617	0.038
2457451.87956	18.598	0.057999999999999996
2457453.87033	18.559	0.03
2457456.82744	18.535	0.044000000000000004
2457458.8347099996	18.582	0.044000000000000004
2457461.83439	18.55	0.035
2457463.88002	18.587	0.036000000000000004
2457466.88094	18.625	0.044000000000000004
2457470.8398700003	18.68	0.052000000000000005
2457472.7694	18.607	0.057999999999999996
2457474.78944	18.602	0.047
2457475.82197	18.581	0.07
2457484.75914	18.652	0.061
2457485.88559	18.531	0.035
2457487.79372	18.557000000000002	0.040999999999999995
2457488.91605	18.631	0.039
2457491.9242	18.529	0.039
2457492.91437	18.545	0.036000000000000004
2457493.9015099998	18.572	0.033
2457494.8892	18.565	0.039
2457495.86713	18.544	0.045
2457498.76199	18.498	0.045
2457499.75451	18.512	0.047
2457500.6966	18.522000000000002	0.055
2457500.89794	18.719	0.069
2457508.73899	18.544	0.03
2457509.83363	18.631	0.040999999999999995
2457511.90712	18.587	0.038
2457522.8413400003	18.565	0.057
2457526.71385	18.583	0.051
2457529.7587	18.596	0.067
2457534.73072	18.521	0.045
2457536.74112	18.558	0.044000000000000004
2457547.85912	18.578	0.040999999999999995
2457549.76439	18.564	0.035
2457550.76221	18.598	0.042
2457554.69269	18.532	0.040999999999999995
2457555.81123	18.555999999999997	0.040999999999999995
2457557.77371	18.473	0.052000000000000005
2457561.58167	18.437	0.075
2457562.56403	18.605	0.061
2457566.77237	18.633	0.047
2457567.71589	18.598	0.039
2457568.71162	18.581	0.044000000000000004
2457569.73149	18.604	0.042
2457573.59796	18.611	0.042
2457576.61473	18.585	0.033
2457582.6645	18.6	0.054000000000000006
2457589.5896799997	18.634	0.064
2457591.49406	18.682000000000002	0.051
2457596.60345	18.532	0.032
2457601.7725299997	18.647000000000002	0.052000000000000005
2457603.71117	18.56	0.036000000000000004
2457605.64703	18.567	0.039
2457608.5685	18.629	0.033
2457610.65413	18.58	0.040999999999999995
2457616.56835	18.646	0.063
2457618.67398	18.595	0.069
2457623.5110400002	18.55	0.045
2457626.50179	18.601	0.047
2457632.57472	18.512999999999998	0.036000000000000004
2457637.51191	18.574	0.045
2457644.61055	18.676	0.091
2457651.57931	18.532	0.049
2457657.53262	18.607	0.051
2457660.5279200003	18.585	0.057
