2455377.81908	18.397000000000002	0.043
2455379.84998	18.48	0.071
2455382.61916	18.41	0.053
2455386.51024	18.451	0.040999999999999995
2455386.59234	18.465	0.039
2455386.67674	18.462	0.036000000000000004
2455387.81397	18.474	0.044000000000000004
2455391.50949	18.371	0.049
2455396.66876	18.404	0.037000000000000005
2455404.64447	18.451	0.046
2455408.63865	18.479	0.046
2455412.59774	18.465	0.052000000000000005
2455421.59997	18.465	0.04
2455431.5221700002	18.442	0.047
2455438.53077	18.477999999999998	0.05
2455446.52085	18.429000000000002	0.039
2455453.48577	18.395	0.07200000000000001
2455458.5084700002	18.471	0.057999999999999996
2455459.6245	18.379	0.046
2455461.58543	18.409000000000002	0.075
2455463.63696	18.5	0.062
2455464.60472	18.387999999999998	0.055999999999999994
2455468.5391700002	18.441	0.05
2455471.52203	18.408	0.040999999999999995
2455472.5704200002	18.384	0.044000000000000004
2455476.53522	18.46	0.05
2455480.49873	18.464000000000002	0.052000000000000005
2455486.5605	18.386	0.067
2455488.5477299998	18.436	0.062
2455491.50225	18.649	0.106
2455495.53405	18.371	0.044000000000000004
2455612.89486	18.465999999999998	0.064
2455616.8897	18.434	0.059000000000000004
2455620.9037	18.628	0.126
2455624.88635	18.465	0.036000000000000004
2455626.85737	18.42	0.049
2455628.81687	18.487000000000002	0.046
2455630.83101	18.352999999999998	0.037000000000000005
2455632.82425	18.468	0.040999999999999995
2455634.80329	18.462	0.040999999999999995
2455637.83853	18.451	0.064
2455638.8432	18.378	0.040999999999999995
2455639.89762	18.437	0.039
2455641.75949	18.437	0.053
2455643.77435	18.425	0.047
2455648.77759	18.516	0.047
2455649.9150400003	18.494	0.046
2455651.88337	18.436	0.036000000000000004
2455654.81868	18.421	0.039
2455656.7894	18.461	0.037000000000000005
2455658.7763099996	18.469	0.046
2455659.83262	18.399	0.039
2455662.74394	18.496	0.055
2455664.81691	18.454	0.040999999999999995
2455667.72382	18.485	0.040999999999999995
2455669.8175	18.457	0.040999999999999995
2455675.7754900004	18.437	0.040999999999999995
2455677.7368799997	18.458	0.039
2455679.92529	18.465	0.040999999999999995
2455681.8068	18.474	0.040999999999999995
2455683.77116	18.488	0.039
2455685.7703299997	18.448	0.033
2455687.67407	18.448	0.049
2455690.67057	18.410999999999998	0.039
2455691.88162	18.517	0.043
2455693.7102099997	18.485	0.039
2455694.81604	18.402	0.036000000000000004
2455695.94407	18.368	0.087
2455697.70105	18.465999999999998	0.046
2455698.77775	18.477999999999998	0.055999999999999994
2455705.8234599996	18.475	0.044000000000000004
2455707.73907	18.401	0.037000000000000005
2455708.82112	18.365	0.05
2455712.821	18.472	0.040999999999999995
2455715.70335	18.438	0.034
2455716.8705700003	18.464000000000002	0.043
2455722.71637	18.479	0.037000000000000005
2455723.8577099997	18.437	0.05
2455725.75483	18.416	0.039
2455734.8920400003	18.382	0.071
2455736.7105	18.38	0.027999999999999997
2455737.7944799997	18.394000000000002	0.033
2455739.61154	18.427	0.039
2455740.71515	18.385	0.036000000000000004
2455741.7622700003	18.444000000000003	0.031
2455742.77197	18.433	0.03
2455743.88412	18.44	0.062
2455745.56313	18.488	0.061
2455746.7445099996	18.543	0.044000000000000004
2455749.5049400004	18.415	0.071
2455752.64083	18.374000000000002	0.05
2455760.7913	18.387	0.040999999999999995
2455762.56732	18.359	0.044000000000000004
2455763.71312	18.39	0.039
2455765.48653	18.474	0.044000000000000004
2455766.62909	18.42	0.034
2455767.78441	18.538	0.059000000000000004
2455769.56883	18.438	0.044000000000000004
2455776.59245	18.462	0.052000000000000005
2455778.56447	18.39	0.05
2455785.59531	18.509	0.065
2455787.56561	18.405	0.039
2455788.74896	18.482	0.087
2455793.58666	18.406	0.039
2455795.61466	18.406	0.052000000000000005
2455801.5884	18.454	0.046
2455804.65007	18.372	0.043
2455807.66414	18.410999999999998	0.067
2455815.52213	18.471	0.04
2455817.60648	18.410999999999998	0.052000000000000005
2455820.50074	18.295	0.055999999999999994
2455822.4903700002	18.29	0.061
2455822.5046	18.371	0.055999999999999994
2455822.52049	18.457	0.05
2455822.535	18.432000000000002	0.049
2455822.54923	18.412	0.049
2455822.55741	18.5	0.053
2455822.56564	18.472	0.049
2455822.5800099997	18.500999999999998	0.049
2455822.59479	18.428	0.043
2455822.60886	18.349	0.040999999999999995
2455822.61857	18.393	0.044000000000000004
2455822.6234	18.451	0.049
2455822.63791	18.385	0.05
2455823.47986	18.496	0.09300000000000001
2455823.49711	18.432000000000002	0.065
2455823.51164	18.588	0.069
2455823.5260799997	18.453	0.057999999999999996
2455823.5405200003	18.442	0.059000000000000004
2455823.55501	18.383	0.05
2455823.56943	18.422	0.049
2455823.58399	18.475	0.047
2455823.59859	18.504	0.05
2455823.61309	18.352	0.052000000000000005
2455823.62594	18.453	0.064
2455824.48025	18.518	0.077
2455824.49361	18.46	0.052000000000000005
2455824.52102	18.449	0.039
2455824.52447	18.449	0.040999999999999995
2455824.54979	18.389	0.037000000000000005
2455824.5761599997	18.437	0.04
2455824.60311	18.409000000000002	0.040999999999999995
2455824.6272400003	18.421	0.05
2455825.4843	18.381	0.055999999999999994
2455825.55328	18.408	0.046
2455825.61196	18.382	0.047
2455826.51622	18.426	0.05
2455827.57068	18.539	0.061
2455827.6052099997	18.41	0.057999999999999996
2455828.51613	18.379	0.037000000000000005
2455829.49258	18.509	0.05
2455829.57411	18.444000000000003	0.039
2455830.49259	18.395	0.034
2455831.58408	18.512999999999998	0.047
2455832.57447	18.473	0.052000000000000005
2455833.54569	18.480999999999998	0.040999999999999995
2455833.5929400004	18.385	0.047
2455834.4959400003	18.453	0.037000000000000005
2455835.52569	18.480999999999998	0.065
2455836.49425	18.301	0.061
2455836.57738	18.413	0.057999999999999996
2455839.4956099996	18.538	0.086
2455840.6051	18.445999999999998	0.057999999999999996
2455842.57881	18.426	0.07200000000000001
2455844.58477	18.36	0.075
2455850.51935	18.362000000000002	0.040999999999999995
2455852.56512	18.363	0.065
2455858.51596	18.609	0.087
2455978.85717	18.383	0.039
2455983.83916	18.371	0.040999999999999995
2455986.8360099997	18.483	0.039
2455989.82169	18.395	0.04
2455991.86998	18.425	0.034
2455994.82267	18.465	0.043
2455996.84063	18.432000000000002	0.044000000000000004
2455998.8629900003	18.366	0.04
2456003.90551	18.498	0.053
2456005.90008	18.405	0.027999999999999997
2456007.86831	18.484	0.034
2456009.79369	18.421	0.034
2456010.90902	18.414	0.027999999999999997
2456012.8525400003	18.405	0.031
2456014.77362	18.387	0.033
2456015.87908	18.421	0.027999999999999997
2456017.7851299997	18.442999999999998	0.031
2456018.88114	18.484	0.031
2456020.7584599997	18.437	0.037000000000000005
2456021.81865	18.424	0.036000000000000004
2456022.90169	18.395	0.031
2456025.72968	18.428	0.057999999999999996
2456031.83709	18.507	0.04
2456033.78738	18.408	0.036000000000000004
2456036.74507	18.412	0.033
2456038.78008	18.435	0.033
2456040.87075	18.389	0.034
2456047.77534	18.404	0.031
2456049.73675	18.455	0.033
2456050.90062	18.385	0.034
2456053.66227	18.438	0.062
2456058.6804400003	18.541	0.052000000000000005
2456059.67263	18.399	0.039
2456061.82909	18.464000000000002	0.037000000000000005
2456063.7508799997	18.42	0.059000000000000004
2456065.63828	18.47	0.046
2456066.8341599996	18.399	0.036000000000000004
2456067.89437	18.449	0.037000000000000005
2456069.72229	18.409000000000002	0.03
2456070.80665	18.442	0.036000000000000004
2456071.86314	18.509	0.043
2456076.61669	18.37	0.037000000000000005
2456077.84868	18.48	0.031
2456078.91373	18.403	0.043
2456080.59877	18.434	0.055999999999999994
2456081.63228	18.447	0.046
2456082.7162599997	18.42	0.069
2456085.82761	18.495	0.055
2456086.84746	18.4	0.039
2456088.6916799997	18.464000000000002	0.031
2456092.8782900004	18.405	0.053
2456094.64475	18.465	0.040999999999999995
2456096.77818	18.392	0.039
2456098.58607	18.362000000000002	0.040999999999999995
2456100.51865	18.472	0.065
2456101.56622	18.435	0.046
2456102.62553	18.405	0.039
2456103.6372700003	18.47	0.036000000000000004
2456104.71018	18.404	0.027999999999999997
2456105.763	18.43	0.044000000000000004
2456108.8386	18.475	0.039
2456109.72147	18.401	0.067
2456113.78952	18.437	0.044000000000000004
2456115.4996700003	18.422	0.040999999999999995
2456116.62678	18.387	0.03
2456117.7092	18.439	0.037000000000000005
2456118.76165	18.368	0.034
2456119.76909	18.475	0.046
2456121.52975	18.379	0.04
2456123.66719	18.399	0.034
2456124.7809599997	18.441	0.044000000000000004
2456126.53189	18.377	0.037000000000000005
2456128.54538	18.387999999999998	0.033
2456132.64257	18.465	0.040999999999999995
2456134.5959799998	18.471	0.05
2456141.53595	18.430999999999997	0.052000000000000005
2456150.5049799997	18.453	0.052000000000000005
2456152.54049	18.467	0.040999999999999995
2456157.7223900002	18.406	0.059000000000000004
2456159.59429	18.419	0.043
2456161.63881	18.435	0.037000000000000005
2456179.6321400004	18.371	0.049
2456182.55173	18.372	0.034
2456191.55961	18.364	0.04
2456196.56012	18.394000000000002	0.05
2456204.54101	18.461	0.040999999999999995
2456211.52384	18.477999999999998	0.037000000000000005
2456218.55303	18.459	0.052000000000000005
2456234.51142	18.554000000000002	0.061
2456239.51796	18.340999999999998	0.064
2456341.8829	18.473	0.052000000000000005
2456347.8585900003	18.419	0.040999999999999995
2456350.90111	18.435	0.057999999999999996
2456354.8602299998	18.453	0.04
2456362.82234	18.435	0.037000000000000005
2456367.90065	18.437	0.03
2456370.78787	18.384	0.033
2456372.91217	18.468	0.044000000000000004
2456374.87825	18.517	0.039
2456376.83636	18.437	0.034
2456378.7812	18.486	0.040999999999999995
2456379.90117	18.482	0.037000000000000005
2456381.8645900004	18.441	0.03
2456386.7897099997	18.432000000000002	0.034
2456387.88522	18.405	0.039
2456389.81754	18.442999999999998	0.036000000000000004
2456390.89243	18.367	0.027999999999999997
2456393.87544	18.468	0.043
2456395.8785099997	18.491	0.03
2456397.85091	18.500999999999998	0.031
2456399.76475	18.485	0.036000000000000004
2456401.81036	18.413	0.033
2456403.72514	18.413	0.031
2456404.9258	18.471	0.040999999999999995
2456407.85486	18.497	0.040999999999999995
2456415.7780400002	18.428	0.04
2456417.6929599997	18.375999999999998	0.047
2456418.7905	18.401	0.033
2456420.6434400002	18.483	0.037000000000000005
2456422.69553	18.49	0.040999999999999995
2456423.93405	18.419	0.04
2456426.82982	18.488	0.031
2456428.94034	18.519000000000002	0.07200000000000001
2456432.71133	18.445	0.036000000000000004
2456433.82168	18.496	0.033
2456435.6626	18.364	0.044000000000000004
2456436.74284	18.408	0.040999999999999995
2456441.65809	18.434	0.084
2456442.79819	18.387	0.027999999999999997
2456444.93576	18.45	0.05
2456447.55689	18.439	0.040999999999999995
2456448.58649	18.464000000000002	0.044000000000000004
2456449.62671	18.398	0.037000000000000005
2456450.67632	18.397000000000002	0.027999999999999997
2456451.75654	18.454	0.034
2456452.86542	18.405	0.031
2456454.90595	18.426	0.039
2456456.79205	18.416	0.027999999999999997
2456458.64507	18.426	0.034
2456459.71877	18.442999999999998	0.027000000000000003
2456461.5865599997	18.385	0.033
2456462.862	18.385	0.043
2456464.56395	18.539	0.07200000000000001
2456468.63099	18.372	0.047
2456469.83268	18.434	0.053
2456473.6231299997	18.426	0.027000000000000003
2456474.7001400003	18.45	0.043
2456475.79069	18.408	0.034
2456476.84116	18.537	0.055999999999999994
2456478.60186	18.427	0.033
2456480.6817900003	18.408	0.034
2456481.81684	18.426	0.05
2456485.69277	18.418	0.03
2456486.8021299997	18.432000000000002	0.036000000000000004
2456490.68625	18.456	0.033
2456492.4734099996	18.553	0.075
2456496.58461	18.369	0.071
2456496.60152	18.609	0.08
2456498.62175	18.396	0.034
2456500.71364	18.38	0.044000000000000004
2456505.5536700003	18.438	0.037000000000000005
2456507.7122	18.455	0.055
2456509.64305	18.454	0.027999999999999997
2456511.54867	18.417	0.036000000000000004
2456515.51225	18.442999999999998	0.033
2456518.64989	18.432000000000002	0.033
2456523.6072400003	18.498	0.043
2456525.6464400003	18.305	0.057999999999999996
2456531.61774	18.430999999999997	0.036000000000000004
2456534.5872299997	18.453	0.04
2456539.54873	18.422	0.033
2456544.5882200003	18.399	0.039
2456551.56611	18.441	0.062
2456559.6222200003	18.448	0.049
2456563.57905	18.432000000000002	0.049
2456567.52417	18.454	0.052000000000000005
2456569.59631	18.436	0.040999999999999995
2456572.58845	18.465999999999998	0.049
2456577.51664	18.421	0.1
2456581.5666900002	18.529	0.062
2456584.55584	18.512	0.075
2456701.89211	18.442	0.049
2456709.84137	18.487000000000002	0.044000000000000004
2456711.84667	18.417	0.036000000000000004
2456714.8929	18.383	0.05
2456717.8718	18.28	0.040999999999999995
2456720.82611	18.45	0.036000000000000004
2456722.86418	18.359	0.04
2456724.88442	18.493	0.049
2456726.87727	18.295	0.036000000000000004
2456728.87847	18.444000000000003	0.031
2456730.8500099997	18.494	0.049
2456732.90362	18.423	0.040999999999999995
2456734.85902	18.435	0.039
2456736.78405	18.355999999999998	0.057999999999999996
2456737.8862900003	18.395	0.034
2456742.84495	18.449	0.033
2456746.84412	18.442	0.034
2456750.88641	18.371	0.027000000000000003
2456755.84557	18.427	0.033
2456759.74241	18.418	0.034
2456761.8853599997	18.422	0.033
2456764.88248	18.413	0.034
2456769.8456	18.394000000000002	0.033
2456772.70892	18.372	0.031
2456774.85622	18.427	0.039
2456777.88943	18.438	0.037000000000000005
2456790.6564	18.449	0.055
2456791.9424900003	18.4	0.081
2456796.8883700003	18.424	0.049
2456803.68079	18.395	0.036000000000000004
2456804.92593	18.344	0.052000000000000005
2456807.80113	18.45	0.046
2456809.68474	18.484	0.031
2456811.58853	18.46	0.059000000000000004
2456814.60617	18.375999999999998	0.047
2456816.5921	18.311	0.049
2456823.78965	18.394000000000002	0.046
2456825.6274	18.413	0.044000000000000004
2456826.9009	18.358	0.053
2456828.76661	18.449	0.034
2456830.6023	18.42	0.037000000000000005
2456832.62298	18.451	0.046
2456834.54732	18.366	0.049
2456835.84069	18.449	0.055999999999999994
2456837.73779	18.409000000000002	0.039
2456839.58235	18.37	0.044000000000000004
2456841.60013	18.422	0.039
2456844.52348	18.373	0.040999999999999995
2456845.76635	18.459	0.037000000000000005
2456851.55589	18.410999999999998	0.047
2456855.52091	18.435	0.052000000000000005
2456856.79265	18.43	0.049
2456858.7505799998	18.445999999999998	0.040999999999999995
2456863.6362799997	18.438	0.031
2456870.6118900003	18.453	0.039
2456880.64542	18.535999999999998	0.08
2456883.5600900003	18.416	0.034
2456887.48189	18.385	0.037000000000000005
2456889.67297	18.410999999999998	0.039
2456895.6357400003	18.429000000000002	0.037000000000000005
2456908.6090700002	18.347	0.055
2456919.49118	18.349	0.055999999999999994
2456925.52937	18.45	0.061
2456930.52428	18.342	0.067
2456930.53068	18.375	0.062
2456936.49232	18.468	0.049
2456939.53126	18.503	0.07200000000000001
2456944.5131900003	18.436	0.052000000000000005
2456950.54794	18.396	0.062
2456953.5454	18.48	0.065
2456956.52943	18.38	0.062
2457066.89005	18.453	0.081
2457071.86062	18.317999999999998	0.036000000000000004
2457074.8845	18.375	0.040999999999999995
2457075.86057	18.305	0.036000000000000004
2457077.84723	18.354	0.047
2457078.90094	18.375	0.044000000000000004
2457081.89744	18.408	0.05
2457083.84304	18.381	0.049
2457084.8511200002	18.428	0.055
2457087.8300099997	18.404	0.047
2457089.8258	18.36	0.047
2457091.85105	18.331	0.047
2457097.7911400003	18.31	0.031
2457099.79515	18.359	0.033
2457100.91183	18.379	0.039
2457108.8582900004	18.297	0.04
2457109.80783	18.339000000000002	0.036000000000000004
2457111.76301	18.305999999999997	0.033
2457112.89751	18.335	0.03
2457116.74017	18.363	0.049
2457119.84967	18.262999999999998	0.043
2457126.7856	18.250999999999998	0.027999999999999997
2457131.72182	18.262	0.033
2457134.78803	18.215999999999998	0.034
2457136.92025	18.272000000000002	0.034
2457139.75771	18.267	0.034
2457141.8440799997	18.199	0.024
2457143.92153	18.186	0.031
2457144.75768	18.185	0.037000000000000005
2457146.8730099997	18.273	0.039
2457152.92636	18.255	0.040999999999999995
2457154.93761	18.154	0.036000000000000004
2457157.74276	18.117	0.025
2457159.75996	18.122	0.027999999999999997
2457161.7603599997	18.131	0.025
2457163.7041700003	18.13	0.036000000000000004
2457166.7315700003	18.1	0.027999999999999997
2457169.94718	18.077	0.052000000000000005
2457172.89042	18.06	0.031
2457174.74537	17.977999999999998	0.027999999999999997
2457178.71042	18.087	0.052000000000000005
2457179.77502	18.009	0.034
2457181.60128	17.999000000000002	0.027000000000000003
2457182.88828	17.919	0.025
2457184.76253	17.935	0.027000000000000003
2457186.66427	17.893	0.03
2457188.6567700002	17.883	0.031
2457190.61524	17.898	0.025
2457191.62762	17.862000000000002	0.025
2457197.5465700002	17.755	0.031
2457198.8336	17.704	0.033
2457200.6781099997	17.684	0.018000000000000002
2457202.84061	17.664	0.036000000000000004
2457207.71226	17.531	0.022000000000000002
2457211.6093099997	17.407	0.017
2457217.64278	17.261	0.017
2457220.7606099998	17.127	0.012
2457222.71282	17.064	0.018000000000000002
2457224.72109	16.971	0.013999999999999999
2457227.47414	16.842	0.017
2457229.47535	16.707	0.012
2457235.7527900003	16.28	0.009000000000000001
2457252.5404	16.157	0.008
2457256.59908	16.475	0.013999999999999999
2457263.6973599996	16.874000000000002	0.021
2457268.52564	17.127	0.012
2457271.55402	17.232	0.017
2457277.628	17.415	0.021
2457292.59689	17.691	0.04
2457295.58585	17.820999999999998	0.03
2457300.51541	17.862000000000002	0.037000000000000005
2457317.53449	18.102	0.057999999999999996
2457324.51684	18.107	0.053
2457424.8769	18.412	0.04
2457425.87292	18.394000000000002	0.053
2457427.88184	18.364	0.061
2457428.87376	18.436	0.040999999999999995
2457429.85823	18.38	0.049
2457431.8579599997	18.362000000000002	0.04
2457432.87	18.410999999999998	0.040999999999999995
2457434.85704	18.397000000000002	0.059000000000000004
2457436.86637	18.406	0.05
2457439.84681	18.334	0.062
2457441.88366	18.558	0.052000000000000005
2457443.85452	18.342	0.055
2457444.83354	18.355999999999998	0.049
2457445.8955200003	18.395	0.04
2457448.8108	18.426	0.069
2457453.90089	18.391	0.039
2457454.85625	18.375	0.036000000000000004
2457456.85885	18.434	0.04
2457458.8875	18.402	0.036000000000000004
2457461.89626	18.37	0.03
2457464.82799	18.36	0.037000000000000005
2457467.80612	18.335	0.04
2457470.89194	18.430999999999997	0.040999999999999995
2457472.80006	18.408	0.049
2457474.8161400002	18.475	0.055
2457475.85708	18.462	0.061
2457476.79372	18.395	0.040999999999999995
2457484.9187	18.427	0.039
2457487.74829	18.455	0.046
2457491.7212	18.398	0.040999999999999995
2457493.7553	18.394000000000002	0.039
2457495.77866	18.410999999999998	0.039
2457499.74329	18.316	0.047
2457500.92906	18.463	0.061
2457508.9287799997	18.37	0.039
2457512.80138	18.486	0.03
2457523.92744	18.458	0.044000000000000004
2457529.7910599997	18.534000000000002	0.075
2457536.60224	18.421	0.047
2457545.91512	18.448	0.043
2457547.6751200003	18.389	0.033
2457549.7673400003	18.421	0.033
2457555.75734	18.434	0.034
2457557.90808	18.507	0.069
2457566.71617	18.432000000000002	0.04
2457567.81692	18.43	0.040999999999999995
2457569.6616599998	18.378	0.037000000000000005
2457573.72827	18.508	0.053
2457576.73	18.327	0.031
2457584.50715	18.342	0.055999999999999994
2457589.70415	18.479	0.059000000000000004
2457593.5164900003	18.384	0.037000000000000005
2457599.6296900003	18.414	0.037000000000000005
2457602.57597	18.413	0.04
2457604.50264	18.402	0.039
2457605.74735	18.418	0.046
2457608.70022	18.471	0.037000000000000005
2457611.57462	18.418	0.046
2457616.69943	18.484	0.071
2457621.4802099997	18.465999999999998	0.055999999999999994
2457623.6493599997	18.41	0.037000000000000005
2457626.65342	18.371	0.037000000000000005
2457633.57202	18.455	0.055999999999999994
2457637.6343900003	18.406	0.040999999999999995
2457647.5395400003	18.404	0.049
2457650.51195	18.529	0.039
2457651.52732	18.372	0.047
2457652.4860799997	18.435	0.034
2457652.51453	18.442999999999998	0.036000000000000004
2457653.5139	18.425	0.034
2457654.51888	18.430999999999997	0.055999999999999994
2457655.5219400004	18.343	0.039
2457656.52133	18.435	0.049
2457657.5675	18.421	0.040999999999999995
2457657.59595	18.442	0.040999999999999995
2457659.54728	18.405	0.055999999999999994
2457660.51565	18.557000000000002	0.057999999999999996
2457660.5588	18.391	0.055
2457661.51723	18.492	0.055999999999999994
2457662.51794	18.462	0.055999999999999994
2457664.51603	18.508	0.057999999999999996
2457665.53822	18.418	0.055999999999999994
2457666.51828	18.451	0.055
2457667.54756	18.529	0.052000000000000005
2457671.50457	18.477999999999998	0.062
2457672.5061	18.395	0.052000000000000005
2457673.52637	18.395	0.061
2457673.5476900004	18.465	0.071
2457675.51301	18.419	0.069
2457681.50561	18.305999999999997	0.055999999999999994
2457682.5082400003	18.504	0.055
2457683.50728	18.425	0.055
2457795.86829	18.38	0.086
2457796.87399	18.506	0.047
2457797.85662	18.441	0.064
2457799.87582	18.463	0.055999999999999994
2457801.8547400003	18.419	0.061
2457803.85003	18.461	0.061
2457809.8336	18.437	0.055999999999999994
2457815.83178	18.426	0.040999999999999995
2457817.88045	18.496	0.036000000000000004
2457819.8986299997	18.383	0.036000000000000004
2457822.81955	18.430999999999997	0.055999999999999994
2457824.84564	18.41	0.05
2457826.84087	18.428	0.05
2457828.82848	18.426	0.046
2457830.84845	18.524	0.05
2457834.79131	18.419	0.061
2457836.82059	18.426	0.046
2457838.8034099997	18.362000000000002	0.039
2457840.81615	18.410999999999998	0.039
2457842.78567	18.488	0.043
2457844.73683	18.395	0.04
2457845.87866	18.410999999999998	0.036000000000000004
2457847.8196400004	18.468	0.04
2457849.75372	18.393	0.037000000000000005
2457850.8856900004	18.410999999999998	0.033
2457852.89252	18.409000000000002	0.05
2457855.7365599996	18.456	0.05
2457856.85627	18.416	0.052000000000000005
2457863.81703	18.413	0.040999999999999995
2457864.79087	18.422	0.027999999999999997
2457865.9094	18.49	0.04
2457867.76975	18.47	0.033
2457869.71719	18.444000000000003	0.039
2457870.85784	18.473	0.034
2457872.74241	18.453	0.033
2457873.86865	18.403	0.033
2457874.93781	18.438	0.092
2457876.8629900003	18.461	0.037000000000000005
2457878.71649	18.493	0.036000000000000004
2457879.79182	18.448	0.067
2457881.79235	18.389	0.052000000000000005
2457882.9185900004	18.517	0.047
2457893.67771	18.434	0.044000000000000004
2457894.67708	18.414	0.039
2457895.79294	18.435	0.037000000000000005
2457901.82614	18.434	0.037000000000000005
2457902.9426599997	18.451	0.07200000000000001
2457904.7107700002	18.449	0.031
2457905.67069	18.434	0.033
2457906.63366	18.429000000000002	0.036000000000000004
2457907.6713099997	18.406	0.040999999999999995
2457908.73834	18.477	0.037000000000000005
2457909.66249	18.467	0.04
2457910.56907	18.453	0.064
2457911.8812599997	18.429000000000002	0.081
2457917.82022	18.35	0.071
2457923.72628	18.401	0.05
2457924.66353	18.484	0.04
2457925.70791	18.438	0.036000000000000004
2457926.76271	18.467	0.053
2457932.75922	18.472	0.043
2457933.73851	18.422	0.040999999999999995
2457934.75105	18.436	0.036000000000000004
2457935.76254	18.435	0.031
2457936.7689	18.417	0.036000000000000004
2457937.73474	18.422	0.037000000000000005
2457944.5409	18.468	0.053
2457944.83351	18.39	0.083
2457945.77195	18.433	0.039
2457946.73341	18.474	0.049
2457948.79344	18.505	0.047
2457952.72925	18.426	0.040999999999999995
2457953.7529700003	18.412	0.034
2457954.78991	18.483	0.040999999999999995
2457956.7538799997	18.419	0.04
2457958.68664	18.418	0.047
2457959.7173599997	18.437	0.039
2457960.76143	18.484	0.040999999999999995
2457962.51249	18.448	0.04
2457964.77587	18.471	0.055999999999999994
2457966.6682700003	18.455	0.052000000000000005
2457971.59685	18.41	0.052000000000000005
2457972.60938	18.479	0.059000000000000004
2457974.5016400004	18.516	0.049
2457979.47875	18.453	0.043
2457980.66155	18.476	0.052000000000000005
2457982.62415	18.498	0.046
2457984.57714	18.45	0.046
2457986.61732	18.471	0.037000000000000005
2457990.598	18.506	0.044000000000000004
2457992.56281	18.432000000000002	0.039
2457994.54385	18.415	0.052000000000000005
2458000.5013099997	18.462	0.055999999999999994
2458002.5174	18.213	0.099
2458005.5968400002	18.435	0.071
2458012.48682	18.484	0.043
2458015.4979	18.485	0.053
2458018.5663900003	18.497	0.055
2458026.5187	18.602999999999998	0.086
2458036.52635	18.425	0.059000000000000004
2458037.5684599997	18.452	0.069
2458041.51508	18.47	0.053
2458055.51675	18.430999999999997	0.059000000000000004
2458057.51588	18.524	0.092
