2455377.5943400003	18.995	0.08900000000000001
2455377.8300799998	19.042	0.095
2455378.76386	19.088	0.057
2455379.59142	19.14	0.057999999999999996
2455379.8634200003	19.211	0.16
2455380.75339	19.107	0.057999999999999996
2455381.60455	18.992	0.08
2455381.8275	19.156	0.149
2455382.69722	18.994	0.066
2455384.80469	19.070999999999998	0.154
2455386.6962	19.114	0.053
2455387.7044900004	19.093	0.052000000000000005
2455388.52252	19.159000000000002	0.075
2455389.48517	19.093	0.092
2455389.81341	19.088	0.079
2455390.7505099997	19.133	0.062
2455391.6200200003	19.057000000000002	0.057999999999999996
2455392.53596	19.121	0.069
2455393.64242	19.087	0.075
2455397.59576	19.137	0.10300000000000001
2455402.66575	18.979	0.115
2455403.57238	19.015	0.073
2455403.76907	18.955	0.122
2455404.64216	19.14	0.08
2455405.65856	19.129	0.091
2455407.5129299997	18.980999999999998	0.068
2455407.70722	19.139	0.092
2455408.6362900003	19.114	0.079
2455409.49825	19.038	0.054000000000000006
2455410.5027	19.065	0.062
2455411.51716	19.102	0.053
2455412.56867	19.090999999999998	0.091
2455413.50943	19.143	0.062
2455414.52763	19.085	0.05
2455421.5383900004	19.035999999999998	0.06
2455422.51965	19.053	0.066
2455423.6797	19.072	0.079
2455430.4775099996	19.026	0.107
2455431.47841	19.08	0.08800000000000001
2455431.67582	19.16	0.114
2455433.65171	19.176	0.125
2455434.65385	19.22	0.09300000000000001
2455435.65669	19.162	0.077
2455437.54569	19.081	0.055999999999999994
2455439.49275	19.185	0.111
2455443.52486	19.109	0.083
2455444.53563	19.198	0.092
2455445.6420299998	19.031	0.07200000000000001
2455446.64155	19.055	0.069
2455448.50949	19.144000000000002	0.075
2455449.61861	19.011	0.073
2455451.5059700003	19.505	0.21100000000000002
2455453.54709	19.133	0.157
2455458.55107	19.28	0.135
2455460.51683	19.262	0.114
2455461.6140799997	19.212	0.177
2455465.5429599998	18.952	0.087
2455470.59438	18.977999999999998	0.091
2455473.50794	19.076	0.084
2455479.53039	18.922	0.085
2455483.5306	19.117	0.175
2455488.49818	19.252	0.114
2455492.5240599997	18.957	0.152
2455595.86265	19.111	0.08800000000000001
2455596.8574099997	19.114	0.079
2455597.8538599997	19.072	0.066
2455598.84914	19.037	0.073
2455599.85143	19.093	0.068
2455600.84792	19.097	0.07
2455601.8517299998	19.111	0.08
2455604.85308	19.058	0.091
2455605.84918	19.149	0.076
2455606.8483700003	19.1	0.075
2455607.85232	19.122	0.084
2455608.83641	19.043	0.1
2455611.83817	19.133	0.122
2455612.84769	19.195999999999998	0.111
2455613.85552	19.24	0.131
2455615.8374400004	19.119	0.079
2455616.83387	19.237000000000002	0.139
2455621.82493	19.1	0.075
2455622.78045	19.258	0.084
2455624.76928	19.087	0.073
2455626.8281099997	19.042	0.079
2455628.7688	19.047	0.09300000000000001
2455629.76472	19.078	0.08
2455631.7908900003	19.169	0.11900000000000001
2455632.8587599997	19.084	0.06
2455633.75708	19.074	0.07200000000000001
2455634.90952	19.155	0.114
2455635.78753	19.182000000000002	0.096
2455637.76551	19.121	0.126
2455638.89789	19.114	0.065
2455641.89642	19.192999999999998	0.09699999999999999
2455643.8865900002	19.122	0.079
2455647.7447900004	19.041	0.073
2455648.90226	19.104	0.068
2455650.8384700003	19.027	0.054000000000000006
2455652.82732	19.048	0.05
2455655.74628	19.087	0.064
2455657.76901	19.016	0.045
2455658.8873099997	19.087	0.061
2455660.73272	19.127	0.07
2455662.85894	19.064	0.055999999999999994
2455665.72624	19.146	0.08
2455668.74244	19.107	0.077
2455670.84474	19.07	0.09300000000000001
2455676.72914	19.141	0.053
2455679.68749	19.007	0.064
2455680.8576	19.047	0.064
2455682.7341299998	19.151	0.069
2455684.7108299998	19.037	0.055999999999999994
2455686.72077	19.134	0.062
2455688.87398	19.185	0.08
2455691.6159900003	19.122	0.099
2455692.81155	19.143	0.061
2455693.9096	19.033	0.085
2455695.68605	19.084	0.083
2455696.80204	19.175	0.069
2455697.89118	19.005	0.08
2455702.58012	19.051	0.11599999999999999
2455702.76052	18.95	0.141
2455703.7351900004	19.156	0.084
2455706.79621	19.073	0.085
2455707.93323	19.034000000000002	0.126
2455710.84852	19.078	0.073
2455713.86339	18.918	0.073
2455716.5715400004	19.158	0.073
2455721.80854	19.410999999999998	0.09300000000000001
2455723.63704	19.09	0.062
2455724.77658	19.024	0.073
2455726.6891900003	18.94	0.11800000000000001
2455729.55909	19.339000000000002	0.268
2455729.7532099998	18.989	0.134
2455729.81204	19.175	0.261
2455734.6164	19.039	0.07200000000000001
2455735.87047	19.018	0.11199999999999999
2455737.55182	19.104	0.055999999999999994
2455738.67394	19.14	0.057
2455739.82997	19.047	0.087
2455741.5254	19.197	0.077
2455742.5395	19.095	0.08
2455743.67177	19.164	0.073
2455744.7053799997	19.01	0.054000000000000006
2455745.76702	19.096	0.076
2455747.6639799997	19.121	0.085
2455749.69623	19.205	0.08900000000000001
2455753.55809	19.005	0.204
2455757.50069	19.288	0.214
2455760.53656	19.212	0.085
2455762.77163	19.012999999999998	0.11199999999999999
2455764.55394	19.039	0.055999999999999994
2455765.70923	19.101	0.084
2455767.53281	19.08	0.076
2455768.66642	19.057000000000002	0.052000000000000005
2455770.65774	19.158	0.085
2455777.54684	19.105	0.061
2455779.7275	19.063	0.075
2455783.6076599997	19.122	0.135
2455784.48061	19.2	0.14300000000000002
2455784.61175	19.027	0.07200000000000001
2455786.57281	18.973	0.085
2455788.50841	19.044	0.077
2455790.67195	18.983	0.08800000000000001
2455794.54077	19.098	0.075
2455796.61336	19.192999999999998	0.084
2455802.64575	19.034000000000002	0.095
2455805.6446599998	18.933	0.084
2455813.50703	19.127	0.076
2455816.53987	18.959	0.085
2455818.6135400003	19.042	0.12
2455823.57952	19.101	0.08800000000000001
2455824.58618	19.093	0.07200000000000001
2455825.58873	19.237000000000002	0.091
2455826.57387	19.217	0.106
2455828.54988	19.06	0.065
2455830.5230900003	19.009	0.061
2455832.5417400002	19.131	0.085
2455834.56403	19.066	0.079
2455839.54484	18.985	0.09699999999999999
2455841.5439299997	19.101	0.111
2455843.54542	19.008	0.09699999999999999
2455845.55723	19.102999999999998	0.11900000000000001
2455851.50899	18.534000000000002	0.085
2455855.49858	19.34	0.18
2455856.48922	19.02	0.21899999999999997
2455856.50525	19.045	0.11900000000000001
2455856.52015	18.98	0.12300000000000001
2455857.49521	19.03	0.166
2455858.4925700002	19.250999999999998	0.23
2455860.51496	19.029	0.102
2455956.87015	19.144000000000002	0.079
2455958.87469	19.137	0.09300000000000001
2455959.85945	19.03	0.077
2455960.8697099998	19.088	0.057
2455961.8555400004	19.224	0.092
2455962.85194	19.102999999999998	0.085
2455963.84651	19.143	0.114
2455964.85151	18.891	0.10800000000000001
2455965.86117	19.039	0.081
2455966.88303	19.005	0.08800000000000001
2455967.86673	18.997	0.069
2455968.86045	19.21	0.107
2455970.88124	18.994	0.068
2455979.86084	19.212	0.08
2455984.84643	19.142	0.061
2455987.83905	19.195	0.077
2455990.78991	19.19	0.073
2455992.86234	19.093	0.06
2455995.76512	18.993	0.08
2455997.81012	19.055	0.07200000000000001
2455999.80889	18.952	0.135
2456002.76407	19.167	0.091
2456002.8854099996	19.043	0.084
2456004.86295	18.952	0.069
2456006.8474	19.072	0.057
2456008.7806700002	19.004	0.06
2456009.90257	19.054000000000002	0.05
2456011.83295	19.232	0.10400000000000001
2456013.77239	19.17	0.061
2456014.8863	19.131	0.075
2456016.7853900003	19.055	0.053
2456017.89567	19.102	0.043
2456019.79243	19.065	0.061
2456020.86705	19.095	0.043
2456022.71544	19.399	0.138
2456023.77482	19.096	0.06
2456024.7593099996	19.082	0.079
2456025.8258	19.111	0.08
2456032.81135	19.116	0.055999999999999994
2456034.77298	19.086	0.05
2456037.7578	19.137	0.07
2456039.80841	19.271	0.083
2456041.86509	19.143	0.066
2456048.74252	19.092	0.055999999999999994
2456050.6614099997	19.114	0.087
2456052.75484	19.118	0.081
2456053.88114	18.99	0.10300000000000001
2456057.68843	19.1	0.069
2456057.84919	19.044	0.06
2456058.87843	19.059	0.064
2456059.87634	19.167	0.07
2456062.72547	19.121	0.083
2456064.7311	19.125999999999998	0.049
2456065.84367	19.04	0.055999999999999994
2456067.6661400003	18.989	0.055999999999999994
2456068.80687	19.006	0.043
2456069.93546	19.209	0.073
2456071.63045	19.148	0.061
2456075.69066	19.113	0.057
2456076.82761	19.043	0.06
2456078.67673	18.962	0.055999999999999994
2456079.76555	19.167	0.068
2456080.7919400004	19.079	0.065
2456081.84196	19.042	0.08
2456085.60285	19.176	0.08900000000000001
2456086.60096	19.19	0.077
2456087.77321	19.098	0.069
2456089.8564299997	19.042	0.077
2456093.70695	19.225	0.062
2456094.84468	19.142	0.081
2456097.73162	19.114	0.079
2456098.79274	19.258	0.083
2456100.7386	19.148	0.069
2456101.7697099997	19.132	0.064
2456102.8094200003	19.143	0.066
2456104.48173	19.183	0.08900000000000001
2456105.52053	19.042	0.066
2456108.61175	18.993	0.084
2456113.58061	19.129	0.085
2456114.6743099997	19.049	0.075
2456115.74077	19.12	0.095
2456116.8193099997	19.094	0.076
2456118.52129	19.165	0.061
2456119.55077	19.084	0.057
2456120.68079	19.149	0.055999999999999994
2456121.72377	19.066	0.045
2456124.51552	19.211	0.083
2456125.64428	19.06	0.062
2456126.77448	19.024	0.07200000000000001
2456131.53651	19.174	0.07
2456133.61968	19.046	0.061
2456135.61018	19.16	0.085
2456140.62383	19.188	0.096
2456141.7374	19.102999999999998	0.102
2456147.62241	19.035999999999998	0.075
2456148.5972700003	19.09	0.05
2456151.6105400003	19.239	0.08800000000000001
2456154.51523	19.151	0.079
2456158.60617	19.095	0.07200000000000001
2456160.62162	19.062	0.055999999999999994
2456164.6181900003	19.136	0.11199999999999999
2456167.60849	18.984	0.061
2456168.65095	19.035999999999998	0.065
2456169.61058	19.118	0.08
2456171.61513	19.007	0.077
2456172.61057	19.111	0.06
2456175.58603	19.070999999999998	0.075
2456181.48213	19.167	0.095
2456183.62118	19.285	0.085
2456185.59601	19.183	0.065
2456186.59275	19.086	0.08
2456195.5372200003	19.117	0.07200000000000001
2456197.50167	19.049	0.091
2456201.5386200002	19.179000000000002	0.141
2456205.50739	19.134	0.075
2456212.5350200003	19.287	0.091
2456216.54417	19.169	0.08
2456221.55386	19.401	0.20199999999999999
2456227.52396	19.084	0.13699999999999998
2456343.86411	19.02	0.069
2456348.86907	19.225	0.065
2456352.85627	19.217	0.069
2456360.8524	19.097	0.057999999999999996
2456362.8996099997	19.17	0.061
2456368.87903	19.188	0.066
2456370.89245	19.047	0.054000000000000006
2456373.85933	19.075	0.06
2456375.8001200003	18.947	0.053
2456377.74727	19.064	0.064
2456378.88579	19.059	0.052000000000000005
2456380.84549	19.063	0.06
2456382.78485	18.989	0.207
2456386.9185	19.169	0.10300000000000001
2456388.8138099997	19.043	0.054000000000000006
2456389.91396	19.169	0.077
2456391.8256099997	19.073	0.081
2456394.8640099997	19.059	0.07
2456396.85337	19.129	0.047
2456398.80879	19.041	0.055999999999999994
2456400.8007099996	19.15	0.061
2456402.74795	19.27	0.077
2456403.9338700003	18.897000000000002	0.10300000000000001
2456406.8816400003	19.154	0.084
2456408.8272599997	19.081	0.087
2456416.69298	19.037	0.062
2456417.89255	19.144000000000002	0.068
2456419.72733	19.086	0.057999999999999996
2456420.84115	19.006	0.045
2456423.68523	19.262	0.076
2456424.83879	19.144000000000002	0.057
2456428.69822	19.185	0.084
2456431.81802	19.098	0.061
2456432.9207599997	19.08	0.079
2456434.75118	18.907	0.053
2456435.87922	19.236	0.076
2456441.93457	19.108	0.141
2456443.7388299997	19.215999999999998	0.085
2456445.79476	19.13	0.069
2456446.6993	19.08	0.047
2456447.7689099996	19.105	0.05
2456448.7979099997	19.083	0.053
2456449.84047	19.019000000000002	0.066
2456450.89073	18.925	0.069
2456452.5622099997	19.083	0.053
2456454.6667400002	19.072	0.057999999999999996
2456456.54145	19.202	0.054000000000000006
2456457.79299	19.044	0.054000000000000006
2456458.8568700003	19.077	0.07200000000000001
2456460.59605	19.116	0.07
2456461.82785	19.124000000000002	0.055999999999999994
2456463.6638	19.105	0.07
2456464.78116	19.009	0.091
2456469.55882	19.082	0.065
2456472.7134599998	19.043	0.062
2456473.83454	19.203	0.092
2456475.53303	19.171	0.077
2456476.59833	19.045	0.061
2456477.69848	19.082	0.061
2456479.7072799997	18.944000000000003	0.065
2456481.51607	18.988	0.066
2456484.51164	19.12	0.066
2456486.5315799997	19.121	0.065
2456487.64041	19.053	0.046
2456491.56091	19.112000000000002	0.079
2456497.71704	19.0	0.083
2456499.5012	19.118	0.06
2456501.72516	19.005	0.066
2456506.5564900003	19.227999999999998	0.102
2456508.6486	19.139	0.053
2456510.5553099997	19.17	0.052000000000000005
2456514.48111	19.058	0.07200000000000001
2456516.55444	19.13	0.069
2456519.6344	19.185	0.106
2456524.57227	18.971	0.064
2456529.5575099997	19.033	0.07
2456532.64073	19.089000000000002	0.068
2456536.59472	19.141	0.057999999999999996
2456541.62188	18.921	0.039
2456546.5065200003	19.076	0.099
2456558.5149	19.016	0.05
2456561.55988	19.065	0.07200000000000001
2456564.54367	19.096	0.075
2456568.53884	19.13	0.102
2456571.49189	19.19	0.09699999999999999
2456573.5488	19.152	0.084
2456576.5018700003	19.249000000000002	0.187
2456576.57153	18.776	0.14300000000000002
2456578.51378	18.994	0.081
2456741.84419	19.088	0.057
2456742.74936	19.085	0.055999999999999994
2456744.8713599998	19.045	0.045
2456746.78221	18.994	0.049
2456748.85324	19.102	0.05
2456752.82125	19.07	0.046
2456756.9240099997	19.059	0.062
2456760.75204	19.104	0.057
2456763.7440400003	19.189	0.068
2456768.74898	19.081	0.049
2456770.83505	19.143	0.052000000000000005
2456773.73763	19.192999999999998	0.073
2456776.6672799997	19.105999999999998	0.057
2456784.8962	19.042	0.065
2456785.8882299997	19.035999999999998	0.057
2456786.91349	19.113	0.069
2456790.92569	19.172	0.096
2456797.86318	18.984	0.08
2456803.93596	19.024	0.079
2456805.83299	19.051	0.07200000000000001
2456808.68157	19.104	0.053
2456810.60469	19.143	0.073
2456811.8785099997	19.052	0.09699999999999999
2456814.91029	19.031	0.08800000000000001
2456817.57852	19.115	0.096
2456819.61	19.159000000000002	0.133
2456824.63425	19.109	0.08900000000000001
2456826.51742	19.067	0.084
2456827.74393	19.094	0.065
2456829.60896	19.215	0.081
2456831.6222	19.083	0.046
2456833.56072	19.081	0.095
2456834.81894	19.168	0.115
2456836.75615	19.160999999999998	0.07200000000000001
2456838.5998	19.1	0.061
2456839.85051	19.113	0.111
2456842.52432	19.101	0.10400000000000001
2456844.80028	19.087	0.076
2456847.61442	18.989	0.065
2456852.48188	19.063	0.09300000000000001
2456855.79014	19.043	0.069
2456857.72022	19.046	0.05
2456862.56512	19.059	0.068
2456864.56834	19.094	0.054000000000000006
2456872.6038	19.029	0.057999999999999996
2456878.55966	19.09	0.10800000000000001
2456881.72535	19.053	0.11599999999999999
2456885.6405	19.118	0.06
2456888.5202	19.074	0.054000000000000006
2456890.6993299997	19.165	0.087
2456898.5181	19.081	0.07
2456912.6025799997	19.024	0.081
2456922.55904	19.162	0.091
2456927.5290200002	19.198	0.125
2456932.50811	18.989	0.10300000000000001
2456938.52153	19.128	0.111
2456943.49292	19.276	0.14800000000000002
2457063.88387	19.032	0.075
2457069.87514	18.985	0.06
2457071.89983	18.807000000000002	0.08
2457075.9006	18.782	0.107
2457077.8856099998	18.827	0.052000000000000005
2457079.90474	18.819000000000003	0.11599999999999999
2457082.84081	18.864	0.042
2457083.88859	18.898	0.046
2457086.84851	18.887999999999998	0.054000000000000006
2457088.89043	18.891	0.057
2457091.78229	18.817999999999998	0.062
2457098.84368	18.743	0.039
2457100.8471	18.642	0.034
2457102.91696	18.680999999999997	0.052000000000000005
2457110.8596900003	18.465	0.033
2457112.80441	18.323	0.038
2457114.78225	18.328	0.035
2457117.81752	18.203	0.03
2457120.87084	18.099	0.035
2457129.86282	17.96	0.022000000000000002
2457132.74565	17.991	0.027000000000000003
2457135.80512	18.099	0.022000000000000002
2457137.9328799997	18.162	0.061
2457140.74541	18.305	0.031
2457142.83264	18.385	0.034
2457145.87708	18.389	0.040999999999999995
2457153.85464	18.717	0.040999999999999995
2457155.8881099997	18.711	0.05
2457158.7443	18.77	0.043
2457160.70926	18.724	0.043
2457162.68067	18.834	0.046
2457164.71699	18.756	0.042
2457168.84748	18.814	0.052000000000000005
2457170.8582900004	18.851	0.057
2457173.79649	18.86	0.06
2457175.63721	18.797	0.057
2457178.6568299998	18.917	0.07
2457180.63475	18.912	0.07200000000000001
2457181.8837900003	18.939	0.076
2457183.75676	18.967	0.057
2457185.61589	18.926	0.054000000000000006
2457187.64404	18.937	0.049
2457189.62131	19.079	0.065
2457193.7919799997	19.011	0.047
2457197.82135	18.99	0.075
2457199.7072	19.099	0.057999999999999996
2457206.72449	19.000999999999998	0.077
2457209.73094	19.094	0.068
2457212.80855	18.985	0.083
2457219.67886	19.05	0.054000000000000006
2457221.65826	19.082	0.061
2457223.63529	19.043	0.062
2457226.48991	18.959	0.068
2457227.74354	18.977999999999998	0.069
2457229.72576	19.271	0.09300000000000001
2457233.48195	19.012	0.11199999999999999
2457249.51211	19.224	0.081
2457253.6077400004	19.058	0.052000000000000005
2457261.55372	19.19	0.12300000000000001
2457265.5336	19.017	0.055999999999999994
2457269.57533	19.064	0.055999999999999994
2457273.62662	19.065	0.079
2457281.51332	18.968	0.091
2457292.49441	19.166	0.142
2457295.48674	19.045	0.111
2457437.82482	19.187	0.065
2457440.82284	18.963	0.069
2457443.90558	18.965999999999998	0.08800000000000001
2457446.8944	19.059	0.053
2457451.81305	19.088	0.057999999999999996
2457452.88301	19.13	0.049
2457455.83903	19.18	0.065
2457457.85649	19.041	0.06
2457460.87564	19.102	0.052000000000000005
2457462.8794400003	19.125999999999998	0.052000000000000005
2457465.8343599997	19.048	0.061
2457467.91293	19.026	0.054000000000000006
2457471.83423	19.07	0.07200000000000001
2457472.91975	19.198	0.091
2457474.90695	19.098	0.068
2457480.8442	19.121	0.10300000000000001
2457488.7376599996	19.092	0.057999999999999996
2457491.92795	19.094	0.08800000000000001
2457494.7375	19.072	0.055999999999999994
2457497.91168	19.033	0.073
2457499.93105	19.07	0.092
2457507.93101	19.195	0.083
2457509.9095900003	19.012	0.075
2457518.74573	19.009	0.068
2457526.8167	19.05	0.073
2457530.86941	19.015	0.09699999999999999
2457536.8145	19.113	0.062
2457546.81084	19.059	0.07
2457547.88873	19.217	0.11
2457550.6396	19.102	0.075
2457554.66904	19.147000000000002	0.054000000000000006
2457560.76408	19.195	0.107
2457561.5052400003	19.026	0.095
2457562.55149	19.174	0.092
2457566.48072	19.164	0.095
2457566.52335	19.13	0.057999999999999996
2457567.4873599997	19.186	0.091
2457567.5389400003	19.115	0.073
2457568.68828	19.037	0.06
2457569.50584	19.028	0.085
2457570.6748900004	19.15	0.057
2457573.6452	19.145	0.066
2457575.78267	19.063	0.061
2457576.46125	19.2	0.141
2457576.79213	19.132	0.065
2457577.46179	19.007	0.11800000000000001
2457581.80973	19.017	0.079
2457584.71163	18.951	0.076
2457589.71502	18.988	0.091
2457590.72487	19.033	0.064
2457593.70487	19.021	0.061
2457599.5192	19.215999999999998	0.096
2457599.5984900002	19.014	0.065
2457599.60223	19.176	0.069
2457599.69614	18.975	0.06
2457600.5279900003	19.131	0.08
2457600.62324	19.022000000000002	0.069
2457600.74922	19.217	0.107
2457601.69467	19.092	0.055999999999999994
2457601.71917	19.226	0.068
2457603.54998	19.046	0.053
2457604.75636	19.048	0.069
2457607.6483400003	19.105	0.057
2457609.71544	19.133	0.062
2457612.65579	18.984	0.158
2457618.49558	19.135	0.091
2457622.57975	19.051	0.053
2457625.49823	19.125999999999998	0.065
2457631.57418	19.045	0.049
2457636.50257	19.343	0.102
2457643.51718	19.084	0.114
2457649.5737099997	19.026	0.065
2457650.49126	19.037	0.06
2457650.57666	19.27	0.087
2457651.50658	19.082	0.066
2457652.49277	19.083	0.057
2457653.49322	19.122	0.057999999999999996
2457653.52814	19.146	0.06
2457654.49783	19.114	0.08
2457655.49397	19.109	0.092
2457655.57871	18.979	0.073
2457656.49597	19.144000000000002	0.081
2457657.54037	19.038	0.069
2457658.49642	19.105999999999998	0.079
2457659.4981299997	19.062	0.073
2457660.49494	19.03	0.08900000000000001
2457661.4965	19.059	0.092
2457662.48976	18.964000000000002	0.08900000000000001
2457662.49664	19.172	0.09699999999999999
2457663.5511	19.133	0.084
2457664.49533	19.18	0.10400000000000001
2457665.49925	18.929000000000002	0.081
2457666.4975400004	19.175	0.12300000000000001
2457667.49467	19.164	0.10300000000000001
2457667.50214	19.157	0.1
2457671.48379	19.059	0.149
2457672.48396	19.226	0.125
2457673.49114	19.105	0.102
2457675.4882	18.974	0.126
2457681.49001	19.000999999999998	0.139
2457682.4876599996	19.007	0.145
2457683.4868799997	18.801	0.184
2457797.88382	19.029	0.081
2457800.8448799998	19.028	0.076
2457801.8854099996	19.01	0.079
2457807.8232	19.005	0.064
2457809.89781	19.136	0.075
2457812.8669	19.198	0.065
2457815.89457	19.055999999999997	0.061
2457818.83729	19.139	0.064
2457820.87158	19.09	0.057999999999999996
2457822.8802099996	19.058	0.066
2457825.80854	19.116	0.083
2457826.9015200003	19.159000000000002	0.08
2457828.8889099997	19.119	0.069
2457830.9031	19.055999999999997	0.111
2457834.8861	19.101	0.057999999999999996
2457836.91927	18.881	0.115
2457838.90791	19.155	0.054000000000000006
2457840.91706	19.083	0.066
2457842.87934	19.041	0.055999999999999994
2457844.8393900003	19.115	0.07200000000000001
2457846.79427	19.125	0.057
2457848.7269	19.149	0.073
2457849.85676	19.024	0.039
2457851.76938	19.087	0.08900000000000001
2457853.92825	18.925	0.131
2457855.83068	19.04	0.073
2457862.73779	19.089000000000002	0.07
2457864.90453	19.146	0.057999999999999996
2457866.75159	19.125	0.053
2457867.88637	19.119	0.054000000000000006
2457869.82072	19.057000000000002	0.045
2457871.7280099997	19.062	0.049
2457872.87359	19.104	0.052000000000000005
2457874.68301	19.087	0.065
2457875.8903900003	19.158	0.069
2457877.67231	19.072	0.06
2457878.8334	19.112000000000002	0.05
2457880.69857	19.035	0.092
2457881.8886599997	19.132	0.135
2457889.93266	19.169	0.166
2457893.7811	19.075	0.061
2457894.78968	19.096	0.057
2457897.71917	19.081	0.068
2457902.64481	19.136	0.083
2457903.81383	19.105999999999998	0.069
2457904.8187700002	19.139	0.053
2457905.78533	19.105999999999998	0.057
2457906.74794	19.042	0.049
2457907.756	19.125	0.065
2457908.84361	19.092	0.062
2457909.76714	19.025	0.066
2457910.66209	19.179000000000002	0.069
2457911.55073	19.055999999999997	0.127
2457916.61242	19.070999999999998	0.064
2457917.5786200003	19.147000000000002	0.085
2457918.58017	19.095	0.084
2457922.67594	19.086	0.054000000000000006
2457923.82047	19.162	0.087
2457924.77703	19.16	0.061
2457925.81159	18.982	0.066
2457928.57852	19.118	0.065
2457933.5188700003	19.164	0.092
2457934.5052900002	19.059	0.076
2457935.50534	19.01	0.065
2457936.49164	19.13	0.077
2457937.48605	19.241	0.107
2457937.8383299997	19.156	0.096
2457944.61927	19.169	0.085
2457945.53354	19.229	0.077
2457946.46415	19.109	0.11900000000000001
2457947.5156900003	19.072	0.061
2457948.5085299998	19.107	0.062
2457949.5679200003	19.009	0.08
2457953.47928	19.03	0.073
2457954.49136	19.155	0.069
2457955.8006	19.208	0.079
2457957.66261	19.105	0.084
2457959.4819099996	19.055	0.054000000000000006
2457960.4887099997	19.098	0.07
2457961.57256	19.232	0.068
2457962.7653200002	19.147000000000002	0.077
2457965.67923	19.059	0.06
2457967.60714	19.113	0.13699999999999998
2457971.67161	19.095	0.091
2457972.7025	19.156	0.10800000000000001
2457974.59865	19.067	0.076
2457979.59656	19.151	0.057999999999999996
2457981.58619	19.065	0.064
2457983.53388	19.19	0.08
2457984.671	19.078	0.068
2457987.51987	19.137999999999998	0.055999999999999994
2457991.49762	19.000999999999998	0.06
2457993.4810099998	19.114	0.075
2457994.6387099996	19.049	0.13
2458000.5805200003	19.179000000000002	0.14300000000000002
2458003.48727	19.066	0.12
2458007.60979	19.188	0.111
2458012.5891299997	19.062	0.07
2458016.49914	19.146	0.083
2458020.4929299997	19.052	0.079
2458029.49676	19.143	0.10400000000000001
2458040.5168	19.070999999999998	0.12
