2455378.5844900003	16.2	0.009000000000000001
2455380.6173799997	16.206	0.009000000000000001
2455382.76365	16.206	0.012
2455385.5507400003	16.192999999999998	0.009000000000000001
2455385.65405	16.195	0.009000000000000001
2455385.75238	16.195999999999998	0.009000000000000001
2455388.6462	16.198	0.009000000000000001
2455391.76465	16.204	0.01
2455397.6562200002	16.215	0.011000000000000001
2455404.79295	16.19	0.012
2455408.7773599997	16.2	0.012
2455413.48455	16.208	0.01
2455422.5217	16.217	0.01
2455431.66667	16.224	0.012
2455433.65532	16.222	0.012
2455439.54805	16.208	0.011000000000000001
2455447.4797799997	16.209	0.01
2455457.52269	16.203	0.009000000000000001
2455460.54703	16.194000000000003	0.011000000000000001
2455464.60579	16.211	0.012
2455472.56062	16.203	0.01
2455481.52456	16.217	0.013000000000000001
2455483.5139	16.219	0.017
2455490.5008	16.198	0.013000000000000001
2455606.88302	16.208	0.01
2455612.88691	16.208	0.01
2455615.89573	16.209	0.01
2455621.86418	16.195999999999998	0.009000000000000001
2455624.79175	16.202	0.009000000000000001
2455626.88305	16.209	0.009000000000000001
2455628.7967	16.226	0.01
2455629.87678	16.21	0.009000000000000001
2455631.85219	16.212	0.01
2455633.80716	16.206	0.009000000000000001
2455634.88361	16.215999999999998	0.01
2455637.7943599997	16.209	0.01
2455642.80496	16.197	0.009000000000000001
2455649.85239	16.204	0.008
2455654.83524	16.213	0.009000000000000001
2455658.89096	16.212	0.009000000000000001
2455663.7617	16.204	0.009000000000000001
2455668.87924	16.195	0.011000000000000001
2455675.86305	16.197	0.009000000000000001
2455680.66352	16.203	0.01
2455683.70269	16.209	0.009000000000000001
2455686.8681799998	16.204	0.009000000000000001
2455692.7252	16.21	0.009000000000000001
2455694.88069	16.192	0.009000000000000001
2455697.7401799997	16.209	0.01
2455702.67937	16.22	0.024
2455707.60783	16.197	0.009000000000000001
2455712.6041099997	16.197	0.01
2455716.57293	16.191	0.009000000000000001
2455723.57765	16.2	0.009000000000000001
2455726.58336	16.207	0.012
2455729.7439	16.186	0.015
2455735.7487	16.212	0.009000000000000001
2455737.84301	16.205	0.009000000000000001
2455740.71658	16.203	0.009000000000000001
2455742.7220099997	16.194000000000003	0.009000000000000001
2455745.7686799997	16.217	0.01
2455749.5566	16.217	0.01
2455760.6342599997	16.195	0.01
2455765.6072	16.192999999999998	0.009000000000000001
2455769.50339	16.221	0.009000000000000001
2455777.7502099997	16.214000000000002	0.009000000000000001
2455784.57629	16.224	0.01
2455784.6808700003	16.213	0.017
2455786.56033	16.213	0.011000000000000001
2455790.63284	16.211	0.011000000000000001
2455795.57288	16.21	0.011000000000000001
2455804.4840700002	16.211	0.009000000000000001
2455815.54865	16.202	0.009000000000000001
2455819.58347	16.221	0.01
2455824.5882599996	16.217	0.009000000000000001
2455829.56415	16.207	0.009000000000000001
2455834.5173	16.206	0.009000000000000001
2455841.5589099997	16.227999999999998	0.011000000000000001
2455846.49511	16.226	0.013000000000000001
2455855.5006	16.229	0.012
2455976.87505	16.209	0.009000000000000001
2455985.80915	16.205	0.009000000000000001
2455990.85704	16.226	0.009000000000000001
2455995.76992	16.198	0.01
2455999.8599	16.202	0.009000000000000001
2456002.8626099997	16.213	0.01
2456003.89502	16.2	0.009000000000000001
2456007.83512	16.211	0.009000000000000001
2456010.87316	16.202	0.008
2456014.7502900003	16.241	0.009000000000000001
2456017.74888	16.184	0.008
2456019.92946	16.194000000000003	0.012
2456022.8198599997	16.215	0.009000000000000001
2456025.74823	16.198	0.01
2456033.7311400003	16.209	0.009000000000000001
2456037.78705	16.204	0.008
2456041.7155299997	16.212	0.009000000000000001
2456048.819	16.211	0.008
2456051.75974	16.206	0.008
2456057.79282	16.188	0.01
2456058.73645	16.204	0.009000000000000001
2456061.88146	16.198	0.009000000000000001
2456064.87512	16.207	0.008
2456067.63949	16.19	0.008
2456069.73666	16.201	0.008
2456071.71117	16.211	0.009000000000000001
2456076.76425	16.192	0.008
2456078.8900200003	16.202	0.009000000000000001
2456080.8636	16.213	0.009000000000000001
2456086.64557	16.201	0.008
2456089.6978	16.18	0.006999999999999999
2456093.8797299997	16.197	0.011000000000000001
2456097.72057	16.205	0.009000000000000001
2456100.57608	16.209	0.01
2456103.80668	16.207	0.009000000000000001
2456105.73892	16.203	0.009000000000000001
2456113.7530900002	16.214000000000002	0.01
2456115.75483	16.209	0.01
2456117.7365900003	16.211	0.009000000000000001
2456119.67828	16.197	0.008
2456121.6867	16.189	0.008
2456124.75502	16.204	0.009000000000000001
2456127.51008	16.202	0.009000000000000001
2456132.66	16.192	0.009000000000000001
2456135.7311299997	16.207	0.009000000000000001
2456140.7207400003	16.222	0.012
2456147.68157	16.218	0.01
2456151.65094	16.204	0.01
2456158.60816	16.187	0.009000000000000001
2456161.69661	16.197	0.01
2456169.59992	16.206	0.009000000000000001
2456183.57284	16.206	0.008
2456191.56067	16.189	0.009000000000000001
2456199.54349	16.223	0.012
2456210.54891	16.204	0.009000000000000001
2456217.54236	16.215	0.009000000000000001
2456347.90061	16.206	0.009000000000000001
2456363.83267	16.197	0.008
2456371.77556	16.206	0.008
2456372.76846	16.201	0.008
2456375.8692900003	16.206	0.008
2456379.74411	16.192999999999998	0.009000000000000001
2456382.81154	16.221	0.01
2456388.81651	16.2	0.008
2456391.77086	16.208	0.009000000000000001
2456395.88087	16.192999999999998	0.008
2456398.87765	16.202	0.008
2456401.91788	16.199	0.008
2456404.8982	16.21	0.008
2456409.8202	16.209	0.011000000000000001
2456417.78302	16.195999999999998	0.008
2456419.9042599997	16.197	0.008
2456423.69936	16.209	0.008
2456426.88639	16.195	0.008
2456431.9435400004	16.211	0.015
2456434.71637	16.205	0.009000000000000001
2456436.7858	16.204	0.009000000000000001
2456442.6561	16.207	0.008
2456445.73582	16.215	0.009000000000000001
2456447.7398200002	16.2	0.008
2456449.6582	16.189	0.008
2456451.6002599997	16.183	0.009000000000000001
2456454.60035	16.207	0.008
2456456.76662	16.207	0.008
2456458.89469	16.195999999999998	0.01
2456461.65944	16.195999999999998	0.009000000000000001
2456463.8018799997	16.195	0.009000000000000001
2456469.53334	16.191	0.009000000000000001
2456473.79597	16.223	0.009000000000000001
2456475.75167	16.207	0.009000000000000001
2456477.72744	16.199	0.008
2456480.75041	16.192	0.009000000000000001
2456485.55	16.215999999999998	0.009000000000000001
2456487.6795099997	16.205	0.008
2456490.7552	16.195999999999998	0.008
2456496.57235	16.22	0.011000000000000001
2456498.76918	16.202	0.01
2456505.5686	16.206	0.009000000000000001
2456508.7062	16.192999999999998	0.008
2456511.69342	16.205	0.008
2456524.62241	16.21	0.009000000000000001
2456532.51431	16.205	0.008
2456539.50512	16.215999999999998	0.008
2456546.54765	16.2	0.009000000000000001
2456560.56131	16.207	0.009000000000000001
2456567.58621	16.222	0.009000000000000001
2456576.5125700003	16.187	0.013999999999999999
2456576.5798400003	16.211	0.019
2456741.88462	16.209	0.009000000000000001
2456742.87765	16.195999999999998	0.006999999999999999
2456748.83469	16.199	0.008
2456750.9035099996	16.197	0.006999999999999999
2456754.70515	16.194000000000003	0.009000000000000001
2456756.7015400003	16.188	0.008
2456758.8384	16.215	0.009000000000000001
2456760.79269	16.215999999999998	0.008
2456762.73716	16.183	0.009000000000000001
2456764.7056299997	16.213	0.009000000000000001
2456765.85435	16.191	0.008
2456769.78585	16.195999999999998	0.008
2456770.89376	16.205	0.008
2456772.81591	16.222	0.006999999999999999
2456774.7021	16.201	0.008
2456775.91719	16.19	0.008
2456777.8879400003	16.201	0.008
2456790.62539	16.211	0.011000000000000001
2456791.67716	16.215	0.011000000000000001
2456792.71932	16.201	0.01
2456796.77678	16.202	0.01
2456797.87456	16.217	0.01
2456803.72782	16.202	0.009000000000000001
2456804.73911	16.206	0.008
2456805.8021400003	16.207	0.009000000000000001
2456807.78375	16.194000000000003	0.01
2456808.80728	16.208	0.009000000000000001
2456809.86075	16.209	0.009000000000000001
2456810.89247	16.198	0.01
2456811.90638	16.209	0.012
2456814.67797	16.192999999999998	0.009000000000000001
2456815.77357	16.207	0.009000000000000001
2456816.84702	16.2	0.009000000000000001
2456817.59343	16.21	0.011000000000000001
2456819.76109	16.199	0.01
2456824.61842	16.205	0.011000000000000001
2456825.6405	16.203	0.009000000000000001
2456826.65082	16.205	0.009000000000000001
2456827.74235	16.208	0.009000000000000001
2456828.78877	16.218	0.009000000000000001
2456829.76327	16.21	0.01
2456830.78688	16.194000000000003	0.008
2456832.54305	16.194000000000003	0.009000000000000001
2456833.61087	16.202	0.009000000000000001
2456834.6179299997	16.205	0.01
2456835.69197	16.198	0.01
2456836.72382	16.206	0.01
2456837.7361	16.202	0.009000000000000001
2456838.73682	16.206	0.009000000000000001
2456839.75234	16.206	0.01
2456840.80149	16.201	0.011000000000000001
2456842.5526900003	16.207	0.011000000000000001
2456844.58105	16.197	0.009000000000000001
2456845.56977	16.195	0.009000000000000001
2456847.5617299997	16.19	0.009000000000000001
2456851.52204	16.201	0.01
2456852.58476	16.207	0.01
2456855.65298	16.204	0.009000000000000001
2456856.68857	16.206	0.009000000000000001
2456857.7370599997	16.206	0.009000000000000001
2456859.56431	16.211	0.011000000000000001
2456862.7515	16.213	0.01
2456864.50592	16.198	0.01
2456870.56307	16.212	0.01
2456872.71922	16.218	0.011000000000000001
2456879.61626	16.201	0.011000000000000001
2456881.58303	16.206	0.011000000000000001
2456883.49684	16.204	0.009000000000000001
2456885.70215	16.202	0.01
2456887.61142	16.203	0.008
2456889.54614	16.21	0.009000000000000001
2456890.69825	16.213	0.01
2456895.66482	16.204	0.01
2456909.5054200003	16.222	0.012
2456919.54832	16.212	0.01
2456924.50205	16.208	0.01
2456926.6099799997	16.209	0.01
2456932.53054	16.195	0.012
2456936.5263900002	16.208	0.011000000000000001
2456942.5417299997	16.207	0.011000000000000001
2457070.85035	16.201	0.009000000000000001
2457075.88913	16.191	0.009000000000000001
2457078.8903099997	16.195999999999998	0.009000000000000001
2457082.89396	16.195	0.009000000000000001
2457087.79233	16.215	0.01
2457090.85511	16.208	0.009000000000000001
2457098.77385	16.21	0.009000000000000001
2457100.91395	16.178	0.009000000000000001
2457110.8368	16.195999999999998	0.008
2457113.8431700002	16.189	0.008
2457115.8912299997	16.192	0.008
2457117.84578	16.186	0.009000000000000001
2457119.89461	16.19	0.01
2457125.80128	16.199	0.008
2457129.75298	16.198	0.009000000000000001
2457130.9166099997	16.191	0.01
2457132.81039	16.205	0.009000000000000001
2457134.89883	16.203	0.009000000000000001
2457136.7648099996	16.199	0.009000000000000001
2457137.90183	16.211	0.01
2457139.7565099997	16.207	0.009000000000000001
2457140.88091	16.192999999999998	0.009000000000000001
2457142.7154099997	16.202	0.008
2457143.82222	16.197	0.009000000000000001
2457145.78425	16.192	0.009000000000000001
2457146.81885	16.194000000000003	0.009000000000000001
2457147.84003	16.209	0.01
2457153.6883099996	16.180999999999997	0.008
2457154.777	16.187	0.009000000000000001
2457155.87172	16.195	0.009000000000000001
2457157.75785	16.205	0.009000000000000001
2457158.897	16.201	0.01
2457160.61694	16.19	0.01
2457161.69111	16.21	0.008
2457162.73699	16.207	0.009000000000000001
2457163.81175	16.198	0.009000000000000001
2457164.942	16.202	0.013999999999999999
2457168.72818	16.213	0.009000000000000001
2457169.94577	16.201	0.011000000000000001
2457172.6244900003	16.217	0.01
2457173.64525	16.217	0.01
2457174.65447	16.21	0.01
2457175.66833	16.202	0.009000000000000001
2457178.64404	16.199	0.009000000000000001
2457179.62348	16.208	0.011000000000000001
2457180.61875	16.207	0.01
2457181.61428	16.191	0.009000000000000001
2457182.63172	16.208	0.009000000000000001
2457183.6434400002	16.219	0.01
2457184.67908	16.205	0.01
2457185.70612	16.209	0.01
2457186.8615	16.185	0.009000000000000001
2457187.8744200002	16.194000000000003	0.009000000000000001
2457189.57235	16.19	0.009000000000000001
2457190.6306	16.191	0.009000000000000001
2457191.80919	16.204	0.01
2457194.67587	16.198	0.006999999999999999
2457197.77438	16.199	0.009000000000000001
2457198.7993	16.206	0.009000000000000001
2457199.8015400004	16.203	0.009000000000000001
2457200.78483	16.213	0.009000000000000001
2457206.65365	16.197	0.011000000000000001
2457207.68012	16.195	0.01
2457209.81644	16.21	0.012
2457211.80602	16.215999999999998	0.01
2457217.55848	16.204	0.011000000000000001
2457219.72123	16.195999999999998	0.009000000000000001
2457221.47406	16.221	0.01
2457222.53102	16.207	0.01
2457223.67323	16.203	0.009000000000000001
2457224.7631200003	16.215	0.01
2457226.67395	16.201	0.008
2457227.6851	16.186	0.008
2457228.74203	16.184	0.009000000000000001
2457229.78193	16.206	0.009000000000000001
2457235.6718599997	16.205	0.01
2457249.57524	16.217	0.01
2457252.63336	16.195	0.009000000000000001
2457255.59387	16.214000000000002	0.01
2457263.50079	16.205	0.009000000000000001
2457264.68176	16.203	0.011000000000000001
2457267.67937	16.214000000000002	0.01
2457269.66678	16.198	0.009000000000000001
2457272.51877	16.199	0.011000000000000001
2457275.6754799997	16.19	0.011000000000000001
2457281.49528	16.202	0.011000000000000001
2457292.5850400003	16.197	0.013000000000000001
2457300.51675	16.188	0.011000000000000001
2457320.52612	16.19	0.013000000000000001
2457439.83025	16.189	0.01
2457446.80725	16.187	0.008
2457451.9048200003	16.177	0.01
2457456.83073	16.192999999999998	0.009000000000000001
2457461.79154	16.184	0.008
2457465.83692	16.177	0.009000000000000001
2457471.77786	16.19	0.01
2457474.85622	16.172	0.009000000000000001
2457484.83318	16.176	0.009000000000000001
2457486.75613	16.184	0.011000000000000001
2457487.86389	16.176	0.009000000000000001
2457489.8519599997	16.175	0.009000000000000001
2457492.73176	16.17	0.008
2457493.72427	16.171	0.008
2457494.7071	16.177	0.008
2457495.69095	16.179000000000002	0.009000000000000001
2457495.91159	16.180999999999997	0.009000000000000001
2457498.84218	16.188	0.01
2457499.79767	16.176	0.009000000000000001
2457500.73889	16.173	0.01
2457507.74827	16.168	0.009000000000000001
2457508.7966400003	16.165	0.008
2457509.8934299997	16.154	0.009000000000000001
2457512.8390900004	16.163	0.008
2457522.89982	16.160999999999998	0.01
2457526.8133	16.166	0.009000000000000001
2457529.864	16.165	0.013000000000000001
2457534.8119099997	16.154	0.008
2457536.8112	16.158	0.009000000000000001
2457546.6277799997	16.148	0.01
2457547.5883400002	16.169	0.011000000000000001
2457548.6710200002	16.154	0.006999999999999999
2457549.8415599996	16.160999999999998	0.009000000000000001
2457550.8201099997	16.14	0.009000000000000001
2457555.55263	16.153	0.01
2457555.89018	16.149	0.009000000000000001
2457557.86128	16.15	0.01
2457561.66081	16.143	0.01
2457562.65107	16.131	0.009000000000000001
2457566.84168	16.14	0.012
2457567.78552	16.124000000000002	0.009000000000000001
2457568.78449	16.143	0.01
2457569.80195	16.135	0.008
2457575.58927	16.125999999999998	0.01
2457575.6033	16.136	0.009000000000000001
2457576.61296	16.143	0.008
2457579.63398	16.134	0.009000000000000001
2457584.54357	16.134	0.009000000000000001
2457589.53175	16.105999999999998	0.011000000000000001
2457590.5520599997	16.12	0.009000000000000001
2457593.5146	16.105999999999998	0.009000000000000001
2457596.47686	16.11	0.006999999999999999
2457600.48558	16.098	0.01
2457602.5871099997	16.111	0.009000000000000001
2457603.6472099996	16.095	0.008
2457604.65444	16.093	0.008
2457605.69572	16.11	0.009000000000000001
2457607.6617099997	16.099	0.009000000000000001
2457609.47947	16.102999999999998	0.009000000000000001
2457610.63774	16.087	0.009000000000000001
2457612.61714	16.087	0.011000000000000001
2457616.69746	16.099	0.009000000000000001
2457618.58489	16.076	0.009000000000000001
2457621.65656	16.082	0.01
2457623.57887	16.064	0.008
2457625.51395	16.057000000000002	0.008
2457630.55125	16.047	0.008
2457632.55795	16.043	0.008
2457635.56171	16.022000000000002	0.01
2457637.6446	16.034000000000002	0.009000000000000001
2457644.51965	15.999	0.01
2457648.57702	15.997	0.009000000000000001
2457653.608	15.956	0.008
2457659.56688	15.937999999999999	0.008
2457797.8797299997	16.044	0.009000000000000001
2457802.87764	16.051	0.012
2457809.85952	16.032	0.009000000000000001
2457812.8757	16.077	0.008
2457816.83307	16.088	0.009000000000000001
2457818.87623	16.087	0.008
2457821.83375	16.096	0.009000000000000001
2457823.87405	16.105	0.009000000000000001
2457826.79058	16.095	0.01
2457828.80838	16.117	0.01
2457830.8580400003	16.1	0.009000000000000001
2457835.83722	16.117	0.01
2457837.8344900003	16.119	0.009000000000000001
2457839.83875	16.11	0.008
2457841.83811	16.137	0.01
2457843.78684	16.111	0.009000000000000001
2457845.72928	16.13	0.01
2457846.88627	16.116	0.009000000000000001
2457848.8177799997	16.12	0.008
2457850.73585	16.13	0.01
2457851.8621	16.132	0.009000000000000001
2457854.78837	16.135	0.009000000000000001
2457856.71294	16.14	0.011000000000000001
2457858.84905	16.143	0.009000000000000001
2457862.83142	16.132	0.009000000000000001
2457865.73911	16.136	0.008
2457866.86808	16.141	0.008
2457868.79591	16.144000000000002	0.01
2457869.92637	16.132	0.009000000000000001
2457871.84609	16.132	0.008
2457873.70697	16.143	0.008
2457874.79391	16.139	0.009000000000000001
2457876.6943200002	16.144000000000002	0.009000000000000001
2457877.78425	16.151	0.008
2457878.9372	16.132	0.011000000000000001
2457880.7924099998	16.152	0.01
2457882.7472200003	16.157	0.01
2457890.81573	16.151	0.012
2457893.88547	16.147000000000002	0.01
2457894.8829099997	16.154	0.01
2457901.63839	16.15	0.009000000000000001
2457902.75227	16.169	0.009000000000000001
2457903.91549	16.162	0.011000000000000001
2457904.9103200003	16.171	0.01
2457905.8794299997	16.16	0.009000000000000001
2457906.84421	16.171	0.009000000000000001
2457908.59027	16.154	0.01
2457908.92216	16.176	0.011000000000000001
2457909.85326	16.171	0.009000000000000001
2457910.77834	16.154	0.009000000000000001
2457911.64414	16.160999999999998	0.01
2457916.6935099997	16.171	0.011000000000000001
2457917.6752400002	16.168	0.01
2457923.5599	16.172	0.01
2457924.52716	16.174	0.01
2457924.8692400004	16.172	0.01
2457926.58084	16.177	0.01
2457928.67682	16.180999999999997	0.009000000000000001
2457933.5852200002	16.176	0.01
2457934.59678	16.169	0.009000000000000001
2457935.6088	16.17	0.009000000000000001
2457936.59199	16.178	0.009000000000000001
2457937.58105	16.175	0.01
2457938.6049200003	16.176	0.011000000000000001
2457944.7170700002	16.188	0.01
2457945.6281	16.18	0.009000000000000001
2457946.57194	16.184	0.009000000000000001
2457947.60355	16.19	0.01
2457948.6247	16.174	0.009000000000000001
2457949.67396	16.19	0.01
2457953.59534	16.186	0.009000000000000001
2457954.60468	16.171	0.009000000000000001
2457956.58784	16.179000000000002	0.009000000000000001
2457957.79261	16.182000000000002	0.011000000000000001
2457959.56697	16.173	0.009000000000000001
2457960.60223	16.178	0.008
2457961.65034	16.177	0.009000000000000001
2457964.57845	16.177	0.011000000000000001
2457966.5430900003	16.197	0.011000000000000001
2457971.4792299997	16.179000000000002	0.012
2457973.6039	16.2	0.012
2457974.69859	16.178	0.011000000000000001
2457980.49519	16.195	0.011000000000000001
2457981.68103	16.198	0.01
2457983.6283299997	16.192	0.009000000000000001
2457985.59153	16.183	0.01
2457987.63364	16.191	0.009000000000000001
2457991.6152	16.203	0.011000000000000001
2457993.57792	16.202	0.01
2457998.54002	16.184	0.01
2458001.5147599997	16.195999999999998	0.01
2458004.4986099997	16.188	0.011000000000000001
2458010.50727	16.197	0.011000000000000001
2458013.5787400003	16.188	0.01
2458017.49954	16.184	0.01
2458021.5068900003	16.195999999999998	0.011000000000000001
2458030.52045	16.204	0.01
