2455377.56873	17.227999999999998	0.019
2455379.63582	17.241	0.015
2455381.73128	17.203	0.019
2455385.52922	17.226	0.015
2455385.6287	17.233	0.013999999999999999
2455385.73104	17.235	0.015
2455386.81424	17.246	0.016
2455390.59111	17.243	0.018000000000000002
2455393.73471	17.243	0.021
2455402.6599	17.206	0.026000000000000002
2455403.7579900003	17.256	0.026000000000000002
2455407.69631	17.225	0.018000000000000002
2455411.5189099996	17.227	0.015
2455418.55428	17.243	0.013999999999999999
2455430.50645	17.265	0.021
2455435.70058	17.238	0.018000000000000002
2455444.625	17.214000000000002	0.018000000000000002
2455450.53555	17.217	0.019
2455458.5663799997	17.254	0.024
2455461.57417	17.191	0.027999999999999997
2455468.5847099996	17.208	0.022000000000000002
2455476.5578400004	17.214000000000002	0.028999999999999998
2455483.52476	17.208	0.040999999999999995
2455486.5184400002	17.23	0.022000000000000002
2455602.8509	17.224	0.018000000000000002
2455604.85882	17.272000000000002	0.021
2455605.8549599997	17.235	0.016
2455606.8541200003	17.246	0.018000000000000002
2455607.85811	17.22	0.018000000000000002
2455608.84668	17.289	0.024
2455611.84473	17.243	0.027999999999999997
2455612.85399	17.249000000000002	0.021
2455613.88506	17.184	0.024
2455615.84552	17.258	0.019
2455616.83965	17.244	0.022000000000000002
2455621.83067	17.22	0.016
2455622.78622	17.249000000000002	0.019
2455624.77501	17.238	0.016
2455626.8338599997	17.232	0.019
2455628.77455	17.192	0.024
2455629.77047	17.236	0.021
2455631.83534	17.234	0.019
2455632.86449	17.215	0.016
2455633.76363	17.218	0.018000000000000002
2455635.7951	17.207	0.021
2455637.7735599997	17.261	0.025
2455638.905	17.233	0.016
2455639.78815	17.239	0.019
2455641.88034	17.236	0.018000000000000002
2455643.87323	17.235	0.016
2455647.75985	17.23	0.016
2455648.8863	17.262	0.016
2455650.82545	17.229	0.013999999999999999
2455652.8121700003	17.247	0.013999999999999999
2455654.903	17.225	0.018000000000000002
2455656.87815	17.253	0.015
2455658.8733200002	17.255	0.016
2455659.92393	17.233	0.016
2455662.84613	17.22	0.016
2455664.92171	17.24	0.016
2455667.92793	17.246	0.016
2455670.80611	17.235	0.019
2455676.70274	17.25	0.009000000000000001
2455677.9244	17.224	0.015
2455680.82876	17.236	0.015
2455682.7067	17.246	0.018000000000000002
2455684.68377	17.246	0.016
2455686.67396	17.215999999999998	0.019
2455688.83377	17.238	0.016
2455690.89106	17.267	0.019
2455692.7838	17.243	0.016
2455693.88423	17.224	0.016
2455695.65008	17.230999999999998	0.018000000000000002
2455696.77285	17.202	0.016
2455697.85955	17.248	0.016
2455698.94273	17.316	0.047
2455702.5869	17.243	0.025
2455706.75873	17.238	0.019
2455707.90032	17.218	0.021
2455709.67423	17.271	0.013999999999999999
2455713.83562	17.257	0.015
2455715.89294	17.253	0.021
2455721.78273	17.24	0.015
2455723.61167	17.23	0.016
2455724.74089	17.247	0.016
2455726.65433	17.243	0.022000000000000002
2455729.7599400003	17.22	0.05
2455729.81813	17.183	0.05
2455735.8405400002	17.24	0.019
2455737.5264	17.211	0.016
2455738.63472	17.234	0.013999999999999999
2455739.79523	17.230999999999998	0.016
2455741.5	17.215999999999998	0.019
2455742.51039	17.22	0.018000000000000002
2455743.64413	17.237000000000002	0.018000000000000002
2455744.6643	17.239	0.016
2455745.74152	17.221	0.016
2455747.6336	17.267	0.021
2455749.67012	17.237000000000002	0.019
2455753.52676	17.267	0.042
2455759.81159	17.250999999999998	0.028999999999999998
2455760.50746	17.202	0.022000000000000002
2455762.72327	17.257	0.019
2455764.52767	17.230999999999998	0.015
2455765.67995	17.23	0.016
2455767.50268	17.222	0.018000000000000002
2455768.63807	17.215999999999998	0.015
2455769.7744	17.250999999999998	0.019
2455777.51084	17.237000000000002	0.015
2455779.70081	17.25	0.018000000000000002
2455784.4868900003	17.222	0.024
2455784.61808	17.223	0.019
2455786.52564	17.212	0.024
2455788.4765	17.250999999999998	0.021
2455790.6437	17.208	0.021
2455794.4964900003	17.239	0.018000000000000002
2455796.58773	17.230999999999998	0.018000000000000002
2455802.58159	17.236	0.019
2455805.61436	17.229	0.018000000000000002
2455812.64902	17.248	0.024
2455816.50556	17.233	0.016
2455818.5860599997	17.265	0.024
2455823.56535	17.239	0.021
2455824.57238	17.25	0.018000000000000002
2455825.57644	17.206	0.018000000000000002
2455826.5614	17.237000000000002	0.019
2455828.53761	17.232	0.016
2455830.51072	17.217	0.015
2455832.52943	17.229	0.015
2455834.55162	17.233	0.016
2455839.53138	17.247	0.022000000000000002
2455841.53113	17.241	0.024
2455843.53109	17.234	0.021
2455845.54405	17.269000000000002	0.025
2455851.49638	17.236	0.018000000000000002
2455854.5428299997	17.229	0.022000000000000002
2455860.5013900003	17.239	0.021
2455959.8772400003	17.225	0.021
2455962.86991	17.244	0.018000000000000002
2455963.88911	17.230999999999998	0.021
2455964.8845599997	17.227	0.022000000000000002
2455965.89181	17.234	0.021
2455968.8898	17.25	0.027999999999999997
2455969.87942	17.217	0.019
2455979.8365	17.232	0.018000000000000002
2455984.81519	17.21	0.016
2455987.8054299997	17.243	0.021
2455989.90267	17.215999999999998	0.022000000000000002
2455992.8473400003	17.241	0.015
2455995.7684	17.237000000000002	0.019
2455997.7900799997	17.261	0.018000000000000002
2455999.79557	17.203	0.019
2456002.76982	17.233	0.021
2456002.89114	17.277	0.018000000000000002
2456004.8409599997	17.222	0.015
2456006.8325	17.215999999999998	0.013999999999999999
2456008.76718	17.232	0.016
2456009.88978	17.213	0.013999999999999999
2456011.80207	17.24	0.016
2456013.75955	17.235	0.015
2456014.87315	17.230999999999998	0.015
2456016.77243	17.238	0.013999999999999999
2456017.88255	17.230999999999998	0.012
2456019.77831	17.294	0.018000000000000002
2456020.8533799998	17.248	0.012
2456021.91817	17.234	0.015
2456023.76138	17.219	0.015
2456024.74462	17.237000000000002	0.018000000000000002
2456025.81092	17.208	0.022000000000000002
2456032.77552	17.234	0.013999999999999999
2456034.74207	17.23	0.013999999999999999
2456037.73035	17.246	0.018000000000000002
2456039.77842	17.215999999999998	0.019
2456041.8254400003	17.239	0.015
2456048.71563	17.213	0.015
2456049.9179700003	17.253	0.015
2456052.7096700002	17.221	0.018000000000000002
2456053.85353	17.229	0.018000000000000002
2456057.69575	17.236	0.016
2456057.8551	17.243	0.015
2456058.8509299997	17.246	0.016
2456059.85016	17.229	0.013999999999999999
2456062.69881	17.272000000000002	0.016
2456064.6677	17.224	0.015
2456065.81743	17.233	0.015
2456066.6034	17.195999999999998	0.016
2456066.61784	17.248	0.016
2456066.74378	17.213	0.013999999999999999
2456067.6381	17.232	0.013999999999999999
2456068.7461900003	17.230999999999998	0.013999999999999999
2456069.91008	17.237000000000002	0.013999999999999999
2456071.60488	17.227	0.015
2456075.66397	17.246	0.013999999999999999
2456076.8017700003	17.213	0.015
2456078.65103	17.23	0.016
2456079.7198799998	17.215	0.013999999999999999
2456080.76598	17.217	0.015
2456081.81298	17.257	0.016
2456085.57702	17.214000000000002	0.021
2456086.5731	17.236	0.016
2456087.73366	17.211	0.018000000000000002
2456089.80779	17.274	0.016
2456093.67135	17.219	0.015
2456094.81832	17.258	0.018000000000000002
2456097.68122	17.239	0.018000000000000002
2456098.76508	17.219	0.015
2456100.71256	17.249000000000002	0.015
2456101.7437	17.225	0.013999999999999999
2456102.78227	17.245	0.015
2456103.83432	17.225	0.016
2456105.47896	17.242	0.024
2456108.57195	17.281	0.021
2456113.55107	17.266	0.019
2456114.63996	17.261	0.018000000000000002
2456115.6880900003	17.238	0.019
2456116.80144	17.224	0.016
2456118.4962400002	17.227999999999998	0.016
2456119.52368	17.227999999999998	0.016
2456120.6551	17.245	0.013999999999999999
2456121.6982299997	17.243	0.013999999999999999
2456124.48836	17.245	0.019
2456125.59279	17.243	0.015
2456126.7383	17.207	0.015
2456131.50701	17.214000000000002	0.016
2456133.586	17.241	0.016
2456135.56622	17.269000000000002	0.019
2456140.58608	17.224	0.022000000000000002
2456141.71196	17.238	0.021
2456147.59446	17.226	0.016
2456148.562	17.224	0.013999999999999999
2456151.58347	17.259	0.018000000000000002
2456154.4882400003	17.258	0.016
2456158.5770799997	17.248	0.016
2456160.59338	17.229	0.015
2456164.6616700003	17.23	0.021
2456167.5777	17.233	0.016
2456168.60737	17.232	0.015
2456169.58371	17.233	0.016
2456171.5865599997	17.255	0.018000000000000002
2456172.57313	17.227999999999998	0.015
2456175.56088	17.249000000000002	0.016
2456180.61718	17.201	0.022000000000000002
2456183.59632	17.230999999999998	0.013999999999999999
2456185.56965	17.235	0.015
2456186.5663099997	17.219	0.016
2456195.52335	17.273	0.016
2456197.48779	17.192	0.022000000000000002
2456201.5181	17.223	0.026000000000000002
2456205.49456	17.241	0.016
2456209.55664	17.172	0.022000000000000002
2456212.52261	17.241	0.016
2456216.53175	17.212	0.018000000000000002
2456221.54438	17.274	0.026000000000000002
2456226.52062	17.250999999999998	0.026000000000000002
2456343.8484799997	17.248	0.018000000000000002
2456348.85345	17.206	0.015
2456352.8397	17.248	0.015
2456358.87865	17.285	0.013999999999999999
2456360.83949	17.237000000000002	0.013999999999999999
2456362.8867200003	17.245	0.015
2456368.8655	17.259	0.015
2456370.8791400003	17.241	0.013999999999999999
2456373.84576	17.224	0.015
2456375.78689	17.24	0.013999999999999999
2456376.91866	17.219	0.016
2456378.87218	17.227999999999998	0.012
2456380.8081799997	17.235	0.013999999999999999
2456380.8318	17.225	0.015
2456382.77177	17.189	0.031
2456386.89766	17.242	0.019
2456388.80028	17.225	0.013999999999999999
2456389.89965	17.227999999999998	0.016
2456391.79826	17.243	0.018000000000000002
2456394.83747	17.250999999999998	0.018000000000000002
2456396.8231200003	17.238	0.012
2456398.77165	17.238	0.013999999999999999
2456400.74888	17.227999999999998	0.013999999999999999
2456402.7223400003	17.236	0.015
2456403.90703	17.206	0.013999999999999999
2456406.84361	17.315	0.025
2456408.79936	17.238	0.022000000000000002
2456416.6606900003	17.222	0.015
2456417.85718	17.212	0.015
2456419.70183	17.225	0.013999999999999999
2456420.81438	17.246	0.012
2456423.6502799997	17.256	0.016
2456424.81016	17.236	0.013999999999999999
2456428.66205	17.227999999999998	0.018000000000000002
2456431.79101	17.242	0.013999999999999999
2456432.8936900003	17.226	0.021
2456434.71488	17.237000000000002	0.015
2456435.85102	17.273	0.016
2456436.92146	17.243	0.019
2456441.90506	17.25	0.024
2456443.679	17.266	0.012
2456445.75028	17.235	0.015
2456446.66299	17.284000000000002	0.012
2456447.73803	17.224	0.013999999999999999
2456448.77031	17.252	0.013999999999999999
2456449.8130799998	17.256	0.015
2456450.8635299997	17.237000000000002	0.015
2456452.53405	17.247	0.013999999999999999
2456454.63971	17.219	0.013999999999999999
2456455.80838	17.266	0.013999999999999999
2456457.76544	17.26	0.012
2456458.82989	17.232	0.013999999999999999
2456459.87452	17.22	0.015
2456461.7925299997	17.229	0.013999999999999999
2456463.63597	17.227999999999998	0.016
2456464.74372	17.232	0.019
2456469.53174	17.209	0.016
2456472.6746	17.259	0.018000000000000002
2456473.80767	17.225	0.018000000000000002
2456475.50367	17.249000000000002	0.016
2456476.57111	17.245	0.015
2456477.6579299998	17.223	0.016
2456479.67802	17.230999999999998	0.018000000000000002
2456481.48878	17.219	0.016
2456484.48481	17.217	0.015
2456486.50404	17.232	0.016
2456487.59103	17.207	0.012
2456491.52963	17.227999999999998	0.018000000000000002
2456497.68979	17.234	0.019
2456499.47258	17.232	0.016
2456501.69624	17.238	0.013999999999999999
2456505.75155	17.221	0.018000000000000002
2456508.62063	17.244	0.013999999999999999
2456510.5180900004	17.254	0.013999999999999999
2456512.72553	17.223	0.016
2456516.50025	17.226	0.016
2456519.60243	17.253	0.015
2456524.54094	17.18	0.016
2456528.58124	17.252	0.016
2456532.59741	17.253	0.015
2456536.51266	17.23	0.015
2456541.59403	17.236	0.013999999999999999
2456545.6361599998	17.218	0.015
2456556.6203099997	17.253	0.024
2456561.5332299997	17.209	0.016
2456564.53006	17.239	0.015
2456568.52526	17.245	0.021
2456570.57809	17.225	0.021
2456573.53473	17.250999999999998	0.016
2456578.4972099997	17.237000000000002	0.018000000000000002
2456697.85028	17.232	0.015
2456741.83248	17.227	0.013999999999999999
2456741.92108	17.236	0.016
2456744.85651	17.237000000000002	0.012
2456746.76583	17.221	0.013999999999999999
2456749.89968	17.262999999999998	0.012
2456752.78432	17.237000000000002	0.012
2456755.84443	17.234	0.015
2456757.8341200002	17.226	0.013999999999999999
2456759.85928	17.249000000000002	0.011000000000000001
2456761.79153	17.21	0.013999999999999999
2456763.77519	17.215999999999998	0.013999999999999999
2456768.90228	17.23	0.012
2456770.74551	17.233	0.015
2456771.91782	17.282	0.015
2456773.8075099997	17.226	0.019
2456775.73119	17.246	0.012
2456776.91998	17.252	0.016
2456784.86248	17.236	0.018000000000000002
2456785.8472700003	17.241	0.015
2456786.88005	17.227999999999998	0.016
2456789.7702200003	17.222	0.015
2456790.8555099997	17.250999999999998	0.019
2456791.91182	17.218	0.018000000000000002
2456796.6241900004	17.226	0.018000000000000002
2456797.72188	17.254	0.019
2456799.8621900002	17.203	0.022000000000000002
2456804.56983	17.242	0.016
2456805.62393	17.236	0.018000000000000002
2456806.91319	17.221	0.024
2456808.63177	17.213	0.018000000000000002
2456809.66846	17.248	0.015
2456810.71099	17.223	0.015
2456811.73503	17.230999999999998	0.016
2456813.85777	17.226	0.016
2456815.5855799997	17.211	0.019
2456816.65063	17.219	0.019
2456817.75344	17.248	0.016
2456819.62097	17.218	0.019
2456823.83308	17.223	0.019
2456824.87472	17.206	0.025
2456825.8922099997	17.238	0.021
2456827.5478	17.213	0.016
2456828.59475	17.24	0.013999999999999999
2456829.59304	17.222	0.018000000000000002
2456830.61535	17.237000000000002	0.013999999999999999
2456831.7625700003	17.25	0.015
2456832.79514	17.221	0.016
2456833.85384	17.232	0.019
2456835.52023	17.230999999999998	0.021
2456836.55245	17.227	0.018000000000000002
2456837.56967	17.230999999999998	0.013999999999999999
2456838.56751	17.233	0.019
2456839.58061	17.233	0.018000000000000002
2456840.63512	17.235	0.019
2456841.75028	17.238	0.016
2456842.7939400002	17.218	0.019
2456844.82555	17.215999999999998	0.018000000000000002
2456845.80889	17.207	0.016
2456847.7556	17.241	0.018000000000000002
2456851.75809	17.229	0.021
2456855.4881700003	17.209	0.016
2456856.51904	17.218	0.015
2456857.5616	17.234	0.015
2456858.64363	17.227	0.013999999999999999
2456862.5880400003	17.234	0.016
2456863.6793299997	17.226	0.015
2456864.75815	17.235	0.016
2456871.73426	17.205	0.021
2456874.7297900002	17.2	0.021
2456878.5660200003	17.218	0.025
2456880.6608700003	17.225	0.028999999999999998
2456882.5978099997	17.245	0.016
2456885.5331599996	17.22	0.016
2456886.68683	17.221	0.019
2456888.61081	17.246	0.015
2456890.54672	17.222	0.016
2456895.48392	17.233	0.016
2456898.51684	17.239	0.016
2456907.64763	17.232	0.021
2456912.60138	17.230999999999998	0.019
2456918.50708	17.25	0.019
2456922.5884700003	17.205	0.019
2456925.6020400003	17.214000000000002	0.019
2456928.60566	17.234	0.022000000000000002
2456932.54745	17.287	0.028999999999999998
2456938.50712	17.218	0.021
2456942.55461	17.234	0.022000000000000002
2457063.87096	17.214000000000002	0.019
2457069.86227	17.242	0.015
2457071.88657	17.237000000000002	0.015
2457075.88773	17.241	0.019
2457077.8728400003	17.268	0.018000000000000002
2457079.8169400003	17.23	0.022000000000000002
2457082.8061	17.205	0.021
2457083.87324	17.208	0.015
2457086.83308	17.234	0.018000000000000002
2457088.8753299997	17.235	0.016
2457090.89792	17.24	0.013999999999999999
2457092.90584	17.241	0.018000000000000002
2457098.82845	17.257	0.015
2457100.83206	17.227999999999998	0.015
2457102.89983	17.233	0.015
2457110.83392	17.243	0.013999999999999999
2457112.78921	17.230999999999998	0.018000000000000002
2457114.9153	17.227	0.015
2457116.91334	17.23	0.016
2457118.91465	17.221	0.016
2457120.88142	17.232	0.015
2457126.83237	17.224	0.013999999999999999
2457130.7489099996	17.264	0.015
2457131.90776	17.24	0.015
2457134.7281	17.234	0.015
2457135.8865900002	17.269000000000002	0.013999999999999999
2457137.73091	17.234	0.013999999999999999
2457138.85763	17.223	0.013999999999999999
2457140.71454	17.237000000000002	0.016
2457141.84195	17.245	0.013999999999999999
2457143.66775	17.233	0.018000000000000002
2457144.7734	17.23	0.018000000000000002
2457146.69337	17.229	0.018000000000000002
2457147.7126700003	17.245	0.021
2457152.86615	17.211	0.016
2457153.91323	17.237000000000002	0.015
2457155.69982	17.233	0.015
2457156.80412	17.227	0.013999999999999999
2457158.72782	17.226	0.015
2457159.78453	17.247	0.015
2457160.86222	17.239	0.015
2457161.93547	17.233	0.018000000000000002
2457163.6436	17.225	0.016
2457164.77765	17.246	0.013999999999999999
2457166.8475200003	17.245	0.016
2457169.8201599997	17.25	0.013999999999999999
2457170.85667	17.227999999999998	0.016
2457172.90388	17.262	0.018000000000000002
2457173.92967	17.227999999999998	0.019
2457174.91684	17.23	0.022000000000000002
2457178.66286	17.222	0.016
2457179.88085	17.218	0.021
2457180.88187	17.229	0.018000000000000002
2457181.8977	17.222	0.018000000000000002
2457182.91622	17.254	0.018000000000000002
2457183.921	17.267	0.021
2457185.57145	17.219	0.016
2457186.6338400003	17.202	0.021
2457187.7534	17.225	0.015
2457188.7705	17.250999999999998	0.019
2457189.8531	17.250999999999998	0.018000000000000002
2457191.59601	17.287	0.019
2457194.53959	17.247	0.015
2457197.63547	17.255	0.015
2457198.66865	17.230999999999998	0.015
2457199.66356	17.247	0.013999999999999999
2457200.66004	17.24	0.012
2457206.53229	17.221	0.024
2457207.56068	17.229	0.018000000000000002
2457209.7003599997	17.250999999999998	0.018000000000000002
2457211.68021	17.237000000000002	0.015
2457214.65283	17.211	0.013999999999999999
2457219.5802	17.252	0.016
2457220.71462	17.234	0.013999999999999999
2457221.74401	17.226	0.016
2457223.53559	17.235	0.018000000000000002
2457224.60242	17.227	0.021
2457226.53247	17.19	0.018000000000000002
2457227.54432	17.235	0.013999999999999999
2457228.6011900003	17.245	0.015
2457229.66668	17.241	0.016
2457233.48822	17.23	0.022000000000000002
2457236.61484	17.215	0.018000000000000002
2457250.64216	17.227999999999998	0.016
2457253.67001	17.235	0.018000000000000002
2457257.5565299997	17.254	0.019
2457261.58257	17.218	0.021
2457264.53904	17.234	0.018000000000000002
2457267.52395	17.230999999999998	0.016
2457269.52037	17.232	0.015
2457271.53686	17.208	0.016
2457275.56715	17.229	0.021
2457278.52886	17.252	0.024
2457291.55088	17.274	0.028999999999999998
2457294.58815	17.248	0.032
2457437.8977200002	17.252	0.021
2457440.8694	17.203	0.016
2457444.90143	17.230999999999998	0.019
2457447.82606	17.266	0.016
2457451.83242	17.215	0.016
2457452.91223	17.21	0.016
2457455.86821	17.256	0.015
2457457.89573	17.224	0.015
2457460.90496	17.246	0.013999999999999999
2457462.91051	17.256	0.016
2457465.87265	17.224	0.013999999999999999
2457470.77899	17.262999999999998	0.021
2457471.87621	17.259	0.018000000000000002
2457475.76714	17.249000000000002	0.032
2457480.9219	17.266	0.026000000000000002
2457485.8405299997	17.238	0.013999999999999999
2457487.74583	17.256	0.016
2457488.87175	17.230999999999998	0.013999999999999999
2457491.8807200002	17.250999999999998	0.013999999999999999
2457492.8851	17.242	0.013999999999999999
2457493.8726	17.237000000000002	0.013999999999999999
2457494.8588799997	17.243	0.013999999999999999
2457495.83705	17.269000000000002	0.015
2457498.73393	17.225	0.021
2457499.72656	17.226	0.019
2457499.92771	17.256	0.018000000000000002
2457500.8697599997	17.236	0.019
2457508.6723	17.238	0.015
2457509.78962	17.244	0.015
2457511.8645	17.237000000000002	0.013999999999999999
2457522.7777	17.256	0.016
2457526.66868	17.253	0.019
2457528.90413	17.24	0.021
2457534.68787	17.239	0.016
2457536.68037	17.219	0.015
2457545.84167	17.23	0.015
2457546.86565	17.23	0.021
2457547.53043	17.236	0.022000000000000002
2457547.81673	17.253	0.015
2457549.72087	17.255	0.013999999999999999
2457550.67911	17.256	0.016
2457554.6291400003	17.248	0.016
2457555.76842	17.236	0.015
2457557.7140200003	17.237000000000002	0.019
2457560.7770700003	17.282	0.027999999999999997
2457561.86333	17.238	0.025
2457562.5089	17.230999999999998	0.021
2457566.72997	17.244	0.016
2457567.67225	17.230999999999998	0.016
2457568.48213	17.219	0.022000000000000002
2457568.6455599996	17.255	0.016
2457569.51047	17.256	0.022000000000000002
2457569.6860599997	17.241	0.016
2457573.60744	17.237000000000002	0.016
2457575.53852	17.23	0.018000000000000002
2457575.71717	17.223	0.013999999999999999
2457576.48285	17.229	0.016
2457576.6754900003	17.237000000000002	0.013999999999999999
2457576.81636	17.241	0.016
2457579.64824	17.234	0.015
2457581.79391	17.234	0.016
2457584.5037	17.247	0.021
2457584.64653	17.236	0.019
2457584.7987900004	17.252	0.018000000000000002
2457589.60068	17.258	0.019
2457589.7599	17.221	0.026000000000000002
2457590.55045	17.222	0.015
2457590.69825	17.252	0.016
2457593.47523	17.213	0.018000000000000002
2457593.64081	17.249000000000002	0.015
2457593.77954	17.249000000000002	0.015
2457596.55838	17.230999999999998	0.012
2457599.49725	17.244	0.019
2457599.56476	17.230999999999998	0.019
2457599.63905	17.221	0.016
2457599.67362	17.248	0.016
2457600.49663	17.225	0.021
2457600.5062599997	17.256	0.021
2457600.6000099997	17.224	0.018000000000000002
2457600.72677	17.174	0.013999999999999999
2457601.68984	17.222	0.015
2457601.72737	17.24	0.015
2457602.5459	17.252	0.019
2457602.70505	17.221	0.016
2457603.51461	17.227999999999998	0.015
2457604.5378099997	17.245	0.015
2457605.56929	17.239	0.016
2457607.50696	17.230999999999998	0.018000000000000002
2457608.6389900004	17.267	0.013999999999999999
2457610.47777	17.226	0.018000000000000002
2457612.50067	17.23	0.019
2457616.5512099997	17.244	0.018000000000000002
2457617.69517	17.242	0.024
2457621.49299	17.229	0.018000000000000002
2457622.68672	17.265	0.015
2457624.591	17.236	0.016
2457626.59728	17.258	0.016
2457631.6028	17.232	0.015
2457634.51618	17.188	0.019
2457637.50991	17.268	0.018000000000000002
2457639.60865	17.218	0.015
2457647.5676599997	17.249000000000002	0.018000000000000002
2457650.49607	17.236	0.015
2457650.60641	17.252	0.019
2457651.51134	17.24	0.016
2457652.49855	17.219	0.013999999999999999
2457653.49797	17.230999999999998	0.015
2457653.5753599997	17.237000000000002	0.015
2457654.5026	17.232	0.018000000000000002
2457655.49932	17.226	0.016
2457656.50073	17.236	0.018000000000000002
2457656.5344599998	17.235	0.018000000000000002
2457657.5466400003	17.235	0.016
2457658.50327	17.26	0.016
2457659.50383	17.243	0.018000000000000002
2457660.49973	17.257	0.021
2457661.5013099997	17.257	0.019
2457662.5013900003	17.24	0.019
2457662.5441799997	17.245	0.019
2457664.5001	17.208	0.021
2457664.52941	17.212	0.022000000000000002
2457665.50402	17.227999999999998	0.021
2457666.5023	17.25	0.021
2457667.50739	17.213	0.019
2457671.48855	17.221	0.022000000000000002
2457672.48993	17.225	0.019
2457673.4964900003	17.232	0.019
2457675.49295	17.226	0.026000000000000002
2457682.49237	17.223	0.024
2457683.49158	17.214000000000002	0.026000000000000002
2457791.87874	17.169	0.016
2457792.88154	17.137999999999998	0.018000000000000002
2457793.8730099997	17.145	0.015
2457794.8799900003	17.144000000000002	0.022000000000000002
2457795.86121	17.125	0.024
2457797.8704	17.094	0.019
2457799.89115	17.116	0.021
2457801.8701400002	17.090999999999998	0.018000000000000002
2457803.88196	17.079	0.019
2457809.86675	17.023	0.015
2457812.83515	16.977	0.013999999999999999
2457815.8645900004	16.93	0.013999999999999999
2457818.80692	16.915	0.013999999999999999
2457820.8407400004	16.869	0.012
2457822.85008	16.859	0.015
2457824.8761400003	16.855999999999998	0.015
2457826.87127	16.835	0.013999999999999999
2457828.85872	16.85	0.012
2457830.87554	16.833	0.018000000000000002
2457834.83061	16.862000000000002	0.012
2457836.7546200003	16.887	0.018000000000000002
2457837.827	16.915	0.012
2457838.89971	16.919	0.012
2457840.7724200003	16.94	0.015
2457841.84596	16.955	0.015
2457842.8879	16.961	0.012
2457844.72984	16.986	0.013999999999999999
2457845.76925	17.003	0.013999999999999999
2457846.8321	17.024	0.013999999999999999
2457847.8684900003	17.05	0.013999999999999999
2457848.89953	17.064	0.013999999999999999
2457850.713	17.067999999999998	0.016
2457851.7458599997	17.057000000000002	0.016
2457852.8676400003	17.085	0.016
2457854.8013299997	17.101	0.015
2457855.8392	17.113	0.016
2457856.86749	17.118	0.021
2457862.7453099997	17.147000000000002	0.016
2457863.83049	17.14	0.013999999999999999
2457864.80933	17.17	0.012
2457865.80385	17.183	0.012
2457866.82449	17.18	0.012
2457867.84444	17.164	0.013999999999999999
2457869.66904	17.17	0.016
2457870.69899	17.180999999999997	0.013999999999999999
2457871.71947	17.186	0.013999999999999999
2457872.73528	17.208	0.013999999999999999
2457873.73017	17.176	0.013999999999999999
2457874.70555	17.184	0.016
2457875.8012900003	17.208	0.012
2457876.7505799998	17.201	0.015
2457877.73615	17.217	0.013999999999999999
2457878.77453	17.208	0.013999999999999999
2457879.73855	17.199	0.019
2457880.78325	17.19	0.019
2457881.8805299997	17.206	0.024
2457882.88693	17.201	0.019
2457890.8333900003	17.223	0.018000000000000002
2457893.79903	17.224	0.016
2457894.66964	17.189	0.015
2457894.9215599997	17.211	0.019
2457897.72712	17.202	0.016
2457901.83399	17.238	0.016
2457902.80027	17.219	0.016
2457903.8774	17.222	0.018000000000000002
2457904.79365	17.232	0.015
2457905.64755	17.232	0.015
2457905.91942	17.252	0.016
2457906.80547	17.209	0.015
2457907.69282	17.244	0.016
2457908.6441200003	17.227	0.016
2457908.89836	17.211	0.018000000000000002
2457909.775	17.221	0.016
2457910.55285	17.219	0.021
2457910.8168200003	17.213	0.015
2457911.68351	17.247	0.019
2457916.64713	17.244	0.018000000000000002
2457916.86436	17.230999999999998	0.022000000000000002
2457917.71674	17.234	0.018000000000000002
2457918.59043	17.230999999999998	0.019
2457922.6682	17.24	0.016
2457923.70133	17.222	0.021
2457924.5194900003	17.227	0.018000000000000002
2457924.76934	17.244	0.015
2457925.66659	17.249000000000002	0.013999999999999999
2457926.59007	17.224	0.018000000000000002
2457928.6688	17.222	0.018000000000000002
2457932.70693	17.232	0.021
2457933.56755	17.238	0.022000000000000002
2457934.51292	17.213	0.018000000000000002
2457934.75863	17.269000000000002	0.016
2457935.60113	17.236	0.015
2457936.48405	17.24	0.021
2457936.76071	17.253	0.016
2457937.57343	17.245	0.018000000000000002
2457937.83032	17.23	0.021
2457944.4983	17.243	0.021
2457944.592	17.214000000000002	0.018000000000000002
2457944.71395	17.247	0.018000000000000002
2457945.46369	17.237000000000002	0.026000000000000002
2457945.6849599998	17.23	0.015
2457946.5323900003	17.208	0.015
2457946.79017	17.227	0.019
2457947.74034	17.224	0.018000000000000002
2457948.61658	17.22	0.016
2457949.5598	17.262999999999998	0.019
2457952.70163	17.229	0.016
2457953.60353	17.224	0.015
2457953.61888	17.222	0.015
2457954.50091	17.239	0.015
2457954.79932	17.256	0.016
2457956.6178599996	17.246	0.015
2457957.68789	17.225	0.016
2457958.71251	17.237000000000002	0.018000000000000002
2457959.60934	17.227	0.015
2457960.49662	17.218	0.016
2457960.77405	17.232	0.016
2457961.76998	17.215999999999998	0.018000000000000002
2457964.53208	17.244	0.016
2457965.6357299997	17.242	0.016
2457966.59425	17.230999999999998	0.018000000000000002
2457967.63829	17.233	0.024
2457971.50573	17.223	0.019
2457971.60598	17.255	0.021
2457971.6982	17.226	0.018000000000000002
2457972.63641	17.256	0.021
2457973.5520599997	17.23	0.025
2457974.54055	17.217	0.016
2457975.62104	17.249000000000002	0.022000000000000002
2457980.48741	17.254	0.021
2457981.57867	17.239	0.016
2457982.6159	17.212	0.018000000000000002
2457984.48282	17.226	0.021
2457985.5528	17.235	0.022000000000000002
2457986.65719	17.227	0.016
2457990.53023	17.22	0.018000000000000002
2457991.60737	17.234	0.019
2457993.47354	17.206	0.021
2457994.53552	17.211	0.019
2457998.52581	17.252	0.022000000000000002
2457998.62915	17.215	0.024
2458000.55353	17.214000000000002	0.019
2458001.50691	17.232	0.016
2458002.6391	17.21	0.031
2458005.50781	17.226	0.024
2458010.53622	17.258	0.019
2458013.49808	17.252	0.016
2458015.52317	17.23	0.024
2458018.4836	17.235	0.022000000000000002
2458021.4799599997	17.24	0.026000000000000002
2458026.54266	17.175	0.018000000000000002
2458032.543	17.227	0.024
2458035.52705	17.213	0.022000000000000002
