2455397.70676	16.861	0.016
2455405.66048	16.868	0.015
2455409.5002200003	16.859	0.012
2455434.49816	16.881	0.017
2455439.5980599998	16.868	0.016
2455447.53577	16.87	0.012
2455460.59967	16.869	0.025
2455465.54659	16.854	0.018000000000000002
2455473.50999	16.855999999999998	0.016
2455492.5260099997	16.866	0.022000000000000002
2455604.89036	16.87	0.02
2455608.88534	16.874000000000002	0.016
2455611.8769400003	16.861	0.015
2455614.83487	16.86	0.015
2455620.82702	16.861	0.013000000000000001
2455623.86216	16.889	0.011000000000000001
2455624.80428	16.838	0.013000000000000001
2455625.8015400004	16.869	0.013000000000000001
2455627.7905599996	16.874000000000002	0.013000000000000001
2455629.80475	16.889	0.013000000000000001
2455630.8411	16.866	0.012
2455632.8002299997	16.869	0.015
2455634.77917	16.85	0.012
2455635.81612	16.883	0.015
2455638.77513	16.861	0.016
2455639.79101	16.887	0.015
2455640.8450700003	16.87	0.015
2455642.86225	16.887	0.013000000000000001
2455644.82746	16.868	0.013000000000000001
2455647.81647	16.852	0.012
2455649.84934	16.881	0.011000000000000001
2455651.78328	16.877	0.012
2455653.91007	16.87	0.011000000000000001
2455655.8482	16.866	0.011000000000000001
2455657.88033	16.863	0.011000000000000001
2455659.76756	16.882	0.012
2455660.8637900003	16.879	0.013000000000000001
2455664.74702	16.866	0.016
2455665.8681799998	16.885	0.012
2455675.83739	16.859	0.015
2455679.92721	16.872	0.013000000000000001
2455683.6893599997	16.873	0.012
2455686.8522900003	16.859	0.012
2455694.86827	16.879	0.013000000000000001
2455697.7278	16.868	0.015
2455702.64983	16.86	0.019
2455707.59503	16.879	0.013000000000000001
2455712.5631	16.877	0.02
2455715.9089	16.844	0.015
2455723.56513	16.874000000000002	0.012
2455726.57095	16.896	0.017
2455735.73616	16.883	0.012
2455742.7094900003	16.855	0.011000000000000001
2455745.75598	16.855	0.012
2455749.54415	16.883	0.013000000000000001
2455760.61627	16.889	0.015
2455769.49002	16.86	0.013000000000000001
2455784.56304	16.845	0.013000000000000001
2455784.66342	16.85	0.015
2455786.52738	16.851	0.019
2455790.6203799997	16.848	0.016
2455795.54629	16.892	0.016
2455803.59546	16.862000000000002	0.016
2455815.53597	16.869	0.012
2455819.5709599997	16.865	0.015
2455822.54395	16.87	0.015
2455827.53866	16.917	0.018000000000000002
2455829.50152	16.878	0.015
2455831.5211	16.861	0.012
2455833.52751	16.858	0.012
2455840.5230900003	16.864	0.016
2455842.49903	16.87	0.022000000000000002
2455844.51766	16.845	0.016
2455846.55956	16.873	0.02
2455852.4981	16.87	0.019
2455977.8350299997	16.874000000000002	0.015
2455982.8379599997	16.874000000000002	0.012
2455985.86809	16.863	0.011000000000000001
2455988.8538599997	16.855999999999998	0.013000000000000001
2455991.79722	16.887999999999998	0.017
2455993.86852	16.875	0.013000000000000001
2455998.77963	16.86	0.016
2456002.85028	16.877	0.018000000000000002
2456005.80889	16.884	0.012
2456007.78686	16.872	0.011000000000000001
2456008.90172	16.854	0.011000000000000001
2456010.835	16.852999999999998	0.01
2456012.77619	16.865	0.011000000000000001
2456015.80389	16.866	0.01
2456016.9161799997	16.848	0.011000000000000001
2456018.81299	16.861	0.013000000000000001
2456019.9143	16.855	0.01
2456021.7547400002	16.891	0.012
2456022.81683	16.852999999999998	0.011000000000000001
2456023.90605	16.85	0.013000000000000001
2456024.89733	16.852999999999998	0.012
2456033.7143	16.855	0.013000000000000001
2456037.77295	16.877	0.012
2456040.92624	16.852999999999998	0.012
2456051.74684	16.875999999999998	0.012
2456057.7511400003	16.886	0.019
2456057.89043	16.852999999999998	0.013000000000000001
2456061.8690400003	16.849	0.012
2456064.8622	16.877	0.012
2456067.6268	16.851	0.011000000000000001
2456069.72405	16.854	0.011000000000000001
2456071.69781	16.886	0.01
2456076.74125	16.86	0.011000000000000001
2456078.87736	16.843	0.012
2456080.84158	16.859	0.013000000000000001
2456086.62782	16.867	0.012
2456089.68524	16.871	0.011000000000000001
2456093.86136	16.889	0.016
2456097.68321	16.86	0.013000000000000001
2456100.5455099996	16.862000000000002	0.015
2456101.8702700003	16.872	0.016
2456103.76643	16.861	0.012
2456103.78682	16.855999999999998	0.011000000000000001
2456105.7247099997	16.863	0.011000000000000001
2456113.7407299997	16.865	0.015
2456115.74253	16.868	0.015
2456117.72407	16.852999999999998	0.011000000000000001
2456119.66518	16.871	0.011000000000000001
2456121.67422	16.862000000000002	0.01
2456124.74093	16.859	0.011000000000000001
2456127.49718	16.873	0.012
2456132.6438599997	16.875999999999998	0.013000000000000001
2456135.71308	16.831	0.012
2456140.70425	16.859	0.017
2456147.66468	16.865	0.015
2456151.63847	16.875999999999998	0.013000000000000001
2456158.59305	16.847	0.012
2456161.68382	16.844	0.012
2456169.58578	16.838	0.012
2456179.5041400003	16.868	0.016
2456183.50779	16.88	0.01
2456191.54817	16.852	0.013000000000000001
2456196.48605	16.869	0.013000000000000001
2456198.5565299997	16.871	0.017
2456203.58698	16.898	0.02
2456210.57347	16.847	0.013000000000000001
2456213.51358	16.869	0.015
2456217.57888	16.868	0.015
2456340.85894	16.87	0.011000000000000001
2456345.8525900003	16.846	0.011000000000000001
2456350.82741	16.874000000000002	0.013000000000000001
2456353.86037	16.875	0.012
2456361.86229	16.883	0.011000000000000001
2456367.82712	16.896	0.01
2456369.8478599996	16.855	0.01
2456371.84927	16.858	0.011000000000000001
2456372.84178	16.87	0.011000000000000001
2456374.80304	16.866	0.011000000000000001
2456376.7599299997	16.857	0.012
2456377.88948	16.864	0.01
2456381.7906400003	16.855	0.011000000000000001
2456382.89128	16.855	0.017
2456387.82195	16.844	0.011000000000000001
2456389.72029	16.857	0.012
2456390.81566	16.86	0.011000000000000001
2456391.74863	16.875	0.012
2456398.8624299997	16.86	0.01
2456401.90538	16.881	0.011000000000000001
2456419.8917799997	16.848	0.012
2456423.68654	16.873	0.011000000000000001
2456426.87308	16.862000000000002	0.011000000000000001
2456431.92748	16.913	0.015
2456434.7032	16.852	0.012
2456436.75973	16.863	0.011000000000000001
2456447.7155	16.873	0.01
2456451.5850400003	16.865	0.011000000000000001
2456454.58683	16.863	0.012
2456456.7527799997	16.86	0.01
2456458.88114	16.855999999999998	0.013000000000000001
2456461.64279	16.838	0.012
2456463.7877700003	16.844	0.011000000000000001
2456473.78252	16.844	0.012
2456475.73838	16.866	0.011000000000000001
2456477.7138400003	16.863	0.012
2456480.73702	16.86	0.011000000000000001
2456485.53505	16.855	0.011000000000000001
2456487.65637	16.864	0.01
2456490.7416	16.848	0.011000000000000001
2456496.5589900003	16.848	0.016
2456498.7548599998	16.896	0.012
2456505.55497	16.875	0.011000000000000001
2456508.69251	16.855	0.01
2456511.67543	16.9	0.013000000000000001
2456518.5837	16.858	0.01
2456524.6069099996	16.828	0.011000000000000001
2456532.49797	16.886	0.013000000000000001
2456539.48557	16.85	0.011000000000000001
2456546.52932	16.913	0.016
2456560.54465	16.862000000000002	0.012
2456565.55667	16.878	0.012
2456569.52768	16.877	0.011000000000000001
2456572.49156	16.867	0.015
2456579.56184	16.865	0.019
2456580.51275	16.885	0.018000000000000002
2456584.49717	16.868	0.016
2456700.87475	16.873	0.011000000000000001
2456708.83435	16.86	0.012
2456719.86725	16.85	0.011000000000000001
2456724.81965	16.848	0.015
2456726.81	16.868	0.011000000000000001
2456728.81213	16.85	0.01
2456730.7848900002	16.865	0.016
2456734.79347	16.847	0.012
2456744.80932	16.881	0.011000000000000001
2456754.80881	16.859	0.017
2456757.88179	16.867	0.011000000000000001
2456764.693	16.859	0.013000000000000001
2456768.93395	16.866	0.016
2456771.77338	16.863	0.01
2456773.9229099997	16.862000000000002	0.011000000000000001
2456776.87862	16.866	0.011000000000000001
2456798.8542299997	16.862000000000002	0.017
2456804.7409200002	16.875999999999998	0.015
2456806.9021400004	16.859	0.017
2456808.8690299997	16.87	0.013000000000000001
2456813.76948	16.865	0.012
2456815.75053	16.845	0.012
2456819.76276	16.872	0.02
2456828.55052	16.854	0.012
2456829.7944	16.871	0.013000000000000001
2456831.81104	16.840999999999998	0.012
2456833.75492	16.857	0.013000000000000001
2456837.54239	16.861	0.012
2456838.78244	16.869	0.013000000000000001
2456840.69195	16.852	0.015
2456842.70615	16.85	0.012
2456847.75722	16.851	0.015
2456852.6839099997	16.877	0.022000000000000002
2456862.75311	16.864	0.013000000000000001
2456864.75983	16.848	0.013000000000000001
2456873.54151	16.875999999999998	0.017
2456879.66896	16.858	0.017
2456882.6301	16.842	0.012
2456886.56573	16.865	0.012
2456888.70789	16.878	0.015
2456891.66301	16.863	0.015
2456907.6055400004	16.848	0.015
2456915.61165	16.878	0.015
2456923.59472	16.852	0.018000000000000002
2456928.56453	16.852	0.015
2456937.55216	16.825	0.017
2456942.51138	16.866	0.015
2457085.89964	16.854	0.012
2457088.7952099997	16.862000000000002	0.013000000000000001
2457098.78038	16.855	0.012
2457100.76585	16.852999999999998	0.013000000000000001
2457110.78885	16.840999999999998	0.01
2457112.73671	16.883	0.017
2457115.7530900002	16.875999999999998	0.013000000000000001
2457133.89023	16.878	0.013000000000000001
2457136.72308	16.849	0.012
2457140.92661	16.855999999999998	0.012
2457143.71437	16.867	0.013000000000000001
2457146.71946	16.865	0.013000000000000001
2457147.9341700003	16.873	0.02
2457174.5726	16.883	0.019
2457178.67147	16.85	0.015
2457178.84292	16.855	0.015
2457179.59535	16.87	0.017
2457183.92282	16.857	0.016
2457187.83291	16.873	0.012
2457189.8111	16.865	0.012
2457194.61975	16.867	0.012
2457199.87837	16.864	0.015
2457207.53353	16.877	0.015
2457214.67311	16.871	0.011000000000000001
2457222.47986	16.843	0.013000000000000001
2457224.50129	16.863	0.012
2457226.67555	16.867	0.011000000000000001
2457228.60287	16.85	0.011000000000000001
2457233.6955	16.86	0.025
2457255.5757	16.857	0.013000000000000001
2457263.51896	16.86	0.012
2457267.52569	16.864	0.013000000000000001
2457270.5435900004	16.85	0.011000000000000001
2457275.64189	16.908	0.02
2457284.57626	16.875	0.012
2457294.53522	16.863	0.018000000000000002
2457299.5665	16.863	0.015
2457312.50007	16.825	0.017
2457415.87102	16.838	0.017
2457416.86973	16.849	0.019
2457424.86051	16.852999999999998	0.012
2457425.85562	16.886	0.016
2457426.85703	16.878	0.018000000000000002
2457427.84913	16.867	0.017
2457428.84486	16.879	0.012
2457428.88542	16.88	0.015
2457432.84367	16.852999999999998	0.013000000000000001
2457433.8418099997	16.884	0.013000000000000001
2457434.88524	16.849	0.013000000000000001
2457436.85541	16.879	0.015
2457437.8819	16.863	0.011000000000000001
2457439.8283700002	16.875	0.018000000000000002
2457440.8407099997	16.859	0.013000000000000001
2457441.87957	16.859	0.012
2457443.81835	16.886	0.019
2457444.81706	16.866	0.016
2457445.87707	16.855999999999998	0.011000000000000001
2457446.88902	16.849	0.011000000000000001
2457447.88708	16.837	0.012
2457448.9009599998	16.855999999999998	0.011000000000000001
2457451.83672	16.864	0.017
2457453.8689900003	16.877	0.01
2457455.81995	16.859	0.012
2457456.82609	16.843	0.012
2457457.82164	16.871	0.013000000000000001
2457458.81685	16.883	0.012
2457460.81745	16.863	0.012
2457461.8166400003	16.867	0.011000000000000001
2457462.80362	16.883	0.012
2457463.83057	16.858	0.011000000000000001
2457465.77255	16.881	0.012
2457465.9010099997	16.85	0.012
2457470.79211	16.834	0.013000000000000001
2457471.75697	16.88	0.017
2457471.8878099998	16.849	0.012
2457475.75174	16.855	0.019
2457475.86224	16.852999999999998	0.018000000000000002
2457485.92568	16.859	0.015
2457488.9317400004	16.840999999999998	0.017
2457492.7027	16.837	0.013000000000000001
2457493.91583	16.861	0.011000000000000001
2457494.90386	16.865	0.011000000000000001
2457495.88226	16.866	0.013000000000000001
2457500.7107700002	16.844	0.015
2457509.85095	16.86	0.013000000000000001
2457511.9228	16.837	0.011000000000000001
2457522.85709	16.864	0.015
2457529.78822	16.829	0.02
2457534.7661099997	16.87	0.011000000000000001
2457536.76892	16.873	0.012
2457545.91216	16.867	0.013000000000000001
2457547.5473700003	16.869	0.017
2457547.88563	16.859	0.017
2457549.79967	16.864	0.011000000000000001
2457550.77777	16.868	0.011000000000000001
2457554.75842	16.865	0.013000000000000001
2457555.8272	16.862000000000002	0.012
2457557.80712	16.863	0.013000000000000001
2457561.61315	16.842	0.015
2457562.59483	16.838	0.015
2457566.79945	16.874000000000002	0.013000000000000001
2457567.74359	16.863	0.012
2457568.73862	16.859	0.013000000000000001
2457569.75873	16.875	0.012
2457570.75527	16.872	0.011000000000000001
2457573.74085	16.849	0.015
2457577.5497	16.865	0.013000000000000001
2457583.7334	16.891	0.019
2457584.80045	16.86	0.015
2457590.4765	16.858	0.017
2457593.78123	16.857	0.011000000000000001
2457599.72161	16.849	0.012
2457602.50212	16.845	0.015
2457603.5600099997	16.84	0.011000000000000001
2457603.70794	16.875999999999998	0.013000000000000001
2457604.53647	16.875999999999998	0.012
2457604.67789	16.86	0.011000000000000001
2457605.5200799997	16.879	0.011000000000000001
2457605.68176	16.869	0.012
2457606.69255	16.898	0.013000000000000001
2457607.60187	16.882	0.012
2457608.47719	16.858	0.015
2457608.68206	16.862000000000002	0.011000000000000001
2457609.53692	16.855	0.013000000000000001
2457609.72562	16.867	0.012
2457610.58275	16.855999999999998	0.012
2457611.52701	16.847	0.013000000000000001
2457612.52472	16.859	0.015
2457612.66585	16.868	0.015
2457616.71882	16.855999999999998	0.019
2457617.65008	16.874000000000002	0.015
2457618.53993	16.855999999999998	0.013000000000000001
2457618.69809	16.847	0.016
2457621.5402900004	16.867	0.015
2457622.47591	16.87	0.013000000000000001
2457622.67031	16.889	0.011000000000000001
2457623.57736	16.869	0.011000000000000001
2457624.5084	16.87	0.012
2457625.48019	16.863	0.013000000000000001
2457625.68357	16.88	0.016
2457626.6647200002	16.846	0.012
2457630.6389900004	16.858	0.012
2457631.6162	16.859	0.011000000000000001
2457632.6013599997	16.877	0.012
2457633.64374	16.865	0.013000000000000001
2457635.56021	16.875	0.016
2457636.61165	16.868	0.017
2457637.60113	16.887	0.012
2457639.48313	16.822	0.017
2457643.55854	16.923	0.02
2457644.5944	16.86	0.018000000000000002
2457647.56641	16.862000000000002	0.015
2457648.6043599998	16.851	0.015
2457650.52233	16.883	0.012
2457651.56163	16.868	0.013000000000000001
2457652.5822	16.855999999999998	0.013000000000000001
2457654.48965	16.852999999999998	0.016
2457656.53166	16.871	0.013000000000000001
2457658.48831	16.869	0.016
2457660.5682900003	16.857	0.016
2457662.5282900003	16.839000000000002	0.016
2457664.57344	16.858	0.016
2457666.55492	16.864	0.015
2457672.5164799998	16.896	0.018000000000000002
2457679.53283	16.857	0.02
2457796.86338	16.834	0.013000000000000001
2457798.8832	16.838	0.013000000000000001
2457800.8761400003	16.82	0.013000000000000001
2457802.86138	16.794	0.018000000000000002
2457807.9001700003	16.797	0.017
2457810.87857	16.765	0.011000000000000001
2457813.8407900003	16.753	0.015
2457816.8692099997	16.76	0.013000000000000001
2457819.80172	16.75	0.012
2457821.83927	16.722	0.012
2457823.84998	16.721	0.012
2457825.8821400004	16.685	0.013000000000000001
2457827.85952	16.689	0.012
2457829.85544	16.67	0.016
2457834.89373	16.616	0.011000000000000001
2457836.82875	16.58	0.011000000000000001
2457837.88978	16.567	0.01
2457839.7752900003	16.537	0.009000000000000001
2457840.84446	16.535	0.01
2457841.91067	16.51	0.011000000000000001
2457843.74882	16.48	0.01
2457844.80062	16.47	0.009000000000000001
2457845.84002	16.445999999999998	0.009000000000000001
2457846.89937	16.439	0.01
2457848.7187	16.407	0.011000000000000001
2457849.7464900003	16.401	0.01
2457850.77455	16.396	0.01
2457854.86552	16.355	0.01
2457855.9136900003	16.335	0.01
2457857.79836	16.355999999999998	0.016
2457862.80785	16.329	0.01
2457866.89191	16.374000000000002	0.009000000000000001
2457867.90955	16.372	0.009000000000000001
2457869.74053	16.412	0.009000000000000001
2457870.76743	16.430999999999997	0.009000000000000001
2457871.7815799997	16.441	0.009000000000000001
2457872.81786	16.453	0.009000000000000001
2457873.79226	16.471	0.009000000000000001
2457874.78637	16.488	0.01
2457875.8824	16.500999999999998	0.01
2457876.83977	16.514	0.01
2457877.80943	16.531	0.009000000000000001
2457878.85161	16.55	0.009000000000000001
2457879.8394299997	16.573	0.015
2457880.86535	16.578	0.013000000000000001
2457882.62935	16.581	0.017
2457890.89693	16.699	0.017
2457893.8621900002	16.702	0.012
2457894.74931	16.701	0.011000000000000001
2457895.647	16.725	0.011000000000000001
2457901.61359	16.756	0.015
2457902.60362	16.768	0.016
2457902.91188	16.777	0.018000000000000002
2457904.60378	16.791	0.015
2457904.85714	16.785999999999998	0.012
2457905.71847	16.772000000000002	0.011000000000000001
2457906.6106	16.775	0.013000000000000001
2457906.86778	16.775	0.012
2457907.74728	16.802	0.011000000000000001
2457908.71506	16.789	0.011000000000000001
2457909.5899900002	16.802	0.016
2457909.83539	16.795	0.011000000000000001
2457910.62257	16.792	0.013000000000000001
2457910.8882	16.803	0.012
2457911.76719	16.803	0.018000000000000002
2457916.70215	16.812	0.013000000000000001
2457917.53707	16.846	0.02
2457917.7818	16.815	0.012
2457918.6913900003	16.822	0.013000000000000001
2457922.7429	16.831	0.013000000000000001
2457923.76475	16.832	0.013000000000000001
2457924.58105	16.838	0.013000000000000001
2457924.83047	16.825	0.012
2457925.75622	16.838	0.012
2457926.67445	16.847	0.013000000000000001
2457932.78198	16.839000000000002	0.013000000000000001
2457933.63952	16.836	0.012
2457934.5739599997	16.844	0.012
2457934.81989	16.819000000000003	0.013000000000000001
2457935.67553	16.833	0.012
2457936.55218	16.848	0.013000000000000001
2457936.8245099997	16.843	0.013000000000000001
2457937.6365400003	16.840999999999998	0.011000000000000001
2457938.56458	16.836	0.015
2457944.52463	16.851	0.016
2457944.61798	16.84	0.015
2457944.74825	16.871	0.018000000000000002
2457945.5098	16.872	0.022000000000000002
2457945.7483	16.846	0.012
2457946.59644	16.843	0.012
2457947.51785	16.851	0.015
2457947.79384	16.852	0.017
2457948.68364	16.852999999999998	0.012
2457949.6241099997	16.862000000000002	0.016
2457952.7768099997	16.852999999999998	0.015
2457953.67635	16.86	0.012
2457954.56813	16.85	0.011000000000000001
2457955.76847	16.867	0.012
2457956.6968400003	16.837	0.011000000000000001
2457957.77914	16.846	0.017
2457958.77563	16.854	0.015
2457959.67577	16.837	0.011000000000000001
2457960.5613599997	16.85	0.011000000000000001
2457961.57629	16.88	0.011000000000000001
2457962.52196	16.859	0.011000000000000001
2457964.58869	16.86	0.013000000000000001
2457965.68151	16.863	0.012
2457966.65883	16.861	0.015
2457967.69165	16.872	0.017
2457971.53195	16.871	0.016
2457971.63169	16.858	0.015
2457971.72493	16.857	0.017
2457972.5665	16.843	0.019
2457972.67005	16.849	0.018000000000000002
2457973.62866	16.858	0.017
2457974.60923	16.85	0.013000000000000001
2457979.49565	16.863	0.012
2457980.57449	16.854	0.016
2457981.64191	16.875	0.013000000000000001
2457983.4944	16.864	0.016
2457984.5527	16.857	0.016
2457985.61483	16.875	0.016
2457987.53748	16.863	0.012
2457990.60508	16.868	0.013000000000000001
2457992.4734900002	16.855999999999998	0.015
2457993.5386799998	16.884	0.012
2457994.6	16.871	0.013000000000000001
2457998.55196	16.848	0.013000000000000001
2458000.4832599997	16.861	0.017
2458000.57944	16.874000000000002	0.019
2458001.5698599997	16.852999999999998	0.013000000000000001
2458003.58506	16.885	0.019
2458007.54951	16.892	0.019
2458011.52864	16.86	0.018000000000000002
2458013.57115	16.855999999999998	0.012
2458016.49195	16.866	0.015
2458018.55833	16.864	0.012
2458028.49088	16.86	0.019
2458036.55101	16.861	0.017
2458041.5131	16.885	0.016
