2455385.54451	17.064	0.015
2455385.64751	17.084	0.015
2455639.84143	17.047	0.015
2455640.84812	17.09	0.019
2455647.82234	17.063	0.018000000000000002
2455648.7548700003	17.088	0.016
2455652.76634	17.055	0.013999999999999999
2455657.81041	17.047	0.013999999999999999
2455660.88302	17.105999999999998	0.016
2455667.7652	17.073	0.015
2455679.67552	17.102	0.016
2455682.66726	17.081	0.019
2455685.85074	17.067	0.013999999999999999
2455691.71408	17.067	0.016
2455694.6036400003	17.081	0.018000000000000002
2455694.60495	17.086	0.018000000000000002
2455696.80333	17.067	0.016
2455698.9317400004	17.083	0.028999999999999998
2455702.6707	17.054000000000002	0.028999999999999998
2455703.79116	17.074	0.023
2455708.81042	17.075	0.016
2455715.6376	17.086	0.015
2455722.5633099996	17.082	0.016
2455722.57662	17.088	0.016
2455725.5469	17.094	0.021
2455734.69522	17.079	0.021
2455737.5660599996	17.082	0.015
2455739.7968099997	17.077	0.015
2455741.86555	17.075	0.015
2455745.50588	17.087	0.019
2455747.78326	17.045	0.021
2455753.52875	17.076	0.027999999999999997
2455764.63173	17.08	0.015
2455768.5787400003	17.075	0.015
2455776.69311	17.081	0.016
2455784.56866	17.137999999999998	0.038
2455784.67259	17.065	0.019
2455785.49382	17.069000000000003	0.023
2455788.61332	17.089000000000002	0.016
2455794.5795	17.097	0.016
2455801.69623	17.129	0.025
2455806.48848	17.02	0.021
2455806.50632	17.087	0.021
2455806.51786	17.059	0.018000000000000002
2455806.53241	17.097	0.019
2455806.54701	17.067999999999998	0.018000000000000002
2455806.56157	17.114	0.025
2455806.60455	17.075	0.019
2455807.54368	17.11	0.019
2455807.55816	17.079	0.021
2455807.5724	17.088	0.022000000000000002
2455807.6129	17.059	0.021
2455807.61483	17.125	0.022000000000000002
2455813.56788	17.090999999999998	0.016
2455818.56261	17.07	0.019
2455823.5671	17.11	0.021
2455828.5534900003	17.073	0.015
2455832.57227	17.088	0.018000000000000002
2455840.5068200002	17.078	0.021
2455844.5597	17.066	0.025
2455851.56171	17.078	0.019
2455983.86662	17.077	0.012
2455989.83633	17.053	0.015
2455994.8387599997	17.074	0.018000000000000002
2455998.86658	17.063	0.015
2456002.85506	17.08	0.023
2456006.87157	17.046	0.013999999999999999
2456009.9036	17.05	0.013999999999999999
2456013.78585	17.066	0.013999999999999999
2456016.78645	17.098	0.013999999999999999
2456019.7807400003	17.089000000000002	0.015
2456021.9049	17.070999999999998	0.013999999999999999
2456024.8354700003	17.070999999999998	0.015
2456032.8124599997	17.062	0.013999999999999999
2456036.8381	17.054000000000002	0.012
2456040.76747	17.067999999999998	0.015
2456047.9031	17.093	0.015
2456050.85088	17.082	0.015
2456053.89638	17.08	0.018000000000000002
2456057.78517	17.090999999999998	0.023
2456061.71695	17.085	0.016
2456064.66912	17.078	0.015
2456066.85092	17.072	0.013999999999999999
2456068.90429	17.061	0.013999999999999999
2456070.92617	17.046	0.016
2456076.5929400004	17.090999999999998	0.015
2456078.72827	17.031	0.013999999999999999
2456080.69814	17.074	0.015
2456085.84192	17.055999999999997	0.021
2456088.62989	17.088	0.013999999999999999
2456093.69547	17.089000000000002	0.015
2456096.77972	17.059	0.016
2456098.8837200003	17.077	0.021
2456101.73282	17.069000000000003	0.013999999999999999
2456103.615	17.102999999999998	0.015
2456105.56003	17.095	0.018000000000000002
2456113.6075	17.090999999999998	0.018000000000000002
2456115.5518799997	17.114	0.016
2456117.57017	17.06	0.015
2456119.5120599996	17.111	0.019
2456121.5185	17.085	0.015
2456124.56352	17.070999999999998	0.015
2456126.62572	17.09	0.015
2456131.63716	17.026	0.011000000000000001
2456135.52376	17.073	0.018000000000000002
2456140.56021	17.086	0.021
2456143.69668	17.09	0.023
2456150.68266	17.078	0.016
2456157.66625	17.113	0.016
2456161.50637	17.102999999999998	0.019
2456167.57944	17.104	0.016
2456168.60912	17.061	0.015
2456175.56265	17.077	0.016
2456182.52763	17.089000000000002	0.015
2456190.52099	17.076	0.016
2456197.53854	17.098	0.019
2456205.56493	17.098	0.016
2456214.53389	17.06	0.018000000000000002
2456227.53743	17.149	0.032
2456344.89326	17.07	0.015
2456353.8487400003	17.08	0.018000000000000002
2456362.82435	17.111	0.015
2456370.7746	17.077	0.013999999999999999
2456374.86732	17.073	0.015
2456378.78327	17.07	0.013999999999999999
2456381.85375	17.061	0.012
2456387.86251	17.084	0.013999999999999999
2456390.8326	17.082	0.015
2456395.7168	17.088	0.015
2456398.70954	17.084	0.013999999999999999
2456401.76134	17.09	0.013999999999999999
2456404.7341400003	17.074	0.015
2456408.72013	17.088	0.032
2456416.9109799997	17.057000000000002	0.012
2456419.74134	17.09	0.013999999999999999
2456422.7543099998	17.081	0.013999999999999999
2456426.6595900003	17.073	0.013999999999999999
2456431.7925400003	17.063	0.015
2456433.84014	17.062	0.011000000000000001
2456436.60874	17.081	0.019
2456441.87959	17.079	0.021
2456444.91573	17.121	0.018000000000000002
2456447.5710400003	17.072	0.015
2456448.88185	17.064	0.016
2456450.81962	17.079	0.013999999999999999
2456452.8258599997	17.085	0.013999999999999999
2456456.59388	17.086	0.012
2456458.74033	17.082	0.013999999999999999
2456460.80142	17.089000000000002	0.012
2456463.62426	17.075	0.018000000000000002
2456468.64612	17.043	0.016
2456472.8074	17.104	0.016
2456473.62468	17.057000000000002	0.012
2456475.56352	17.069000000000003	0.016
2456477.5526900003	17.083	0.015
2456480.58029	17.064	0.015
2456484.50011	17.08	0.016
2456487.49051	17.048	0.015
2456490.5827099998	17.096	0.015
2456492.70555	17.059	0.016
2456498.60924	17.087	0.013999999999999999
2456504.67276	17.062	0.015
2456508.5457900004	17.073	0.013999999999999999
2456510.7442400004	17.07	0.018000000000000002
2456516.5784	17.086	0.015
2456523.67632	17.157	0.021
2456531.54163	17.104	0.015
2456536.61027	17.1	0.015
2456545.53317	17.053	0.012
2456558.62831	17.131	0.021
2456565.51747	17.077	0.016
2456572.51072	17.125	0.019
2456582.5244299998	17.099	0.019
2456585.55245	17.086	0.026000000000000002
2456700.86394	17.048	0.013999999999999999
2456709.82945	17.08	0.015
2456716.83469	17.061	0.013999999999999999
2456720.81218	17.043	0.015
2456723.83911	17.035999999999998	0.015
2456726.86338	17.055999999999997	0.015
2456729.82094	17.058	0.013999999999999999
2456732.8623900004	17.095	0.019
2456735.7744299998	17.04	0.016
2456737.85963	17.067999999999998	0.013999999999999999
2456750.7984599997	17.058	0.015
2456752.8478	17.06	0.012
2456755.91591	17.042	0.012
2456757.89895	17.086	0.012
2456759.9193599997	17.052	0.012
2456761.85017	17.057000000000002	0.013999999999999999
2456763.84714	17.016	0.016
2456769.69252	17.046	0.013999999999999999
2456770.80328	17.05	0.013999999999999999
2456772.70755	17.027	0.013999999999999999
2456773.8779	17.037	0.013999999999999999
2456775.8156	17.067	0.012
2456777.76528	17.045	0.013999999999999999
2456784.9256599997	17.027	0.019
2456785.91885	17.029	0.015
2456789.8330099997	17.045	0.016
2456790.92386	17.041	0.018000000000000002
2456792.63728	17.045	0.022000000000000002
2456796.68555	17.025	0.018000000000000002
2456797.78538	17.059	0.016
2456803.6229	17.028	0.016
2456804.63632	16.996	0.015
2456805.6885599997	17.012	0.016
2456807.68597	16.999000000000002	0.016
2456808.6943599996	17.026	0.015
2456809.74875	17.009	0.012
2456810.7932700003	17.027	0.013999999999999999
2456811.81341	17.006	0.016
2456813.9198	17.03	0.019
2456815.64704	16.977	0.016
2456816.73295	17.028	0.019
2456817.81242	17.0	0.019
2456819.6729900003	16.994	0.018000000000000002
2456823.89091	17.008	0.018000000000000002
2456825.55142	17.0	0.015
2456826.56238	16.979	0.016
2456827.6079599997	17.012	0.015
2456828.65487	16.968	0.013999999999999999
2456830.6974400003	16.969	0.012
2456831.82644	17.01	0.015
2456833.51542	16.961	0.022000000000000002
2456834.5312	16.998	0.018000000000000002
2456835.58286	17.004	0.016
2456836.61936	16.96	0.019
2456837.62756	16.97	0.015
2456838.62735	16.951	0.015
2456839.63994	16.965	0.015
2456840.71415	17.006	0.022000000000000002
2456841.80938	16.986	0.019
2456844.49274	16.945	0.018000000000000002
2456845.48347	16.976	0.016
2456847.48728	16.925	0.018000000000000002
2456847.8053200003	16.965	0.019
2456852.4805799997	16.925	0.022000000000000002
2456855.5519	16.914	0.018000000000000002
2456856.5778099997	16.910999999999998	0.013999999999999999
2456857.64452	16.898	0.012
2456858.7025599997	16.886	0.012
2456862.66095	16.914	0.016
2456863.74163	16.871	0.013999999999999999
2456865.59961	16.878	0.015
2456872.59384	16.829	0.013999999999999999
2456879.50282	16.809	0.021
2456880.72441	16.794	0.021
2456882.65873	16.769000000000002	0.012
2456885.60635	16.767	0.012
2456887.49452	16.727	0.012
2456888.6787400004	16.725	0.013999999999999999
2456890.61157	16.733	0.015
2456895.57136	16.663	0.011000000000000001
2456918.57885	16.594	0.013999999999999999
2456923.50358	16.605	0.016
2456926.51763	16.615	0.015
2456929.55135	16.624000000000002	0.013999999999999999
2456940.49788	16.69	0.016
2457065.8607900003	17.053	0.018000000000000002
2457072.8451400003	17.073	0.018000000000000002
2457077.86174	17.062	0.016
2457080.8999400004	17.067999999999998	0.018000000000000002
2457085.90265	17.067	0.015
2457089.84417	17.07	0.018000000000000002
2457092.87099	17.041	0.015
2457097.7691	17.055999999999997	0.015
2457100.7639	17.073	0.018000000000000002
2457109.8834700002	17.052	0.015
2457112.7905	17.055999999999997	0.018000000000000002
2457113.75348	17.061	0.015
2457115.76625	17.070999999999998	0.018000000000000002
2457117.7560799997	17.067	0.016
2457119.8053099997	17.059	0.019
2457125.7067299997	17.059	0.018000000000000002
2457126.91601	17.05	0.013999999999999999
2457130.81628	17.047	0.016
2457132.71471	17.04	0.016
2457134.7869	17.03	0.015
2457136.67747	17.058	0.015
2457137.78998	17.048	0.012
2457138.91675	17.089000000000002	0.015
2457140.7724	17.076	0.015
2457141.90831	17.055	0.015
2457143.7272900003	17.051	0.016
2457144.8605299997	17.067999999999998	0.019
2457146.7425700002	17.051	0.016
2457147.76251	17.064	0.019
2457152.92514	17.084	0.018000000000000002
2457154.6831	17.048	0.013999999999999999
2457155.75881	17.055	0.013999999999999999
2457157.64831	17.066	0.013999999999999999
2457158.79853	17.064	0.013999999999999999
2457159.85445	17.063	0.015
2457160.9243799997	17.097	0.015
2457162.64894	17.061	0.016
2457163.7028799998	17.077	0.018000000000000002
2457164.8552	17.093	0.016
2457166.61762	17.072	0.019
2457166.80153	17.084	0.016
2457168.72675	17.05	0.018000000000000002
2457169.70786	17.072	0.013999999999999999
2457169.90199	17.085	0.016
2457170.69463	17.086	0.018000000000000002
2457170.88369	17.064	0.018000000000000002
2457172.69692	17.064	0.016
2457172.88755	17.063	0.018000000000000002
2457173.6737599997	17.082	0.016
2457173.8692099997	17.070999999999998	0.018000000000000002
2457174.63805	17.062	0.016
2457174.81036	17.074	0.018000000000000002
2457175.5923099997	17.086	0.025
2457178.67297	17.072	0.018000000000000002
2457178.84443	17.073	0.018000000000000002
2457179.63639	17.039	0.019
2457179.80117	17.044	0.019
2457180.58885	17.06	0.018000000000000002
2457180.75188	17.077	0.018000000000000002
2457180.92394	17.089000000000002	0.022000000000000002
2457181.71065	17.073	0.015
2457181.88075	17.08	0.019
2457182.6447	17.069000000000003	0.015
2457182.83726	17.067999999999998	0.015
2457183.59827	17.062	0.015
2457183.7825599997	17.076	0.016
2457184.59091	17.045	0.021
2457184.77408	17.072	0.016
2457185.5523	17.076	0.018000000000000002
2457185.7372	17.06	0.016
2457186.5885900003	17.074	0.018000000000000002
2457186.86006	17.066	0.016
2457187.64079	17.058	0.015
2457187.82988	17.092	0.016
2457188.61094	17.073	0.016
2457188.79872	17.084	0.018000000000000002
2457189.6655200003	17.065	0.015
2457189.83697	17.081	0.016
2457190.62764	17.079	0.016
2457190.8254400003	17.059	0.016
2457191.65353	17.047	0.015
2457193.55938	17.047	0.013999999999999999
2457193.60793	17.08	0.013999999999999999
2457193.64219	17.084	0.013999999999999999
2457193.66469	17.06	0.012
2457193.68545	17.06	0.013999999999999999
2457194.63095	17.059	0.013999999999999999
2457197.66353	17.067	0.013999999999999999
2457197.85024	17.088	0.021
2457198.64316	17.086	0.016
2457198.8305	17.059	0.022000000000000002
2457199.6031	17.057000000000002	0.015
2457199.78574	17.087	0.013999999999999999
2457200.54365	17.073	0.016
2457200.7212900002	17.05	0.013999999999999999
2457202.69673	17.098	0.021
2457202.88039	17.112000000000002	0.025
2457206.69466	17.061	0.019
2457207.49719	17.08	0.019
2457207.6630700002	17.063	0.018000000000000002
2457207.85055	17.076	0.023
2457209.75691	17.086	0.018000000000000002
2457211.53472	17.084	0.019
2457211.71756	17.087	0.015
2457212.8056099997	17.090999999999998	0.019
2457214.66917	17.074	0.015
2457217.62286	17.085	0.018000000000000002
2457219.53933	17.088	0.016
2457219.73447	17.084	0.016
2457220.47477	17.06	0.019
2457220.62811	17.05	0.012
2457220.80589	17.066	0.015
2457221.6134200003	17.086	0.015
2457221.7862	17.089000000000002	0.015
2457222.57797	17.087	0.016
2457222.79384	17.058	0.018000000000000002
2457223.63233	17.09	0.016
2457224.48365	17.076	0.018000000000000002
2457224.68011	17.09	0.018000000000000002
2457225.5139900004	17.05	0.018000000000000002
2457226.53112	17.064	0.019
2457226.7160900002	17.052	0.013999999999999999
2457227.49962	17.053	0.023
2457227.68364	17.064	0.013999999999999999
2457228.5016799998	17.076	0.019
2457228.6948599997	17.085	0.019
2457229.52932	17.108	0.016
2457229.6941400003	17.077	0.015
2457233.5302	17.127	0.039
2457233.72414	17.117	0.038
2457235.71972	17.076	0.019
2457249.57361	17.073	0.016
2457249.71568	17.066	0.022000000000000002
2457252.56457	17.055	0.019
2457253.5059599997	17.058	0.016
2457255.47849	17.049	0.015
2457255.6689299997	17.055999999999997	0.016
2457256.66872	17.085	0.021
2457261.5277299997	17.099	0.023
2457263.48286	17.074	0.018000000000000002
2457263.65043	17.063	0.018000000000000002
2457264.59746	17.074	0.018000000000000002
2457265.56074	17.085	0.016
2457267.5063099996	17.081	0.019
2457268.49735	17.065	0.013999999999999999
2457269.48803	17.088	0.018000000000000002
2457269.67808	17.064	0.016
2457270.6163	17.062	0.015
2457271.57933	17.06	0.018000000000000002
2457273.55168	17.101	0.021
2457275.56564	17.08	0.022000000000000002
2457277.52966	17.094	0.016
2457278.51318	17.049	0.021
2457281.52592	17.128	0.021
2457284.56988	17.180999999999997	0.015
2457295.58691	17.081	0.018000000000000002
2457318.50292	17.06	0.019
2457415.8695099996	17.098	0.023
2457416.8679400003	17.114	0.026000000000000002
2457424.859	17.092	0.016
2457425.8541099997	17.121	0.022000000000000002
2457426.85553	17.08	0.023
2457427.8476400003	17.105	0.023
2457428.84336	17.070999999999998	0.015
2457428.8835	17.049	0.018000000000000002
2457430.8688	17.077	0.013999999999999999
2457432.84216	17.087	0.016
2457433.84032	17.081	0.018000000000000002
2457434.8867599997	17.086	0.018000000000000002
2457436.8539	17.092	0.019
2457437.88341	17.066	0.015
2457439.82686	17.097	0.025
2457440.83921	17.082	0.016
2457441.8810900003	17.073	0.018000000000000002
2457443.81683	17.132	0.028999999999999998
2457443.90345	17.057000000000002	0.022000000000000002
2457444.81555	17.095	0.022000000000000002
2457445.87858	17.048	0.015
2457446.89054	17.059	0.015
2457447.89854	17.081	0.018000000000000002
2457451.8352	17.058	0.019
2457452.87649	17.095	0.013999999999999999
2457453.88204	17.087	0.012
2457455.8336099996	17.063	0.015
2457456.83996	17.081	0.016
2457457.83581	17.077	0.018000000000000002
2457458.8303099996	17.075	0.015
2457460.8309	17.088	0.015
2457461.82989	17.077	0.013999999999999999
2457462.81677	17.088	0.015
2457463.84422	17.077	0.015
2457465.78589	17.067999999999998	0.015
2457465.91511	17.070999999999998	0.016
2457467.84922	17.098	0.015
2457470.80528	17.078	0.016
2457471.7584700002	17.08	0.021
2457471.88932	17.069000000000003	0.016
2457472.82738	17.063	0.018000000000000002
2457474.826	17.087	0.018000000000000002
2457475.75324	17.078	0.026000000000000002
2457475.86375	17.102	0.023
2457484.80673	17.088	0.016
2457485.91329	17.088	0.015
2457486.7406599997	17.086	0.019
2457489.82212	17.088	0.015
2457492.71679	17.083	0.016
2457493.7102200002	17.052	0.018000000000000002
2457493.92991	17.096	0.023
2457494.9183900002	17.101	0.015
2457495.89704	17.075	0.016
2457498.81615	17.075	0.019
2457499.78342	17.095	0.015
2457500.72477	17.085	0.018000000000000002
2457509.87755	17.090999999999998	0.015
2457512.8228	17.081	0.013999999999999999
2457522.8840900003	17.063	0.022000000000000002
2457526.77893	17.067	0.016
2457529.8045099997	17.107	0.026000000000000002
2457534.78537	17.09	0.015
2457536.78452	17.075	0.018000000000000002
2457545.92642	17.105999999999998	0.019
2457547.56048	17.078	0.021
2457547.90111	17.064	0.021
2457549.82615	17.09	0.015
2457550.80469	17.077	0.015
2457555.53437	17.104	0.023
2457555.86568	17.093	0.015
2457557.8434099997	17.070999999999998	0.019
2457561.62806	17.064	0.016
2457562.61257	17.070999999999998	0.018000000000000002
2457566.81511	17.094	0.019
2457567.7590400004	17.09	0.016
2457568.75789	17.098	0.019
2457569.77539	17.073	0.016
2457570.73974	17.089000000000002	0.016
2457573.66004	17.101	0.016
2457575.58782	17.108	0.019
2457575.7557099997	17.081	0.013999999999999999
2457576.52091	17.078	0.016
2457576.5335	17.077	0.018000000000000002
2457576.71419	17.111	0.015
2457577.53191	17.067	0.018000000000000002
2457579.71365	17.079	0.013999999999999999
2457582.66109	17.090999999999998	0.019
2457584.54208	17.09	0.018000000000000002
2457584.68491	17.119	0.018000000000000002
2457589.4879900003	17.153	0.031
2457589.64807	17.096	0.018000000000000002
2457589.79833	17.099	0.031
2457590.58908	17.066	0.015
2457590.73605	17.089000000000002	0.018000000000000002
2457593.51314	17.066	0.015
2457593.67888	17.09	0.013999999999999999
2457595.58	17.105	0.022000000000000002
2457599.4750099997	17.051	0.022000000000000002
2457599.50347	17.114	0.019
2457599.57095	17.051	0.019
2457599.68025	17.066	0.016
2457599.7201099996	17.070999999999998	0.015
2457600.51243	17.089000000000002	0.019
2457600.5641	17.066	0.016
2457600.60618	17.066	0.018000000000000002
2457600.73668	17.113	0.019
2457601.73355	17.087	0.016
2457601.7568200002	17.102	0.019
2457602.58539	17.079	0.015
2457602.7450900003	17.083	0.021
2457603.58266	17.075	0.015
2457603.72299	17.062	0.015
2457604.54887	17.055	0.015
2457604.6903	17.101	0.013999999999999999
2457605.53262	17.059	0.013999999999999999
2457605.69422	17.067	0.016
2457606.70755	17.04	0.019
2457607.61658	17.1	0.016
2457608.4917	17.094	0.016
2457608.69682	17.061	0.013999999999999999
2457609.56342	17.067999999999998	0.016
2457610.607	17.064	0.018000000000000002
2457611.5712099997	17.067	0.019
2457612.53715	17.073	0.016
2457612.6785	17.089000000000002	0.016
2457617.49928	17.079	0.022000000000000002
2457617.66462	17.107	0.021
2457618.55454	17.115	0.019
2457618.7105400003	17.108	0.025
2457621.55549	17.093	0.016
2457622.4911599997	17.094	0.015
2457622.68542	17.063	0.015
2457623.60165	17.064	0.015
2457624.52599	17.085	0.015
2457625.49553	17.092	0.015
2457626.483	17.075	0.016
2457626.67983	17.095	0.018000000000000002
2457630.65361	17.084	0.016
2457631.63059	17.072	0.013999999999999999
2457632.61598	17.088	0.016
2457633.65609	17.094	0.021
2457635.5821700003	17.073	0.018000000000000002
2457636.62634	17.112000000000002	0.018000000000000002
2457637.6158	17.041	0.018000000000000002
2457639.50446	17.073	0.021
2457643.59025	17.067	0.027999999999999997
2457644.60683	17.125	0.026000000000000002
2457647.58084	17.062	0.019
2457648.61875	17.073	0.021
2457650.50226	17.077	0.013999999999999999
2457650.5448	17.073	0.016
2457651.51756	17.078	0.016
2457651.57449	17.076	0.016
2457652.50475	17.094	0.013999999999999999
2457652.59639	17.061	0.016
2457653.5041900002	17.097	0.015
2457654.5088299997	17.101	0.018000000000000002
2457654.53912	17.086	0.019
2457655.5055299997	17.088	0.018000000000000002
2457656.50735	17.104	0.018000000000000002
2457656.55438	17.063	0.016
2457657.55779	17.084	0.016
2457658.51387	17.094	0.016
2457659.51589	17.035999999999998	0.018000000000000002
2457660.50591	17.108	0.021
2457660.56981	17.127	0.022000000000000002
2457661.50751	17.017	0.018000000000000002
2457662.50758	17.093	0.019
2457662.54134	17.073	0.021
2457664.50629	17.064	0.021
2457665.4894	17.097	0.023
2457665.51314	17.074	0.023
2457666.50849	17.136	0.021
2457666.56833	17.1	0.019
2457667.51359	17.114	0.018000000000000002
2457671.49495	17.09	0.021
2457672.4961	17.074	0.018000000000000002
2457673.50264	17.067999999999998	0.019
2457675.5013900003	17.070999999999998	0.022000000000000002
2457682.49854	17.128	0.019
2457683.49772	17.102999999999998	0.023
2457791.88311	17.072	0.021
2457792.88588	17.085	0.023
2457793.87736	17.084	0.018000000000000002
2457794.88435	17.095	0.025
2457795.88838	17.09	0.025
2457798.8683700003	17.112000000000002	0.018000000000000002
2457800.86117	17.107	0.019
2457802.84105	17.107	0.022000000000000002
2457807.86936	17.09	0.016
2457810.84622	17.102	0.016
2457813.81033	17.105999999999998	0.019
2457816.839	17.076	0.016
2457818.88198	17.045	0.012
2457821.80973	17.078	0.021
2457823.82055	17.108	0.019
2457825.85269	17.079	0.018000000000000002
2457827.8300400004	17.075	0.018000000000000002
2457829.82584	17.08	0.022000000000000002
2457834.82127	17.094	0.018000000000000002
2457835.7579799998	17.086	0.021
2457835.89767	17.046	0.018000000000000002
2457836.85275	17.075	0.016
2457837.78664	17.05	0.016
2457837.89585	17.07	0.015
2457838.84212	17.066	0.015
2457839.78169	17.053	0.013999999999999999
2457839.90517	17.055999999999997	0.013999999999999999
2457840.83543	17.075	0.016
2457841.7754599997	17.095	0.022000000000000002
2457841.88515	17.096	0.019
2457842.79984	17.087	0.016
2457842.9076799997	17.072	0.016
2457843.8408	17.084	0.016
2457844.75138	17.069000000000003	0.016
2457844.86773	17.077	0.018000000000000002
2457845.77513	17.067	0.016
2457845.8933200003	17.066	0.015
2457846.82285	17.070999999999998	0.015
2457847.7261	17.088	0.021
2457847.8434599997	17.096	0.016
2457848.73991	17.079	0.019
2457848.8473	17.059	0.015
2457849.75262	17.065	0.016
2457849.8712	17.051	0.013999999999999999
2457850.76483	17.063	0.018000000000000002
2457850.8846	17.055999999999997	0.015
2457851.78253	17.084	0.021
2457851.90437	17.076	0.015
2457852.89099	17.101	0.019
2457854.7008700003	17.112000000000002	0.021
2457854.8228	17.084	0.016
2457855.73547	17.092	0.018000000000000002
2457855.84512	17.063	0.016
2457856.74419	17.12	0.025
2457856.85515	17.073	0.021
2457858.77831	17.084	0.015
2457862.70409	17.097	0.019
2457862.814	17.055999999999997	0.018000000000000002
2457863.76056	17.066	0.019
2457863.90814	17.067	0.016
2457864.71759	17.074	0.013999999999999999
2457864.86887	17.083	0.013999999999999999
2457865.7223	17.065	0.015
2457866.71848	17.076	0.015
2457867.7217599996	17.083	0.015
2457867.85158	17.064	0.015
2457868.7785900002	17.1	0.018000000000000002
2457868.92473	17.125999999999998	0.022000000000000002
2457869.7774	17.065	0.013999999999999999
2457869.9094599998	17.079	0.015
2457870.7985799997	17.065	0.013999999999999999
2457870.92013	17.089000000000002	0.015
2457871.82223	17.073	0.013999999999999999
2457872.67267	17.067	0.015
2457872.82403	17.066	0.013999999999999999
2457873.67495	17.098	0.015
2457873.78287	17.073	0.013999999999999999
2457873.91821	17.059	0.015
2457874.7513900003	17.058	0.018000000000000002
2457874.87483	17.088	0.016
2457875.83167	17.08	0.015
2457875.93843	17.129	0.031
2457876.75653	17.085	0.015
2457876.8933599996	17.084	0.016
2457877.71672	17.065	0.015
2457877.84968	17.067	0.015
2457878.75536	17.048	0.015
2457878.88961	17.095	0.015
2457879.7138799997	17.046	0.021
2457879.8665400003	17.088	0.022000000000000002
2457880.74251	17.072	0.019
2457880.8714799997	17.092	0.019
2457881.82194	17.07	0.018000000000000002
2457882.6998900003	17.028	0.023
2457882.83005	17.08	0.019
2457883.8001599996	17.072	0.027999999999999997
2457890.71288	17.097	0.019
2457890.87223	17.107	0.021
2457893.6915599997	17.096	0.021
2457893.82105	17.075	0.018000000000000002
2457893.93	17.059	0.021
2457894.67576	17.1	0.015
2457894.80347	17.086	0.016
2457894.91254	17.09	0.016
2457895.78033	17.1	0.016
2457897.71741	17.098	0.018000000000000002
2457901.65208	17.082	0.018000000000000002
2457901.80803	17.109	0.018000000000000002
2457902.64304	17.081	0.022000000000000002
2457902.77569	17.093	0.015
2457903.81213	17.093	0.016
2457904.6685200003	17.077	0.015
2457904.80014	17.084	0.013999999999999999
2457904.90885	17.089000000000002	0.019
2457905.63796	17.082	0.016
2457905.76681	17.074	0.015
2457905.87795	17.067999999999998	0.015
2457906.58635	17.067	0.016
2457906.70458	17.065	0.013999999999999999
2457906.82706	17.097	0.016
2457907.69938	17.066	0.016
2457907.83068	17.099	0.016
2457908.65022	17.046	0.016
2457908.7798599997	17.102999999999998	0.018000000000000002
2457908.88905	17.066	0.022000000000000002
2457909.5808200003	17.094	0.022000000000000002
2457909.70107	17.069000000000003	0.015
2457909.81303	17.066	0.016
2457909.91304	17.075	0.021
2457910.5980700003	17.08	0.019
2457910.71716	17.084	0.016
2457910.8516	17.069000000000003	0.018000000000000002
2457911.5762099996	17.099	0.027999999999999997
2457911.6739	17.075	0.019
2457911.87948	17.089000000000002	0.031
2457916.62282	17.055999999999997	0.016
2457916.7217900003	17.066	0.018000000000000002
2457916.82345	17.099	0.019
2457917.54318	17.092	0.023
2457917.6576900003	17.064	0.016
2457917.77273	17.084	0.018000000000000002
2457917.87978	17.079	0.023
2457918.6540599996	17.089000000000002	0.022000000000000002
2457922.63436	17.094	0.016
2457923.52725	17.086	0.019
2457923.63393	17.039	0.016
2457923.7708400004	17.11	0.019
2457923.88059	17.058	0.021
2457924.5564099997	17.066	0.016
2457924.66198	17.069000000000003	0.016
2457924.7908	17.104	0.016
2457925.5805599997	17.081	0.019
2457925.70624	17.058	0.015
2457925.83146	17.078	0.019
2457926.5967900003	17.088	0.016
2457926.74433	17.089000000000002	0.018000000000000002
2457928.59251	17.097	0.016
2457932.62365	17.061	0.016
2457932.7576	17.058	0.018000000000000002
2457933.6145599997	17.052	0.018000000000000002
2457933.73687	17.069000000000003	0.018000000000000002
2457934.54966	17.087	0.015
2457934.6856	17.059	0.013999999999999999
2457934.78027	17.041	0.016
2457935.51914	17.109	0.018000000000000002
2457935.64854	17.073	0.015
2457935.7609	17.06	0.013999999999999999
2457936.51188	17.090999999999998	0.018000000000000002
2457936.62273	17.06	0.016
2457936.7672599996	17.067	0.016
2457937.56385	17.09	0.019
2457937.67501	17.075	0.018000000000000002
2457937.80605	17.062	0.018000000000000002
2457938.58773	17.055	0.022000000000000002
2457944.48233	17.082	0.022000000000000002
2457944.5231	17.101	0.021
2457944.57475	17.094	0.019
2457944.61492	17.076	0.018000000000000002
2457944.67478	17.1	0.019
2457944.72511	17.078	0.016
2457944.7850900004	17.084	0.023
2457945.48988	17.055	0.022000000000000002
2457945.5953900004	17.055999999999997	0.015
2457945.70757	17.058	0.015
2457945.8172299997	17.062	0.019
2457946.5386200002	17.07	0.016
2457946.66785	17.072	0.016
2457946.7799299997	17.092	0.019
2457947.52441	17.077	0.021
2457947.63507	17.088	0.019
2457948.52345	17.123	0.016
2457948.65868	17.111	0.021
2457948.79168	17.105	0.019
2457949.58515	17.083	0.019
2457949.70435	17.073	0.023
2457949.70775	17.05	0.022000000000000002
2457952.72745	17.069000000000003	0.018000000000000002
2457953.4909	17.066	0.019
2457953.6322	17.075	0.016
2457953.75121	17.081	0.015
2457954.5076200003	17.07	0.015
2457954.65011	17.062	0.013999999999999999
2457954.788	17.067	0.015
2457956.4908	17.069000000000003	0.018000000000000002
2457956.6247400003	17.05	0.015
2457956.75206	17.075	0.016
2457957.67804	17.085	0.018000000000000002
2457958.596	17.051	0.018000000000000002
2457958.68447	17.141	0.021
2457958.79366	17.035	0.022000000000000002
2457959.5487900004	17.076	0.015
2457959.6655599996	17.101	0.015
2457959.78309	17.119	0.021
2457960.53528	17.074	0.016
2457960.67122	17.09	0.016
2457961.61368	17.058	0.013999999999999999
2457961.7261200002	17.062	0.016
2457962.54486	17.063	0.015
2457963.72103	17.078	0.015
2457964.6110799997	17.072	0.016
2457964.75635	17.114	0.018000000000000002
2457965.68761	17.092	0.016
2457966.5616	17.082	0.019
2457966.66491	17.158	0.021
2457967.60108	17.057000000000002	0.023
2457967.68711	17.094	0.022000000000000002
2457971.4730700003	17.1	0.027999999999999997
2457971.51584	17.078	0.019
2457971.5671599996	17.078	0.019
2457971.60463	17.098	0.021
2457971.65462	17.084	0.018000000000000002
2457971.69537	17.102	0.021
2457972.4737	17.057000000000002	0.028999999999999998
2457972.52758	17.052	0.026000000000000002
2457972.5761599997	17.070999999999998	0.022000000000000002
2457972.62084	17.102	0.022000000000000002
2457972.67828	17.065	0.023
2457972.72382	17.113	0.027999999999999997
2457973.5584	17.082	0.025
2457973.68216	17.073	0.023
2457974.54695	17.077	0.016
2457974.6630599997	17.069000000000003	0.018000000000000002
2457975.49603	17.057000000000002	0.022000000000000002
2457979.5435900004	17.085	0.015
2457979.6718200003	17.077	0.015
2457980.59647	17.144000000000002	0.021
2457981.49444	17.079	0.019
2457981.64806	17.114	0.016
2457982.55817	17.114	0.018000000000000002
2457982.66845	17.128	0.018000000000000002
2457983.5967	17.097	0.016
2457984.50713	17.077	0.021
2457984.62283	17.112000000000002	0.018000000000000002
2457985.55915	17.107	0.023
2457986.51042	17.07	0.013999999999999999
2457986.64825	17.097	0.015
2457987.5754400003	17.094	0.015
2457990.49456	17.079	0.018000000000000002
2457990.62641	17.128	0.019
2457991.54645	17.1	0.021
2457992.47959	17.078	0.016
2457992.60102	17.152	0.019
2457993.52896	17.114	0.018000000000000002
2457993.63916	17.052	0.018000000000000002
2457994.5729900002	17.1	0.019
2457998.4821900004	17.116	0.027999999999999997
2457998.5339099998	17.13	0.021
2457998.57275	17.105999999999998	0.019
2457998.62629	17.049	0.022000000000000002
2458000.5070700003	17.105	0.027999999999999997
2458000.5507	17.172	0.021
2458000.6071	17.109	0.027999999999999997
2458001.4972	17.061	0.019
2458001.6069900002	17.119	0.019
2458002.5778099997	17.077	0.039
2458004.4805799997	17.061	0.022000000000000002
2458004.61004	17.153	0.022000000000000002
2458007.57465	17.089000000000002	0.022000000000000002
2458008.59227	17.037	0.021
2458011.54268	17.157	0.026000000000000002
2458012.55714	17.108	0.016
2458013.56098	17.042	0.016
2458014.57108	17.092	0.018000000000000002
2458015.57237	17.133	0.019
2458017.48275	17.101	0.021
2458018.5079799998	17.095	0.016
2458019.545	17.06	0.015
2458021.48635	17.078	0.022000000000000002
2458026.52783	17.101	0.023
2458029.49567	17.052	0.021
2458030.53428	17.061	0.018000000000000002
2458036.54181	17.097	0.025
2458040.5157	17.035999999999998	0.023
