2455377.70797	16.026	0.008
2455379.74897	16.035	0.008
2455381.8418400004	16.029	0.01
2455387.70638	16.032	0.006999999999999999
2455390.75244	16.031	0.008
2455404.5379	16.023	0.008
2455408.5254	16.025	0.01
2455411.75911	16.04	0.008
2455418.68855	16.041	0.008
2455430.6178	16.029	0.01
2455437.49113	16.018	0.008
2455445.5822400004	16.022000000000002	0.008
2455450.6497	16.037	0.008
2455458.4826700003	16.027	0.01
2455459.59856	16.031	0.008
2455461.55815	16.038	0.011000000000000001
2455463.55055	16.022000000000002	0.01
2455464.54055	16.029	0.008
2455469.61362	16.04	0.008
2455472.57167	16.028	0.01
2455478.51697	16.032	0.01
2455487.5002599997	16.042	0.008
2455490.5104400003	16.037	0.013000000000000001
2455611.88775	16.035	0.008
2455616.8713599998	16.024	0.008
2455620.89035	16.032	0.008
2455624.873	16.024	0.008
2455626.84399	16.037	0.008
2455628.80355	16.026	0.008
2455630.8070400003	16.029	0.008
2455631.90564	16.028	0.01
2455632.81091	16.029	0.008
2455634.78998	16.027	0.008
2455635.90545	16.017	0.008
2455637.82377	16.031	0.008
2455638.82987	16.026	0.008
2455640.7825	16.035	0.01
2455642.77573	16.044	0.008
2455644.75458	16.014	0.01
2455649.75897	16.043	0.008
2455650.8837	16.031	0.008
2455652.86997	16.033	0.006999999999999999
2455655.78608	16.034000000000002	0.008
2455657.80868	16.029	0.006999999999999999
2455658.9287	16.012	0.019
2455660.7807299998	16.021	0.008
2455662.90198	16.03	0.008
2455665.77232	16.027	0.008
2455668.8905	16.000999999999998	0.008
2455671.73537	16.026	0.008
2455676.83188	16.027	0.006999999999999999
2455679.79443	16.037	0.008
2455681.67831	16.033	0.008
2455682.8862900003	16.029	0.006999999999999999
2455684.83702	16.031	0.008
2455686.83782	16.03	0.008
2455689.7431799998	16.03	0.006999999999999999
2455691.7629400003	16.042	0.008
2455692.90048	16.024	0.008
2455694.66298	16.028	0.008
2455695.82975	16.026	0.006999999999999999
2455696.90771	16.024	0.008
2455698.64868	16.026	0.011000000000000001
2455703.87096	16.012	0.011000000000000001
2455707.60626	16.028	0.008
2455708.68244	16.039	0.008
2455712.69907	16.028	0.008
2455714.87678	16.026	0.008
2455716.74766	16.023	0.008
2455721.91596	16.039	0.01
2455723.74097	16.029	0.008
2455725.58101	16.023	0.008
2455725.5945	16.024	0.008
2455725.60794	16.03	0.008
2455726.78883	16.039	0.011000000000000001
2455734.7559599997	16.025	0.01
2455736.58123	16.027	0.008
2455737.66051	16.033	0.006999999999999999
2455739.50755	16.043	0.008
2455740.55061	16.019000000000002	0.01
2455741.6214400004	16.029	0.008
2455742.64335	16.03	0.006999999999999999
2455743.78314	16.012	0.008
2455744.82334	16.029	0.01
2455746.6002	16.021	0.008
2455747.76723	16.024	0.008
2455749.78605	16.023	0.008
2455753.7151099998	16.025	0.011000000000000001
2455760.6631099996	16.024	0.01
2455763.5652099997	16.022000000000002	0.008
2455764.6579	16.023	0.006999999999999999
2455766.49882	16.018	0.008
2455767.65992	16.031	0.008
2455768.7706400002	16.032	0.008
2455775.55748	16.025	0.01
2455777.69762	16.037	0.006999999999999999
2455786.67505	16.04	0.01
2455788.62473	16.026	0.008
2455791.51634	16.024	0.008
2455794.64751	16.035999999999998	0.008
2455796.70994	16.031	0.011000000000000001
2455804.53334	16.021	0.008
2455806.6285200003	16.012999999999998	0.008
2455813.6047799997	16.021	0.008
2455816.62979	16.041	0.011000000000000001
2455819.56963	16.031	0.008
2455827.4868900003	16.03	0.01
2455828.58972	16.024	0.008
2455830.56322	16.017	0.008
2455832.58679	16.028	0.01
2455835.53706	16.037	0.01
2455843.59112	16.041	0.011000000000000001
2455846.49364	16.024	0.011000000000000001
2455851.55884	16.037	0.008
2455862.51035	16.037	0.01
2455972.8834	16.03	0.006999999999999999
2455980.85605	16.023	0.008
2455985.82001	16.042	0.008
2455987.89952	16.029	0.006999999999999999
2455990.85373	16.027	0.006999999999999999
2455993.81471	16.022000000000002	0.008
2455995.82767	16.029	0.006999999999999999
2455997.84945	16.024	0.008
2455999.85812	16.019000000000002	0.008
2456004.911	16.024	0.006999999999999999
2456006.90672	16.023	0.006999999999999999
2456008.83928	16.035999999999998	0.006999999999999999
2456010.77093	16.02	0.006999999999999999
2456011.90105	16.03	0.008
2456013.82187	16.027	0.006999999999999999
2456015.7502900003	16.02	0.006999999999999999
2456016.83762	16.017	0.006999999999999999
2456019.8601	16.026	0.006999999999999999
2456020.9188599996	16.015	0.008
2456022.75426	16.031	0.006999999999999999
2456023.8161400002	16.023	0.006999999999999999
2456024.79905	16.026	0.008
2456025.88912	16.025	0.008
2456032.9075700003	16.027	0.006999999999999999
2456034.92996	16.005	0.008
2456037.8856599997	16.012999999999998	0.006999999999999999
2456039.92505	16.012	0.006999999999999999
2456045.91205	16.02	0.008
2456046.9231	16.035	0.006999999999999999
2456048.86006	16.03	0.006999999999999999
2456050.77259	16.023	0.006999999999999999
2456052.84661	16.02	0.008
2456054.89211	16.009	0.008
2456060.79745	16.044	0.006999999999999999
2456061.68965	16.033	0.008
2456062.83894	16.029	0.006999999999999999
2456064.84705	16.029	0.006999999999999999
2456066.6916	16.024	0.006999999999999999
2456067.7661599996	16.023	0.006999999999999999
2456068.9169400004	16.034000000000002	0.006999999999999999
2456070.6682700003	16.034000000000002	0.008
2456071.72233	16.027	0.006999999999999999
2456075.80778	16.02	0.006999999999999999
2456076.9349599998	16.03	0.008
2456078.79341	16.022000000000002	0.006999999999999999
2456079.86982	16.05	0.006999999999999999
2456080.903	16.009	0.008
2456081.94275	16.028	0.011000000000000001
2456085.69829	16.023	0.01
2456086.69564	16.026	0.006999999999999999
2456088.57743	16.038	0.006999999999999999
2456092.6390400003	16.032	0.008
2456093.83377	16.02	0.008
2456096.62283	16.026	0.008
2456097.8303099996	16.029	0.008
2456098.88222	16.031	0.008
2456100.83966	16.046	0.008
2456101.86877	16.026	0.008
2456103.5000299998	16.018	0.01
2456104.58445	16.025	0.006999999999999999
2456105.6291799997	16.028	0.006999999999999999
2456108.71826	16.016	0.006999999999999999
2456113.67333	16.029	0.008
2456114.7732599997	16.034000000000002	0.008
2456116.49711	16.035	0.008
2456117.56873	16.035999999999998	0.006999999999999999
2456118.62663	16.026	0.006999999999999999
2456119.66374	16.026	0.006999999999999999
2456120.77514	16.027	0.008
2456123.5297	16.033	0.008
2456124.65956	16.029	0.006999999999999999
2456125.7469099998	16.027	0.006999999999999999
2456127.5674	16.034000000000002	0.008
2456131.66591	16.051	0.006999999999999999
2456131.73435	16.04	0.006999999999999999
2456133.74351	16.043	0.008
2456135.7452599998	16.033	0.008
2456140.71936	16.012	0.011000000000000001
2456142.56672	16.029	0.01
2456148.69965	16.041	0.006999999999999999
2456151.70511	16.023	0.008
2456154.68304	16.039	0.008
2456158.69979	16.02	0.006999999999999999
2456161.49205	16.017	0.008
2456179.4866	16.026	0.008
2456181.59196	16.035	0.006999999999999999
2456184.59004	16.021	0.006999999999999999
2456190.56357	16.024	0.006999999999999999
2456195.58862	16.031	0.008
2456197.5616	16.017	0.008
2456203.52227	16.027	0.008
2456205.56203	16.035	0.008
2456210.5203299997	16.035999999999998	0.008
2456217.52672	16.023	0.006999999999999999
2456223.5538	16.052	0.01
2456339.85321	16.023	0.006999999999999999
2456344.85097	16.012	0.006999999999999999
2456349.8396	16.026	0.008
2456352.90025	16.027	0.008
2456361.8102	16.024	0.006999999999999999
2456363.84337	16.035	0.006999999999999999
2456369.7910700003	16.037	0.006999999999999999
2456371.78537	16.028	0.006999999999999999
2456372.77812	16.035999999999998	0.006999999999999999
2456373.91017	16.027	0.006999999999999999
2456375.8792	16.038	0.006999999999999999
2456377.83373	16.052	0.006999999999999999
2456379.7652	16.025	0.006999999999999999
2456380.9032	16.025	0.006999999999999999
2456382.8347099996	16.03	0.008
2456387.76306	16.026	0.006999999999999999
2456388.86278	16.035999999999998	0.006999999999999999
2456388.87905	16.022000000000002	0.006999999999999999
2456390.74922	16.032	0.006999999999999999
2456393.73018	16.034000000000002	0.008
2456395.74122	16.032	0.006999999999999999
2456397.71369	16.015	0.006999999999999999
2456398.90178	16.028	0.006999999999999999
2456400.91681	16.029	0.006999999999999999
2456402.8566900003	16.031	0.006999999999999999
2456404.79539	16.025	0.006999999999999999
2456407.72887	16.043	0.01
2456409.87393	16.042	0.01
2456416.8163400004	16.019000000000002	0.006999999999999999
2456418.6779	16.027	0.008
2456419.82931	16.029	0.006999999999999999
2456421.79588	16.015	0.006999999999999999
2456423.8190099997	16.018	0.006999999999999999
2456426.63102	16.026	0.006999999999999999
2456428.81555	16.04	0.006999999999999999
2456431.91214	16.023	0.008
2456433.67081	16.035	0.008
2456434.85714	16.039	0.008
2456436.607	16.033	0.008
2456442.65444	16.032	0.006999999999999999
2456444.80406	16.029	0.006999999999999999
2456445.90117	16.025	0.01
2456446.81046	16.014	0.006999999999999999
2456447.86416	16.021	0.006999999999999999
2456448.89375	16.041	0.008
2456450.55554	16.022000000000002	0.006999999999999999
2456451.61204	16.039	0.008
2456452.6707200003	16.023	0.006999999999999999
2456454.78345	16.028	0.006999999999999999
2456456.64692	16.022000000000002	0.008
2456457.8884900003	16.014	0.006999999999999999
2456459.57105	16.024	0.006999999999999999
2456460.7606	16.03	0.006999999999999999
2456462.64208	16.034000000000002	0.006999999999999999
2456463.78617	16.026	0.006999999999999999
2456464.86771	16.018	0.008
2456469.66524	16.024	0.006999999999999999
2456472.8191400003	16.045	0.008
2456474.57009	16.04	0.008
2456475.65392	16.024	0.006999999999999999
2456476.71914	16.021	0.006999999999999999
2456477.7935099998	16.025	0.008
2456480.53522	16.035999999999998	0.008
2456481.63056	16.023	0.008
2456485.50185	16.035	0.008
2456486.66139	16.034000000000002	0.006999999999999999
2456487.7486099997	16.04	0.006999999999999999
2456490.53983	16.027	0.008
2456491.7066900004	16.017	0.006999999999999999
2456492.7962700003	16.009	0.01
2456498.4878700003	16.034000000000002	0.006999999999999999
2456500.5287200003	16.049	0.008
2456504.6981900004	16.02	0.006999999999999999
2456506.7131	16.035999999999998	0.01
2456508.76463	16.035999999999998	0.006999999999999999
2456510.6589	16.024	0.006999999999999999
2456514.6435599998	16.017	0.006999999999999999
2456516.69701	16.026	0.008
2456523.4929	16.041	0.008
2456525.49357	16.048	0.008
2456529.6568400003	16.033	0.01
2456533.57961	16.026	0.006999999999999999
2456538.5562	16.035	0.006999999999999999
2456543.60493	16.039	0.006999999999999999
2456546.64126	16.046	0.008
2456558.62279	16.03	0.01
2456562.57958	16.034000000000002	0.006999999999999999
2456565.4975400004	16.02	0.008
2456568.59549	16.037	0.008
2456571.5665700003	16.02	0.008
2456579.49387	16.037	0.008
2456583.50646	16.039	0.01
2456586.53719	16.017	0.01
2456698.88524	16.034000000000002	0.008
2456706.8489	16.028	0.008
2456710.86875	16.023	0.006999999999999999
2456716.81652	16.038	0.006999999999999999
2456718.90657	16.035	0.008
2456721.82423	16.049	0.008
2456723.85917	16.035	0.006999999999999999
2456725.87837	16.029	0.006999999999999999
2456727.86297	16.026	0.006999999999999999
2456729.85098	16.014	0.006999999999999999
2456731.9106400004	16.038	0.008
2456733.87316	16.028	0.006999999999999999
2456735.80309	16.034000000000002	0.008
2456736.9024099996	16.021	0.006999999999999999
2456743.89543	16.031	0.006999999999999999
2456745.8635299997	16.021	0.006999999999999999
2456747.88675	16.022000000000002	0.006999999999999999
2456750.78124	16.035	0.006999999999999999
2456754.8756	16.025	0.006999999999999999
2456754.9164	16.032	0.008
2456758.79235	16.054000000000002	0.008
2456761.79294	16.05	0.006999999999999999
2456764.79171	16.027	0.006999999999999999
2456769.75832	16.044	0.006999999999999999
2456771.89023	16.018	0.006999999999999999
2456774.7680200003	16.035999999999998	0.008
2456777.76736	16.038	0.006999999999999999
2456789.87344	16.031	0.008
2456791.85202	16.027	0.008
2456796.799	16.028	0.008
2456799.89311	16.016	0.011000000000000001
2456804.84186	16.03	0.008
2456807.70397	16.035999999999998	0.01
2456809.57614	16.028	0.008
2456810.89405	16.031	0.008
2456813.87701	16.022000000000002	0.008
2456815.8614	16.034000000000002	0.008
2456817.8626900003	16.021	0.008
2456819.8519900003	16.04	0.01
2456825.53668	16.037	0.008
2456826.79451	16.034000000000002	0.008
2456828.6417900003	16.02	0.006999999999999999
2456829.88122	16.024	0.01
2456832.52687	16.027	0.008
2456833.84309	16.027	0.01
2456835.7524900003	16.018	0.008
2456837.6291900002	16.028	0.008
2456839.49027	16.019000000000002	0.01
2456840.7880700002	16.03	0.008
2456842.79563	16.029	0.008
2456845.66924	16.026	0.008
2456847.83183	16.026	0.01
2456853.5980599998	16.03	0.01
2456856.70465	16.029	0.006999999999999999
2456858.66022	16.027	0.006999999999999999
2456863.52073	16.021	0.008
2456870.49849	16.025	0.008
2456874.63064	16.026	0.008
2456880.4953	16.051	0.011000000000000001
2456882.72693	16.035	0.008
2456886.65802	16.026	0.008
2456889.57816	16.034000000000002	0.006999999999999999
2456895.5344700003	16.028	0.006999999999999999
2456918.55116	16.02	0.01
2456924.56172	16.038	0.008
2456929.5531	16.021	0.01
2456937.50797	16.026	0.01
2456941.5088	16.035999999999998	0.011000000000000001
2456948.52264	16.034000000000002	0.01
2457065.87015	15.991	0.008
2457070.87231	16.000999999999998	0.006999999999999999
2457072.8797	15.989	0.008
2457076.8735599997	15.987	0.006999999999999999
2457078.8492	15.987	0.008
2457080.86165	15.994000000000002	0.008
2457082.89067	15.984000000000002	0.006999999999999999
2457085.85365	15.972000000000001	0.008
2457087.90373	15.965	0.008
2457090.8054	15.98	0.008
2457092.82725	15.959000000000001	0.008
2457097.87815	15.95	0.006999999999999999
2457099.8979	15.942	0.006999999999999999
2457102.78528	15.932	0.008
2457110.75233	15.911	0.006999999999999999
2457111.8765	15.902000000000001	0.006999999999999999
2457115.85443	15.880999999999998	0.006999999999999999
2457125.92505	15.845	0.006999999999999999
2457130.88873	15.841	0.006999999999999999
2457134.70181	15.831	0.006999999999999999
2457136.8097200003	15.832	0.006999999999999999
2457138.91812	15.844000000000001	0.006999999999999999
2457141.73561	15.828	0.006999999999999999
2457143.80353	15.845999999999998	0.006999999999999999
2457144.6647900003	15.83	0.008
2457146.79403	15.841	0.006999999999999999
2457152.83738	15.855	0.006999999999999999
2457154.85032	15.888	0.006999999999999999
2457157.6349400003	15.877	0.006999999999999999
2457159.67154	15.890999999999998	0.006999999999999999
2457161.6447	15.917	0.008
2457163.61515	15.922	0.01
2457166.63505	15.93	0.01
2457169.86144	15.929	0.006999999999999999
2457172.79565	15.942	0.008
2457174.65605	15.937000000000001	0.008
2457178.90144	15.957	0.008
2457179.6828400004	15.962	0.008
2457180.89817	15.959000000000001	0.008
2457182.79671	15.965	0.008
2457184.65162	15.988	0.01
2457185.89241	15.977	0.01
2457188.56475	15.985	0.008
2457189.89824	15.981	0.008
2457194.73618	15.995	0.006999999999999999
2457198.7433599997	16.01	0.008
2457200.58792	15.995	0.006999999999999999
2457202.73125	15.998	0.008
2457207.6201400002	16.005	0.008
2457211.52376	16.004	0.008
2457217.54095	16.006	0.011000000000000001
2457220.6724900003	16.016	0.006999999999999999
2457222.58142	16.004	0.006999999999999999
2457224.59221	16.022000000000002	0.008
2457226.76216	16.005	0.008
2457228.71427	16.02	0.008
2457235.65424	16.017	0.008
2457250.5786599996	16.031	0.006999999999999999
2457255.67217	16.038	0.008
2457263.60891	16.022000000000002	0.008
2457267.62745	16.034000000000002	0.006999999999999999
2457270.6606900003	16.028	0.008
2457277.51829	16.021	0.008
2457293.59542	16.017	0.006999999999999999
2457299.5218	16.01	0.008
2457311.51045	16.02	0.008
2457424.88491	16.021	0.01
2457425.88117	16.038	0.01
2457427.87437	16.03	0.008
2457428.86936	16.018	0.006999999999999999
2457429.86618	16.028	0.008
2457431.88935	16.027	0.008
2457433.86363	16.026	0.008
2457434.8621	16.019000000000002	0.008
2457435.88528	16.022000000000002	0.008
2457438.87033	16.018	0.008
2457441.8568700003	16.022000000000002	0.008
2457443.86571	16.034000000000002	0.01
2457444.84509	16.021	0.008
2457445.86861	16.023	0.006999999999999999
2457447.88842	16.023	0.008
2457448.82997	16.035	0.008
2457448.89729	16.032	0.006999999999999999
2457451.87956	16.027	0.008
2457453.87033	16.021	0.008
2457456.82744	16.03	0.008
2457458.8347099996	16.026	0.008
2457461.83439	16.032	0.006999999999999999
2457463.88002	16.024	0.006999999999999999
2457466.88094	16.021	0.008
2457470.8398700003	16.019000000000002	0.008
2457472.7694	16.02	0.008
2457474.78944	16.022000000000002	0.008
2457475.82197	16.037	0.01
2457484.75914	16.031	0.01
2457485.88559	16.034000000000002	0.006999999999999999
2457487.79372	16.016	0.008
2457488.91605	16.028	0.006999999999999999
2457491.9242	16.033	0.006999999999999999
2457492.91437	16.024	0.006999999999999999
2457493.9015099998	16.023	0.006999999999999999
2457494.8892	16.03	0.006999999999999999
2457495.86713	16.037	0.008
2457498.76199	16.025	0.008
2457499.75451	16.025	0.008
2457500.6966	16.024	0.008
2457500.89794	16.035	0.01
2457508.73899	16.022000000000002	0.006999999999999999
2457509.83363	16.021	0.006999999999999999
2457511.90712	16.029	0.006999999999999999
2457522.8413400003	16.027	0.008
2457526.71385	16.033	0.008
2457529.7587	16.033	0.01
2457534.73072	16.023	0.008
2457536.74112	16.04	0.008
2457545.88552	16.039	0.008
2457546.90755	16.026	0.01
2457547.85912	16.026	0.008
2457549.76439	16.035	0.006999999999999999
2457550.76221	16.033	0.006999999999999999
2457554.69269	16.028	0.008
2457555.81123	16.033	0.006999999999999999
2457557.77371	16.015	0.008
2457561.58167	16.024	0.011000000000000001
2457562.56403	16.033	0.01
2457566.77237	16.035	0.008
2457567.71589	16.029	0.006999999999999999
2457568.71162	16.035	0.008
2457569.73149	16.018	0.008
2457573.59796	16.039	0.008
2457576.61473	16.03	0.006999999999999999
2457582.6645	16.025	0.008
2457589.5896799997	16.035	0.01
2457591.49406	16.031	0.006999999999999999
2457596.60345	16.034000000000002	0.008
2457601.7725299997	16.026	0.008
2457603.71117	16.033	0.006999999999999999
2457605.64703	16.033	0.008
2457608.5685	16.031	0.006999999999999999
2457610.65413	16.037	0.008
2457616.56835	16.035	0.008
2457618.67398	16.021	0.01
2457623.5110400002	16.035	0.008
2457626.50179	16.024	0.008
2457632.57472	16.029	0.006999999999999999
2457637.51191	16.029	0.008
2457644.61055	16.027	0.011000000000000001
2457651.57931	16.012	0.008
2457657.53262	16.029	0.008
2457660.5279200003	16.047	0.01
