2455378.5844900003	16.278	0.008
2455380.6173799997	16.267	0.008
2455382.76365	16.29	0.013000000000000001
2455385.5507400003	16.262	0.008
2455385.65405	16.266	0.013999999999999999
2455385.75238	16.254	0.008
2455388.6462	16.278	0.008
2455391.76465	16.279	0.012
2455397.6562200002	16.27	0.011000000000000001
2455404.79295	16.279	0.012
2455408.7773599997	16.283	0.013000000000000001
2455413.48455	16.278	0.011000000000000001
2455422.5217	16.27	0.01
2455431.66667	16.273	0.012
2455433.65532	16.269000000000002	0.013000000000000001
2455439.54805	16.271	0.012
2455447.4797799997	16.275	0.01
2455457.52269	16.265	0.008
2455460.54703	16.29	0.012
2455464.60579	16.273	0.012
2455472.56062	16.272000000000002	0.01
2455481.52456	16.288	0.013999999999999999
2455483.5139	16.28	0.018000000000000002
2455490.5008	16.285	0.013999999999999999
2455606.88302	16.267	0.01
2455615.89573	16.26	0.01
2455621.86418	16.255	0.008
2455624.79175	16.262999999999998	0.008
2455626.88305	16.262	0.01
2455628.7967	16.272000000000002	0.01
2455629.87678	16.261	0.01
2455631.85219	16.278	0.01
2455633.80716	16.26	0.008
2455634.88361	16.238	0.01
2455637.7943599997	16.262999999999998	0.011000000000000001
2455642.80496	16.255	0.01
2455649.85239	16.261	0.008
2455654.83524	16.277	0.008
2455658.89096	16.26	0.01
2455663.7617	16.265	0.008
2455668.87924	16.295	0.011000000000000001
2455675.86305	16.274	0.008
2455680.66352	16.27	0.01
2455683.70269	16.27	0.008
2455686.8681799998	16.265	0.008
2455692.7252	16.275	0.008
2455694.88069	16.264	0.01
2455697.7401799997	16.27	0.01
2455702.67937	16.275	0.023
2455707.60783	16.268	0.01
2455712.6041099997	16.269000000000002	0.01
2455716.57293	16.250999999999998	0.01
2455723.57765	16.267	0.01
2455726.58336	16.275	0.012
2455729.7439	16.262999999999998	0.016
2455735.7487	16.267	0.01
2455737.84301	16.285999999999998	0.008
2455740.71658	16.259	0.008
2455742.7220099997	16.276	0.008
2455745.7686799997	16.255	0.011000000000000001
2455749.5566	16.272000000000002	0.011000000000000001
2455760.6342599997	16.28	0.011000000000000001
2455765.6072	16.267	0.008
2455769.50339	16.267	0.008
2455777.7502099997	16.262999999999998	0.008
2455784.57629	16.267	0.01
2455786.56033	16.267	0.011000000000000001
2455790.63284	16.272000000000002	0.011000000000000001
2455795.57288	16.26	0.012
2455804.4840700002	16.266	0.008
2455815.54865	16.276	0.008
2455819.58347	16.276	0.01
2455824.5882599996	16.259	0.008
2455829.56415	16.282	0.008
2455834.5173	16.275	0.008
2455841.5589099997	16.266	0.011000000000000001
2455846.49511	16.259	0.013000000000000001
2455855.5006	16.28	0.013000000000000001
2455976.87505	16.274	0.008
2455985.80915	16.269000000000002	0.01
2455990.85704	16.275	0.008
2455995.76992	16.264	0.01
2455999.8599	16.268	0.008
2456002.8626099997	16.285	0.01
2456003.89502	16.281	0.01
2456007.83512	16.262	0.008
2456010.87316	16.274	0.006999999999999999
2456014.7502900003	16.262999999999998	0.008
2456017.74888	16.253	0.006999999999999999
2456019.92946	16.275	0.013000000000000001
2456022.8198599997	16.265	0.008
2456025.74823	16.278	0.01
2456033.7311400003	16.28	0.01
2456037.78705	16.277	0.008
2456041.7155299997	16.257	0.01
2456048.819	16.276	0.008
2456051.75974	16.27	0.008
2456057.79282	16.288	0.01
2456058.73645	16.29	0.01
2456061.88146	16.264	0.008
2456064.87512	16.288	0.008
2456067.63949	16.269000000000002	0.008
2456069.73666	16.28	0.006999999999999999
2456071.71117	16.285999999999998	0.008
2456076.76425	16.277	0.008
2456078.8900200003	16.271	0.008
2456080.8636	16.264	0.01
2456086.64557	16.276	0.008
2456089.6978	16.285	0.006999999999999999
2456093.8797299997	16.254	0.011000000000000001
2456097.72057	16.293	0.01
2456100.57608	16.27	0.01
2456103.80668	16.285999999999998	0.008
2456105.73892	16.285	0.008
2456113.7530900002	16.291	0.01
2456115.75483	16.262	0.01
2456117.7365900003	16.265	0.008
2456119.67828	16.262	0.006999999999999999
2456121.6867	16.271	0.006999999999999999
2456124.75502	16.262999999999998	0.008
2456127.51008	16.279	0.008
2456132.66	16.298	0.01
2456135.7311299997	16.285999999999998	0.008
2456140.7207400003	16.277	0.012
2456147.68157	16.271	0.01
2456151.65094	16.294	0.011000000000000001
2456158.60816	16.269000000000002	0.008
2456161.69661	16.285	0.01
2456169.59992	16.27	0.008
2456183.57284	16.258	0.006999999999999999
2456191.56067	16.266	0.008
2456199.54349	16.26	0.013000000000000001
2456210.54891	16.283	0.01
2456217.54236	16.269000000000002	0.008
2456347.90061	16.277	0.008
2456363.83267	16.281	0.008
2456371.77556	16.285	0.008
2456372.76846	16.281	0.008
2456375.8692900003	16.276	0.006999999999999999
2456379.74411	16.264	0.008
2456382.81154	16.26	0.01
2456388.81651	16.271	0.008
2456391.77086	16.293	0.008
2456395.88087	16.285	0.006999999999999999
2456398.87765	16.267	0.006999999999999999
2456401.91788	16.283	0.006999999999999999
2456404.8982	16.262	0.006999999999999999
2456409.8202	16.27	0.011000000000000001
2456417.78302	16.269000000000002	0.006999999999999999
2456419.9042599997	16.283	0.008
2456423.69936	16.304000000000002	0.008
2456426.88639	16.27	0.006999999999999999
2456431.9435400004	16.276	0.015
2456434.71637	16.27	0.008
2456436.7858	16.258	0.008
2456442.6561	16.268	0.008
2456445.73582	16.303	0.008
2456447.7398200002	16.282	0.006999999999999999
2456449.6582	16.283	0.006999999999999999
2456451.6002599997	16.283	0.008
2456454.60035	16.282	0.006999999999999999
2456456.76662	16.282	0.006999999999999999
2456458.89469	16.279	0.01
2456461.65944	16.284000000000002	0.008
2456463.8018799997	16.281	0.008
2456469.53334	16.274	0.01
2456473.79597	16.276	0.008
2456475.75167	16.266	0.008
2456477.72744	16.274	0.008
2456480.75041	16.274	0.008
2456485.55	16.278	0.008
2456487.6795099997	16.262	0.006999999999999999
2456490.7552	16.27	0.008
2456496.57235	16.303	0.011000000000000001
2456498.76918	16.274	0.011000000000000001
2456505.5686	16.291	0.008
2456508.7062	16.287	0.006999999999999999
2456511.69342	16.269000000000002	0.008
2456524.62241	16.272000000000002	0.008
2456532.51431	16.277	0.006999999999999999
2456539.50512	16.277	0.008
2456546.54765	16.267	0.008
2456560.56131	16.274	0.008
2456567.58621	16.267	0.008
2456576.5125700003	16.272000000000002	0.013999999999999999
2456576.5798400003	16.246	0.017
2456741.88462	16.264	0.008
2456742.87765	16.273	0.006999999999999999
2456748.83469	16.272000000000002	0.006999999999999999
2456750.9035099996	16.273	0.006999999999999999
2456754.70515	16.250999999999998	0.01
2456756.7015400003	16.264	0.006999999999999999
2456758.8384	16.277	0.012
2456760.79269	16.271	0.006999999999999999
2456762.73716	16.267	0.008
2456764.7056299997	16.278	0.008
2456765.85435	16.27	0.006999999999999999
2456769.78585	16.269000000000002	0.006999999999999999
2456770.89376	16.282	0.006999999999999999
2456772.81591	16.269000000000002	0.006999999999999999
2456774.7021	16.262	0.006999999999999999
2456775.91719	16.266	0.006999999999999999
2456777.8879400003	16.27	0.008
2456790.62539	16.262	0.011000000000000001
2456791.67716	16.139	0.01
2456792.71932	16.264	0.01
2456796.77678	16.265	0.01
2456797.87456	16.265	0.01
2456803.72782	16.266	0.008
2456804.73911	16.271	0.008
2456805.8021400003	16.277	0.01
2456807.78375	16.275	0.011000000000000001
2456808.80728	16.268	0.008
2456809.86075	16.276	0.01
2456810.89247	16.273	0.01
2456811.90638	16.252	0.012
2456814.67797	16.281	0.008
2456815.77357	16.268	0.01
2456816.84702	16.269000000000002	0.01
2456817.59343	16.273	0.011000000000000001
2456819.76109	16.266	0.011000000000000001
2456824.61842	16.267	0.011000000000000001
2456825.6405	16.271	0.011000000000000001
2456826.65082	16.253	0.01
2456827.74235	16.277	0.008
2456828.78877	16.28	0.008
2456829.76327	16.274	0.01
2456830.78688	16.271	0.006999999999999999
2456832.54305	16.27	0.008
2456833.61087	16.275	0.01
2456834.6179299997	16.273	0.01
2456835.69197	16.27	0.01
2456836.72382	16.27	0.011000000000000001
2456837.7361	16.268	0.01
2456838.73682	16.267	0.008
2456839.75234	16.266	0.01
2456840.80149	16.287	0.011000000000000001
2456842.5526900003	16.279	0.011000000000000001
2456844.58105	16.267	0.008
2456845.56977	16.272000000000002	0.008
2456847.5617299997	16.27	0.01
2456851.52204	16.261	0.01
2456852.58476	16.258	0.015
2456855.65298	16.272000000000002	0.008
2456856.68857	16.275	0.008
2456857.7370599997	16.27	0.008
2456859.56431	16.27	0.011000000000000001
2456862.7515	16.262999999999998	0.01
2456864.50592	16.27	0.01
2456870.56307	16.259	0.01
2456872.71922	16.262	0.01
2456879.61626	16.268	0.011000000000000001
2456881.58303	16.262999999999998	0.011000000000000001
2456883.49684	16.264	0.008
2456885.70215	16.261	0.01
2456887.61142	16.269000000000002	0.008
2456889.54614	16.257	0.008
2456890.69825	16.254	0.01
2456895.66482	16.244	0.01
2456909.5054200003	16.264	0.012
2456919.54832	16.255	0.01
2456924.50205	16.274	0.01
2456926.6099799997	16.265	0.01
2456932.53054	16.244	0.012
2456936.5263900002	16.246	0.011000000000000001
2456942.5417299997	16.253	0.011000000000000001
2457070.85035	15.9	0.006999999999999999
2457075.88913	15.859000000000002	0.006999999999999999
2457078.8903099997	15.854000000000001	0.006
2457082.89396	15.828	0.006
2457087.79233	15.805	0.006999999999999999
2457090.85511	15.78	0.006
2457098.77385	15.753	0.006
2457100.91395	15.737	0.006
2457110.8368	15.732999999999999	0.006
2457113.8431700002	15.74	0.006
2457115.8912299997	15.734000000000002	0.006
2457117.84578	15.742	0.006
2457119.89461	15.718	0.008
2457125.80128	15.763	0.006
2457129.75298	15.775	0.006
2457130.9166099997	15.795	0.006999999999999999
2457132.81039	15.787	0.006
2457134.89883	15.812999999999999	0.006
2457136.7648099996	15.822000000000001	0.006
2457137.90183	15.839	0.006999999999999999
2457139.7565099997	15.841	0.006
2457140.88091	15.844000000000001	0.006999999999999999
2457142.7154099997	15.853	0.006
2457143.82222	15.843	0.01
2457145.78425	15.873	0.006999999999999999
2457146.81885	15.869000000000002	0.006999999999999999
2457147.84003	15.882	0.008
2457153.6883099996	15.913	0.006
2457154.777	15.925999999999998	0.006999999999999999
2457155.87172	15.939	0.006999999999999999
2457157.75785	15.931	0.006999999999999999
2457158.897	15.940999999999999	0.006999999999999999
2457160.61694	15.953	0.008
2457161.69111	15.957	0.006
2457162.73699	15.969000000000001	0.006999999999999999
2457163.81175	15.97	0.006999999999999999
2457164.942	15.982999999999999	0.012
2457168.72818	16.0	0.006999999999999999
2457169.94577	16.012	0.01
2457172.6244900003	16.023	0.008
2457173.64525	16.02	0.008
2457174.65447	16.037	0.008
2457175.66833	16.039	0.006999999999999999
2457178.64404	16.055999999999997	0.006999999999999999
2457179.62348	16.066	0.01
2457180.61875	16.067999999999998	0.008
2457181.61428	16.067999999999998	0.006999999999999999
2457182.63172	16.067	0.006999999999999999
2457183.6434400002	16.067	0.008
2457184.67908	16.082	0.008
2457185.70612	16.075	0.008
2457186.8615	16.081	0.008
2457187.8744200002	16.088	0.006999999999999999
2457189.57235	16.092	0.008
2457190.6306	16.082	0.006999999999999999
2457191.80919	16.104	0.01
2457194.67587	16.12	0.006
2457197.77438	16.117	0.008
2457198.7993	16.118	0.008
2457199.8015400004	16.125999999999998	0.006999999999999999
2457200.78483	16.14	0.008
2457206.65365	16.159000000000002	0.011000000000000001
2457207.68012	16.148	0.008
2457209.81644	16.156	0.012
2457211.80602	16.163	0.01
2457217.55848	16.163	0.011000000000000001
2457219.72123	16.159000000000002	0.008
2457221.47406	16.2	0.01
2457222.53102	16.183	0.008
2457223.67323	16.18	0.008
2457224.7631200003	16.174	0.01
2457226.67395	16.191	0.006999999999999999
2457227.6851	16.184	0.006999999999999999
2457228.74203	16.192	0.008
2457229.78193	16.18	0.008
2457235.6718599997	16.186	0.01
2457249.57524	16.215999999999998	0.01
2457252.63336	16.227	0.008
2457255.59387	16.21	0.01
2457263.50079	16.227	0.008
2457269.66678	16.223	0.008
2457272.51877	16.227	0.011000000000000001
2457275.6754799997	16.178	0.011000000000000001
2457281.49528	16.247	0.011000000000000001
2457292.5850400003	16.244	0.013000000000000001
2457300.51675	16.250999999999998	0.011000000000000001
2457320.52612	16.272000000000002	0.013999999999999999
2457439.83025	16.285	0.011000000000000001
2457446.80725	16.265	0.008
2457451.9048200003	16.273	0.01
2457456.83073	16.272000000000002	0.008
2457461.79154	16.273	0.008
2457465.83692	16.253	0.008
2457471.77786	16.268	0.01
2457474.85622	16.281	0.008
2457484.83318	16.264	0.008
2457486.75613	16.273	0.012
2457487.86389	16.284000000000002	0.008
2457489.8519599997	16.274	0.008
2457492.73176	16.285	0.008
2457493.72427	16.276	0.008
2457494.7071	16.273	0.008
2457495.69095	16.281	0.01
2457495.91159	16.275	0.008
2457498.84218	16.275	0.01
2457499.79767	16.272000000000002	0.008
2457500.73889	16.277	0.011000000000000001
2457507.74827	16.272000000000002	0.008
2457508.7966400003	16.254	0.006999999999999999
2457509.8934299997	16.267	0.008
2457512.8390900004	16.273	0.006999999999999999
2457522.89982	16.276	0.011000000000000001
2457526.8133	16.277	0.008
2457529.864	16.275	0.013999999999999999
2457534.8119099997	16.284000000000002	0.008
2457536.8112	16.274	0.008
2457546.6277799997	16.275	0.01
2457547.5883400002	16.282	0.011000000000000001
2457548.6710200002	16.277	0.006999999999999999
2457549.8415599996	16.266	0.008
2457550.8201099997	16.272000000000002	0.01
2457555.55263	16.288	0.011000000000000001
2457555.89018	16.291	0.01
2457557.86128	16.272000000000002	0.011000000000000001
2457561.66081	16.276	0.011000000000000001
2457562.65107	16.281	0.01
2457566.84168	16.272000000000002	0.013000000000000001
2457567.78552	16.273	0.01
2457568.78449	16.274	0.01
2457569.80195	16.279	0.008
2457575.58927	16.275	0.011000000000000001
2457575.6033	16.272000000000002	0.01
2457576.61296	16.284000000000002	0.008
2457579.63398	16.27	0.008
2457584.54357	16.28	0.01
2457589.53175	16.272000000000002	0.012
2457590.5520599997	16.285999999999998	0.008
2457593.5146	16.285999999999998	0.008
2457596.47686	16.266	0.006
2457600.48558	16.281	0.011000000000000001
2457602.5871099997	16.277	0.01
2457603.6472099996	16.285	0.008
2457604.65444	16.289	0.008
2457605.69572	16.298	0.01
2457607.6617099997	16.269000000000002	0.008
2457609.47947	16.285999999999998	0.01
2457610.63774	16.273	0.008
2457612.61714	16.28	0.013000000000000001
2457616.69746	16.275	0.01
2457618.58489	16.299	0.01
2457621.65656	16.285	0.011000000000000001
2457623.57887	16.28	0.008
2457625.51395	16.279	0.008
2457630.55125	16.284000000000002	0.008
2457632.55795	16.268	0.008
2457635.56171	16.259	0.011000000000000001
2457637.6446	16.287	0.01
2457644.51965	16.27	0.012
2457648.57702	16.27	0.01
2457653.608	16.28	0.008
2457659.56688	16.29	0.01
2457797.8797299997	16.283	0.011000000000000001
2457802.87764	16.275	0.013000000000000001
2457809.85952	16.267	0.01
2457812.8757	16.267	0.008
2457816.83307	16.267	0.01
2457818.87623	16.23	0.006999999999999999
2457821.83375	16.278	0.01
2457823.87405	16.272000000000002	0.008
2457826.79058	16.281	0.011000000000000001
2457828.80838	16.269000000000002	0.01
2457830.8580400003	16.198	0.01
2457835.83722	16.271	0.011000000000000001
2457837.8344900003	16.279	0.01
2457839.83875	16.282	0.008
2457841.83811	16.278	0.01
2457843.78684	16.292	0.01
2457845.72928	16.284000000000002	0.011000000000000001
2457846.88627	16.281	0.008
2457848.8177799997	16.284000000000002	0.008
2457850.73585	16.28	0.011000000000000001
2457851.8621	16.265	0.01
2457854.78837	16.282	0.01
2457856.71294	16.289	0.012
2457858.84905	16.28	0.01
2457862.83142	16.279	0.01
2457865.73911	16.283	0.008
2457866.86808	16.284000000000002	0.008
2457868.79591	16.268	0.011000000000000001
2457869.92637	16.285	0.008
2457871.84609	16.276	0.008
2457873.70697	16.255	0.008
2457874.79391	16.275	0.01
2457876.6943200002	16.284000000000002	0.01
2457877.78425	16.273	0.008
2457878.9372	16.279	0.012
2457880.7924099998	16.272000000000002	0.01
2457882.7472200003	16.28	0.01
2457890.81573	16.277	0.013000000000000001
2457893.88547	16.276	0.01
2457894.8829099997	16.272000000000002	0.01
2457901.63839	16.26	0.01
2457902.75227	16.282	0.008
2457903.91549	16.275	0.011000000000000001
2457904.9103200003	16.273	0.01
2457905.8794299997	16.285999999999998	0.008
2457906.84421	16.275	0.01
2457908.59027	16.282	0.011000000000000001
2457908.92216	16.284000000000002	0.011000000000000001
2457909.85326	16.283	0.008
2457910.77834	16.29	0.01
2457911.64414	16.28	0.011000000000000001
2457916.6935099997	16.283	0.011000000000000001
2457917.6752400002	16.282	0.01
2457923.5599	16.277	0.011000000000000001
2457924.52716	16.284000000000002	0.01
2457924.8692400004	16.281	0.01
2457926.58084	16.279	0.01
2457928.67682	16.271	0.01
2457933.5852200002	16.266	0.011000000000000001
2457934.59678	16.275	0.008
2457935.6088	16.282	0.008
2457936.59199	16.278	0.01
2457937.58105	16.285999999999998	0.01
2457938.6049200003	16.288	0.012
2457944.7170700002	16.276	0.01
2457945.6281	16.281	0.008
2457946.57194	16.275	0.01
2457948.6247	16.272000000000002	0.008
2457949.67396	16.279	0.011000000000000001
2457953.59534	16.281	0.008
2457954.60468	16.273	0.008
2457956.58784	16.285	0.008
2457957.79261	16.287	0.011000000000000001
2457959.56697	16.285999999999998	0.008
2457960.60223	16.271	0.006999999999999999
2457961.65034	16.271	0.008
2457964.57845	16.285	0.011000000000000001
2457966.5430900003	16.285999999999998	0.012
2457971.4792299997	16.281	0.013000000000000001
2457973.6039	16.269000000000002	0.012
2457974.69859	16.268	0.011000000000000001
2457980.49519	16.285	0.012
2457981.68103	16.266	0.01
2457983.6283299997	16.281	0.008
2457985.59153	16.284000000000002	0.011000000000000001
2457987.63364	16.276	0.008
2457991.6152	16.268	0.012
2457993.57792	16.278	0.01
2457998.54002	16.27	0.01
2458001.5147599997	16.277	0.01
2458004.4986099997	16.285999999999998	0.011000000000000001
2458010.50727	16.297	0.011000000000000001
2458013.5787400003	16.285	0.01
2458017.49954	16.285999999999998	0.01
2458021.5068900003	16.278	0.011000000000000001
2458030.52045	16.284000000000002	0.01
