2455377.6520599998	17.066	0.016
2455377.6731	16.983	0.016
2455378.49585	17.078	0.019
2455378.8040400003	17.085	0.018000000000000002
2455379.69225	17.094	0.016
2455380.80248	17.099	0.019
2455381.67742	17.073	0.019
2455382.5414299998	17.087	0.022000000000000002
2455382.74808	17.089000000000002	0.019
2455385.50017	17.066	0.016
2455385.60213	17.06	0.015
2455385.6927400003	17.076	0.015
2455385.79078	17.048	0.015
2455386.77196	17.065	0.015
2455387.7543	17.052	0.015
2455388.64321	17.085	0.015
2455389.5346	17.084	0.019
2455390.5424200003	17.099	0.022000000000000002
2455390.79959	17.1	0.016
2455391.76165	17.11	0.018000000000000002
2455392.63215	16.96	0.015
2455393.69379	17.059	0.018000000000000002
2455396.5751799997	17.067	0.025
2455397.6532400004	17.096	0.022000000000000002
2455403.62524	17.101	0.018000000000000002
2455404.49682	17.065	0.018000000000000002
2455404.69415	17.078	0.019
2455405.70983	17.066	0.019
2455407.5628299997	17.084	0.019
2455407.75667	17.074	0.021
2455408.68624	17.073	0.019
2455409.59658	17.0	0.015
2455410.59968	17.129	0.016
2455411.63585	17.052	0.015
2455412.61994	17.102	0.019
2455413.6277099997	17.088	0.015
2455414.6723700003	17.083	0.015
2455418.58369	17.093	0.015
2455421.6134200003	17.081	0.015
2455422.63221	17.083	0.015
2455425.5247400003	17.087	0.018000000000000002
2455430.5185	17.08	0.024
2455431.51957	17.088	0.019
2455433.69822	17.039	0.028999999999999998
2455434.69613	17.136	0.021
2455435.6993400003	17.109	0.019
2455437.6787	17.102999999999998	0.019
2455439.55922	17.070999999999998	0.021
2455443.57303	17.088	0.021
2455444.59438	17.088	0.018000000000000002
2455445.68335	17.077	0.016
2455447.49125	17.076	0.015
2455448.5503	17.070999999999998	0.018000000000000002
2455448.56509	17.06	0.018000000000000002
2455450.50929	17.067	0.019
2455451.63583	17.127	0.021
2455457.51797	17.092	0.016
2455458.5619	17.062	0.021
2455459.5954	17.084	0.019
2455460.60809	17.072	0.031
2455462.48613	17.087	0.019
2455463.5929	17.094	0.019
2455464.5526400004	17.083	0.019
2455465.48708	17.109	0.026000000000000002
2455468.55699	17.141	0.022000000000000002
2455471.53865	17.062	0.018000000000000002
2455472.58855	17.074	0.019
2455476.55321	17.042	0.026000000000000002
2455480.51119	17.067999999999998	0.019
2455483.4989	17.075	0.031
2455487.49715	17.063	0.018000000000000002
2455489.49603	17.077	0.027999999999999997
2455492.52152	17.044	0.031
2455497.49982	17.058	0.025
2455596.86155	17.092	0.019
2455596.8849299997	17.09	0.028999999999999998
2455597.8564400002	17.092	0.019
2455606.8878900004	17.082	0.019
2455614.8681799998	17.062	0.018000000000000002
2455620.8525400003	17.095	0.018000000000000002
2455624.81369	17.076	0.018000000000000002
2455625.77575	17.074	0.021
2455627.80052	17.102999999999998	0.019
2455629.77936	17.076	0.021
2455630.76935	17.066	0.016
2455632.76685	17.059	0.025
2455634.75408	17.07	0.018000000000000002
2455635.82663	17.067999999999998	0.021
2455638.7449	17.07	0.026000000000000002
2455639.7579	17.070999999999998	0.019
2455639.8335599997	17.055999999999997	0.018000000000000002
2455639.90923	17.097	0.021
2455640.83066	17.099	0.018000000000000002
2455641.75679	17.074	0.019
2455641.8769099996	17.087	0.018000000000000002
2455642.79865	17.08	0.018000000000000002
2455643.74478	17.079	0.019
2455643.8225	17.104	0.019
2455644.74551	17.066	0.024
2455644.85916	17.118	0.025
2455648.73163	17.046	0.019
2455648.84025	17.1	0.015
2455649.7359700003	17.07	0.018000000000000002
2455649.84613	17.072	0.015
2455650.72843	17.09	0.019
2455650.8347	17.102999999999998	0.015
2455651.75434	17.06	0.015
2455651.86663	17.089000000000002	0.016
2455652.79486	17.094	0.015
2455653.76072	17.043	0.015
2455654.76381	17.087	0.016
2455654.85574	17.070999999999998	0.016
2455655.7686400004	17.075	0.016
2455655.84485	17.078	0.015
2455656.8019	17.075	0.015
2455657.76525	17.09	0.015
2455657.84494	17.089000000000002	0.015
2455658.75607	17.055	0.019
2455658.85706	17.092	0.015
2455659.71374	17.099	0.019
2455659.78992	17.076	0.016
2455659.87583	17.06	0.013999999999999999
2455660.76355	17.086	0.016
2455660.86043	17.065	0.018000000000000002
2455662.7548599998	17.093	0.022000000000000002
2455662.85523	17.099	0.016
2455663.7531	17.085	0.018000000000000002
2455664.80156	17.088	0.018000000000000002
2455664.90533	17.067999999999998	0.016
2455665.78799	17.081	0.015
2455665.90002	17.075	0.015
2455667.82761	17.07	0.015
2455668.83262	17.113	0.021
2455669.81619	17.088	0.018000000000000002
2455670.80419	17.117	0.021
2455671.77379	17.073	0.018000000000000002
2455675.87305	17.088	0.016
2455676.77886	17.105999999999998	0.015
2455677.73551	17.084	0.015
2455677.9225	17.097	0.015
2455679.8442599997	17.078	0.016
2455680.7247200003	17.07	0.018000000000000002
2455680.91041	17.093	0.015
2455681.80527	17.098	0.016
2455682.70487	17.066	0.018000000000000002
2455682.92448	17.070999999999998	0.016
2455683.87913	17.075	0.016
2455684.78254	17.095	0.016
2455685.76895	17.090999999999998	0.015
2455686.65668	17.117	0.019
2455686.8650700003	17.057000000000002	0.018000000000000002
2455687.7541400003	17.073	0.015
2455688.92886	17.112000000000002	0.022000000000000002
2455690.6562200002	17.094	0.018000000000000002
2455690.86988	17.065	0.018000000000000002
2455691.79219	17.102999999999998	0.016
2455692.6849	17.067	0.018000000000000002
2455692.8605400003	17.086	0.016
2455693.70883	17.099	0.016
2455693.8824299998	17.086	0.016
2455694.71415	17.065	0.018000000000000002
2455694.89016	17.074	0.018000000000000002
2455695.76643	17.12	0.018000000000000002
2455695.92979	17.095	0.018000000000000002
2455696.75752	17.11	0.018000000000000002
2455696.94025	17.055999999999997	0.028999999999999998
2455697.76346	17.069000000000003	0.018000000000000002
2455697.9298400003	17.053	0.018000000000000002
2455698.76314	17.058	0.025
2455698.92853	17.073	0.027999999999999997
2455705.72643	17.092	0.019
2455705.92019	17.027	0.022000000000000002
2455706.87444	17.098	0.022000000000000002
2455707.73748	17.084	0.018000000000000002
2455707.89854	17.074	0.018000000000000002
2455708.73014	17.075	0.015
2455709.56167	17.064	0.018000000000000002
2455712.59762	17.083	0.019
2455712.6002700003	17.062	0.019
2455712.8062299998	17.087	0.016
2455713.82092	17.093	0.015
2455715.5592	17.090999999999998	0.018000000000000002
2455715.76494	17.078	0.015
2455716.5917	17.089000000000002	0.022000000000000002
2455716.60434	17.065	0.016
2455716.61906	17.079	0.016
2455716.63168	17.077	0.018000000000000002
2455716.82829	17.077	0.016
2455721.71282	17.101	0.016
2455721.91385	17.069000000000003	0.024
2455722.76675	17.11	0.016
2455723.63532	17.102	0.018000000000000002
2455723.80345	17.088	0.015
2455724.6636200002	17.079	0.019
2455725.5659	17.082	0.018000000000000002
2455725.7793900003	17.075	0.016
2455726.68752	17.098	0.018000000000000002
2455734.66356	17.073	0.021
2455734.8458	17.062	0.022000000000000002
2455735.7924900004	17.094	0.016
2455736.5416599996	17.112000000000002	0.016
2455736.70883	17.065	0.013999999999999999
2455737.53746	17.077	0.018000000000000002
2455737.7270400003	17.078	0.013999999999999999
2455737.89458	17.067999999999998	0.018000000000000002
2455738.7528	17.085	0.013999999999999999
2455739.62272	17.066	0.016
2455739.81079	17.094	0.018000000000000002
2455740.62447	17.077	0.021
2455740.8115	17.057000000000002	0.018000000000000002
2455741.5819900003	17.074	0.016
2455741.76059	17.087	0.015
2455742.50886	17.061	0.019
2455742.69336	17.078	0.015
2455742.84882	17.093	0.015
2455743.74327	17.066	0.018000000000000002
2455744.50111	17.077	0.025
2455744.67696	17.119	0.016
2455745.49023	17.063	0.021
2455745.66535	17.076	0.015
2455746.7050900003	17.075	0.016
2455747.58874	17.105	0.031
2455747.76554	17.064	0.021
2455749.54103	17.058	0.018000000000000002
2455749.70761	17.099	0.019
2455752.58536	16.956	0.019
2455753.71315	17.096	0.022000000000000002
2455759.83542	17.11	0.025
2455760.4808900002	17.112000000000002	0.026000000000000002
2455760.6746400003	17.08	0.018000000000000002
2455761.4956	17.074	0.012
2455762.54031	17.076	0.016
2455762.69636	17.084	0.016
2455763.57629	17.077	0.015
2455763.76204	17.094	0.018000000000000002
2455764.57942	17.102	0.016
2455764.7859099996	17.067999999999998	0.016
2455765.65023	17.076	0.015
2455766.50995	17.094	0.016
2455766.69632	16.991	0.015
2455767.5745	17.089000000000002	0.016
2455767.78258	17.072	0.021
2455768.63669	17.102999999999998	0.015
2455769.47365	17.067999999999998	0.019
2455769.67797	17.092	0.015
2455770.75402	17.09	0.018000000000000002
2455776.60894	17.073	0.021
2455777.52599	17.066	0.013999999999999999
2455777.77335	17.095	0.016
2455779.60105	17.052	0.016
2455785.62816	17.035999999999998	0.019
2455786.57178	17.078	0.022000000000000002
2455787.60792	17.088	0.016
2455788.5073599997	17.096	0.019
2455788.6929599997	17.041	0.025
2455790.59073	17.072	0.019
2455791.4772799998	17.09	0.022000000000000002
2455793.59747	17.081	0.019
2455794.47946	17.067	0.022000000000000002
2455794.67808	17.083	0.016
2455795.7253400004	17.075	0.019
2455796.6523599997	17.102	0.018000000000000002
2455801.57377	17.076	0.019
2455802.5649599996	17.064	0.021
2455804.5573	17.084	0.019
2455805.50722	17.085	0.015
2455806.5004	17.049	0.021
2455807.6371299997	17.084	0.019
2455812.61953	17.07	0.022000000000000002
2455813.60311	17.090999999999998	0.016
2455815.57137	17.077	0.015
2455816.5517599997	17.081	0.019
2455817.55276	17.076	0.018000000000000002
2455818.53419	17.06	0.019
2455819.54288	17.089000000000002	0.019
2455820.51155	17.064	0.021
2455822.5121299997	17.067999999999998	0.021
2455822.6007	17.07	0.018000000000000002
2455823.53216	17.093	0.021
2455823.61926	17.081	0.025
2455824.55558	17.073	0.016
2455824.63322	17.077	0.019
2455825.57215	17.085	0.018000000000000002
2455826.49529	17.114	0.019
2455826.58265	17.087	0.021
2455827.52135	17.083	0.022000000000000002
2455827.6017400003	17.044	0.022000000000000002
2455828.53486	17.095	0.016
2455828.61013	17.069000000000003	0.018000000000000002
2455829.5455400003	17.086	0.016
2455829.62163	17.113	0.018000000000000002
2455830.55855	17.07	0.018000000000000002
2455831.5307299998	17.093	0.016
2455831.60399	17.066	0.019
2455832.55368	17.087	0.019
2455833.5117900004	17.087	0.016
2455833.58951	17.064	0.021
2455834.54893	17.082	0.016
2455835.53241	17.037	0.024
2455836.52949	17.043	0.022000000000000002
2455836.59296	17.065	0.024
2455839.55347	17.133	0.032
2455840.49928	17.054000000000002	0.021
2455840.60019	17.1	0.021
2455841.52691	17.023	0.022000000000000002
2455841.60623	17.07	0.026000000000000002
2455842.5769	17.109	0.026000000000000002
2455843.5298900004	17.115	0.022000000000000002
2455844.5537400004	17.075	0.024
2455845.5142099997	17.090999999999998	0.024
2455845.59496	17.067999999999998	0.024
2455846.55664	17.095	0.026000000000000002
2455851.5433099996	17.06	0.018000000000000002
2455852.4934900003	17.05	0.027999999999999997
2455855.54647	17.069000000000003	0.024
2455856.55358	17.134	0.027999999999999997
2455858.52585	17.051	0.028999999999999998
2455860.49863	17.031	0.024
2455969.87764	17.08	0.015
2455972.8938	17.035	0.019
2455977.8318	17.097	0.016
2455978.84625	17.087	0.016
2455979.85714	17.077	0.016
2455981.88555	17.11	0.015
2455982.8907	17.094	0.015
2455983.88388	17.094	0.012
2455984.86802	17.089000000000002	0.013999999999999999
2455985.85205	17.079	0.015
2455986.8333	17.08	0.015
2455987.80664	17.062	0.021
2455987.89805	17.069000000000003	0.015
2455988.88552	17.086	0.015
2455989.86055	17.088	0.018000000000000002
2455990.8250700003	17.072	0.015
2455991.79867	17.067999999999998	0.018000000000000002
2455991.89312	17.07	0.013999999999999999
2455992.85863	17.075	0.015
2455993.8383	17.085	0.018000000000000002
2455994.79238	17.092	0.021
2455994.8975	17.082	0.016
2455995.77624	17.084	0.018000000000000002
2455995.9100099998	17.067999999999998	0.021
2455996.85206	17.097	0.015
2455997.8078799997	17.049	0.018000000000000002
2455997.8942299997	17.078	0.015
2455998.84581	17.1	0.016
2455999.77463	17.113	0.021
2455999.86778	17.087	0.015
2456003.85608	17.1	0.022000000000000002
2456004.78792	17.062	0.016
2456004.8842700003	17.078	0.016
2456005.80553	17.069000000000003	0.015
2456005.9108599997	17.1	0.015
2456006.84215	17.087	0.015
2456007.7515	17.092	0.015
2456007.85156	17.065	0.015
2456008.74681	17.087	0.015
2456008.83628	17.078	0.015
2456009.74755	17.07	0.015
2456009.84699	17.085	0.015
2456010.73878	17.12	0.019
2456010.83012	17.083	0.013999999999999999
2456010.91777	17.067999999999998	0.016
2456011.82772	17.095	0.019
2456012.74016	17.095	0.015
2456012.83438	17.104	0.013999999999999999
2456012.92151	17.076	0.016
2456013.81882	17.092	0.015
2456013.92252	17.045	0.026000000000000002
2456014.7949599996	17.078	0.013999999999999999
2456014.89409	17.105999999999998	0.016
2456015.7729599997	17.079	0.013999999999999999
2456015.84007	17.082	0.012
2456016.7546900003	17.089000000000002	0.015
2456016.8346	17.081	0.015
2456017.74275	17.073	0.013999999999999999
2456017.81921	17.101	0.013999999999999999
2456017.91915	17.06	0.016
2456018.8081	17.078	0.021
2456018.9138	17.102	0.013999999999999999
2456019.7872200003	17.089000000000002	0.015
2456019.88235	17.086	0.015
2456020.7417200003	17.075	0.016
2456020.8356	17.105999999999998	0.013999999999999999
2456020.91546	17.073	0.016
2456021.7644700003	17.074	0.016
2456021.84222	17.085	0.013999999999999999
2456022.7132099997	17.047	0.025
2456022.7895	17.085	0.016
2456022.88572	17.114	0.016
2456023.7458200003	17.073	0.016
2456023.8257	17.073	0.015
2456024.7041700003	17.072	0.022000000000000002
2456024.78275	17.067	0.016
2456024.89528	17.098	0.018000000000000002
2456025.76884	17.044	0.019
2456025.86246	17.055	0.018000000000000002
2456029.8942400003	17.108	0.016
2456031.8909299998	17.116	0.024
2456032.83486	17.086	0.015
2456033.75948	17.111	0.018000000000000002
2456034.70745	17.08	0.015
2456035.84172	17.074	0.015
2456036.83485	17.107	0.013999999999999999
2456037.78373	17.089000000000002	0.016
2456038.75282	17.07	0.016
2456039.74694	17.085	0.018000000000000002
2456040.7387200003	17.063	0.016
2456040.92293	17.072	0.016
2456041.87627	17.090999999999998	0.015
2456046.92151	17.078	0.015
2456047.82448	17.096	0.019
2456048.76589	17.066	0.013999999999999999
2456049.68254	17.125	0.016
2456049.87703	17.082	0.015
2456050.77098	17.044	0.015
2456051.64781	17.087	0.018000000000000002
2456052.76537	17.079	0.016
2456052.92302	17.055	0.016
2456053.79647	17.06	0.016
2456054.89049	17.123	0.027999999999999997
2456058.8207	17.105999999999998	0.018000000000000002
2456059.71144	17.073	0.015
2456059.88733	17.047	0.015
2456061.78633	17.076	0.015
2456062.65501	17.07	0.018000000000000002
2456062.83722	17.070999999999998	0.015
2456063.80639	17.098	0.021
2456064.7291	17.083	0.013999999999999999
2456064.91393	17.134	0.016
2456065.74885	17.09	0.015
2456066.67725	17.067999999999998	0.013999999999999999
2456066.86032	17.061	0.015
2456067.6642299998	17.083	0.015
2456067.84139	17.092	0.013999999999999999
2456068.6674200003	17.048	0.015
2456068.8867900004	17.086	0.013999999999999999
2456069.6205700003	17.090999999999998	0.016
2456069.8275599997	17.086	0.013999999999999999
2456070.62853	17.085	0.019
2456070.80505	17.08	0.015
2456071.60316	17.079	0.013999999999999999
2456071.76893	17.088	0.016
2456071.9375299998	17.084	0.021
2456075.7571900003	17.067999999999998	0.013999999999999999
2456076.6151900003	17.076	0.016
2456076.80005	17.094	0.013999999999999999
2456077.71427	17.083	0.015
2456077.9160599997	17.062	0.015
2456078.72464	17.109	0.015
2456078.89953	17.059	0.015
2456079.69806	17.098	0.016
2456079.89342	17.085	0.013999999999999999
2456080.66081	17.096	0.019
2456080.83838	17.086	0.016
2456081.61809	17.083	0.022000000000000002
2456081.79141	17.078	0.016
2456082.61203	17.069000000000003	0.024
2456082.81649	17.102	0.026000000000000002
2456085.62682	17.102999999999998	0.018000000000000002
2456085.78717	17.082	0.016
2456086.55877	17.062	0.016
2456086.73122	17.094	0.015
2456086.9149599997	17.061	0.024
2456087.8218900003	16.982	0.015
2456088.66457	17.089000000000002	0.013999999999999999
2456089.77863	17.027	0.013999999999999999
2456092.62476	17.07	0.015
2456092.91213	17.101	0.022000000000000002
2456093.70499	17.1	0.016
2456094.57903	17.064	0.021
2456094.7650099997	17.096	0.018000000000000002
2456096.57618	17.048	0.018000000000000002
2456096.77654	17.076	0.018000000000000002
2456097.67965	17.067999999999998	0.016
2456097.86833	17.079	0.018000000000000002
2456098.66183	17.084	0.019
2456098.84264	17.088	0.016
2456100.517	17.073	0.022000000000000002
2456100.71065	17.08	0.015
2456100.87567	17.061	0.019
2456101.64047	17.065	0.015
2456101.82419	17.057000000000002	0.016
2456102.62385	17.087	0.016
2456102.78069	17.076	0.013999999999999999
2456103.53163	17.083	0.018000000000000002
2456103.71071	17.076	0.015
2456104.53227	17.079	0.015
2456104.69538	17.098	0.013999999999999999
2456104.86403	17.114	0.018000000000000002
2456105.6274200003	17.1	0.015
2456106.62728	17.092	0.021
2456108.62295	17.081	0.018000000000000002
2456108.7949900003	17.07	0.015
2456109.5745599996	17.272000000000002	0.051
2456109.7875200002	17.113	0.024
2456113.59179	17.098	0.019
2456113.7501	17.081	0.018000000000000002
2456114.59993	17.092	0.018000000000000002
2456114.77155	17.065	0.016
2456115.5363	17.072	0.016
2456115.75166	17.051	0.016
2456116.57778	17.092	0.015
2456116.75885	17.102999999999998	0.016
2456117.55472	17.084	0.016
2456117.7335	17.084	0.016
2456118.5073599997	17.082	0.018000000000000002
2456118.69593	17.088	0.013999999999999999
2456118.83972	17.083	0.018000000000000002
2456119.64875	17.075	0.013999999999999999
2456119.79248	17.090999999999998	0.016
2456120.67946	17.092	0.013999999999999999
2456121.47807	17.078	0.015
2456121.65828	17.069000000000003	0.012
2456123.5155700003	17.055999999999997	0.022000000000000002
2456123.69151	17.088	0.015
2456124.48695	17.101	0.019
2456124.69845	17.079	0.015
2456125.7012400003	17.11	0.015
2456126.53008	17.067999999999998	0.016
2456126.73687	17.085	0.016
2456127.65877	16.982	0.015
2456128.63194	17.119	0.013999999999999999
2456131.50564	17.094	0.018000000000000002
2456131.78297	17.085	0.015
2456132.76298	17.059	0.016
2456133.69259	17.055999999999997	0.016
2456134.59359	17.041	0.021
2456135.56481	17.114	0.019
2456135.78262	17.066	0.016
2456140.56977	17.078	0.022000000000000002
2456140.743	17.089000000000002	0.034
2456141.59746	17.087	0.022000000000000002
2456141.76347	17.125999999999998	0.021
2456143.53583	17.104	0.019
2456147.6499	17.062	0.021
2456148.5961599997	17.090999999999998	0.013999999999999999
2456149.6064400002	17.101	0.018000000000000002
2456150.63967	17.085	0.015
2456151.6225400004	17.092	0.018000000000000002
2456152.5	17.075	0.016
2456152.70656	17.125	0.013999999999999999
2456154.68129	17.102	0.016
2456158.51637	17.094	0.015
2456158.6981	17.051	0.015
2456159.62956	17.055	0.015
2456160.62058	17.073	0.015
2456161.51632	17.033	0.018000000000000002
2456164.49368	17.077	0.016
2456164.70579	17.070999999999998	0.027999999999999997
2456165.60286	17.028	0.018000000000000002
2456165.63375	17.022000000000002	0.019
2456165.66075	17.107	0.021
2456165.68877	17.063	0.025
2456165.7132599996	17.099	0.025
2456166.5131	17.082	0.021
2456166.55986	17.131	0.021
2456166.61515	17.082	0.018000000000000002
2456166.6686400003	17.118	0.018000000000000002
2456167.50316	17.097	0.018000000000000002
2456167.68448	17.211	0.038
2456168.60153	17.075	0.016
2456169.49496	17.083	0.019
2456169.6784900003	17.075	0.021
2456171.58842	17.093	0.016
2456171.6397599997	17.118	0.028999999999999998
2456172.60967	17.079	0.015
2456174.5813700003	17.054000000000002	0.021
2456175.55944	17.089000000000002	0.016
2456179.50771	17.067	0.019
2456179.5474900003	17.07	0.018000000000000002
2456180.52124	17.09	0.019
2456181.48122	17.097	0.019
2456182.48231	17.090999999999998	0.019
2456183.49203	17.082	0.018000000000000002
2456184.58838	17.090999999999998	0.013999999999999999
2456185.48401	17.067	0.013999999999999999
2456186.49496	17.042	0.018000000000000002
2456190.53131	17.051	0.016
2456191.58358	17.053	0.015
2456195.53478	17.090999999999998	0.016
2456195.61277	17.107	0.018000000000000002
2456196.53267	17.03	0.021
2456196.61445	17.092	0.022000000000000002
2456197.53407	17.045	0.018000000000000002
2456198.5022400003	17.06	0.026000000000000002
2456199.56311	17.058	0.025
2456201.51543	17.043	0.025
2456203.50592	17.082	0.019
2456203.59578	17.117	0.026000000000000002
2456204.54908	17.070999999999998	0.018000000000000002
2456205.4903599997	17.058	0.018000000000000002
2456205.57155	17.1	0.016
2456208.5158700002	17.102	0.019
2456210.54277	17.093	0.016
2456211.4928200003	17.084	0.016
2456211.5736700003	17.102	0.016
2456212.4929	17.065	0.016
2456212.5698	17.064	0.016
2456213.5222099996	17.076	0.016
2456214.49613	17.094	0.018000000000000002
2456216.50188	17.107	0.018000000000000002
2456217.52509	17.081	0.015
2456218.50977	17.108	0.019
2456219.51713	17.067999999999998	0.013999999999999999
2456221.51576	17.090999999999998	0.024
2456221.54318	17.055999999999997	0.025
2456223.5583599997	17.082	0.024
2456226.50365	17.125999999999998	0.024
2456231.50435	17.039	0.024
2456233.53597	17.073	0.025
2456238.51272	17.039	0.024
2456334.87984	17.048	0.015
2456335.86009	17.07	0.015
2456337.87118	17.115	0.016
2456338.84967	17.077	0.016
2456338.89329	17.1	0.018000000000000002
2456340.8558099996	17.083	0.013999999999999999
2456341.8946	17.07	0.022000000000000002
2456343.86043	17.07	0.018000000000000002
2456344.86117	17.077	0.013999999999999999
2456345.8804599997	17.085	0.015
2456347.8832	17.113	0.016
2456348.8806	17.107	0.016
2456349.88828	17.101	0.021
2456350.89993	17.095	0.021
2456351.90607	17.070999999999998	0.027999999999999997
2456352.89728	17.081	0.016
2456353.88595	17.058	0.015
2456354.8905700003	17.087	0.016
2456360.80967	17.07	0.013999999999999999
2456360.89605	17.119	0.015
2456361.8702599998	17.067999999999998	0.013999999999999999
2456362.7929700003	17.084	0.016
2456362.90818	17.105	0.019
2456363.8826599997	17.078	0.015
2456367.88348	17.083	0.013999999999999999
2456368.83428	17.102999999999998	0.013999999999999999
2456368.9139400003	17.114	0.024
2456369.84444	17.077	0.015
2456370.7966299998	17.08	0.013999999999999999
2456370.88862	17.114	0.015
2456371.81014	17.128	0.013999999999999999
2456371.90198	17.124000000000002	0.013999999999999999
2456372.8124	17.118	0.013999999999999999
2456372.89469	17.112000000000002	0.015
2456373.82932	17.089000000000002	0.016
2456373.90839	17.092	0.016
2456374.8355799997	17.12	0.018000000000000002
2456374.9166	17.095	0.018000000000000002
2456375.8505700002	17.09	0.013999999999999999
2456376.7581599997	17.092	0.015
2456376.84665	17.082	0.015
2456377.7566	17.055	0.013999999999999999
2456377.85839	17.102	0.013999999999999999
2456378.76572	17.124000000000002	0.015
2456378.85348	17.097	0.013999999999999999
2456379.7621	17.081	0.016
2456379.85024	17.125	0.018000000000000002
2456380.75319	17.067	0.013999999999999999
2456380.8547799997	17.087	0.015
2456381.7738900003	17.082	0.015
2456381.86174	17.087	0.013999999999999999
2456382.76829	17.049	0.021
2456382.84588	17.049	0.016
2456386.76137	17.067999999999998	0.015
2456386.86072	17.095	0.016
2456387.7599299997	17.113	0.013999999999999999
2456387.84289	17.079	0.013999999999999999
2456388.78386	17.07	0.013999999999999999
2456388.89181	17.096	0.016
2456389.75298	17.11	0.015
2456389.84203	17.088	0.015
2456390.71751	17.101	0.016
2456390.79944	17.083	0.015
2456390.88901	17.097	0.015
2456391.8092900002	17.073	0.018000000000000002
2456393.8074	17.132	0.016
2456394.77519	17.067	0.016
2456395.72627	17.070999999999998	0.015
2456395.90763	17.085	0.013999999999999999
2456395.9270099998	17.084	0.016
2456396.86403	17.072	0.013999999999999999
2456397.80986	17.102999999999998	0.013999999999999999
2456398.71884	17.055	0.013999999999999999
2456398.90019	17.076	0.013999999999999999
2456399.82148	17.075	0.013999999999999999
2456400.79692	17.066	0.015
2456401.7456400003	17.105999999999998	0.013999999999999999
2456401.91459	17.082	0.013999999999999999
2456402.84167	17.12	0.016
2456403.74881	17.005	0.013999999999999999
2456403.9317	17.053	0.021
2456404.85905	17.094	0.013999999999999999
2456405.84144	17.114	0.016
2456405.87638	17.1	0.011000000000000001
2456406.89762	17.066	0.015
2456407.80329	17.094	0.018000000000000002
2456408.75781	17.042	0.022000000000000002
2456409.87231	17.055999999999997	0.022000000000000002
2456415.81731	17.089000000000002	0.016
2456416.70389	17.03	0.015
2456416.92033	17.051	0.013999999999999999
2456417.81505	17.074	0.015
2456418.6762900003	17.077	0.016
2456418.84014	17.105999999999998	0.012
2456419.7252700003	17.1	0.015
2456419.90114	17.070999999999998	0.015
2456420.74277	17.108	0.013999999999999999
2456420.92637	17.076	0.013999999999999999
2456422.71319	17.057000000000002	0.015
2456423.66488	17.085	0.015
2456423.86879	17.042	0.016
2456424.7195200003	17.113	0.015
2456424.9185200003	17.085	0.013999999999999999
2456426.82815	17.115	0.013999999999999999
2456427.92367	17.086	0.015
2456428.61889	17.046	0.018000000000000002
2456428.8136400003	17.102	0.015
2456431.5904599996	17.073	0.022000000000000002
2456431.80253	17.062	0.016
2456432.63465	17.124000000000002	0.019
2456432.82425	17.072	0.015
2456433.62872	17.082	0.018000000000000002
2456433.82002	17.053	0.015
2456434.71298	17.081	0.016
2456434.90441	17.069000000000003	0.015
2456435.75353	16.986	0.013999999999999999
2456435.93245	17.092	0.016
2456436.74115	17.083	0.016
2456436.91957	17.09	0.018000000000000002
2456441.71768	17.078	0.019
2456441.77991	17.057000000000002	0.021
2456442.56725	17.045	0.015
2456442.7551700003	17.067999999999998	0.013999999999999999
2456442.9166099997	17.098	0.016
2456443.62183	17.035999999999998	0.013999999999999999
2456444.70245	17.11	0.019
2456444.7629	17.094	0.016
2456444.94724	17.066	0.028999999999999998
2456445.76462	17.079	0.015
2456446.56243	17.062	0.015
2456446.7531	17.079	0.013999999999999999
2456446.94564	17.053	0.021
2456447.7118599997	17.083	0.015
2456447.88941	17.08	0.013999999999999999
2456448.65192	17.093	0.016
2456448.83784	17.063	0.013999999999999999
2456449.6116	17.067999999999998	0.015
2456449.79726	17.064	0.015
2456450.54669	17.073	0.018000000000000002
2456450.74753	17.055	0.012
2456450.92075	17.081	0.018000000000000002
2456451.67751	17.085	0.015
2456451.86331	17.066	0.016
2456452.64177	17.086	0.013999999999999999
2456452.87722	17.102999999999998	0.013999999999999999
2456454.65143	17.122	0.016
2456454.83629	17.067	0.015
2456455.6231400003	17.070999999999998	0.015
2456456.61807	17.065	0.012
2456456.80392	17.087	0.012
2456457.77745	17.082	0.012
2456458.56094	17.076	0.018000000000000002
2456458.73679	17.085	0.015
2456458.90314	17.101	0.019
2456459.69007	17.077	0.012
2456459.8687400003	17.064	0.013999999999999999
2456460.75539	17.057000000000002	0.015
2456461.62548	17.06	0.016
2456461.8419	17.054000000000002	0.013999999999999999
2456462.70627	17.083	0.018000000000000002
2456463.56773	17.058	0.018000000000000002
2456463.75691	17.094	0.015
2456464.57442	17.014	0.021
2456464.75592	17.073	0.019
2456468.56073	17.064	0.018000000000000002
2456468.75584	17.086	0.018000000000000002
2456469.62407	17.092	0.015
2456469.84428	17.092	0.031
2456472.62273	17.099	0.016
2456472.80401	17.102999999999998	0.018000000000000002
2456473.57925	16.977999999999998	0.015
2456473.7651299997	17.111	0.013999999999999999
2456474.69817	17.064	0.016
2456475.48865	17.09	0.019
2456475.68605	17.082	0.015
2456475.85862	17.074	0.021
2456476.6245	17.077	0.015
2456476.81211	17.086	0.016
2456477.61747	17.125999999999998	0.016
2456477.80571	17.035	0.019
2456478.66988	17.046	0.016
2456479.74908	17.082	0.016
2456480.6310799997	17.087	0.015
2456480.8158	17.107	0.018000000000000002
2456481.64362	17.108	0.018000000000000002
2456482.80353	17.084	0.024
2456484.5371	17.098	0.015
2456485.64207	17.097	0.013999999999999999
2456486.5762400003	17.082	0.015
2456486.78673	17.051	0.013999999999999999
2456487.57588	17.09	0.013999999999999999
2456487.77567	17.089000000000002	0.012
2456489.6145	17.119	0.013999999999999999
2456490.46987	17.067999999999998	0.018000000000000002
2456490.65323	17.070999999999998	0.015
2456491.4985599997	17.076	0.021
2456491.7182	17.081	0.016
2456492.53461	17.067	0.018000000000000002
2456492.72482	17.052	0.015
2456496.55565	16.939	0.021
2456497.6512599997	17.099	0.018000000000000002
2456498.48576	17.079	0.013999999999999999
2456498.66573	17.055999999999997	0.013999999999999999
2456499.49957	17.142	0.016
2456500.65147	17.083	0.022000000000000002
2456501.63955	17.088	0.013999999999999999
2456504.6539	17.093	0.015
2456505.5515900003	17.069000000000003	0.015
2456505.75009	17.053	0.016
2456506.68788	17.087	0.021
2456507.73823	17.075	0.019
2456508.64732	17.067	0.013999999999999999
2456509.57137	17.059	0.012
2456509.7387200003	17.087	0.016
2456510.62894	17.084	0.012
2456511.57233	17.105	0.016
2456512.7376099997	17.088	0.019
2456514.69872	17.075	0.013999999999999999
2456516.63597	17.065	0.015
2456519.60106	17.066	0.013999999999999999
2456523.5307299998	17.082	0.016
2456523.68646	17.069000000000003	0.021
2456524.63552	17.102	0.016
2456525.6444200003	17.077	0.021
2456528.5781400003	17.079	0.016
2456531.47915	17.058	0.022000000000000002
2456532.4809	17.08	0.015
2456533.4920099997	17.015	0.018000000000000002
2456534.57163	17.089000000000002	0.016
2456536.49498	17.094	0.015
2456538.5854700003	17.054000000000002	0.016
2456539.64272	17.089000000000002	0.012
2456543.5022	17.094	0.018000000000000002
2456544.54561	17.082	0.015
2456545.58911	17.083	0.015
2456546.63678	17.064	0.019
2456553.54674	17.14	0.027999999999999997
2456558.49702	17.07	0.013999999999999999
2456559.54041	17.085	0.016
2456560.5902400003	17.061	0.021
2456562.54765	17.065	0.016
2456563.57537	17.087	0.018000000000000002
2456564.5136599997	17.044	0.018000000000000002
2456564.59939	17.074	0.019
2456565.57698	17.08	0.016
2456567.55332	17.063	0.018000000000000002
2456568.5498599997	17.074	0.019
2456569.51053	17.055	0.013999999999999999
2456569.59265	17.082	0.018000000000000002
2456570.57513	17.072	0.021
2456571.58288	17.087	0.021
2456572.54305	17.09	0.016
2456573.51651	17.070999999999998	0.016
2456576.51598	17.023	0.027999999999999997
2456576.58324	17.085	0.037000000000000005
2456577.57233	17.127	0.025
2456578.5661	17.059	0.019
2456579.52261	17.094	0.021
2456580.5315099997	17.111	0.031
2456581.52393	17.102999999999998	0.021
2456582.50101	17.045	0.019
2456583.5011299998	17.086	0.024
2456584.48906	17.046	0.027999999999999997
2456585.49434	17.07	0.022000000000000002
2456586.49668	17.11	0.026000000000000002
2456594.5079200002	17.097	0.025
2456695.8627400002	17.073	0.015
2456696.85578	17.035999999999998	0.013999999999999999
2456697.85359	17.048	0.015
2456698.8676	17.08	0.021
2456700.8729	17.037	0.015
2456702.89139	17.074	0.022000000000000002
2456705.8645900004	17.107	0.022000000000000002
2456707.86213	17.058	0.019
2456708.8851400004	17.113	0.016
2456710.83068	17.081	0.016
2456715.83542	17.067	0.013999999999999999
2456716.82927	17.073	0.013999999999999999
2456717.8316200003	17.047	0.018000000000000002
2456718.84943	17.129	0.019
2456719.8471	17.141	0.018000000000000002
2456720.8229400003	17.057000000000002	0.013999999999999999
2456721.80638	17.048	0.019
2456721.8950799997	17.093	0.013999999999999999
2456722.89183	17.109	0.013999999999999999
2456723.8725900003	17.105	0.015
2456724.85059	17.061	0.016
2456725.8251099996	16.951	0.013999999999999999
2456726.78967	17.054000000000002	0.013999999999999999
2456726.88675	17.083	0.015
2456727.8574099997	17.105999999999998	0.012
2456728.8255	17.076	0.013999999999999999
2456729.78237	17.075	0.015
2456729.87828	17.107	0.013999999999999999
2456730.83068	16.98	0.018000000000000002
2456731.87781	17.107	0.018000000000000002
2456732.83893	17.086	0.019
2456733.77527	17.096	0.018000000000000002
2456733.86966	17.090999999999998	0.016
2456734.80607	17.102999999999998	0.016
2456734.90015	17.09	0.015
2456735.84948	17.117	0.018000000000000002
2456736.7791	17.044	0.022000000000000002
2456736.88241	17.124000000000002	0.016
2456737.83596	17.108	0.013999999999999999
2456737.91356	17.090999999999998	0.016
2456741.8382599996	17.055	0.015
2456741.8809700003	17.104	0.019
2456742.8291	17.111	0.013999999999999999
2456742.91542	17.062	0.013999999999999999
2456744.83798	17.114	0.016
2456745.7327	17.072	0.016
2456745.7717	17.04	0.016
2456745.83304	17.038	0.015
2456745.92055	16.994	0.016
2456746.82645	17.081	0.015
2456747.8483599997	17.075	0.013999999999999999
2456748.83282	17.055999999999997	0.012
2456749.83104	17.113	0.013999999999999999
2456750.8541599996	17.069000000000003	0.013999999999999999
2456751.8739099996	17.090999999999998	0.012
2456752.84588	17.087	0.013999999999999999
2456754.8344900003	17.092	0.016
2456755.86774	17.104	0.013999999999999999
2456756.70357	17.074	0.015
2456757.7729	17.077	0.015
2456758.77391	17.083	0.015
2456759.6979900002	17.051	0.018000000000000002
2456760.69913	17.085	0.016
2456760.88542	17.067999999999998	0.012
2456761.81845	17.14	0.015
2456762.7681299997	17.079	0.013999999999999999
2456763.7396299997	17.1	0.016
2456763.92975	17.084	0.022000000000000002
2456764.8482	17.082	0.013999999999999999
2456765.7824	17.129	0.015
2456768.7442799998	17.145	0.022000000000000002
2456768.9303	17.096	0.016
2456769.8277	17.041	0.013999999999999999
2456770.72828	17.084	0.015
2456770.89193	17.069000000000003	0.013999999999999999
2456771.8563200003	17.045	0.015
2456772.77068	17.079	0.013999999999999999
2456773.6852700002	17.076	0.019
2456773.87598	17.097	0.013999999999999999
2456774.77897	17.077	0.019
2456775.7601900003	17.076	0.012
2456776.66273	17.046	0.015
2456776.87493	17.077	0.015
2456777.86161	17.094	0.015
2456784.76026	17.124000000000002	0.016
2456784.86603	17.066	0.018000000000000002
2456784.9371599997	17.041	0.027999999999999997
2456785.73338	17.109	0.015
2456785.89735	17.093	0.015
2456785.93173	17.093	0.019
2456786.75196	17.07	0.015
2456786.89844	17.076	0.016
2456788.84326	17.082	0.016
2456789.71053	17.089000000000002	0.018000000000000002
2456789.89422	17.065	0.018000000000000002
2456790.74077	17.076	0.018000000000000002
2456790.9221799998	16.928	0.018000000000000002
2456791.75365	17.102	0.019
2456791.92478	17.078	0.019
2456792.75526	17.073	0.019
2456792.90334	17.076	0.019
2456796.69998	17.093	0.018000000000000002
2456796.87054	17.072	0.016
2456797.73653	17.072	0.019
2456797.89807	17.076	0.021
2456798.91862	17.048	0.025
2456803.67778	17.078	0.016
2456803.85459	17.073	0.015
2456804.61856	17.117	0.016
2456804.80967	17.051	0.016
2456805.60701	17.077	0.018000000000000002
2456805.8006	17.083	0.016
2456806.8709400003	17.075	0.019
2456807.75096	17.073	0.022000000000000002
2456807.9144	17.049	0.021
2456808.70774	17.063	0.016
2456808.8955	17.064	0.016
2456809.6817	17.096	0.013999999999999999
2456809.88902	17.072	0.018000000000000002
2456810.67953	17.090999999999998	0.016
2456810.87573	17.090999999999998	0.018000000000000002
2456811.6445	17.137	0.018000000000000002
2456811.84168	17.137999999999998	0.021
2456813.7060599998	17.062	0.016
2456813.9034700003	17.084	0.018000000000000002
2456814.75409	16.957	0.013999999999999999
2456814.91968	17.073	0.022000000000000002
2456815.70914	17.107	0.019
2456815.92087	17.051	0.019
2456816.77098	17.067999999999998	0.018000000000000002
2456817.62107	17.097	0.018000000000000002
2456817.7963400004	16.906	0.019
2456818.55919	17.066	0.026000000000000002
2456819.61934	16.974	0.019
2456819.77367	16.952	0.021
2456823.7864900003	17.09	0.018000000000000002
2456824.56595	17.057000000000002	0.024
2456824.76876	17.087	0.016
2456825.5498	17.055999999999997	0.016
2456825.73618	17.105999999999998	0.018000000000000002
2456825.90175	17.087	0.019
2456826.66408	17.07	0.016
2456826.87377	17.05	0.019
2456827.65087	17.101	0.016
2456827.86031	17.085	0.018000000000000002
2456828.62404	17.085	0.013999999999999999
2456828.8325900002	16.968	0.015
2456829.57702	16.961	0.022000000000000002
2456829.76178	17.06	0.018000000000000002
2456830.55198	17.097	0.021
2456830.74108	17.077	0.013999999999999999
2456831.63166	17.069000000000003	0.013999999999999999
2456831.82482	17.059	0.016
2456832.6197900004	17.070999999999998	0.016
2456832.80926	17.058	0.019
2456833.63817	17.095	0.018000000000000002
2456833.82516	17.043	0.022000000000000002
2456834.60209	17.088	0.019
2456834.78579	17.054000000000002	0.024
2456835.61005	17.085	0.018000000000000002
2456835.79335	17.067	0.021
2456836.59085	17.077	0.022000000000000002
2456836.7679	17.078	0.021
2456837.55372	17.065	0.016
2456837.7346200002	17.067	0.016
2456838.5055400003	17.035999999999998	0.021
2456838.68217	17.057000000000002	0.021
2456838.8489599996	17.082	0.022000000000000002
2456839.6382400002	17.06	0.018000000000000002
2456839.82282	17.097	0.021
2456840.64604	17.094	0.019
2456841.52545	17.073	0.016
2456841.7192	17.076	0.016
2456842.52138	17.075	0.022000000000000002
2456842.70286	17.079	0.015
2456844.4911599997	17.031	0.022000000000000002
2456844.6667400002	17.063	0.015
2456844.83788	17.066	0.018000000000000002
2456845.58262	17.070999999999998	0.015
2456845.76308	17.061	0.015
2456847.53542	17.090999999999998	0.019
2456847.67919	17.067999999999998	0.021
2456847.81624	17.059	0.021
2456851.5687	17.098	0.019
2456851.74166	17.088	0.022000000000000002
2456852.55687	17.102	0.022000000000000002
2456852.76895	17.14	0.031
2456855.53563	17.07	0.019
2456855.72088	17.074	0.016
2456856.51765	17.085	0.018000000000000002
2456856.70143	17.085	0.016
2456857.5156	17.084	0.018000000000000002
2456857.70221	17.052	0.013999999999999999
2456858.53109	16.902	0.013999999999999999
2456858.7159700003	17.077	0.016
2456859.67391	17.070999999999998	0.018000000000000002
2456862.63015	17.075	0.019
2456863.47262	17.055	0.018000000000000002
2456863.66271	17.095	0.016
2456864.50448	17.086	0.018000000000000002
2456864.69062	17.073	0.016
2456870.60824	17.105	0.016
2456871.6095	17.086	0.016
2456872.69075	17.076	0.018000000000000002
2456879.57993	17.065	0.025
2456880.54313	17.084	0.024
2456880.737	17.041	0.026000000000000002
2456881.6957400003	17.063	0.021
2456882.6112599997	17.070999999999998	0.016
2456883.52511	17.119	0.016
2456885.49115	17.043	0.018000000000000002
2456885.6855099997	17.084	0.018000000000000002
2456886.6079599997	17.064	0.015
2456887.51744	17.083	0.015
2456887.70422	17.065	0.016
2456888.6406099997	17.067999999999998	0.016
2456889.59204	17.074	0.015
2456890.52975	17.109	0.018000000000000002
2456890.69685	17.049	0.018000000000000002
2456891.64507	17.066	0.018000000000000002
2456895.60005	17.072	0.015
2456896.56813	17.088	0.019
2456900.5258	17.062	0.015
2456907.58818	17.072	0.019
2456908.5562400003	17.066	0.018000000000000002
2456909.6140400004	17.065	0.025
2456912.6288900003	17.076	0.021
2456915.62992	17.078	0.021
2456919.50265	17.047	0.022000000000000002
2456922.49833	17.053	0.021
2456923.5186799997	17.035999999999998	0.022000000000000002
2456924.55858	17.074	0.019
2456925.6008900004	17.059	0.021
2456927.51223	17.048	0.025
2456928.54729	17.037	0.021
2456929.6074200002	17.092	0.025
2456931.48092	17.07	0.027999999999999997
2456931.50256	17.055999999999997	0.016
2456932.54479	17.124000000000002	0.028999999999999998
2456936.56533	17.08	0.022000000000000002
2456937.56258	17.063	0.022000000000000002
2456938.5617299997	17.048	0.025
2456940.52225	17.049	0.022000000000000002
2456942.48918	17.072	0.021
2456943.48888	17.051	0.028999999999999998
2456944.52888	17.055	0.018000000000000002
2456947.53165	17.053	0.021
2456951.49522	17.047	0.021
2456953.51331	17.048	0.021
2456955.52669	17.049	0.018000000000000002
2457064.8615200003	17.073	0.021
2457066.87319	17.076	0.022000000000000002
2457069.89566	17.102	0.028999999999999998
2457071.84509	17.078	0.016
2457072.85294	17.049	0.018000000000000002
2457074.88176	17.098	0.019
2457075.85786	17.055999999999997	0.016
2457076.8593200003	17.07	0.015
2457077.85704	17.066	0.022000000000000002
2457078.84772	17.098	0.018000000000000002
2457079.8196799997	17.069000000000003	0.021
2457080.88281	16.948	0.016
2457082.8371200003	17.082	0.016
2457083.80792	17.08	0.019
2457083.89928	17.074	0.019
2457084.8793599997	17.084	0.015
2457085.85215	17.073	0.016
2457086.83122	17.082	0.018000000000000002
2457087.79373	17.114	0.022000000000000002
2457087.88722	17.08	0.018000000000000002
2457088.85854	17.097	0.016
2457089.82308	17.07	0.018000000000000002
2457090.7853599996	17.075	0.021
2457090.87958	17.058	0.016
2457091.83304	17.079	0.018000000000000002
2457092.78032	17.096	0.018000000000000002
2457092.86626	17.102999999999998	0.018000000000000002
2457093.87398	17.092	0.016
2457093.88395	17.099	0.015
2457093.90615	17.092	0.021
2457097.84575	17.074	0.013999999999999999
2457098.7787099998	17.064	0.016
2457098.8938700003	17.097	0.015
2457099.83543	17.08	0.016
2457100.76223	17.1	0.018000000000000002
2457100.87511	17.086	0.015
2457101.84592	17.08	0.022000000000000002
2457102.83298	17.078	0.019
2457108.8086	17.065	0.022000000000000002
2457109.74243	17.114	0.018000000000000002
2457109.8596900003	17.076	0.016
2457110.77048	17.098	0.015
2457110.88105	17.085	0.015
2457111.7913900004	17.073	0.016
2457111.90357	17.084	0.015
2457112.79911	17.114	0.018000000000000002
2457112.91095	17.108	0.016
2457113.88225	17.062	0.013999999999999999
2457114.8796599996	17.078	0.015
2457115.8222	17.076	0.016
2457116.80163	17.076	0.018000000000000002
2457117.7834900003	17.078	0.016
2457118.83367	17.097	0.016
2457119.83252	17.088	0.018000000000000002
2457120.7768099997	17.049	0.016
2457125.70506	17.085	0.018000000000000002
2457125.89265	17.072	0.016
2457126.84744	17.087	0.015
2457129.78081	17.06	0.015
2457130.71774	17.079	0.016
2457130.90041	17.063	0.018000000000000002
2457131.81947	17.077	0.013999999999999999
2457132.74197	17.069000000000003	0.016
2457133.8719599997	17.066	0.016
2457134.7557900003	17.062	0.018000000000000002
2457135.68355	17.074	0.015
2457135.86978	17.096	0.015
2457136.7632299997	17.086	0.015
2457137.6699200002	17.084	0.015
2457137.85459	17.057000000000002	0.015
2457138.72874	17.066	0.016
2457138.91507	17.074	0.015
2457139.84585	17.070999999999998	0.018000000000000002
2457140.72742	17.083	0.019
2457140.90869	17.055	0.015
2457141.7916900003	17.088	0.013999999999999999
2457142.68291	17.06	0.015
2457142.8695099996	17.069000000000003	0.016
2457143.74042	17.063	0.018000000000000002
2457143.93468	17.082	0.024
2457144.82557	17.034000000000002	0.026000000000000002
2457145.8288	17.081	0.018000000000000002
2457146.67927	17.075	0.021
2457146.81725	17.087	0.018000000000000002
2457147.6603	17.06	0.024
2457147.79826	17.098	0.019
2457152.7873299997	17.055	0.016
2457153.62751	17.064	0.018000000000000002
2457153.79011	17.093	0.015
2457154.66692	17.087	0.013999999999999999
2457154.86162	17.065	0.015
2457155.69802	17.062	0.016
2457155.8847	17.101	0.016
2457156.709	17.08	0.015
2457157.6962	17.069000000000003	0.015
2457157.93214	17.065	0.016
2457158.79669	17.107	0.016
2457159.62481	17.058	0.015
2457159.80858	17.077	0.015
2457160.6463900004	17.072	0.018000000000000002
2457160.83143	17.108	0.016
2457161.67422	17.1	0.016
2457161.85814	17.102999999999998	0.013999999999999999
2457162.67723	17.078	0.016
2457162.86056	17.09	0.016
2457163.68639	17.104	0.019
2457163.86934	17.082	0.018000000000000002
2457164.7756	17.099	0.015
2457166.63196	17.082	0.021
2457166.8162599998	17.090999999999998	0.018000000000000002
2457168.7941799997	17.066	0.016
2457169.72244	17.084	0.015
2457169.91626	17.093	0.016
2457170.70925	17.062	0.016
2457170.89786	17.082	0.016
2457172.71173	17.078	0.016
2457172.90213	17.075	0.018000000000000002
2457173.68837	17.053	0.021
2457173.88382	17.075	0.018000000000000002
2457174.65293	17.086	0.019
2457174.82492	17.096	0.021
2457175.60515	17.1	0.021
2457175.83403	17.118	0.021
2457178.64703	17.073	0.018000000000000002
2457179.65058	17.076	0.022000000000000002
2457179.82059	17.05	0.021
2457180.60304	17.067999999999998	0.022000000000000002
2457180.77415	17.070999999999998	0.018000000000000002
2457180.93682	17.083	0.022000000000000002
2457181.7267	17.12	0.019
2457181.89599	17.054000000000002	0.019
2457182.6592900003	17.067	0.015
2457182.8550299997	17.087	0.015
2457183.6128700003	17.077	0.018000000000000002
2457183.79679	17.083	0.016
2457184.6052900003	17.067	0.019
2457184.7886	17.075	0.016
2457185.56984	17.084	0.018000000000000002
2457185.75192	17.088	0.019
2457186.60335	17.063	0.019
2457186.87432	17.08	0.018000000000000002
2457187.66461	17.063	0.016
2457187.84424	17.079	0.015
2457188.62509	17.063	0.016
2457188.81479	17.053	0.019
2457189.68028	17.066	0.016
2457189.8515	17.09	0.018000000000000002
2457190.64354	17.070999999999998	0.015
2457190.8402400003	17.078	0.018000000000000002
2457191.66916	17.075	0.013999999999999999
2457193.58295	17.093	0.015
2457193.61919	17.08	0.015
2457193.6450900002	17.097	0.013999999999999999
2457193.663	17.081	0.013999999999999999
2457193.70395	17.079	0.013999999999999999
2457193.75038	17.059	0.013999999999999999
2457194.65661	17.095	0.013999999999999999
2457196.88382	17.04	0.022000000000000002
2457197.68848	17.065	0.015
2457197.86535	17.055999999999997	0.021
2457198.66711	17.054000000000002	0.016
2457198.85241	17.077	0.018000000000000002
2457199.61746	17.09	0.016
2457199.80006	17.055	0.015
2457200.7361	17.062	0.015
2457202.7116799997	17.073	0.024
2457206.5308	17.099	0.025
2457206.7071700003	17.063	0.022000000000000002
2457207.5114700003	17.093	0.022000000000000002
2457207.6786700003	17.081	0.019
2457207.8670099997	17.059	0.025
2457209.7711099996	17.039	0.018000000000000002
2457211.54895	17.095	0.018000000000000002
2457211.73196	17.086	0.015
2457214.49853	17.093	0.021
2457214.50115	17.054000000000002	0.022000000000000002
2457214.68748	17.061	0.015
2457217.63854	17.083	0.019
2457219.5655400003	17.087	0.021
2457220.6545700002	17.081	0.013999999999999999
2457220.81874	17.092	0.018000000000000002
2457221.63037	17.07	0.015
2457221.80069	17.067999999999998	0.015
2457222.59268	17.081	0.016
2457222.80761	17.059	0.018000000000000002
2457223.6570099997	17.066	0.016
2457224.49812	17.073	0.018000000000000002
2457224.70333	17.065	0.018000000000000002
2457225.52852	17.041	0.018000000000000002
2457226.54573	17.111	0.019
2457226.73035	17.082	0.015
2457227.51393	17.078	0.025
2457227.69801	17.082	0.015
2457228.51661	17.079	0.019
2457228.71086	17.1	0.016
2457229.54388	17.089000000000002	0.016
2457229.70853	17.083	0.015
2457234.6446700003	17.012999999999998	0.031
2457235.73395	17.066	0.019
2457236.59326	17.006	0.019
2457249.58733	17.074	0.018000000000000002
2457249.7305099997	17.057000000000002	0.021
2457252.5852	17.062	0.016
2457253.5309200003	17.064	0.015
2457255.4929299997	17.062	0.019
2457256.49673	17.081	0.019
2457257.55529	17.113	0.018000000000000002
2457258.5371	17.075	0.022000000000000002
2457261.543	17.078	0.022000000000000002
2457263.4994200002	17.084	0.019
2457263.66493	17.027	0.016
2457264.612	17.077	0.019
2457265.5761	17.069000000000003	0.016
2457267.5227099997	17.092	0.018000000000000002
2457268.5221700002	17.08	0.015
2457269.50404	17.064	0.016
2457269.69246	17.081	0.019
2457270.65747	17.048	0.016
2457271.59383	17.061	0.018000000000000002
2457273.56685	17.079	0.021
2457275.58023	17.097	0.025
2457277.5444799997	17.073	0.018000000000000002
2457278.5276599997	17.085	0.024
2457281.54055	17.057000000000002	0.019
2457284.58798	17.061	0.015
2457292.5071099997	17.033	0.024
2457293.48983	17.078	0.022000000000000002
2457293.6053299997	17.078	0.016
2457294.5984900002	17.083	0.025
2457295.58241	17.046	0.018000000000000002
2457299.49905	17.049	0.019
2457300.48805	17.042	0.022000000000000002
2457307.5547	17.037	0.019
2457311.55085	17.077	0.021
2457313.52057	17.026	0.024
2457318.52605	17.05	0.019
2457435.83655	17.016	0.018000000000000002
2457437.89437	17.058	0.018000000000000002
2457439.83317	17.075	0.021
2457440.86454	17.064	0.018000000000000002
2457441.89201	17.097	0.018000000000000002
2457444.8832900003	17.075	0.016
2457445.88978	17.06	0.016
2457446.90195	17.105999999999998	0.019
2457447.9	17.101	0.021
2457449.82729	17.06	0.024
2457451.80927	17.077	0.016
2457452.87793	17.061	0.013999999999999999
2457453.8834700002	17.079	0.013999999999999999
2457455.8350400003	17.067	0.016
2457456.8414	17.073	0.016
2457457.8372400003	17.121	0.019
2457458.83172	17.06	0.016
2457460.83238	17.076	0.015
2457461.83134	17.08	0.013999999999999999
2457462.81827	17.072	0.015
2457463.84568	17.063	0.016
2457463.86173	17.081	0.015
2457465.78731	17.093	0.015
2457465.91658	17.075	0.018000000000000002
2457467.8506400003	17.077	0.016
2457470.8067	17.083	0.018000000000000002
2457471.7713900004	17.072	0.021
2457471.90285	17.058	0.018000000000000002
2457472.84117	17.049	0.016
2457473.86406	17.072	0.018000000000000002
2457474.83682	17.035999999999998	0.018000000000000002
2457475.76373	16.982	0.024
2457475.87096	17.105	0.022000000000000002
2457484.8470400004	17.131	0.018000000000000002
2457486.76999	17.07	0.018000000000000002
2457487.87811	17.038	0.018000000000000002
2457489.91143	17.047	0.015
2457492.7493	17.082	0.015
2457493.73685	16.977999999999998	0.015
2457494.7196	17.076	0.015
2457495.70357	17.083	0.018000000000000002
2457495.9241299997	17.082	0.016
2457498.84509	17.077	0.021
2457499.8102700002	17.058	0.016
2457500.7513	17.11	0.021
2457507.7621	17.070999999999998	0.015
2457508.81062	17.038	0.013999999999999999
2457509.90752	17.059	0.018000000000000002
2457512.86233	17.117	0.013999999999999999
2457522.91383	17.06	0.022000000000000002
2457526.8392	17.095	0.018000000000000002
2457529.8963200003	17.084	0.032
2457534.8261599997	17.054000000000002	0.015
2457536.82517	17.079	0.016
2457546.64672	17.066	0.018000000000000002
2457547.60248	17.06	0.019
2457548.72064	17.04	0.012
2457549.8556	17.055	0.018000000000000002
2457550.83405	17.079	0.016
2457555.5709	17.075	0.019
2457555.9042599997	17.061	0.018000000000000002
2457557.76702	17.097	0.019
2457557.87729	17.044	0.022000000000000002
2457561.67795	17.096	0.021
2457566.53497	17.055	0.019
2457566.8558	17.035	0.025
2457567.79977	17.067999999999998	0.018000000000000002
2457568.7985	17.067	0.019
2457569.81726	17.021	0.018000000000000002
2457575.6291	17.092	0.018000000000000002
2457576.6496200003	17.055999999999997	0.013999999999999999
2457579.67506	17.137	0.015
2457584.56948	16.97	0.019
2457589.56155	17.063	0.022000000000000002
2457590.57757	17.092	0.016
2457593.54984	17.07	0.013999999999999999
2457596.50878	17.099	0.015
2457600.52482	16.932000000000002	0.018000000000000002
2457602.6216700003	17.095	0.016
2457603.67224	17.084	0.015
2457604.67944	17.046	0.015
2457605.7204299998	17.045	0.016
2457607.6908	17.055	0.015
2457609.50899	17.070999999999998	0.019
2457610.66723	17.076	0.015
2457612.6422599996	17.042	0.027999999999999997
2457616.7321099997	17.073	0.019
2457618.6141	17.065	0.019
2457621.69069	17.011	0.021
2457623.61801	17.074	0.015
2457625.5606	17.043	0.016
2457630.58131	17.077	0.016
2457632.58835	17.051	0.016
2457635.59901	17.053	0.021
2457638.51023	17.072	0.019
2457644.5447400003	17.067	0.022000000000000002
2457648.606	17.012	0.018000000000000002
2457650.54646	17.065	0.016
2457651.57615	17.05	0.016
2457652.59805	17.064	0.016
2457654.54082	17.062	0.022000000000000002
2457656.55605	17.058	0.018000000000000002
2457659.48526	17.062	0.019
2457660.58293	17.041	0.022000000000000002
2457662.5430099997	17.046	0.019
2457665.49109	17.066	0.024
2457666.57002	17.052	0.018000000000000002
2457672.51817	17.067	0.021
2457681.50075	17.033	0.021
2457797.88944	16.928	0.019
2457799.88389	16.904	0.018000000000000002
2457801.87603	16.916	0.019
2457803.85654	16.864	0.016
2457807.83044	16.861	0.015
2457808.82741	16.84	0.018000000000000002
2457809.88964	16.863	0.015
2457810.8862099997	16.852999999999998	0.015
2457812.84253	16.826	0.013999999999999999
2457813.83348	16.820999999999998	0.015
2457815.83976	16.82	0.013999999999999999
2457816.8314400003	16.815	0.015
2457817.828	16.842	0.013999999999999999
2457818.81422	16.799	0.013999999999999999
2457818.90463	16.797	0.015
2457819.89107	16.785999999999998	0.012
2457820.89378	16.772000000000002	0.012
2457821.89139	16.777	0.015
2457822.8873	16.756	0.013999999999999999
2457823.87241	16.746	0.013999999999999999
2457824.8684099996	16.718	0.015
2457825.86022	16.726	0.013999999999999999
2457826.81861	16.725	0.015
2457827.80636	16.699	0.015
2457827.89548	16.717	0.013999999999999999
2457828.86448	16.7	0.013999999999999999
2457829.8464900004	16.563	0.013999999999999999
2457830.85488	16.665	0.012
2457835.7670299998	16.578	0.012
2457836.87788	16.558	0.013999999999999999
2457838.76526	16.535999999999998	0.013999999999999999
2457839.83099	16.542	0.011000000000000001
2457840.89168	16.474	0.011000000000000001
2457842.76249	16.48	0.012
2457843.7948	16.414	0.012
2457844.84639	16.453	0.013999999999999999
2457845.88688	16.381	0.011000000000000001
2457847.73503	16.334	0.011000000000000001
2457848.76397	16.305999999999997	0.011000000000000001
2457849.79269	16.281	0.01
2457850.82047	16.281	0.011000000000000001
2457851.85413	16.227999999999998	0.01
2457853.9098900002	16.180999999999997	0.012
2457854.91377	16.135	0.01
2457856.7379099997	16.044	0.012
2457857.87177	15.998	0.013999999999999999
2457858.81346	15.999	0.008
2457862.85586	15.814	0.008
2457865.67035	15.649000000000001	0.006999999999999999
2457866.68114	15.593	0.006999999999999999
2457867.6991	15.534	0.006999999999999999
2457868.77231	15.485	0.006999999999999999
2457869.78659	15.412	0.006999999999999999
2457870.83377	15.372	0.006999999999999999
2457871.85362	15.319	0.006999999999999999
2457872.88089	15.273	0.006
2457873.86117	15.192	0.006
2457874.83536	15.142999999999999	0.006999999999999999
2457875.9191	15.084000000000001	0.006
2457876.88657	15.052999999999999	0.006
2457877.85919	15.035	0.006
2457878.89866	15.035	0.006
2457880.65906	15.023	0.006999999999999999
2457881.74123	15.077	0.006999999999999999
2457882.73946	15.097999999999999	0.006
2457889.9232	15.505	0.008
2457893.65485	15.706	0.01
2457893.90853	15.74	0.008
2457894.79708	15.78	0.008
2457895.78472	15.828	0.008
2457901.66147	16.065	0.011000000000000001
2457902.6534700003	16.1	0.011000000000000001
2457903.75942	16.148	0.011000000000000001
2457904.6496	16.168	0.01
2457904.90259	16.183	0.012
2457905.7766400003	16.215	0.01
2457906.65875	16.241	0.01
2457906.91433	16.239	0.011000000000000001
2457907.82309	16.28	0.01
2457908.7730900003	16.304000000000002	0.011000000000000001
2457909.63809	16.327	0.012
2457909.87885	16.316	0.011000000000000001
2457910.67885	16.352	0.011000000000000001
2457911.56188	16.354	0.015
2457911.89924	16.363	0.016
2457916.747	16.477999999999998	0.011000000000000001
2457917.5860099997	16.497	0.015
2457917.82776	16.515	0.015
2457923.55169	16.609	0.013999999999999999
2457923.81269	16.604	0.013999999999999999
2457924.6266799998	16.646	0.012
2457924.87958	16.633	0.013999999999999999
2457925.80388	16.636	0.013999999999999999
2457926.7381	16.647000000000002	0.013999999999999999
2457932.82748	16.713	0.016
2457933.6888900003	16.743	0.013999999999999999
2457934.61969	16.759	0.013999999999999999
2457934.85351	16.762999999999998	0.018000000000000002
2457935.72342	16.767	0.012
2457936.60058	16.768	0.012
2457936.86368	16.772000000000002	0.018000000000000002
2457937.69475	16.782	0.013999999999999999
2457938.61412	16.81	0.019
2457944.53914	16.838	0.016
2457944.6515200003	16.855	0.018000000000000002
2457944.76236	16.849	0.018000000000000002
2457945.55685	16.819000000000003	0.016
2457945.7953	16.835	0.016
2457946.66158	16.836	0.015
2457947.56376	16.871	0.015
2457948.47572	16.877	0.018000000000000002
2457948.75412	16.867	0.013999999999999999
2457949.68371	16.86	0.019
2457952.82358	16.886	0.018000000000000002
2457953.72631	16.901	0.013999999999999999
2457954.64383	16.915	0.012
2457955.81099	16.897000000000002	0.016
2457956.7455599997	16.903	0.015
2457958.59959	16.962	0.018000000000000002
2457959.4846099997	16.923	0.015
2457959.7250599996	16.923	0.015
2457960.63263	16.921	0.013999999999999999
2457961.61867	16.914	0.013999999999999999
2457962.57172	16.935	0.013999999999999999
2457964.63785	16.925	0.015
2457965.71335	16.811	0.015
2457966.7066099998	16.94	0.018000000000000002
2457967.7269200003	16.987000000000002	0.021
2457971.64616	16.977	0.016
2457972.5816200003	16.968	0.022000000000000002
2457972.6998099997	16.951	0.021
2457973.67609	16.965999999999998	0.019
2457974.65699	16.974	0.018000000000000002
2457979.5545	16.976	0.013999999999999999
2457980.62106	16.975	0.018000000000000002
2457982.4706099997	16.974	0.027999999999999997
2457983.54344	16.998	0.018000000000000002
2457984.60121	16.989	0.016
2457986.50425	16.984	0.013999999999999999
2457987.58929	16.984	0.015
2457990.65055	17.03	0.018000000000000002
2457992.52355	17.009	0.016
2457993.5858400003	17.018	0.016
2457994.6469	16.997	0.019
2457998.5744	17.025	0.016
2458000.49918	17.007	0.019
2458000.61029	17.051	0.025
2458001.61614	17.006	0.018000000000000002
2458004.49081	16.997	0.019
2458007.60241	17.029	0.019
2458012.47727	17.011	0.024
2458014.5175400004	17.035999999999998	0.016
2458016.53904	17.047	0.018000000000000002
2458019.5233299998	17.04	0.015
2458029.52086	17.012999999999998	0.021
2458039.51139	17.051	0.022000000000000002
2458046.51211	17.108	0.026000000000000002
