2455378.61267	17.567999999999998	0.02
2455380.64555	17.541	0.02
2455382.79588	17.538	0.034
2455385.5334400004	17.569000000000003	0.019
2455385.6329	17.561	0.017
2455385.73525	17.574	0.019
2455388.71866	17.558	0.02
2455391.8136	17.547	0.023
2455397.6814200003	17.58	0.026000000000000002
2455405.63517	17.53	0.028999999999999998
2455409.47504	17.553	0.024
2455413.5112900003	17.567999999999998	0.02
2455422.55336	17.565	0.024
2455433.68107	17.557000000000002	0.03
2455439.57304	17.543	0.024
2455447.50709	17.588	0.019
2455457.56428	17.587	0.022000000000000002
2455460.57277	17.563	0.040999999999999995
2455465.5186799997	17.554000000000002	0.028999999999999998
2455472.5929799997	17.58	0.026000000000000002
2455490.52586	17.576	0.038
2455602.8553400002	17.586	0.023
2455604.86323	17.555999999999997	0.024
2455605.8593900003	17.577	0.02
2455606.85942	17.561	0.022000000000000002
2455607.86253	17.594	0.024
2455608.85353	17.602999999999998	0.03
2455611.84913	17.557000000000002	0.034
2455612.85839	17.55	0.026000000000000002
2455613.8932	17.625999999999998	0.044000000000000004
2455615.84993	17.569000000000003	0.023
2455616.84405	17.576	0.03
2455621.83505	17.56	0.02
2455622.82303	17.538	0.019
2455624.77941	17.575	0.022000000000000002
2455626.8382599996	17.554000000000002	0.026000000000000002
2455628.77941	17.582	0.033
2455629.77486	17.586	0.027000000000000003
2455631.83974	17.590999999999998	0.027000000000000003
2455632.86888	17.549	0.022000000000000002
2455633.76804	17.551	0.024
2455635.80093	17.57	0.028999999999999998
2455637.7797	17.597	0.031
2455638.90941	17.584	0.023
2455639.76577	17.577	0.03
2455642.77764	17.577	0.031
2455647.76423	17.564	0.023
2455649.80015	17.554000000000002	0.017
2455654.80555	17.574	0.019
2455658.8635299997	17.594	0.022000000000000002
2455662.91655	17.569000000000003	0.02
2455668.82001	17.578	0.03
2455675.80353	17.583	0.024
2455679.90118	17.573	0.019
2455682.92774	17.551	0.02
2455686.81896	17.602	0.019
2455692.6698	17.584	0.022000000000000002
2455694.84352	17.589000000000002	0.02
2455697.70296	17.605999999999998	0.023
2455702.59209	17.614	0.034
2455702.77092	17.592	0.048
2455706.87832	17.625	0.031
2455710.8523	17.577	0.023
2455715.8663	17.537	0.022000000000000002
2455722.83738	17.57	0.022000000000000002
2455726.53338	17.508	0.043
2455735.6839900003	17.555999999999997	0.024
2455737.79594	17.579	0.02
2455740.65308	17.602999999999998	0.022000000000000002
2455742.68363	17.548	0.017
2455745.7305	17.563	0.022000000000000002
2455749.51905	17.562	0.028999999999999998
2455760.5780700003	17.629	0.026000000000000002
2455765.54428	17.589000000000002	0.022000000000000002
2455768.79727	17.597	0.024
2455777.67539	17.581	0.02
2455784.4915299998	17.583	0.045
2455784.6227	17.566	0.027000000000000003
2455786.48299	17.597	0.031
2455790.5937799998	17.584	0.026000000000000002
2455794.6943099997	17.581	0.023
2455803.5287200003	17.582	0.027000000000000003
2455815.5104799997	17.554000000000002	0.02
2455819.5457900004	17.573	0.023
2455824.56155	17.572	0.02
2455829.53885	17.543	0.023
2455833.5954400003	17.538	0.026000000000000002
2455841.53274	17.567	0.033
2455845.57438	17.59	0.038
2455854.5313	17.557000000000002	0.027000000000000003
2455972.88525	17.597	0.03
2455984.8952900004	17.576	0.019
2455990.82992	17.57	0.019
2455995.77155	17.509	0.026000000000000002
2455999.82413	17.535999999999998	0.022000000000000002
2456002.77424	17.616	0.037000000000000005
2456002.89557	17.524	0.023
2456003.86088	17.654	0.03
2456007.8007799997	17.569000000000003	0.019
2456010.83663	17.549	0.017
2456013.91522	17.566	0.019
2456016.9178	17.539	0.022000000000000002
2456019.90191	17.579	0.017
2456022.79452	17.564	0.02
2456025.72063	17.58	0.033
2456032.92224	17.55	0.019
2456037.74632	17.547	0.022000000000000002
2456040.90095	17.581	0.022000000000000002
2456048.76926	17.563	0.019
2456051.6704599997	17.563	0.022000000000000002
2456057.70022	17.567	0.024
2456057.85952	17.537	0.02
2456058.6551599996	17.567999999999998	0.026000000000000002
2456061.84369	17.56	0.019
2456064.8352200002	17.576	0.019
2456067.6004	17.58	0.022000000000000002
2456069.695	17.567999999999998	0.016
2456071.67267	17.56	0.019
2456076.70676	17.602	0.017
2456078.84596	17.54	0.017
2456080.8064200003	17.56	0.022000000000000002
2456086.60244	17.539	0.023
2456089.66022	17.575	0.019
2456093.8353	17.570999999999998	0.024
2456096.88939	17.549	0.028999999999999998
2456100.52017	17.595	0.027000000000000003
2456101.84117	17.551	0.024
2456103.7412400004	17.565	0.019
2456105.6996299997	17.602	0.019
2456113.71467	17.542	0.023
2456115.68963	17.538	0.024
2456117.69815	17.554000000000002	0.022000000000000002
2456119.6362799997	17.55	0.019
2456121.64875	17.541	0.017
2456124.71442	17.561	0.02
2456126.77628	17.512999999999998	0.022000000000000002
2456132.61553	17.553	0.024
2456135.67856	17.54	0.023
2456140.6775700003	17.602999999999998	0.03
2456147.62427	17.621	0.026000000000000002
2456151.6124299997	17.595	0.026000000000000002
2456158.55647	17.594	0.022000000000000002
2456161.63985	17.539	0.019
2456169.54863	17.566	0.023
2456175.66049	17.557000000000002	0.027000000000000003
2456182.6460599997	17.534000000000002	0.024
2456191.50477	17.577	0.031
2456198.59691	17.598	0.04
2456210.52317	17.557000000000002	0.023
2456217.51695	17.587	0.02
2456347.8749700002	17.547	0.019
2456354.89548	17.593	0.022000000000000002
2456363.80388	17.518	0.02
2456370.8936099997	17.57	0.019
2456375.82406	17.559	0.019
2456375.84238	17.538	0.017
2456378.90026	17.534000000000002	0.016
2456382.7859900002	17.496	0.04
2456388.79049	17.577	0.019
2456391.71978	17.624000000000002	0.027000000000000003
2456395.84073	17.55	0.017
2456398.83543	17.602	0.019
2456401.88015	17.552	0.017
2456404.84912	17.561	0.019
2456408.8285	17.563	0.028999999999999998
2456417.74551	17.567999999999998	0.019
2456419.85731	17.577	0.019
2456423.65172	17.565	0.022000000000000002
2456426.8453900004	17.549	0.016
2456431.90043	17.55	0.023
2456434.67451	17.564	0.02
2456436.72205	17.576	0.022000000000000002
2456442.61615	17.562	0.02
2456445.69082	17.553	0.019
2456447.67928	17.579	0.016
2456449.61499	17.563	0.02
2456451.54538	17.59	0.028999999999999998
2456454.54274	17.542	0.023
2456456.72521	17.573	0.016
2456458.85854	17.563	0.02
2456461.6154	17.548	0.02
2456463.7603599997	17.565	0.02
2456468.80541	17.581	0.026000000000000002
2456473.7549799997	17.533	0.016
2456475.70687	17.570999999999998	0.019
2456477.6866099997	17.546	0.02
2456480.71005	17.575	0.02
2456485.50337	17.521	0.02
2456487.60667	17.555999999999997	0.016
2456490.7144	17.58	0.017
2456496.53226	17.582	0.03
2456498.72682	17.549	0.02
2456505.51705	17.553	0.022000000000000002
2456508.66455	17.555	0.016
2456511.64372	17.552	0.017
2456518.54647	17.548	0.017
2456524.57431	17.565	0.022000000000000002
2456531.68272	17.559	0.024
2456538.60197	17.528	0.022000000000000002
2456545.65205	17.581	0.02
2456560.50843	17.552	0.024
2456567.55802	17.53	0.023
2456573.55086	17.547	0.022000000000000002
2456741.8752	17.552	0.016
2456742.84914	17.572	0.016
2456745.89635	17.534000000000002	0.017
2456750.7601799998	17.548	0.019
2456752.81874	17.541	0.016
2456755.8841	17.54	0.017
2456757.86406	17.518	0.017
2456759.88906	17.54	0.013000000000000001
2456761.82044	17.539	0.017
2456763.8047599997	17.541	0.019
2456768.9323	17.541	0.023
2456770.77458	17.53	0.019
2456772.67877	17.581	0.02
2456773.83696	17.54	0.02
2456775.77692	17.548	0.016
2456776.89594	17.567	0.019
2456777.73263	17.549	0.016
2456784.89439	17.555	0.022000000000000002
2456785.88643	17.558	0.019
2456786.9117	17.555999999999997	0.02
2456789.80217	17.557000000000002	0.02
2456790.88533	17.548	0.024
2456791.9412700003	17.537	0.034
2456796.65357	17.549	0.024
2456797.7548599998	17.564	0.022000000000000002
2456799.90729	17.534000000000002	0.03
2456804.6054599998	17.570999999999998	0.022000000000000002
2456805.65642	17.596	0.03
2456807.61588	17.581	0.027000000000000003
2456808.66393	17.542	0.019
2456809.70825	17.553	0.016
2456810.76355	17.527	0.019
2456811.78235	17.512999999999998	0.022000000000000002
2456813.89037	17.575	0.022000000000000002
2456815.6148099997	17.562	0.028999999999999998
2456816.70072	17.57	0.022000000000000002
2456817.78339	17.559	0.022000000000000002
2456819.64575	17.527	0.03
2456823.8588	17.548	0.031
2456824.9021	17.542	0.033
2456826.53241	17.545	0.027000000000000003
2456827.57787	17.524	0.02
2456828.62561	17.555	0.016
2456829.62201	17.544	0.023
2456830.65463	17.534000000000002	0.016
2456831.79192	17.555999999999997	0.019
2456832.82555	17.544	0.024
2456834.50068	17.587	0.033
2456835.55219	17.585	0.026000000000000002
2456836.5923900004	17.543	0.024
2456837.5984900002	17.575	0.02
2456838.5983700003	17.55	0.022000000000000002
2456839.60988	17.543	0.022000000000000002
2456840.67546	17.56	0.026000000000000002
2456841.77991	17.517	0.024
2456842.82611	17.562	0.03
2456844.84703	17.534000000000002	0.028999999999999998
2456845.83543	17.570999999999998	0.022000000000000002
2456847.78039	17.541	0.023
2456851.7891700002	17.511	0.028999999999999998
2456855.51908	17.57	0.023
2456856.5482400004	17.552	0.022000000000000002
2456857.59162	17.552	0.019
2456858.6732	17.559	0.017
2456862.63172	17.535999999999998	0.022000000000000002
2456863.70933	17.56	0.019
2456872.53382	17.583	0.026000000000000002
2456878.5707	17.54	0.036000000000000004
2456880.69302	17.545	0.036000000000000004
2456882.62848	17.567	0.02
2456885.57623	17.582	0.02
2456886.71502	17.566	0.026000000000000002
2456888.64197	17.546	0.02
2456890.57969	17.574	0.02
2456895.5325	17.585	0.019
2456912.63019	17.584	0.026000000000000002
2456918.5493099997	17.564	0.027000000000000003
2456922.62647	17.573	0.026000000000000002
2456926.48642	17.582	0.03
2456929.5098	17.563	0.024
2456932.55361	17.517	0.037000000000000005
2456936.4933599997	17.551	0.024
2456942.51283	17.53	0.026000000000000002
2457069.87628	17.565	0.022000000000000002
2457074.88664	17.582	0.024
2457075.86271	17.565	0.022000000000000002
2457078.86521	17.548	0.019
2457082.86705	17.557000000000002	0.017
2457086.89543	17.541	0.02
2457090.82554	17.535999999999998	0.023
2457097.8947	17.534000000000002	0.016
2457100.87989	17.552	0.019
2457110.8072200003	17.545	0.017
2457112.91819	17.538	0.02
2457115.73226	17.595	0.024
2457117.71417	17.599	0.03
2457119.77642	17.55	0.024
2457126.87745	17.547	0.017
2457130.77798	17.549	0.019
2457132.68558	17.549	0.031
2457134.75753	17.573	0.022000000000000002
2457135.91579	17.54	0.016
2457137.76039	17.55	0.016
2457138.88771	17.55	0.019
2457140.74357	17.562	0.02
2457141.8768700003	17.561	0.019
2457143.69872	17.574	0.024
2457144.82729	17.552	0.031
2457146.7179400004	17.557000000000002	0.023
2457147.73765	17.569000000000003	0.027000000000000003
2457152.8958	17.563	0.023
2457154.65407	17.54	0.016
2457155.72946	17.546	0.017
2457157.61898	17.559	0.02
2457158.7569	17.563	0.019
2457159.82499	17.583	0.019
2457160.89555	17.552	0.019
2457162.61936	17.572	0.023
2457163.67336	17.574	0.026000000000000002
2457164.8166400003	17.569000000000003	0.02
2457166.60329	17.565	0.027000000000000003
2457166.78686	17.572	0.02
2457168.70497	17.56	0.023
2457169.6927900002	17.563	0.017
2457169.88758	17.562	0.02
2457170.6798	17.555999999999997	0.019
2457170.86932	17.531	0.019
2457172.6820799997	17.555	0.02
2457172.87292	17.582	0.026000000000000002
2457173.6589	17.555999999999997	0.024
2457173.8546	17.551	0.023
2457174.62352	17.552	0.024
2457174.7957099997	17.574	0.024
2457175.57956	17.535	0.028999999999999998
2457175.75532	17.582	0.026000000000000002
2457178.67754	17.551	0.022000000000000002
2457178.84898	17.553	0.024
2457179.62205	17.57	0.027000000000000003
2457179.78662	17.573	0.024
2457180.57443	17.54	0.024
2457180.73563	17.51	0.02
2457180.9095799997	17.574	0.026000000000000002
2457181.69591	17.561	0.019
2457181.86608	17.594	0.024
2457182.6302900002	17.574	0.019
2457182.82259	17.553	0.02
2457183.58368	17.553	0.02
2457183.76821	17.564	0.023
2457184.5740099996	17.533	0.028999999999999998
2457184.7593400003	17.528	0.022000000000000002
2457184.92323	17.51	0.026000000000000002
2457185.7223799997	17.562	0.022000000000000002
2457185.88925	17.554000000000002	0.033
2457186.8455	17.543	0.024
2457187.62648	17.554000000000002	0.023
2457187.80962	17.551	0.02
2457188.59666	17.575	0.02
2457188.7837	17.598	0.028999999999999998
2457189.64184	17.557000000000002	0.02
2457189.8226	17.561	0.02
2457190.61216	17.567999999999998	0.022000000000000002
2457190.81061	17.582	0.023
2457191.63881	17.579	0.02
2457192.8472	17.588	0.022000000000000002
2457192.87245	17.570999999999998	0.024
2457193.66917	17.537	0.015
2457193.8536799997	17.569000000000003	0.02
2457194.61668	17.57	0.019
2457194.80865	17.539	0.016
2457197.6486299997	17.596	0.019
2457197.83542	17.581	0.026000000000000002
2457198.62827	17.563	0.019
2457198.8141099997	17.583	0.036000000000000004
2457199.5885	17.535	0.019
2457199.77122	17.555	0.019
2457200.52665	17.576	0.022000000000000002
2457200.70639	17.586	0.017
2457202.64437	17.583	0.027000000000000003
2457202.86611	17.61	0.036000000000000004
2457206.67782	17.553	0.028999999999999998
2457206.8379900004	17.549	0.036000000000000004
2457207.64671	17.535	0.02
2457207.83585	17.598	0.034
2457209.74243	17.553	0.023
2457211.52053	17.533	0.024
2457211.70284	17.587	0.02
2457212.57527	17.522000000000002	0.016
2457214.6510400004	17.579	0.02
2457217.59901	17.564	0.022000000000000002
2457219.51173	17.539	0.024
2457219.71971	17.569000000000003	0.019
2457220.61146	17.56	0.019
2457220.79138	17.576	0.02
2457221.5891	17.558	0.02
2457221.7715	17.552	0.019
2457222.56277	17.547	0.022000000000000002
2457222.77752	17.57	0.024
2457223.6175599997	17.567	0.023
2457224.46873	17.563	0.023
2457224.6625900003	17.549	0.024
2457225.50079	17.544	0.022000000000000002
2457226.51657	17.548	0.022000000000000002
2457226.7014599997	17.545	0.019
2457227.48515	17.562	0.03
2457227.6600200003	17.565	0.017
2457228.4866299997	17.579	0.023
2457228.6707	17.548	0.023
2457229.51492	17.532	0.02
2457229.6795900003	17.534000000000002	0.022000000000000002
2457233.49283	17.559	0.034
2457233.53467	17.607	0.05
2457235.69998	17.590999999999998	0.027000000000000003
2457236.5597099997	17.539	0.03
2457249.55783	17.575	0.024
2457249.70255	17.553	0.026000000000000002
2457252.5364099997	17.574	0.023
2457253.49134	17.546	0.02
2457253.68348	17.582	0.022000000000000002
2457255.65107	17.521	0.022000000000000002
2457256.65418	17.612000000000002	0.028999999999999998
2457261.50937	17.564	0.036000000000000004
2457261.67037	17.544	0.036000000000000004
2457263.63594	17.572	0.028999999999999998
2457264.58237	17.534000000000002	0.022000000000000002
2457265.54566	17.55	0.02
2457267.4802	17.548	0.024
2457268.48138	17.587	0.02
2457268.6768	17.565	0.02
2457269.66517	17.609	0.022000000000000002
2457270.60894	17.55	0.019
2457271.5648	17.570999999999998	0.023
2457273.53563	17.548	0.03
2457275.54016	17.574	0.036000000000000004
2457277.51491	17.53	0.023
2457278.49847	17.55	0.03
2457281.5101	17.488	0.03
2457284.54963	17.557000000000002	0.022000000000000002
2457292.52764	17.525	0.033
2457299.56817	17.558	0.024
2457318.53199	17.596	0.03
2457436.82907	17.572	0.027000000000000003
2457437.82749	17.554000000000002	0.02
2457438.89126	17.552	0.027000000000000003
2457440.8239599997	17.527	0.024
2457441.86815	17.529	0.023
2457442.89237	17.555	0.027000000000000003
2457445.8670099997	17.506	0.019
2457446.8779700003	17.555999999999997	0.017
2457447.88568	17.572	0.022000000000000002
2457448.89955	17.572	0.019
2457451.82925	17.558	0.022000000000000002
2457452.86124	17.525	0.016
2457453.86759	17.533	0.016
2457455.81853	17.544	0.022000000000000002
2457456.82467	17.524	0.023
2457457.82022	17.505	0.022000000000000002
2457458.81545	17.567999999999998	0.022000000000000002
2457460.81603	17.554000000000002	0.02
2457461.81523	17.572	0.017
2457462.8022	17.567	0.019
2457463.82912	17.535	0.019
2457465.77112	17.539	0.023
2457465.8996099997	17.54	0.019
2457467.8338	17.535	0.02
2457470.79069	17.538	0.027000000000000003
2457470.9177599996	17.537	0.036000000000000004
2457471.87456	17.52	0.024
2457472.8128299997	17.495	0.023
2457473.78116	17.542	0.024
2457474.81366	17.523	0.022000000000000002
2457474.91872	17.524	0.027000000000000003
2457475.8494	17.519000000000002	0.037000000000000005
2457484.80529	17.559	0.02
2457485.9117099997	17.554000000000002	0.019
2457486.7220900003	17.538	0.027000000000000003
2457487.82399	17.534000000000002	0.02
2457489.80141	17.558	0.02
2457492.71536	17.557000000000002	0.022000000000000002
2457493.70879	17.528	0.022000000000000002
2457493.92848	17.577	0.03
2457494.9169400004	17.552	0.017
2457495.8956	17.55	0.02
2457498.7905099997	17.562	0.024
2457499.78197	17.554000000000002	0.02
2457500.72332	17.527	0.027000000000000003
2457500.9249	17.581	0.026000000000000002
2457508.7686099997	17.526	0.016
2457509.86502	17.57	0.019
2457512.8002299997	17.532	0.015
2457522.8711900003	17.55	0.031
2457526.77668	17.551	0.02
2457529.8028700002	17.555999999999997	0.036000000000000004
2457534.78386	17.551	0.019
2457536.78302	17.555	0.022000000000000002
2457545.9249	17.567	0.024
2457547.55895	17.503	0.024
2457547.89957	17.526	0.028999999999999998
2457549.81365	17.572	0.019
2457550.79225	17.54	0.02
2457554.89524	17.542	0.027000000000000003
2457555.5178799997	17.528	0.038
2457555.84131	17.548	0.022000000000000002
2457557.82757	17.555	0.022000000000000002
2457561.62651	17.563	0.022000000000000002
2457562.61089	17.570999999999998	0.024
2457566.81354	17.573	0.027000000000000003
2457567.49053	17.569000000000003	0.028999999999999998
2457567.75748	17.594	0.023
2457568.49189	17.578	0.034
2457568.75633	17.57	0.026000000000000002
2457569.49078	17.505	0.03
2457569.7738099997	17.567	0.023
2457570.72554	17.555	0.019
2457573.6431299997	17.558	0.022000000000000002
2457575.57487	17.551	0.023
2457575.7428	17.54	0.017
2457576.50818	17.551	0.02
2457576.70148	17.573	0.019
2457576.8415900003	17.566	0.027000000000000003
2457579.69885	17.587	0.02
2457581.82191	17.521	0.027000000000000003
2457584.5293900003	17.535999999999998	0.024
2457584.6721900003	17.552	0.023
2457589.47503	17.53	0.037000000000000005
2457589.6304900004	17.532	0.026000000000000002
2457589.7856	17.609	0.034
2457590.57592	17.575	0.02
2457590.72358	17.570999999999998	0.022000000000000002
2457593.5005799998	17.567	0.022000000000000002
2457593.6663900004	17.555999999999997	0.017
2457595.5639299997	17.605999999999998	0.028999999999999998
2457596.5931	17.570999999999998	0.016
2457599.5018700003	17.59	0.026000000000000002
2457599.56934	17.542	0.024
2457599.67865	17.558	0.02
2457599.6911299997	17.555	0.02
2457600.51084	17.551	0.027000000000000003
2457600.55136	17.497	0.023
2457600.60456	17.558	0.023
2457600.73416	17.508	0.02
2457601.73195	17.573	0.019
2457601.74435	17.577	0.02
2457602.57152	17.573	0.023
2457602.73253	17.584	0.033
2457603.54708	17.552	0.019
2457603.69546	17.576	0.017
2457604.52391	17.562	0.024
2457604.66528	17.545	0.017
2457605.5027099997	17.562	0.022000000000000002
2457605.669	17.561	0.02
2457606.67753	17.589000000000002	0.024
2457607.58675	17.567999999999998	0.02
2457607.74558	17.567999999999998	0.024
2457608.66707	17.535999999999998	0.017
2457609.52215	17.566	0.026000000000000002
2457609.7127900003	17.552	0.02
2457610.55766	17.535999999999998	0.022000000000000002
2457611.5117	17.535999999999998	0.027000000000000003
2457612.512	17.523	0.022000000000000002
2457612.65305	17.587	0.023
2457616.51633	17.533	0.026000000000000002
2457616.6959	17.514	0.023
2457617.63538	17.559	0.027000000000000003
2457618.52328	17.53	0.026000000000000002
2457618.68533	17.605999999999998	0.031
2457621.52442	17.55	0.022000000000000002
2457621.70352	17.632	0.034
2457622.65542	17.565	0.019
2457623.55288	17.567999999999998	0.019
2457624.49332	17.514	0.02
2457624.68443	17.555	0.022000000000000002
2457625.65675	17.582	0.022000000000000002
2457626.64984	17.554000000000002	0.02
2457630.62415	17.582	0.022000000000000002
2457631.60142	17.569000000000003	0.019
2457632.5866400003	17.596	0.019
2457633.6288	17.537	0.023
2457635.54532	17.553	0.027000000000000003
2457636.59675	17.566	0.026000000000000002
2457637.58659	17.532	0.019
2457638.61301	17.537	0.019
2457643.5101900003	17.588	0.036000000000000004
2457644.56878	17.566	0.037000000000000005
2457647.5512599996	17.573	0.024
2457648.58985	17.53	0.024
2457649.61497	17.521	0.02
2457650.50065	17.563	0.019
2457650.52067	17.546	0.019
2457651.51596	17.574	0.022000000000000002
2457651.55999	17.573	0.02
2457652.50315	17.584	0.019
2457652.5800400004	17.585	0.019
2457653.50259	17.558	0.02
2457654.48803	17.565	0.024
2457654.50721	17.587	0.023
2457655.50392	17.624000000000002	0.023
2457656.5057200002	17.555	0.024
2457656.53004	17.56	0.024
2457657.55618	17.59	0.02
2457658.48669	17.602999999999998	0.028999999999999998
2457658.51228	17.565	0.02
2457659.51431	17.575	0.024
2457660.50433	17.585	0.027000000000000003
2457660.55517	17.534000000000002	0.026000000000000002
2457661.50591	17.573	0.024
2457662.50598	17.531	0.024
2457662.52667	17.57	0.027000000000000003
2457664.5047	17.621	0.03
2457664.57182	17.566	0.028999999999999998
2457665.50862	17.519000000000002	0.026000000000000002
2457666.5069	17.570999999999998	0.026000000000000002
2457666.5533	17.564	0.023
2457667.51199	17.575	0.024
2457671.4931099997	17.55	0.028999999999999998
2457672.49452	17.55	0.024
2457673.5010599997	17.553	0.027000000000000003
2457675.4998	17.612000000000002	0.037000000000000005
2457682.49695	17.541	0.027000000000000003
2457683.49617	17.570999999999998	0.028999999999999998
2457791.88014	17.408	0.022000000000000002
2457792.88296	17.387999999999998	0.024
2457793.87443	17.399	0.02
2457794.88141	17.348	0.028999999999999998
2457795.8854400003	17.365	0.027000000000000003
2457798.85536	17.324	0.022000000000000002
2457800.85975	17.261	0.017
2457802.83965	17.248	0.036000000000000004
2457807.8542299997	17.035999999999998	0.016
2457810.8311900003	16.896	0.015
2457812.89626	16.777	0.012
2457816.824	16.491	0.011000000000000001
2457818.86706	16.375	0.009000000000000001
2457820.9012	16.272000000000002	0.009000000000000001
2457823.80578	16.303	0.011000000000000001
2457825.83788	16.406	0.011000000000000001
2457827.81525	16.56	0.012
2457829.80609	16.701	0.016
2457834.80558	17.0	0.015
2457834.9156	17.004	0.015
2457835.8823	17.057000000000002	0.015
2457836.83497	17.082	0.016
2457837.77155	17.114	0.016
2457837.87992	17.137999999999998	0.015
2457838.82698	17.17	0.015
2457839.76266	17.19	0.015
2457839.88784	17.209	0.013000000000000001
2457840.8151700003	17.192999999999998	0.016
2457841.75838	17.235	0.023
2457841.8691	17.242	0.022000000000000002
2457842.78469	17.278	0.017
2457842.8939799997	17.272000000000002	0.016
2457843.82563	17.295	0.016
2457844.73582	17.312	0.017
2457844.85274	17.329	0.019
2457845.76004	17.343	0.019
2457845.8776700003	17.334	0.016
2457846.80794	17.339000000000002	0.016
2457846.91705	17.346	0.019
2457847.81863	17.369	0.017
2457848.72492	17.364	0.02
2457848.83182	17.362000000000002	0.017
2457849.73749	17.387999999999998	0.02
2457849.8547799997	17.407	0.016
2457850.74965	17.406	0.022000000000000002
2457850.86845	17.387999999999998	0.016
2457851.76739	17.437	0.023
2457851.88752	17.401	0.017
2457852.8737	17.433	0.022000000000000002
2457853.92631	17.473	0.036000000000000004
2457854.80736	17.402	0.019
2457854.92038	17.418	0.019
2457855.8287400003	17.468	0.022000000000000002
2457856.72687	17.477	0.031
2457856.8394	17.438	0.028999999999999998
2457857.8667599997	17.44	0.031
2457862.68851	17.475	0.023
2457862.79848	17.477999999999998	0.022000000000000002
2457862.92264	17.473	0.019
2457863.8925799998	17.496	0.019
2457864.85085	17.509	0.017
2457865.70731	17.500999999999998	0.019
2457865.82658	17.517	0.016
2457866.70303	17.518	0.019
2457866.8305200003	17.495	0.016
2457867.70632	17.497	0.017
2457867.83461	17.52	0.016
2457868.76242	17.505	0.023
2457868.90251	17.519000000000002	0.027000000000000003
2457869.76207	17.508	0.017
2457869.8939	17.516	0.017
2457870.77365	17.541	0.017
2457870.90469	17.500999999999998	0.019
2457871.78834	17.512999999999998	0.017
2457871.93131	17.507	0.023
2457872.7983	17.527	0.016
2457872.93658	17.496	0.033
2457873.76731	17.519000000000002	0.016
2457873.90287	17.51	0.02
2457874.73606	17.517	0.026000000000000002
2457874.85882	17.535999999999998	0.022000000000000002
2457875.81502	17.511	0.016
2457875.92671	17.555999999999997	0.022000000000000002
2457876.74042	17.531	0.02
2457876.87743	17.558	0.024
2457877.70101	17.539	0.019
2457877.83319	17.527	0.019
2457878.73894	17.515	0.017
2457878.87417	17.525	0.017
2457879.6984599996	17.555999999999997	0.026000000000000002
2457879.85104	17.55	0.024
2457880.7272900003	17.543	0.023
2457880.84912	17.574	0.028999999999999998
2457881.80525	17.570999999999998	0.024
2457881.92602	17.570999999999998	0.03
2457882.80302	17.543	0.026000000000000002
2457882.93267	17.542	0.023
2457890.69771	17.559	0.033
2457890.8556	17.535999999999998	0.023
2457893.67639	17.562	0.023
2457893.80512	17.529	0.022000000000000002
2457893.91481	17.559	0.026000000000000002
2457894.66017	17.553	0.022000000000000002
2457894.78792	17.543	0.019
2457894.89732	17.551	0.022000000000000002
2457895.76167	17.526	0.017
2457897.70136	17.525	0.023
2457900.91582	17.545	0.03
2457901.63696	17.570999999999998	0.022000000000000002
2457901.79233	17.552	0.02
2457902.62772	17.581	0.026000000000000002
2457902.75043	17.562	0.02
2457902.92576	17.545	0.034
2457903.79653	17.524	0.024
2457903.91404	17.545	0.028999999999999998
2457904.65585	17.543	0.022000000000000002
2457904.78432	17.549	0.019
2457904.89371	17.572	0.024
2457905.62271	17.555	0.02
2457905.7499599997	17.56	0.019
2457905.8626	17.549	0.023
2457906.57118	17.553	0.024
2457906.68939	17.55	0.017
2457906.81163	17.57	0.02
2457906.92055	17.558	0.024
2457907.6875400003	17.548	0.02
2457907.8188	17.55	0.02
2457908.6345	17.564	0.024
2457908.76389	17.558	0.023
2457908.87376	17.567	0.023
2457909.56548	17.573	0.031
2457909.6855599997	17.565	0.022000000000000002
2457909.79659	17.564	0.023
2457909.90245	17.585	0.022000000000000002
2457910.58275	17.570999999999998	0.028999999999999998
2457910.70075	17.566	0.02
2457910.8229099996	17.564	0.022000000000000002
2457911.55266	17.56	0.038
2457911.65808	17.565	0.024
2457911.8275900004	17.495	0.034
2457916.61086	17.562	0.023
2457916.70519	17.537	0.023
2457916.80923	17.529	0.023
2457916.90448	17.54	0.043
2457917.6423	17.526	0.022000000000000002
2457917.75748	17.527	0.02
2457917.8643	17.507	0.027000000000000003
2457918.61917	17.557000000000002	0.027000000000000003
2457922.6189	17.532	0.022000000000000002
2457922.74897	17.578	0.026000000000000002
2457923.6183599997	17.546	0.022000000000000002
2457923.75547	17.579	0.028999999999999998
2457923.87493	17.572	0.033
2457924.54115	17.534000000000002	0.023
2457924.6466099997	17.523	0.019
2457924.7755	17.561	0.02
2457924.8775299997	17.567	0.022000000000000002
2457925.67285	17.535999999999998	0.017
2457925.81005	17.535	0.023
2457926.57936	17.525	0.024
2457926.7275099996	17.583	0.026000000000000002
2457928.57699	17.565	0.024
2457932.60823	17.546	0.022000000000000002
2457932.73287	17.552	0.02
2457933.51742	17.538	0.028999999999999998
2457933.59884	17.567	0.024
2457933.72065	17.558	0.022000000000000002
2457934.5344700003	17.546	0.023
2457934.65061	17.518	0.02
2457934.76482	17.563	0.022000000000000002
2457935.5039	17.516	0.023
2457935.63253	17.561	0.02
2457935.7448299997	17.546	0.019
2457935.8639599998	17.555999999999997	0.022000000000000002
2457936.4902	17.558	0.026000000000000002
2457936.60673	17.558	0.022000000000000002
2457936.74223	17.541	0.022000000000000002
2457936.85863	17.577	0.027000000000000003
2457937.54794	17.57	0.024
2457937.65861	17.562	0.022000000000000002
2457937.7902900004	17.539	0.022000000000000002
2457938.57063	17.569000000000003	0.026000000000000002
2457944.4687099997	17.585	0.036000000000000004
2457944.52152	17.569000000000003	0.028999999999999998
2457944.56291	17.583	0.024
2457944.61334	17.555	0.024
2457944.66335	17.565	0.024
2457944.72353	17.552	0.026000000000000002
2457944.7727799998	17.534000000000002	0.023
2457945.48038	17.601	0.028999999999999998
2457945.58002	17.58	0.023
2457945.69115	17.564	0.019
2457945.80137	17.577	0.023
2457946.51338	17.555999999999997	0.022000000000000002
2457946.6348099997	17.553	0.022000000000000002
2457946.76322	17.581	0.024
2457947.51435	17.594	0.024
2457947.61792	17.54	0.022000000000000002
2457947.77864	17.566	0.023
2457948.5072	17.573	0.022000000000000002
2457948.6407	17.584	0.023
2457948.77534	17.563	0.023
2457949.56645	17.59	0.028999999999999998
2457949.68982	17.572	0.028999999999999998
2457952.7078299997	17.588	0.024
2457953.47796	17.555	0.027000000000000003
2457953.6099900003	17.551	0.02
2457953.735	17.564	0.019
2457954.48979	17.526	0.022000000000000002
2457954.63356	17.557000000000002	0.019
2457954.7691900004	17.578	0.02
2457955.7990599996	17.52	0.023
2457956.6043	17.559	0.017
2457956.73552	17.543	0.02
2457957.66063	17.541	0.022000000000000002
2457958.5754400003	17.547	0.027000000000000003
2457958.6661	17.548	0.026000000000000002
2457958.7840400003	17.594	0.031
2457959.53237	17.563	0.02
2457959.65014	17.547	0.019
2457959.76626	17.55	0.023
2457960.51962	17.564	0.02
2457960.65528	17.55	0.019
2457960.78105	17.570999999999998	0.023
2457961.6009	17.516	0.017
2457961.70762	17.537	0.019
2457962.528	17.55	0.02
2457963.61905	17.546	0.019
2457964.5947	17.552	0.02
2457964.73446	17.529	0.023
2457965.6779400003	17.542	0.02
2457966.55163	17.549	0.026000000000000002
2457966.64893	17.559	0.023
2457967.68492	17.538	0.026000000000000002
2457967.7420900003	17.566	0.033
2457971.5142200002	17.512	0.026000000000000002
2457971.60303	17.54	0.027000000000000003
2457971.64292	17.553	0.023
2457971.6937599997	17.553	0.026000000000000002
2457971.73402	17.586	0.028999999999999998
2457972.52595	17.583	0.038
2457972.56482	17.592	0.037000000000000005
2457972.6192	17.529	0.028999999999999998
2457972.6669099997	17.562	0.031
2457972.72221	17.548	0.028999999999999998
2457973.54133	17.594	0.037000000000000005
2457973.66637	17.538	0.027000000000000003
2457974.531	17.542	0.022000000000000002
2457974.64683	17.56	0.023
2457975.47643	17.585	0.03
2457979.5268	17.538	0.02
2457979.64617	17.575	0.019
2457980.58053	17.574	0.026000000000000002
2457981.47875	17.548	0.03
2457981.63253	17.602	0.02
2457982.54204	17.588	0.023
2457982.65297	17.555	0.022000000000000002
2457983.58067	17.554000000000002	0.02
2457984.48954	17.602	0.027000000000000003
2457984.60726	17.581	0.022000000000000002
2457985.53728	17.546	0.031
2457986.49283	17.574	0.019
2457986.63272	17.570999999999998	0.019
2457987.55994	17.56	0.019
2457990.47892	17.561	0.024
2457990.61116	17.55	0.023
2457991.53068	17.546	0.023
2457991.65993	17.583	0.024
2457992.5759900003	17.575	0.02
2457993.51288	17.566	0.024
2457993.62315	17.553	0.022000000000000002
2457994.55711	17.564	0.031
2457998.52286	17.576	0.023
2457998.57113	17.584	0.03
2457998.6146400003	17.537	0.028999999999999998
2458000.4955599997	17.563	0.026000000000000002
2458000.54908	17.570999999999998	0.024
2458000.59087	17.555999999999997	0.027000000000000003
2458001.48094	17.54	0.027000000000000003
2458001.5918099997	17.541	0.024
2458002.5619799998	17.507	0.05
2458003.60648	17.55	0.03
2458004.5945900003	17.558	0.027000000000000003
2458007.55888	17.574	0.03
2458008.57685	17.562	0.026000000000000002
2458011.51736	17.601	0.033
2458012.54171	17.569000000000003	0.022000000000000002
2458013.54511	17.570999999999998	0.02
2458014.55412	17.555999999999997	0.022000000000000002
2458015.55245	17.572	0.027000000000000003
2458016.56098	17.604	0.024
2458018.4914	17.559	0.024
2458019.52922	17.559	0.019
2458020.56318	17.548	0.022000000000000002
2458026.52622	17.59	0.03
2458029.5112	17.564	0.028999999999999998
2458030.51879	17.570999999999998	0.023
2458040.4997900003	17.55	0.033
