2455378.68709	17.148	0.013999999999999999
2455380.71649	17.146	0.016
2455383.7966400003	17.176	0.021
2455385.60629	17.155	0.013999999999999999
2455385.69685	17.132	0.013999999999999999
2455385.7949099997	17.125	0.013999999999999999
2455388.81361	17.118	0.017
2455392.48631	17.168	0.02
2455405.7001799997	17.136	0.018000000000000002
2455409.5644400003	17.143	0.013999999999999999
2455413.6663	17.122	0.013000000000000001
2455422.76301	17.17	0.017
2455434.53882	17.156	0.018000000000000002
2455439.63619	17.166	0.018000000000000002
2455447.5751900002	17.157	0.013999999999999999
2455453.58806	17.135	0.016
2455458.57831	17.137999999999998	0.017
2455460.53258	17.145	0.02
2455462.48764	17.134	0.018000000000000002
2455465.56329	17.153	0.024
2455471.52482	17.137999999999998	0.016
2455473.5361	17.145	0.018000000000000002
2455480.49999	17.144000000000002	0.018000000000000002
2455483.50193	17.153	0.032
2455485.52921	17.121	0.02
2455488.5129	17.172	0.018000000000000002
2455494.52061	17.134	0.027999999999999997
2455606.89095	17.129	0.021
2455614.87597	17.133	0.016
2455620.856	17.144000000000002	0.016
2455624.81672	17.185	0.017
2455625.77878	17.15	0.021
2455627.80355	17.155	0.018000000000000002
2455629.7824	17.148	0.017
2455630.77492	17.154	0.017
2455632.77079	17.155	0.021
2455634.7571099997	17.167	0.018000000000000002
2455635.82965	17.128	0.018000000000000002
2455638.74793	17.174	0.027999999999999997
2455639.77201	17.144000000000002	0.018000000000000002
2455642.86521	17.174	0.018000000000000002
2455642.8851099997	17.172	0.018000000000000002
2455649.89278	17.146	0.013000000000000001
2455654.87649	17.137	0.013999999999999999
2455658.9305	17.094	0.057999999999999996
2455664.76631	17.141	0.018000000000000002
2455668.93139	17.172	0.025
2455675.92923	17.16	0.018000000000000002
2455680.7146799997	17.17	0.018000000000000002
2455683.79557	17.137999999999998	0.013999999999999999
2455686.9212700003	17.160999999999998	0.016
2455692.7851400003	17.147000000000002	0.013999999999999999
2455694.93063	17.155	0.018000000000000002
2455697.79708	17.152	0.016
2455707.66736	17.171	0.016
2455712.7007299997	17.160999999999998	0.013999999999999999
2455716.69561	17.145	0.013999999999999999
2455723.6384400004	17.165	0.016
2455726.64308	17.143	0.018000000000000002
2455735.81029	17.139	0.016
2455738.58274	17.167	0.013999999999999999
2455740.7699	17.139	0.013999999999999999
2455742.77332	17.149	0.013000000000000001
2455746.54972	17.142	0.016
2455749.6088	17.163	0.016
2455760.6924900003	17.145	0.017
2455762.48983	17.182000000000002	0.018000000000000002
2455763.48074	17.131	0.018000000000000002
2455765.66677	17.139	0.013999999999999999
2455769.57017	17.178	0.018000000000000002
2455778.52048	17.172	0.021
2455783.58673	17.119	0.02
2455786.6192900003	17.127	0.017
2455790.6866900004	17.149	0.017
2455795.68967	17.117	0.017
2455804.56033	17.123	0.016
2455815.60901	17.157	0.016
2455819.6353599997	17.171	0.017
2455824.62511	17.156	0.017
2455829.60265	17.125999999999998	0.013999999999999999
2455834.5550700002	17.141	0.013999999999999999
2455841.59894	17.15	0.024
2455846.5366599998	17.160999999999998	0.024
2455855.53361	17.165	0.021
2455977.8303	17.113	0.017
2455985.8695799997	17.155	0.013999999999999999
2455990.89792	17.137	0.013999999999999999
2455995.88956	17.13	0.013999999999999999
2455999.89814	17.163	0.013000000000000001
2456004.77997	17.141	0.016
2456007.8832900003	17.155	0.013000000000000001
2456010.9111200003	17.145	0.013000000000000001
2456014.78835	17.160999999999998	0.013000000000000001
2456017.78702	17.145	0.009000000000000001
2456020.7478	17.136	0.013999999999999999
2456022.87727	17.14	0.013999999999999999
2456025.7864599996	17.163	0.018000000000000002
2456033.7892	17.145	0.013999999999999999
2456037.87455	17.144000000000002	0.013999999999999999
2456041.7746900003	17.15	0.013999999999999999
2456048.87593	17.195	0.016
2456052.6981900004	17.14	0.017
2456058.78876	17.145	0.013000000000000001
2456061.9333200003	17.152	0.017
2456064.92936	17.124000000000002	0.016
2456067.6926700003	17.134	0.013000000000000001
2456069.81624	17.158	0.013000000000000001
2456071.77193	17.139	0.016
2456076.81604	17.099	0.013000000000000001
2456079.57797	17.117	0.013999999999999999
2456080.92108	17.135	0.013999999999999999
2456086.69728	17.121	0.013000000000000001
2456089.78173	17.136	0.013000000000000001
2456094.62105	17.14	0.017
2456097.7814599997	17.136	0.016
2456100.62841	17.137999999999998	0.013999999999999999
2456102.55691	17.098	0.017
2456104.4833	17.121	0.017
2456106.61691	17.073	0.02
2456113.80321	17.164	0.017
2456115.81967	17.171	0.023
2456117.78825	17.156	0.013999999999999999
2456121.72554	17.132	0.012
2456124.80852	17.164	0.016
2456132.72295	17.125999999999998	0.013999999999999999
2456135.78562	17.122	0.016
2456140.7715	17.229	0.053
2456148.48662	17.152	0.012
2456151.70654	17.158	0.018000000000000002
2456158.6614200003	17.158	0.017
2456164.5361200003	17.153	0.016
2456169.65289	17.16	0.017
2456179.59237	17.158	0.02
2456183.63733	17.125999999999998	0.013000000000000001
2456191.6162099997	17.152	0.013999999999999999
2456202.55951	17.113	0.024
2456210.5877900003	17.122	0.016
2456217.58062	17.156	0.016
2456220.50428	17.096	0.025
2456348.85622	17.143	0.013999999999999999
2456356.82835	17.089000000000002	0.024
2456363.88887	17.147000000000002	0.013000000000000001
2456371.8149900003	17.14	0.012
2456372.8172400002	17.164	0.013000000000000001
2456375.91012	17.162	0.013000000000000001
2456379.79423	17.128	0.013999999999999999
2456382.85062	17.147000000000002	0.016
2456388.8646	17.176	0.013999999999999999
2456388.8810900003	17.177	0.016
2456391.82659	17.167	0.018000000000000002
2456396.7021	17.157	0.013000000000000001
2456398.92853	17.160999999999998	0.018000000000000002
2456402.72353	17.159000000000002	0.013999999999999999
2456405.8659599996	17.149	0.012
2456409.88869	17.157	0.021
2456417.84581	17.157	0.017
2456420.64514	17.148	0.013000000000000001
2456423.78478	17.128	0.016
2456426.9405099996	17.118	0.023
2456432.67003	17.129	0.016
2456434.79068	17.121	0.013999999999999999
2456436.84087	17.124000000000002	0.016
2456442.71895	17.149	0.013000000000000001
2456445.80986	17.134	0.013999999999999999
2456447.79734	17.134	0.013000000000000001
2456449.71218	17.142	0.013000000000000001
2456451.65393	17.136	0.013999999999999999
2456454.6547	17.127	0.013000000000000001
2456456.82068	17.163	0.013000000000000001
2456459.5726099997	17.132	0.013999999999999999
2456461.73041	17.13	0.013999999999999999
2456463.8560599997	17.14	0.013999999999999999
2456469.5872400003	17.125999999999998	0.016
2456473.8498	17.143	0.018000000000000002
2456475.80719	17.137	0.013999999999999999
2456477.78144	17.148	0.018000000000000002
2456480.80562	17.243	0.018000000000000002
2456485.64532	17.136	0.012
2456487.73605	17.135	0.012
2456491.5018700003	17.171	0.017
2456499.50324	17.137999999999998	0.013999999999999999
2456505.65593	17.149	0.016
2456508.77396	17.139	0.013999999999999999
2456511.7621400002	17.137	0.016
2456518.66704	17.153	0.013000000000000001
2456525.49549	17.153	0.018000000000000002
2456532.58335	17.153	0.013000000000000001
2456539.57004	17.188	0.012
2456546.622	17.13	0.013999999999999999
2456560.63063	17.13	0.017
2456568.5411900003	17.171	0.02
2456576.49253	17.206	0.03
2456576.5622	17.134	0.016
2456577.53347	17.12	0.023
2456741.88799	17.160999999999998	0.017
2456742.89197	17.12	0.01
2456746.75287	17.117	0.013999999999999999
2456749.8867599997	17.15	0.012
2456754.83798	17.15	0.013999999999999999
2456757.91554	17.151	0.013000000000000001
2456761.72997	17.137	0.016
2456764.7214	17.13	0.013999999999999999
2456769.69412	17.133	0.013000000000000001
2456771.8155400003	17.12	0.013000000000000001
2456774.7037400003	17.134	0.013999999999999999
2456776.92142	17.121	0.013999999999999999
2456789.80365	17.153	0.016
2456791.78881	17.117	0.016
2456796.7321599997	17.139	0.017
2456799.7924200003	17.147000000000002	0.021
2456804.7732	17.129	0.013999999999999999
2456807.61402	17.132	0.02
2456808.8985	17.131	0.016
2456810.8245099997	17.154	0.013999999999999999
2456813.81168	17.151	0.016
2456815.78958	17.13	0.016
2456817.7848	17.137999999999998	0.016
2456819.79046	17.118	0.027000000000000003
2456824.86145	17.137	0.02
2456826.73465	17.147000000000002	0.016
2456828.58002	17.137999999999998	0.013999999999999999
2456829.82295	17.151	0.017
2456831.8423599997	17.129	0.017
2456833.78402	17.133	0.017
2456835.69342	17.154	0.018000000000000002
2456837.57115	17.118	0.013000000000000001
2456838.8117400003	17.154	0.018000000000000002
2456840.73015	17.141	0.017
2456842.73716	17.141	0.013999999999999999
2456845.59999	17.145	0.016
2456847.78191	17.171	0.018000000000000002
2456852.7151099998	17.163	0.023
2456856.64619	17.131	0.013000000000000001
2456858.57835	17.144000000000002	0.013000000000000001
2456862.77802	17.162	0.018000000000000002
2456873.60563	17.139	0.017
2456879.71393	17.124000000000002	0.021
2456882.66029	17.14	0.013999999999999999
2456886.59626	17.125999999999998	0.013999999999999999
2456889.49622	17.142	0.016
2456891.693	17.157	0.017
2456907.63506	17.125	0.018000000000000002
2456915.63141	17.125999999999998	0.017
2456924.50367	17.147000000000002	0.017
2456928.60776	17.154	0.018000000000000002
2456931.48946	17.144000000000002	0.027000000000000003
2456932.5118299997	17.128	0.021
2456936.54153	17.121	0.018000000000000002
2456942.5565400003	17.137	0.018000000000000002
2457070.8755900003	17.137999999999998	0.013999999999999999
2457076.83879	17.143	0.013999999999999999
2457079.81819	17.158	0.02
2457083.80643	17.143	0.018000000000000002
2457087.79995	17.163	0.018000000000000002
2457090.8695400003	17.137	0.016
2457098.77526	17.155	0.016
2457100.75913	17.12	0.016
2457100.81707	17.119	0.013999999999999999
2457100.88865	17.154	0.013999999999999999
2457100.9105700003	17.144000000000002	0.013999999999999999
2457101.7812799998	17.163	0.023
2457101.9153299998	17.125999999999998	0.025
2457102.9115	17.151	0.016
2457110.86237	17.134	0.013000000000000001
2457115.78196	17.132	0.013999999999999999
2457118.86751	17.146	0.013999999999999999
2457125.85947	17.14	0.016
2457130.81765	17.141	0.016
2457133.9191	17.114	0.016
2457136.7516799998	17.13	0.013999999999999999
2457138.85897	17.125	0.013000000000000001
2457141.67685	17.148	0.013999999999999999
2457143.7434799997	17.135	0.016
2457146.74395	17.141	0.016
2457152.7749400004	17.134	0.016
2457154.76306	17.134	0.013000000000000001
2457156.77831	17.129	0.013000000000000001
2457159.6129799997	17.136	0.017
2457160.92572	17.123	0.013999999999999999
2457162.89623	17.129	0.013999999999999999
2457164.92884	17.165	0.017
2457169.59281	17.171	0.016
2457169.79234	17.135	0.013999999999999999
2457172.71475	17.101	0.016
2457174.5972700003	17.102	0.02
2457175.89351	17.149	0.021
2457178.65002	17.125	0.02
2457179.62489	17.086	0.017
2457180.83867	17.122	0.017
2457182.7261099997	17.123	0.013999999999999999
2457184.59385	17.124000000000002	0.017
2457185.82721	17.144000000000002	0.017
2457187.8616	17.137999999999998	0.013999999999999999
2457189.8398599997	17.132	0.016
2457194.6595	17.125	0.012
2457198.67011	17.112000000000002	0.013000000000000001
2457200.51528	17.129	0.016
2457201.5119	17.119	0.03
2457202.56578	17.137	0.024
2457202.60155	17.122	0.018000000000000002
2457202.6838	17.127	0.02
2457207.56218	17.118	0.017
2457209.64477	17.123	0.018000000000000002
2457210.83069	17.142	0.024
2457214.70901	17.095	0.016
2457220.59061	17.125	0.013000000000000001
2457222.5180200003	17.112000000000002	0.016
2457224.53065	17.125999999999998	0.016
2457226.7045	17.119	0.013999999999999999
2457228.6447799997	17.109	0.013999999999999999
2457235.5035900003	17.13	0.025
2457249.7058599996	17.086	0.018000000000000002
2457255.61058	17.102999999999998	0.016
2457263.5491	17.076	0.02
2457267.55711	17.084	0.017
2457270.58275	17.089000000000002	0.013000000000000001
2457275.67033	17.07	0.018000000000000002
2457292.59961	17.044	0.024
2457301.50319	17.026	0.017
2457435.83025	16.761	0.013999999999999999
2457440.88368	16.798	0.012
2457447.8273	16.855999999999998	0.012
2457452.89892	16.893	0.01
2457457.84202	16.942	0.013999999999999999
2457462.79298	16.954	0.013000000000000001
2457466.91265	16.945	0.013000000000000001
2457471.90982	16.967	0.013999999999999999
2457475.7823099997	17.027	0.018000000000000002
2457484.79408	17.035	0.016
2457486.84183	17.032	0.013999999999999999
2457488.90476	17.031	0.013000000000000001
2457492.8577400004	17.055	0.012
2457494.9054	17.063	0.013000000000000001
2457498.86165	17.049	0.016
2457500.81258	17.08	0.017
2457508.8121	17.079	0.012
2457511.81262	17.088	0.012
2457522.90124	17.109	0.017
2457528.85296	17.102	0.02
2457534.81485	17.1	0.013999999999999999
2457545.7823799998	17.122	0.013999999999999999
2457547.53537	17.11	0.018000000000000002
2457549.61724	17.097	0.013000000000000001
2457550.82157	17.114	0.016
2457555.63405	17.101	0.013999999999999999
2457557.75331	17.116	0.017
2457561.52423	17.145	0.024
2457566.5816	17.088	0.017
2457567.70293	17.105999999999998	0.013999999999999999
2457570.83867	17.124000000000002	0.016
2457576.5501200003	17.127	0.016
2457581.79758	17.099	0.016
2457589.55022	17.128	0.021
2457590.7390900003	17.123	0.017
2457596.54468	17.121	0.013000000000000001
2457601.72114	17.114	0.013000000000000001
2457603.67372	17.129	0.013000000000000001
2457605.6094	17.168	0.016
2457608.49478	17.127	0.016
2457610.61009	17.129	0.013999999999999999
2457616.5196700003	17.124000000000002	0.017
2457618.63015	17.144000000000002	0.018000000000000002
2457622.7248400003	17.147000000000002	0.013999999999999999
2457625.65997	17.123	0.018000000000000002
2457632.52933	17.141	0.013000000000000001
2457636.6419	17.147000000000002	0.017
2457644.55915	17.135	0.023
2457650.58044	17.148	0.016
2457655.49065	17.135	0.017
2457661.49149	17.131	0.02
2457666.49431	17.147000000000002	0.018000000000000002
