2455377.72087	18.57	0.055999999999999994
2455381.85455	18.799	0.124
2455395.82406	18.549	0.071
2455404.55055	18.549	0.052000000000000005
2455408.53787	18.655	0.079
2455411.77181	18.583	0.07400000000000001
2455430.6303	18.595	0.071
2455437.50592	18.538	0.052000000000000005
2455445.63341	18.54	0.043
2455451.4972	18.593	0.105
2455458.48419	18.761	0.08900000000000001
2455459.60965	18.54	0.055
2455461.55967	18.52	0.10400000000000001
2455464.5543	18.601	0.075
2455469.6151400004	18.480999999999998	0.059000000000000004
2455472.5731900004	18.517	0.055999999999999994
2455478.53602	18.566	0.055999999999999994
2455487.51135	18.649	0.066
2455490.51195	18.705	0.114
2455611.88925	18.517	0.059000000000000004
2455616.87286	18.605999999999998	0.062
2455620.89184	18.604	0.059000000000000004
2455624.8744900003	18.587	0.051
2455626.84549	18.543	0.061
2455628.80504	18.635	0.08199999999999999
2455630.80853	18.599	0.053
2455631.9071400003	18.526	0.079
2455632.81241	18.581	0.057999999999999996
2455634.79148	18.553	0.053
2455635.90694	18.577	0.065
2455637.82551	18.590999999999998	0.062
2455638.8313700003	18.652	0.062
2455640.79373	18.577	0.077
2455642.7888599997	18.604	0.061
2455644.76775	18.612000000000002	0.087
2455649.77066	18.56	0.049
2455655.7971200002	18.528	0.048
2455657.8197	18.532	0.039
2455659.71678	18.564	0.059000000000000004
2455660.79369	18.598	0.049
2455662.91317	18.581	0.049
2455665.79104	18.628	0.055999999999999994
2455668.9037599997	18.559	0.068
2455671.74823	18.584	0.064
2455679.8083599997	18.59	0.061
2455681.69099	18.612000000000002	0.053
2455682.89957	18.58	0.048
2455684.86845	18.559	0.046
2455686.85062	18.563	0.052000000000000005
2455689.7560400004	18.629	0.049
2455692.91296	18.544	0.057999999999999996
2455694.6746400003	18.604	0.051
2455695.84325	18.637	0.046
2455696.92925	18.599	0.059000000000000004
2455698.67154	18.497	0.068
2455705.71485	18.566	0.057999999999999996
2455707.61887	18.674	0.064
2455708.6951099997	18.631	0.048
2455712.7121900003	18.582	0.048
2455715.56697	18.667	0.061
2455716.76109	18.651	0.048
2455722.56175	18.584	0.055999999999999994
2455722.57508	18.567	0.051
2455723.7538799997	18.61	0.046
2455725.6214799997	18.663	0.051
2455726.80179	18.52	0.07400000000000001
2455734.77091	18.581	0.071
2455736.59386	18.555999999999997	0.042
2455737.67446	18.572	0.035
2455740.5644	18.553	0.064
2455741.6340900003	18.597	0.048
2455742.6667400002	18.56	0.038
2455743.79577	18.616	0.057999999999999996
2455744.8426900003	18.528	0.065
2455746.61271	18.572	0.055
2455747.78179	18.619	0.075
2455749.7997	18.683	0.08199999999999999
2455753.74274	18.511	0.128
2455760.67639	18.452	0.061
2455763.57957	18.54	0.039
2455764.67177	18.583	0.043
2455766.51165	18.601	0.052000000000000005
2455767.67478	18.605999999999998	0.053
2455775.5981099997	18.691	0.066
2455777.7102099997	18.561	0.042
2455786.6998	18.668	0.081
2455788.64018	18.559	0.059000000000000004
2455791.52929	18.539	0.061
2455794.66117	18.583	0.052000000000000005
2455798.6784	18.748	0.08900000000000001
2455804.5461	18.617	0.061
2455807.5548900003	18.604	0.062
2455813.6172599997	18.569000000000003	0.057999999999999996
2455817.4849799997	18.665	0.061
2455819.58213	18.637	0.062
2455827.48839	18.741	0.10800000000000001
2455828.60073	18.515	0.053
2455830.57428	18.588	0.059000000000000004
2455832.5964599997	18.58	0.071
2455835.54811	18.736	0.098
2455846.50839	18.524	0.092
2455851.56035	18.611	0.066
2455862.51186	18.652	0.077
2455976.85828	18.653	0.065
2455980.86736	18.511	0.064
2455985.8215099997	18.49	0.07200000000000001
2455987.90102	18.533	0.052000000000000005
2455990.85524	18.559	0.049
2455993.81622	18.554000000000002	0.077
2455995.8387700003	18.551	0.049
2455997.8705	18.582	0.049
2455999.86933	18.567	0.051
2456004.9125099997	18.534000000000002	0.052000000000000005
2456006.9082299997	18.599	0.043
2456008.8407799997	18.543	0.051
2456010.77245	18.495	0.048
2456011.90255	18.593	0.065
2456013.82338	18.589000000000002	0.045
2456015.75179	18.692	0.052000000000000005
2456016.83912	18.627	0.045
2456018.76122	18.551	0.059000000000000004
2456019.8616	18.539	0.038
2456020.92035	18.63	0.055
2456022.76559	18.56	0.049
2456023.82723	18.565	0.045
2456024.83219	18.575	0.048
2456025.9044	18.702	0.068
2456032.92031	18.522000000000002	0.040999999999999995
2456035.8435400003	18.651	0.046
2456040.74028	18.627	0.055999999999999994
2456045.92453	18.430999999999997	0.045
2456046.93546	18.664	0.087
2456052.86017	18.555	0.055999999999999994
2456054.9021099997	18.617	0.08199999999999999
2456060.81431	18.624000000000002	0.052000000000000005
2456061.70225	18.595	0.062
2456062.85187	18.572	0.052000000000000005
2456064.86058	18.607	0.049
2456066.7042900003	18.607	0.053
2456067.77979	18.636	0.046
2456068.9350799997	18.459	0.045
2456070.68255	18.627	0.055999999999999994
2456071.7349400003	18.567999999999998	0.045
2456075.82054	18.561	0.039
2456077.75102	18.637999999999998	0.051
2456078.80612	18.59	0.042
2456079.88258	18.635	0.045
2456080.6693	18.74	0.068
2456080.91963	18.543	0.043
2456085.72004	18.525	0.055999999999999994
2456086.71912	18.563	0.042
2456088.5899799997	18.592	0.045
2456092.654	18.636	0.048
2456093.84634	18.607	0.071
2456096.63551	18.658	0.055999999999999994
2456097.84282	18.56	0.061
2456098.89373	18.511	0.081
2456100.8522799998	18.524	0.084
2456102.50404	18.736	0.12
2456103.52003	18.534000000000002	0.055999999999999994
2456104.59688	18.537	0.040999999999999995
2456105.65589	18.634	0.051
2456108.73087	18.612000000000002	0.051
2456113.6866900004	18.578	0.065
2456114.7865	18.578	0.061
2456116.51031	18.63	0.045
2456117.58117	18.607	0.043
2456118.64417	18.566	0.045
2456119.6767700003	18.631	0.045
2456120.79463	18.657	0.066
2456123.54315	18.486	0.046
2456124.67343	18.602999999999998	0.048
2456125.7625599997	18.577	0.045
2456127.62465	18.564	0.053
2456131.68103	18.849	0.046
2456131.7505200002	18.629	0.057999999999999996
2456133.75814	18.608	0.055999999999999994
2456135.7590900003	18.601	0.051
2456140.73205	18.65	0.11
2456142.5819200003	18.573	0.105
2456148.71373	18.564	0.046
2456151.718	18.596	0.053
2456154.6956599997	18.578	0.053
2456158.71235	18.573	0.051
2456161.5049799997	18.644000000000002	0.062
2456179.50283	18.660999999999998	0.068
2456181.6053299997	18.697	0.059000000000000004
2456184.61013	18.590999999999998	0.048
2456190.57719	18.51	0.042
2456195.5901200003	18.581	0.055
2456197.56312	18.554000000000002	0.065
2456203.52379	18.664	0.07200000000000001
2456205.56353	18.563	0.046
2456210.52185	18.547	0.055
2456217.5282099997	18.53	0.045
2456223.5553	18.598	0.087
2456339.86594	18.627	0.046
2456344.8626099997	18.593	0.043
2456349.85219	18.645	0.084
2456353.80174	18.66	0.062
2456361.81171	18.561	0.045
2456363.8448799998	18.625	0.049
2456369.7926	18.671	0.052000000000000005
2456371.78693	18.592	0.039
2456372.77966	18.660999999999998	0.051
2456373.91169	18.674	0.064
2456375.88074	18.565	0.040999999999999995
2456379.7667400003	18.574	0.053
2456380.90473	18.564	0.045
2456382.83624	18.683	0.057999999999999996
2456387.7645900003	18.553	0.039
2456388.89915	18.545	0.042
2456390.76067	18.529	0.045
2456393.74298	18.727	0.057999999999999996
2456395.76358	18.615	0.042
2456397.72627	18.639	0.043
2456398.91452	18.585	0.048
2456400.93173	18.55	0.098
2456402.86988	18.698	0.052000000000000005
2456404.80786	18.570999999999998	0.043
2456407.74152	18.535	0.055
2456409.8870099997	18.567	0.078
2456416.8311799997	18.622	0.042
2456418.6904599997	18.565	0.055
2456419.84245	18.604	0.052000000000000005
2456421.80945	18.534000000000002	0.043
2456423.83208	18.666	0.055
2456426.64439	18.637	0.046
2456428.82965	18.738	0.055999999999999994
2456431.9257400003	18.613	0.069
2456433.68478	18.559	0.052000000000000005
2456434.8711	18.604	0.051
2456436.6219900004	18.558	0.062
2456442.6677599996	18.625999999999998	0.046
2456444.81758	18.633	0.055999999999999994
2456445.9161900003	18.634	0.07200000000000001
2456446.82576	18.564	0.036000000000000004
2456447.87775	18.48	0.039
2456448.90723	18.569000000000003	0.065
2456450.55888	18.619	0.066
2456451.62543	18.721	0.061
2456452.68451	18.601	0.033
2456454.7969400003	18.676	0.049
2456456.66049	18.585	0.033
2456457.9021	18.566	0.055
2456459.58486	18.633	0.049
2456460.7790599996	18.567	0.048
2456462.65558	18.587	0.049
2456463.8003	18.579	0.049
2456464.8810799997	18.558	0.071
2456469.69011	18.655	0.066
2456472.8328	18.541	0.061
2456474.58347	18.594	0.051
2456475.67301	18.582	0.043
2456476.73261	18.587	0.046
2456477.8075200003	18.737000000000002	0.078
2456480.54947	18.613	0.062
2456481.6461099996	18.604	0.059000000000000004
2456485.5176	18.628	0.055
2456486.6754900003	18.547	0.045
2456487.7624	18.535999999999998	0.038
2456490.5534	18.63	0.048
2456491.72003	18.629	0.048
2456496.47685	18.596	0.092
2456498.50217	18.65	0.042
2456500.5430799997	18.526	0.064
2456504.71257	18.602	0.062
2456506.72769	18.617	0.062
2456509.5117200003	18.635	0.039
2456510.70093	18.624000000000002	0.046
2456514.6622	18.646	0.039
2456518.4934799997	18.583	0.045
2456525.51001	18.645	0.069
2456529.68184	18.596	0.091
2456533.59746	18.657	0.049
2456538.57173	18.554000000000002	0.045
2456543.6184900003	18.577	0.051
2456547.57161	18.96	0.212
2456558.62689	18.624000000000002	0.064
2456562.5962799997	18.503	0.040999999999999995
2456565.4991599997	18.436	0.055
2456568.59713	18.523	0.059000000000000004
2456571.5682200002	18.479	0.059000000000000004
2456579.4955	18.651	0.07400000000000001
2456583.5189799997	18.761	0.11
2456699.8483700003	18.598	0.064
2456706.84716	18.632	0.064
2456707.84582	18.633	0.079
2456710.8705	18.531	0.053
2456716.83095	18.589000000000002	0.049
2456718.90833	18.599	0.079
2456721.83742	18.599	0.051
2456723.87603	18.6	0.040999999999999995
2456725.88012	18.554000000000002	0.049
2456727.87751	18.602	0.035
2456729.85272	18.576	0.043
2456731.91239	18.672	0.092
2456733.87492	18.503	0.042
2456735.8048400003	18.505	0.071
2456736.91733	18.409000000000002	0.071
2456744.77449	18.633	0.055999999999999994
2456747.89963	18.579	0.039
2456750.85591	18.525	0.043
2456752.92247	18.581	0.052000000000000005
2456752.92643	18.533	0.055999999999999994
2456756.7472200003	18.592	0.039
2456758.75753	18.665	0.055
2456760.73343	18.555	0.049
2456761.90117	18.479	0.045
2456763.89264	18.577	0.049
2456765.80853	18.542	0.043
2456769.7396400003	18.587	0.043
2456770.84728	18.581	0.045
2456772.7724900004	18.594	0.043
2456773.92099	18.524	0.043
2456777.81299	18.457	0.040999999999999995
2456789.8958099997	18.522000000000002	0.051
2456791.63303	18.649	0.092
2456792.67869	18.548	0.065
2456797.83176	18.64	0.08800000000000001
2456803.6794	18.648	0.057999999999999996
2456807.73699	18.647000000000002	0.071
2456808.76273	18.535	0.042
2456809.79654	18.538	0.039
2456810.84728	18.504	0.043
2456811.86201	18.632	0.068
2456814.61935	18.542	0.061
2456815.69496	18.609	0.053
2456816.79708	18.648	0.055
2456824.56759	18.6	0.087
2456825.59618	18.633	0.055
2456828.71221	18.570999999999998	0.039
2456829.72001	18.567999999999998	0.052000000000000005
2456830.74283	18.555999999999997	0.038
2456831.8679	18.669	0.077
2456833.55918	18.522000000000002	0.078
2456834.5745200003	18.563	0.064
2456836.67735	18.59	0.055999999999999994
2456837.6927400003	18.545	0.042
2456838.68406	18.566	0.052000000000000005
2456839.70879	18.605999999999998	0.059000000000000004
2456840.75776	18.529	0.048
2456842.5104900002	18.616	0.087
2456844.5377700003	18.512999999999998	0.048
2456845.52687	18.576	0.046
2456847.52457	18.554000000000002	0.061
2456851.4747200003	18.643	0.091
2456852.528	18.500999999999998	0.081
2456855.59579	18.585	0.046
2456856.6446	18.565	0.039
2456857.68952	18.594	0.042
2456858.74895	18.57	0.046
2456862.70487	18.618	0.057999999999999996
2456863.77662	18.581	0.059000000000000004
2456870.51424	18.524	0.061
2456872.6510900003	18.567	0.046
2456879.56413	18.55	0.1
2456881.5114700003	18.63	0.075
2456882.7105900003	18.683	0.062
2456885.6548200003	18.65	0.051
2456887.5641400004	18.582	0.045
2456889.48013	18.523	0.052000000000000005
2456890.65642	18.627	0.048
2456895.61608	18.570999999999998	0.043
2456908.58863	18.574	0.055
2456919.4893900002	18.594	0.075
2456923.55199	18.621	0.079
2456926.5667	18.623	0.064
2456929.5947	18.567999999999998	0.07400000000000001
2456937.52102	18.508	0.064
2456941.53223	18.602999999999998	0.08900000000000001
2456951.49989	18.533	0.064
2457065.8716599997	18.659000000000002	0.075
2457070.87382	18.555999999999997	0.046
2457072.88121	18.517	0.046
2457076.87505	18.537	0.046
2457078.85069	18.572	0.062
2457080.86339	18.601	0.059000000000000004
2457082.89218	18.543	0.042
2457090.82208	18.503	0.064
2457092.82875	18.570999999999998	0.053
2457099.8994400003	18.512	0.040999999999999995
2457102.80365	18.586	0.064
2457110.74655	18.631	0.049
2457113.79874	18.468	0.046
2457115.80926	18.48	0.048
2457117.80083	18.518	0.045
2457125.7552900002	18.656	0.085
2457129.70842	18.669	0.062
2457132.75781	18.623	0.055999999999999994
2457134.85194	18.567999999999998	0.045
2457136.7214099998	18.53	0.046
2457137.85658	18.55	0.048
2457139.7162	18.570999999999998	0.061
2457140.83608	18.467	0.065
2457142.67223	18.476	0.043
2457143.77134	18.515	0.046
2457145.7393400003	18.575	0.069
2457146.77947	18.541	0.048
2457153.64402	18.575	0.057999999999999996
2457157.6978	18.574	0.040999999999999995
2457161.62843	18.516	0.051
2457162.6934700003	18.573	0.045
2457166.92093	18.459	0.055999999999999994
2457169.90344	18.602999999999998	0.055999999999999994
2457172.58112	18.504	0.078
2457173.59172	18.549	0.07400000000000001
2457174.61058	18.58	0.069
2457175.62126	18.578	0.071
2457178.8779700003	18.615	0.094
2457179.5794599997	18.714000000000002	0.087
2457180.57592	18.59	0.071
2457181.57106	18.58	0.053
2457182.58864	18.504	0.043
2457183.5998	18.637	0.052000000000000005
2457184.63552	18.573	0.052000000000000005
2457186.81787	18.531	0.061
2457187.8314	18.527	0.046
2457188.85475	18.667	0.094
2457191.67094	18.549	0.052000000000000005
2457194.61826	18.564	0.043
2457197.7209900003	18.686	0.055999999999999994
2457198.75644	18.552	0.052000000000000005
2457199.75843	18.537	0.046
2457200.73781	18.567	0.045
2457207.63368	18.508	0.051
2457209.7728	18.495	0.062
2457211.76244	18.529	0.048
2457214.74652	18.692999999999998	0.066
2457219.67771	18.523	0.042
2457220.7930900003	18.4	0.040999999999999995
2457222.4782	18.525	0.069
2457223.61957	18.562	0.055999999999999994
2457224.71947	18.521	0.055999999999999994
2457226.6206400003	18.515	0.042
2457227.6290700003	18.558	0.040999999999999995
2457228.6972	18.617	0.065
2457229.7392700003	18.5	0.064
2457235.5444	18.738	0.098
2457249.51113	18.558	0.061
2457252.5663400004	18.623	0.07400000000000001
2457255.53456	18.486	0.051
2457257.65938	18.544	0.055
2457261.6639099997	18.69	0.105
2457264.6137099997	18.575	0.061
2457267.61073	18.451	0.045
2457269.6282099998	18.53	0.042
2457271.64366	18.505	0.049
2457275.64059	18.385	0.07400000000000001
2457278.62953	18.577	0.065
2457293.59693	18.515	0.049
2457299.53632	18.543	0.062
2457311.5233	18.532	0.055
2457322.51551	18.39	0.078
2457425.88268	17.977	0.046
2457427.87286	18.03	0.046
2457428.86474	17.984	0.033
2457429.86795	18.044	0.042
2457431.8908599997	18.009	0.032
2457432.89235	17.949	0.053
2457433.8621099996	17.973	0.035
2457434.8606	17.929000000000002	0.036000000000000004
2457436.8431700002	17.956	0.042
2457438.8799099997	17.924	0.042
2457441.85837	17.864	0.033
2457443.86421	17.918	0.042
2457444.84358	17.88	0.033
2457445.8701299997	17.867	0.028999999999999998
2457447.88992	17.817999999999998	0.03
2457451.87772	17.809	0.040999999999999995
2457453.87183	17.74	0.019
2457456.8289400004	17.759	0.03
2457458.8478	17.692999999999998	0.025
2457461.84774	17.729	0.022000000000000002
2457463.89385	17.684	0.022000000000000002
2457470.85282	17.574	0.027999999999999997
2457472.7708900003	17.565	0.028999999999999998
2457474.79094	17.569000000000003	0.026000000000000002
2457484.77147	17.507	0.027999999999999997
2457485.8971599997	17.492	0.018000000000000002
2457487.7952099997	17.542	0.022000000000000002
2457488.91756	17.529	0.019
2457493.90302	17.657	0.02
2457494.90064	17.595	0.02
2457495.86862	17.673	0.026000000000000002
2457498.76351	17.708	0.028999999999999998
2457499.75602	17.737000000000002	0.027999999999999997
2457500.6981	17.756	0.035
2457509.83596	17.924	0.03
2457511.90863	17.909000000000002	0.026000000000000002
2457522.84284	18.052	0.046
2457526.72693	18.03	0.035
2457529.77226	18.057000000000002	0.055
2457534.74412	18.102999999999998	0.039
2457536.75421	18.114	0.032
2457545.89786	18.241	0.040999999999999995
2457546.92014	18.167	0.051
2457547.87163	18.2	0.040999999999999995
2457550.7637	18.177	0.035
2457554.7395599997	18.244	0.043
2457555.81275	18.15	0.033
2457557.7755	18.236	0.049
2457561.5970799997	18.225	0.048
2457562.57706	18.327	0.07200000000000001
2457566.78537	18.239	0.040999999999999995
2457567.72841	18.313	0.039
2457568.7241599998	18.217	0.040999999999999995
2457569.7442900003	18.317	0.045
2457573.6107799998	18.302	0.039
2457582.67833	18.317	0.048
2457589.60453	18.415	0.07400000000000001
2457591.51466	18.346	0.059000000000000004
2457599.47824	18.523	0.087
2457602.4786099996	18.37	0.057999999999999996
2457603.72625	18.469	0.048
2457605.65978	18.413	0.042
2457608.59273	18.441	0.038
2457610.6689400002	18.377	0.040999999999999995
2457616.58344	18.48	0.062
2457618.68868	18.509	0.07200000000000001
2457623.52676	18.402	0.040999999999999995
2457626.51875	18.439	0.042
2457632.59	18.452	0.042
2457637.52809	18.489	0.043
2457645.48754	18.430999999999997	0.084
2457651.5923099997	18.485	0.053
2457657.53416	18.465999999999998	0.055
2457660.52945	18.412	0.055999999999999994
