2455377.5531599997	16.335	0.01
2455379.6212	16.34	0.009000000000000001
2455381.71861	16.331	0.012
2455385.52713	16.335	0.009000000000000001
2455385.6266099997	16.320999999999998	0.009000000000000001
2455385.72896	16.332	0.009000000000000001
2455386.8015900003	16.323	0.009000000000000001
2455390.5707799997	16.327	0.01
2455393.7220099997	16.331	0.012
2455402.65839	16.320999999999998	0.013000000000000001
2455403.7453799997	16.335	0.012
2455407.68246	16.338	0.012
2455411.50635	16.333	0.009000000000000001
2455418.5402	16.331	0.009000000000000001
2455430.49363	16.315	0.012
2455435.6881	16.333	0.01
2455444.61237	16.319000000000003	0.012
2455450.52302	16.325	0.01
2455458.55293	16.322	0.013000000000000001
2455461.56098	16.313	0.013000000000000001
2455468.56138	16.336	0.012
2455476.53925	16.314	0.01
2455483.5183	16.337	0.021
2455486.50574	16.312	0.013000000000000001
2455601.8560200003	16.334	0.01
2455604.85731	16.328	0.012
2455605.85344	16.34	0.009000000000000001
2455606.85261	16.324	0.01
2455607.85659	16.338	0.01
2455608.84516	16.314	0.012
2455611.8432299998	16.311	0.013000000000000001
2455612.85249	16.313	0.01
2455613.8605299997	16.346	0.012
2455615.84403	16.331	0.01
2455616.83815	16.317	0.012
2455621.8291599997	16.314	0.01
2455622.78471	16.325	0.01
2455624.7735099997	16.32	0.009000000000000001
2455626.83235	16.345	0.01
2455628.77305	16.331	0.012
2455629.76897	16.315	0.01
2455631.83384	16.313	0.01
2455632.8629900003	16.31	0.009000000000000001
2455633.7621299997	16.325	0.01
2455634.91376	16.332	0.013999999999999999
2455635.79315	16.342	0.012
2455637.77148	16.325	0.013000000000000001
2455638.9035	16.328	0.009000000000000001
2455639.77696	16.34	0.01
2455641.831	16.326	0.01
2455641.86917	16.32	0.009000000000000001
2455643.86204	16.316	0.009000000000000001
2455647.7494099997	16.329	0.009000000000000001
2455648.87385	16.313	0.009000000000000001
2455650.7907	16.328	0.009000000000000001
2455652.7999299997	16.314	0.008
2455654.8909	16.328	0.009000000000000001
2455656.86051	16.33	0.009000000000000001
2455658.8621400003	16.337	0.009000000000000001
2455659.9120099996	16.329	0.009000000000000001
2455662.83506	16.315	0.009000000000000001
2455664.91038	16.311	0.009000000000000001
2455667.91329	16.32	0.009000000000000001
2455670.78042	16.311	0.01
2455676.68979	16.319000000000003	0.006
2455677.91003	16.317999999999998	0.009000000000000001
2455680.8031	16.332	0.009000000000000001
2455682.69265	16.324	0.01
2455684.65826	16.329	0.009000000000000001
2455686.65927	16.308	0.01
2455687.8502700003	16.334	0.008
2455690.87195	16.315	0.012
2455692.77108	16.342	0.009000000000000001
2455693.87146	16.322	0.009000000000000001
2455695.63718	16.332	0.01
2455696.7593900003	16.323	0.009000000000000001
2455697.84634	16.31	0.009000000000000001
2455698.93035	16.320999999999998	0.016
2455702.58457	16.333	0.013000000000000001
2455702.76497	16.304000000000002	0.013999999999999999
2455706.74432	16.331	0.012
2455707.88516	16.334	0.012
2455709.6559099997	16.336	0.006
2455713.82263	16.331	0.009000000000000001
2455715.86484	16.308	0.01
2455721.76895	16.322	0.009000000000000001
2455723.58892	16.315	0.009000000000000001
2455724.7270299997	16.315	0.009000000000000001
2455726.6416700003	16.329	0.012
2455729.8166400003	16.329	0.027000000000000003
2455735.82358	16.322	0.009000000000000001
2455737.51195	16.326	0.01
2455738.6219599997	16.319000000000003	0.009000000000000001
2455739.7826900003	16.319000000000003	0.009000000000000001
2455740.8728400003	16.344	0.012
2455742.49688	16.317999999999998	0.012
2455743.63147	16.333	0.01
2455744.49086	16.342	0.013000000000000001
2455744.6301	16.312	0.009000000000000001
2455745.72895	16.337	0.01
2455747.61868	16.324	0.012
2455749.65737	16.316	0.01
2455753.50456	16.343	0.017
2455757.50878	16.319000000000003	0.016
2455760.4950200003	16.339000000000002	0.012
2455761.61981	16.301	0.008
2455762.71032	16.316	0.01
2455764.51423	16.328	0.009000000000000001
2455765.6651	16.323	0.009000000000000001
2455767.48832	16.320999999999998	0.01
2455768.61987	16.334	0.009000000000000001
2455769.7573599997	16.329	0.01
2455777.4970299997	16.31	0.009000000000000001
2455779.68664	16.327	0.009000000000000001
2455784.4854	16.313	0.013000000000000001
2455784.61657	16.319000000000003	0.01
2455786.49601	16.345	0.013000000000000001
2455787.72402	16.329	0.012
2455790.63114	16.324	0.01
2455794.4807	16.349	0.013000000000000001
2455796.5702	16.327	0.01
2455802.56619	16.320999999999998	0.01
2455805.59853	16.311	0.009000000000000001
2455812.6363	16.326	0.013000000000000001
2455816.4819799997	16.327	0.01
2455818.5734200003	16.3	0.012
2455823.56383	16.320999999999998	0.01
2455824.57086	16.329	0.01
2455825.57492	16.329	0.01
2455826.55987	16.329	0.01
2455828.52636	16.327	0.009000000000000001
2455830.48851	16.317	0.009000000000000001
2455832.5183900003	16.323	0.009000000000000001
2455834.54062	16.323	0.009000000000000001
2455839.5298599997	16.332	0.01
2455841.5296099996	16.334	0.012
2455843.5210700002	16.323	0.012
2455845.53275	16.361	0.013999999999999999
2455851.49486	16.324	0.01
2455860.49987	16.339000000000002	0.013000000000000001
2455959.87874	16.319000000000003	0.012
2455962.87139	16.307000000000002	0.01
2455963.8906	16.316	0.012
2455964.88605	16.332	0.013000000000000001
2455968.89131	16.334	0.013999999999999999
2455979.82549	16.311	0.01
2455984.81369	16.322	0.01
2455987.80391	16.331	0.012
2455989.90073	16.320999999999998	0.01
2455992.84584	16.301	0.009000000000000001
2455994.91191	16.312	0.01
2455996.91482	16.313	0.01
2455999.7765599997	16.33	0.01
2456002.7683099997	16.322	0.01
2456002.88965	16.313	0.01
2456004.83946	16.326	0.009000000000000001
2456006.831	16.336	0.008
2456008.7656799997	16.317999999999998	0.009000000000000001
2456009.88827	16.323	0.008
2456011.80057	16.319000000000003	0.009000000000000001
2456013.75805	16.324	0.009000000000000001
2456014.87168	16.315	0.009000000000000001
2456016.77092	16.324	0.008
2456017.8810400004	16.32	0.008
2456019.7768099997	16.319000000000003	0.009000000000000001
2456020.8519	16.325	0.008
2456021.91668	16.316	0.009000000000000001
2456023.7494	16.326	0.009000000000000001
2456024.73263	16.320999999999998	0.01
2456025.7996	16.334	0.01
2456032.7529700003	16.319000000000003	0.009000000000000001
2456034.72492	16.32	0.008
2456037.71692	16.317	0.01
2456039.76148	16.322	0.01
2456041.80308	16.320999999999998	0.009000000000000001
2456048.7020099997	16.3	0.01
2456049.9046099996	16.328	0.009000000000000001
2456052.69699	16.313	0.01
2456053.83844	16.33	0.009000000000000001
2456057.6934700003	16.315	0.009000000000000001
2456057.8536099996	16.331	0.009000000000000001
2456058.83745	16.311	0.009000000000000001
2456059.83729	16.309	0.008
2456062.686	16.316	0.009000000000000001
2456063.9303099997	16.323	0.01
2456065.80443	16.311	0.009000000000000001
2456067.62536	16.316	0.009000000000000001
2456068.73174	16.323	0.008
2456069.89727	16.331	0.008
2456071.59058	16.308	0.009000000000000001
2456075.65117	16.331	0.008
2456076.7889400003	16.315	0.009000000000000001
2456078.6381	16.305999999999997	0.009000000000000001
2456079.70732	16.33	0.009000000000000001
2456080.75276	16.33	0.009000000000000001
2456081.79311	16.311	0.009000000000000001
2456085.56379	16.32	0.01
2456086.56044	16.334	0.009000000000000001
2456087.61772	16.334	0.009000000000000001
2456089.7952099997	16.327	0.009000000000000001
2456093.65872	16.338	0.009000000000000001
2456094.80502	16.317	0.009000000000000001
2456097.6684	16.312	0.009000000000000001
2456098.75232	16.335	0.009000000000000001
2456100.68815	16.316	0.009000000000000001
2456101.73127	16.329	0.009000000000000001
2456102.7697900003	16.326	0.009000000000000001
2456103.81853	16.332	0.009000000000000001
2456104.85947	16.335	0.009000000000000001
2456108.55922	16.323	0.01
2456113.5384	16.323	0.01
2456114.625	16.309	0.01
2456115.6694400003	16.317999999999998	0.009000000000000001
2456116.78672	16.316	0.009000000000000001
2456118.47357	16.315	0.01
2456119.5104400003	16.333	0.01
2456120.6309599997	16.329	0.009000000000000001
2456123.81099	16.31	0.009000000000000001
2456125.575	16.32	0.009000000000000001
2456126.7237	16.339000000000002	0.009000000000000001
2456128.76765	16.305999999999997	0.01
2456130.80138	16.320999999999998	0.01
2456133.56895	16.335	0.009000000000000001
2456135.54971	16.332	0.01
2456140.57111	16.339000000000002	0.012
2456141.69759	16.328	0.01
2456147.5817	16.320999999999998	0.009000000000000001
2456148.53749	16.317999999999998	0.008
2456150.68095	16.303	0.009000000000000001
2456151.57081	16.326	0.009000000000000001
2456153.69728	16.315	0.01
2456158.55485	16.33	0.009000000000000001
2456160.58013	16.324	0.009000000000000001
2456164.6572	16.337	0.012
2456167.55509	16.322	0.009000000000000001
2456168.58129	16.324	0.008
2456169.56954	16.326	0.009000000000000001
2456171.56424	16.307000000000002	0.009000000000000001
2456172.56043	16.32	0.009000000000000001
2456175.5479900003	16.320999999999998	0.009000000000000001
2456180.60464	16.33	0.012
2456183.57107	16.313	0.008
2456185.55686	16.327	0.008
2456186.55333	16.323	0.009000000000000001
2456195.52183	16.326	0.009000000000000001
2456197.48627	16.326	0.012
2456201.51659	16.314	0.013000000000000001
2456205.49304	16.298	0.009000000000000001
2456209.55511	16.337	0.012
2456212.52108	16.319000000000003	0.009000000000000001
2456216.53024	16.334	0.009000000000000001
2456221.53798	16.342	0.013000000000000001
2456226.5191	16.334	0.013000000000000001
2456348.84202	16.319000000000003	0.009000000000000001
2456352.82673	16.311	0.009000000000000001
2456358.86664	16.34	0.008
2456360.83801	16.333	0.008
2456362.8852	16.323	0.009000000000000001
2456368.8639700003	16.326	0.008
2456370.87762	16.316	0.008
2456373.84424	16.319000000000003	0.009000000000000001
2456375.7853599996	16.323	0.008
2456376.91713	16.333	0.009000000000000001
2456378.87065	16.295	0.008
2456380.80664	16.324	0.008
2456380.8302599997	16.314	0.008
2456382.77024	16.345	0.016
2456386.89612	16.317	0.01
2456388.78905	16.314	0.008
2456389.8826900003	16.317	0.009000000000000001
2456391.78538	16.348	0.01
2456394.82462	16.33	0.009000000000000001
2456396.81041	16.326	0.008
2456398.75653	16.324	0.008
2456400.73424	16.317999999999998	0.008
2456402.70982	16.32	0.009000000000000001
2456403.877	16.329	0.009000000000000001
2456406.82608	16.323	0.01
2456408.78645	16.323	0.01
2456416.648	16.314	0.009000000000000001
2456417.84446	16.316	0.01
2456419.67928	16.316	0.009000000000000001
2456420.78057	16.314	0.008
2456422.93623	16.332	0.013000000000000001
2456424.79422	16.304000000000002	0.008
2456428.6485599997	16.327	0.009000000000000001
2456431.7748	16.33	0.008
2456432.8801	16.338	0.009000000000000001
2456434.70161	16.308	0.009000000000000001
2456435.8353	16.323	0.009000000000000001
2456436.9081599996	16.334	0.01
2456441.8916700003	16.311	0.01
2456442.94529	16.324	0.017
2456445.73415	16.334	0.009000000000000001
2456446.6495	16.316	0.008
2456447.71373	16.328	0.008
2456448.75522	16.317999999999998	0.008
2456449.79905	16.324	0.009000000000000001
2456450.84541	16.313	0.009000000000000001
2456451.89786	16.327	0.01
2456454.62621	16.337	0.008
2456455.7902900004	16.354	0.008
2456457.74259	16.305	0.008
2456458.8160200003	16.315	0.008
2456459.87047	16.316	0.009000000000000001
2456461.7746099997	16.319000000000003	0.008
2456463.62262	16.34	0.009000000000000001
2456464.7298	16.319000000000003	0.01
2456469.50933	16.31	0.01
2456472.66063	16.309	0.009000000000000001
2456473.79431	16.332	0.009000000000000001
2456475.49031	16.333	0.01
2456476.55754	16.32	0.009000000000000001
2456477.63285	16.32	0.009000000000000001
2456479.65378	16.3	0.009000000000000001
2456481.47508	16.309	0.009000000000000001
2456484.47072	16.332	0.009000000000000001
2456486.49032	16.326	0.009000000000000001
2456487.57745	16.322	0.008
2456492.6666599996	16.3	0.01
2456498.77097	16.303	0.009000000000000001
2456501.6825099997	16.311	0.008
2456505.73802	16.317999999999998	0.009000000000000001
2456508.607	16.336	0.008
2456510.4922700003	16.311	0.008
2456511.76028	16.312	0.01
2456516.48332	16.314	0.009000000000000001
2456519.5866	16.32	0.009000000000000001
2456527.63277	16.317999999999998	0.01
2456532.58139	16.327	0.008
2456536.4966599997	16.327	0.009000000000000001
2456541.57645	16.312	0.008
2456545.6222200003	16.315	0.009000000000000001
2456555.6401400003	16.327	0.013000000000000001
2456561.5165	16.324	0.008
2456564.52841	16.317999999999998	0.009000000000000001
2456568.5235	16.336	0.01
2456570.5764599997	16.347	0.01
2456573.53308	16.322	0.009000000000000001
2456697.84853	16.323	0.009000000000000001
2456741.83075	16.320999999999998	0.008
2456741.9193599997	16.313	0.008
2456744.85477	16.320999999999998	0.008
2456746.75146	16.312	0.008
2456749.88525	16.317	0.008
2456752.76296	16.338	0.008
2456755.82815	16.33	0.008
2456756.71672	16.323	0.008
2456757.81707	16.325	0.009000000000000001
2456759.84449	16.32	0.006
2456761.77712	16.305999999999997	0.009000000000000001
2456763.75832	16.305	0.008
2456768.88387	16.31	0.009000000000000001
2456768.8859200003	16.304000000000002	0.008
2456770.73039	16.335	0.008
2456771.90335	16.316	0.008
2456773.79294	16.305999999999997	0.009000000000000001
2456775.71447	16.317999999999998	0.008
2456776.89154	16.313	0.008
2456784.84968	16.307000000000002	0.009000000000000001
2456785.83255	16.313	0.009000000000000001
2456786.86529	16.317999999999998	0.009000000000000001
2456789.75573	16.324	0.009000000000000001
2456790.8404599996	16.316	0.01
2456791.89709	16.339000000000002	0.012
2456796.60945	16.316	0.01
2456797.70723	16.32	0.009000000000000001
2456799.84612	16.323	0.012
2456803.93438	16.314	0.01
2456805.60874	16.323	0.01
2456806.90068	16.308	0.012
2456808.61688	16.315	0.01
2456809.65092	16.304000000000002	0.009000000000000001
2456810.69599	16.319000000000003	0.009000000000000001
2456811.7195900003	16.312	0.009000000000000001
2456813.8396799997	16.302	0.01
2456814.9213900003	16.32	0.012
2456816.6301	16.317999999999998	0.01
2456817.7389	16.314	0.009000000000000001
2456819.60846	16.322	0.013000000000000001
2456823.81904	16.315	0.01
2456824.86006	16.316	0.012
2456825.87803	16.327	0.01
2456827.5328	16.314	0.009000000000000001
2456828.57859	16.322	0.009000000000000001
2456829.5786200003	16.317999999999998	0.012
2456830.60066	16.326	0.01
2456831.74792	16.320999999999998	0.009000000000000001
2456832.7801200002	16.343	0.01
2456833.84148	16.333	0.012
2456834.84842	16.308	0.013000000000000001
2456836.53545	16.314	0.01
2456837.55528	16.315	0.009000000000000001
2456838.55148	16.324	0.01
2456839.56611	16.340999999999998	0.01
2456840.60985	16.329	0.012
2456841.7355299997	16.328	0.01
2456842.77935	16.33	0.01
2456844.8133900003	16.311	0.01
2456845.7939	16.315	0.009000000000000001
2456847.74326	16.31	0.01
2456851.74309	16.312	0.012
2456855.4732	16.333	0.01
2456856.50456	16.32	0.01
2456857.5465599997	16.32	0.009000000000000001
2456858.6280799997	16.305999999999997	0.008
2456862.5638	16.334	0.01
2456863.66407	16.307000000000002	0.009000000000000001
2456864.74576	16.316	0.01
2456871.63277	16.314	0.01
2456874.68157	16.333	0.012
2456878.56451	16.307000000000002	0.013000000000000001
2456880.64328	16.322	0.013000000000000001
2456882.58294	16.305999999999997	0.01
2456885.50734	16.305	0.01
2456886.67167	16.304000000000002	0.01
2456888.59075	16.326	0.009000000000000001
2456890.5313	16.323	0.01
2456891.69121	16.315	0.01
2456898.49122	16.324	0.01
2456907.6332	16.322	0.012
2456912.5869299998	16.31	0.01
2456918.4917200003	16.333	0.012
2456922.57362	16.317999999999998	0.01
2456925.58592	16.309	0.012
2456928.5773400003	16.326	0.012
2456932.55198	16.319000000000003	0.013999999999999999
2456938.5056	16.313	0.012
2456942.55309	16.313	0.012
2457063.86943	16.320999999999998	0.01
2457069.86076	16.331	0.009000000000000001
2457071.88506	16.319000000000003	0.009000000000000001
2457075.8862400004	16.32	0.01
2457077.87132	16.315	0.009000000000000001
2457079.81542	16.336	0.012
2457082.80761	16.317	0.01
2457083.87175	16.31	0.009000000000000001
2457086.80026	16.320999999999998	0.01
2457088.86193	16.319000000000003	0.009000000000000001
2457090.89642	16.308	0.009000000000000001
2457092.89485	16.308	0.009000000000000001
2457098.82695	16.317	0.009000000000000001
2457100.8190099997	16.314	0.009000000000000001
2457102.89832	16.320999999999998	0.009000000000000001
2457110.82058	16.311	0.008
2457112.7877	16.334	0.01
2457114.89704	16.319000000000003	0.008
2457116.89872	16.311	0.01
2457118.89872	16.301	0.009000000000000001
2457120.86908	16.295	0.009000000000000001
2457126.8029	16.322	0.008
2457130.73404	16.307000000000002	0.009000000000000001
2457131.89295	16.316	0.008
2457134.71315	16.314	0.009000000000000001
2457135.8717900002	16.309	0.008
2457137.7160099996	16.312	0.008
2457138.82999	16.314	0.009000000000000001
2457140.7019599997	16.316	0.01
2457141.8180299997	16.31	0.008
2457143.64535	16.317999999999998	0.01
2457144.7566400003	16.314	0.01
2457146.68111	16.324	0.01
2457147.70003	16.309	0.01
2457152.85096	16.307000000000002	0.009000000000000001
2457153.89837	16.301	0.009000000000000001
2457155.68513	16.313	0.009000000000000001
2457156.77696	16.305999999999997	0.008
2457158.71339	16.308	0.009000000000000001
2457159.75877	16.315	0.01
2457160.84773	16.31	0.008
2457161.92073	16.327	0.008
2457163.6286400002	16.317	0.01
2457164.7610299997	16.32	0.009000000000000001
2457166.83277	16.314	0.009000000000000001
2457169.80553	16.322	0.008
2457170.84235	16.3	0.009000000000000001
2457172.8891	16.3	0.01
2457173.91519	16.302	0.009000000000000001
2457174.9023700003	16.313	0.012
2457178.66137	16.303	0.009000000000000001
2457179.86625	16.302	0.01
2457180.86597	16.298	0.01
2457181.88227	16.3	0.01
2457182.90153	16.3	0.009000000000000001
2457183.90667	16.307000000000002	0.01
2457185.5538	16.317999999999998	0.01
2457186.61938	16.291	0.01
2457187.73777	16.301	0.009000000000000001
2457188.7557900003	16.297	0.009000000000000001
2457189.8384599998	16.28	0.009000000000000001
2457191.5808900003	16.309	0.012
2457194.52537	16.294	0.008
2457197.6202700003	16.29	0.009000000000000001
2457198.64462	16.282	0.009000000000000001
2457199.6485200003	16.281	0.008
2457200.6450799997	16.281	0.008
2457202.88185	16.285999999999998	0.013000000000000001
2457207.54615	16.272000000000002	0.009000000000000001
2457209.68539	16.276	0.009000000000000001
2457211.66557	16.268	0.009000000000000001
2457214.63501	16.246	0.008
2457219.5677900002	16.224	0.01
2457220.70025	16.212	0.008
2457221.72955	16.219	0.008
2457223.51985	16.207	0.01
2457224.5902299997	16.203	0.009000000000000001
2457226.5180099998	16.173	0.009000000000000001
2457227.5298599997	16.165	0.008
2457228.57634	16.175	0.008
2457229.65217	16.136	0.008
2457233.48672	16.094	0.01
2457250.62672	15.595999999999998	0.006
2457253.65513	15.421	0.006
2457256.6699900003	15.251	0.006
2457261.56919	15.064	0.005
2457264.52402	15.097999999999999	0.005
2457267.50759	15.245999999999999	0.006
2457269.50536	15.341	0.006
2457271.52213	15.470999999999998	0.008
2457275.54165	15.658	0.008
2457278.51445	15.785	0.009000000000000001
2457291.54937	16.121	0.012
2457294.57485	16.125	0.012
2457312.53108	16.250999999999998	0.012
2457437.88673	16.322	0.009000000000000001
2457440.8679	16.301	0.01
2457444.89993	16.308	0.01
2457447.82453	16.311	0.009000000000000001
2457451.8339299997	16.308	0.009000000000000001
2457452.91073	16.319000000000003	0.009000000000000001
2457455.86669	16.312	0.009000000000000001
2457457.89421	16.316	0.009000000000000001
2457460.8917099996	16.298	0.008
2457462.89608	16.314	0.008
2457465.85946	16.311	0.009000000000000001
2457470.7633599997	16.325	0.012
2457471.85224	16.325	0.009000000000000001
2457480.92039	16.305	0.013000000000000001
2457485.83903	16.303	0.009000000000000001
2457487.73337	16.317	0.009000000000000001
2457488.8582200003	16.303	0.008
2457491.86732	16.298	0.008
2457492.88361	16.305	0.008
2457493.87066	16.327	0.008
2457494.85738	16.303	0.008
2457495.8355400003	16.308	0.009000000000000001
2457498.7228099997	16.325	0.01
2457499.7250599996	16.311	0.01
2457499.92623	16.287	0.01
2457500.8681900003	16.317	0.01
2457508.65968	16.317999999999998	0.008
2457509.77666	16.307000000000002	0.009000000000000001
2457511.85168	16.316	0.009000000000000001
2457519.8185	16.325	0.01
2457526.66718	16.316	0.009000000000000001
2457528.9026200003	16.305999999999997	0.012
2457534.6863700002	16.326	0.009000000000000001
2457536.67886	16.326	0.009000000000000001
2457545.8401900004	16.308	0.009000000000000001
2457546.86414	16.319000000000003	0.01
2457547.53197	16.345	0.012
2457547.8152400004	16.314	0.009000000000000001
2457549.70737	16.312	0.008
2457550.6666099997	16.308	0.01
2457554.6274099997	16.312	0.009000000000000001
2457555.75577	16.324	0.009000000000000001
2457557.69729	16.32	0.01
2457560.77556	16.303	0.012
2457561.86183	16.313	0.012
2457562.5104099996	16.294	0.01
2457566.72846	16.307000000000002	0.009000000000000001
2457567.67077	16.315	0.009000000000000001
2457568.64407	16.31	0.009000000000000001
2457569.51242	16.325	0.01
2457569.68455	16.305999999999997	0.008
2457570.8498	16.354	0.012
2457573.6979099996	16.312	0.01
2457575.49081	16.312	0.012
2457575.8213	16.292	0.009000000000000001
2457576.46594	16.305	0.01
2457576.83054	16.325	0.01
2457582.69891	16.293	0.01
2457582.71178	16.316	0.009000000000000001
2457584.76098	16.303	0.01
2457589.76139	16.294	0.013999999999999999
2457590.81024	16.3	0.013999999999999999
2457593.74382	16.309	0.009000000000000001
2457599.49523	16.305999999999997	0.01
2457599.56324	16.307000000000002	0.01
2457599.64055	16.315	0.01
2457599.67015	16.32	0.01
2457600.50475	16.31	0.01
2457600.59851	16.325	0.01
2457600.72436	16.33	0.008
2457601.7258599997	16.308	0.009000000000000001
2457601.77066	16.3	0.01
2457603.50206	16.313	0.009000000000000001
2457604.52533	16.329	0.01
2457605.54658	16.313	0.009000000000000001
2457607.49178	16.299	0.009000000000000001
2457608.62429	16.308	0.008
2457609.7269099997	16.293	0.009000000000000001
2457612.4857	16.299	0.012
2457616.53493	16.319000000000003	0.009000000000000001
2457617.6807	16.313	0.01
2457621.4780200003	16.311	0.01
2457622.67158	16.316	0.009000000000000001
2457624.57577	16.324	0.009000000000000001
2457626.5698599997	16.307000000000002	0.009000000000000001
2457631.58811	16.31	0.009000000000000001
2457633.65735	16.31	0.01
2457637.4849099996	16.33	0.01
2457639.5937200002	16.305	0.009000000000000001
2457647.55262	16.299	0.01
2457650.59329	16.307000000000002	0.01
2457653.56231	16.319000000000003	0.009000000000000001
2457656.5329400003	16.307000000000002	0.01
2457662.53112	16.295	0.01
2457664.52789	16.322	0.012
2457798.86465	16.311	0.01
2457803.84457	16.316	0.013000000000000001
2457809.89151	16.308	0.009000000000000001
2457812.90579	16.297	0.01
2457816.86368	16.31	0.01
2457818.90653	16.317	0.01
2457821.86368	16.314	0.01
2457823.90405	16.311	0.009000000000000001
2457826.82052	16.31	0.01
2457828.83843	16.31	0.009000000000000001
2457830.88488	16.299	0.01
2457834.81539	16.305999999999997	0.009000000000000001
2457835.90791	16.304000000000002	0.01
2457837.81181	16.305	0.009000000000000001
2457838.8835299998	16.311	0.009000000000000001
2457840.75717	16.31	0.01
2457841.83069	16.314	0.01
2457842.87125	16.324	0.01
2457843.92214	16.305999999999997	0.01
2457845.75401	16.308	0.01
2457846.81699	16.315	0.009000000000000001
2457847.85298	16.309	0.009000000000000001
2457848.88309	16.309	0.009000000000000001
2457849.91347	16.3	0.009000000000000001
2457851.73049	16.291	0.01
2457852.8518	16.304000000000002	0.012
2457854.77669	16.291	0.009000000000000001
2457855.82276	16.314	0.01
2457856.84927	16.303	0.012
2457862.7297400003	16.315	0.01
2457863.80991	16.304000000000002	0.009000000000000001
2457864.78372	16.31	0.008
2457865.77785	16.3	0.009000000000000001
2457866.7993	16.293	0.009000000000000001
2457867.82848	16.304000000000002	0.008
2457868.91868	16.312	0.012
2457869.9188	16.296	0.009000000000000001
2457871.7033	16.308	0.009000000000000001
2457872.71237	16.305999999999997	0.009000000000000001
2457873.71479	16.305	0.009000000000000001
2457874.6903	16.308	0.009000000000000001
2457875.75725	16.303	0.009000000000000001
2457876.733	16.301	0.009000000000000001
2457877.7102200002	16.301	0.009000000000000001
2457878.74931	16.292	0.008
2457879.72333	16.31	0.012
2457880.7675099997	16.302	0.01
2457881.8652	16.304000000000002	0.01
2457882.8709400003	16.31	0.01
2457890.79108	16.325	0.013000000000000001
2457893.77228	16.305	0.01
2457894.6540900003	16.296	0.009000000000000001
2457894.90648	16.299	0.01
2457897.7114	16.314	0.01
2457901.8187	16.29	0.01
2457902.78507	16.309	0.009000000000000001
2457903.86179	16.305999999999997	0.01
2457904.77811	16.305	0.009000000000000001
2457905.63184	16.320999999999998	0.009000000000000001
2457905.88725	16.3	0.009000000000000001
2457906.78969	16.319000000000003	0.009000000000000001
2457907.67443	16.304000000000002	0.009000000000000001
2457908.62841	16.305	0.01
2457908.88302	16.304000000000002	0.01
2457909.75941	16.303	0.009000000000000001
2457910.5513400002	16.319000000000003	0.012
2457910.8014599998	16.317	0.009000000000000001
2457911.66781	16.308	0.01
2457916.6321	16.313	0.009000000000000001
2457916.84685	16.304000000000002	0.01
2457917.70017	16.311	0.01
2457918.5668	16.316	0.009000000000000001
2457922.64362	16.315	0.009000000000000001
2457923.67533	16.303	0.009000000000000001
2457924.50606	16.319000000000003	0.01
2457924.75393	16.298	0.009000000000000001
2457925.6509599998	16.311	0.009000000000000001
2457926.57321	16.320999999999998	0.01
2457928.65075	16.303	0.009000000000000001
2457932.69143	16.316	0.012
2457933.5568	16.314	0.012
2457934.49761	16.307000000000002	0.01
2457934.74325	16.313	0.009000000000000001
2457935.58539	16.304000000000002	0.009000000000000001
2457935.85457	16.305999999999997	0.009000000000000001
2457936.73603	16.320999999999998	0.01
2457937.5576400002	16.295	0.01
2457937.8151700003	16.309	0.012
2457944.48687	16.313	0.012
2457944.5905	16.305999999999997	0.01
2457944.7030700003	16.315	0.01
2457944.81445	16.343	0.016
2457945.6691400004	16.309	0.009000000000000001
2457946.5072	16.315	0.009000000000000001
2457946.77374	16.316	0.01
2457947.725	16.317	0.01
2457948.6003400004	16.315	0.009000000000000001
2457949.54731	16.319000000000003	0.012
2457949.54959	16.311	0.012
2457952.68487	16.319000000000003	0.009000000000000001
2457953.58731	16.31	0.009000000000000001
2457954.4827099997	16.325	0.009000000000000001
2457954.78017	16.304000000000002	0.009000000000000001
2457956.5964599997	16.31	0.009000000000000001
2457957.67066	16.308	0.01
2457958.69475	16.307000000000002	0.012
2457959.59228	16.329	0.009000000000000001
2457960.48069	16.317	0.01
2457960.75261	16.309	0.01
2457961.74083	16.307000000000002	0.009000000000000001
2457964.46801	16.322	0.013000000000000001
2457965.62406	16.303	0.009000000000000001
2457966.57521	16.313	0.01
2457967.6351799998	16.308	0.012
2457971.50424	16.32	0.012
2457971.59475	16.304000000000002	0.01
2457971.69671	16.305	0.01
2457972.53064	16.338	0.013999999999999999
2457972.6349	16.316	0.01
2457973.53431	16.291	0.013000000000000001
2457974.5247400003	16.304000000000002	0.01
2457975.48973	16.325	0.012
2457980.47173	16.326	0.013000000000000001
2457981.55334	16.32	0.009000000000000001
2457982.60044	16.316	0.01
2457983.65309	16.308	0.009000000000000001
2457985.53109	16.336	0.012
2457986.64191	16.308	0.009000000000000001
2457990.5041400003	16.311	0.009000000000000001
2457991.58262	16.309	0.012
2457992.64027	16.303	0.01
2457994.5200799997	16.302	0.012
2457998.52428	16.304000000000002	0.01
2457998.61806	16.314	0.012
2458000.5520099998	16.307000000000002	0.012
2458001.49084	16.312	0.01
2458002.5882200003	16.315	0.016
2458005.4734099996	16.313	0.017
2458010.5161099997	16.314	0.012
2458013.4804700003	16.312	0.01
2458015.5049900003	16.32	0.012
2458017.5630200002	16.317999999999998	0.01
2458020.5569	16.32	0.01
2458026.53082	16.299	0.01
2458032.55826	16.305999999999997	0.013000000000000001
