2455378.57053	19.135	0.069
2455380.60336	19.162	0.061
2455382.7511299998	19.061	0.08800000000000001
2455385.60008	19.115	0.054000000000000006
2455385.69063	19.122	0.057
2455385.7887	19.092	0.055
2455388.61161	19.17	0.061
2455391.73043	19.063	0.073
2455397.6435700003	19.149	0.107
2455404.78043	19.114	0.10099999999999999
2455408.76493	19.134	0.107
2455412.7657	18.958	0.092
2455422.5087599996	19.217	0.099
2455431.6527400003	19.180999999999997	0.126
2455433.63576	19.09	0.105
2455439.52948	19.172	0.105
2455446.6589	19.157	0.065
2455457.50826	19.186	0.076
2455460.53411	19.023	0.092
2455463.5975	19.133	0.092
2455464.55728	19.122	0.09699999999999999
2455472.53824	19.145	0.113
2455481.51072	18.928	0.11599999999999999
2455483.51249	19.317	0.239
2455489.54215	19.115	0.126
2455606.88139	19.13	0.078
2455612.88528	19.087	0.09
2455615.8941099998	19.159000000000002	0.084
2455621.86253	19.035	0.055
2455624.79011	19.119	0.078
2455626.88141	19.2	0.078
2455628.79507	19.059	0.08
2455629.87514	19.090999999999998	0.073
2455631.8505700002	19.128	0.076
2455633.80553	19.229	0.069
2455634.88195	19.162	0.073
2455637.79248	19.085	0.105
2455640.8935599998	19.203	0.086
2455643.74326	19.31	0.109
2455644.89372	19.160999999999998	0.14300000000000002
2455648.75167	19.153	0.08
2455649.8897700002	19.211	0.063
2455651.82612	19.159000000000002	0.065
2455654.78355	19.07	0.061
2455655.89493	19.032	0.061
2455657.9245700003	19.133	0.115
2455659.80663	19.148	0.071
2455660.92196	19.317999999999998	0.13
2455664.79101	19.083	0.08199999999999999
2455665.91569	19.15	0.067
2455669.7658700002	19.092	0.08
2455675.7247099997	19.182000000000002	0.08
2455676.9175400003	19.262999999999998	0.063
2455679.87371	19.069000000000003	0.063
2455681.74259	19.158	0.061
2455683.68763	19.169	0.065
2455684.92228	19.097	0.071
2455686.90588	19.101	0.08
2455689.81916	19.174	0.065
2455691.8286099997	19.160999999999998	0.086
2455693.63851	19.13	0.08800000000000001
2455694.75475	19.117	0.078
2455695.89377	19.158	0.067
2455697.63105	19.213	0.10300000000000001
2455698.7245099996	18.983	0.11800000000000001
2455705.7571799997	19.248	0.094
2455707.68805	19.139	0.07400000000000001
2455708.75712	19.127	0.094
2455712.76738	19.247	0.071
2455715.63582	19.157	0.069
2455716.81696	19.119	0.069
2455722.64818	19.105	0.067
2455723.80498	19.061	0.061
2455725.70148	19.158	0.069
2455734.83445	19.099	0.099
2455736.65279	19.061	0.05
2455737.74097	19.09	0.048
2455739.55813	19.022000000000002	0.067
2455740.6386599997	19.097	0.08
2455741.70774	19.137999999999998	0.065
2455742.72053	19.108	0.057
2455743.83355	19.156	0.08800000000000001
2455745.5043200003	19.06	0.09
2455746.68108	19.279	0.08
2455748.63474	19.076	0.063
2455752.5743	19.070999999999998	0.107
2455760.74021	19.271	0.08800000000000001
2455762.51614	19.258	0.08800000000000001
2455763.65057	19.24	0.071
2455764.73757	19.21	0.07400000000000001
2455766.56586	19.099	0.065
2455767.72846	19.152	0.084
2455769.50196	19.079	0.071
2455775.68507	19.157	0.086
2455778.49468	19.095	0.105
2455785.52391	19.175	0.11800000000000001
2455787.48083	19.249000000000002	0.094
2455788.69446	19.184	0.145
2455793.51918	19.21	0.07400000000000001
2455795.53166	18.952	0.076
2455801.5361599997	19.076	0.076
2455804.5991599998	19.025	0.069
2455807.61147	19.074	0.109
2455813.65495	18.982	0.067
2455817.5542599997	19.172	0.08800000000000001
2455819.63385	19.116	0.092
2455822.589	19.109	0.076
2455827.57994	19.265	0.115
2455829.54856	19.168	0.076
2455831.55882	19.03	0.07400000000000001
2455833.5671900003	19.124000000000002	0.078
2455840.57425	19.287	0.109
2455842.5495700003	19.176	0.122
2455844.55677	19.113	0.141
2455847.54788	19.261	0.21600000000000003
2455852.53883	19.346	0.166
2455857.53364	19.226	0.193
2455977.88355	19.209	0.07400000000000001
2455982.89523	19.1	0.065
2455986.80376	19.051	0.073
2455988.90092	19.17	0.08800000000000001
2455991.8446400003	19.169	0.061
2455994.78858	19.179000000000002	0.09699999999999999
2455996.81597	19.017	0.067
2455998.8243	19.028	0.071
2456003.87158	19.24	0.094
2456005.85706	19.201	0.063
2456007.83348	19.088	0.061
2456009.7568	19.163	0.067
2456010.8839	19.084	0.05
2456012.81658	19.125	0.055
2456014.74866	19.107	0.069
2456017.76004	19.117	0.055
2456018.8525900003	19.165	0.059000000000000004
2456020.7338	19.165	0.069
2456021.79312	19.090999999999998	0.071
2456022.87425	19.189	0.063
2456025.7047900003	19.158	0.124
2456031.78364	18.992	0.059000000000000004
2456033.72954	19.079	0.076
2456035.92542	19.333	0.09
2456038.72542	19.021	0.063
2456040.7947400003	19.122	0.063
2456047.72267	19.204	0.07400000000000001
2456048.93182	19.113	0.08
2456050.84913	18.927	0.073
2456052.91175	19.000999999999998	0.069
2456061.76529	19.136	0.061
2456062.90279	19.16	0.08199999999999999
2456064.91545	19.217	0.08199999999999999
2456066.76732	19.22	0.061
2456067.8429099997	19.122	0.054000000000000006
2456069.66815	19.121	0.069
2456070.73344	19.157	0.059000000000000004
2456071.81116	19.209	0.073
2456075.87885	19.156	0.063
2456077.77838	19.151	0.073
2456078.8621400003	19.081	0.059000000000000004
2456079.93473	19.059	0.08199999999999999
2456081.58187	19.269000000000002	0.128
2456082.65228	19.256	0.153
2456085.77605	19.309	0.10300000000000001
2456086.7842200003	19.256	0.076
2456088.6409	19.175	0.057
2456092.78444	19.173	0.061
2456094.58055	19.29	0.124
2456096.6933	19.19	0.076
2456097.89567	19.343	0.12
2456099.73965	19.245	0.128
2456101.51546	19.234	0.09
2456102.55547	19.21	0.115
2456103.57325	19.122	0.08199999999999999
2456104.65626	19.160999999999998	0.061
2456105.71052	19.160999999999998	0.071
2456108.78397	19.134	0.071
2456109.6682	19.061	0.128
2456113.73915	19.215	0.107
2456114.84094	19.059	0.113
2456116.56596	19.074	0.054000000000000006
2456117.65754	19.047	0.065
2456118.70998	19.192999999999998	0.065
2456121.4796	19.230999999999998	0.07400000000000001
2456123.6026	19.2	0.07400000000000001
2456124.7259400003	19.09	0.057
2456125.81756	19.059	0.07400000000000001
2456127.7414	18.915	0.065
2456132.54375	19.129	0.076
2456134.54014	19.250999999999998	0.109
2456136.4898900003	19.163	0.126
2456141.4837700003	19.090999999999998	0.10099999999999999
2456149.6079599997	19.114	0.078
2456152.4875	19.215999999999998	0.084
2456157.6647900003	19.125999999999998	0.078
2456159.52641	19.17	0.086
2456161.55912	19.248	0.09699999999999999
2456179.57415	19.342	0.13
2456182.48382	19.088	0.086
2456191.49098	19.1	0.109
2456196.53417	19.254	0.124
2456199.5222400003	19.189	0.11800000000000001
2456204.50841	19.165	0.08
2456211.49739	19.16	0.076
2456213.5520099998	19.096	0.084
2456218.5270700003	19.163	0.095
2456219.55706	19.173	0.086
2456340.8892099997	19.158	0.067
2456347.83172	19.281	0.086
2456350.8739	19.185	0.076
2456354.78541	19.352	0.11800000000000001
2456361.90515	19.203	0.08
2456367.8752900003	19.016	0.048
2456369.9037200003	19.136	0.061
2456371.88963	19.185	0.055
2456372.8816	19.164	0.061
2456374.85274	19.108	0.069
2456376.80059	19.14	0.071
2456378.7428	18.989	0.07400000000000001
2456381.83899	19.104	0.057
2456386.76448	19.029	0.063
2456389.79392	19.171	0.063
2456390.86002	19.083	0.057
2456393.80896	19.132	0.07400000000000001
2456397.7897799998	19.266	0.061
2456399.71438	19.145	0.067
2456401.74716	19.218	0.057
2456405.8516700002	19.09	0.055
2456415.71438	18.997	0.095
2456418.74042	19.202	0.067
2456428.88631	19.095	0.069
2456432.6545700002	19.165	0.08199999999999999
2456433.74799	19.17	0.08
2456434.93725	19.209	0.126
2456435.58465	18.957	0.109
2456436.67853	19.122	0.076
2456444.87175	18.992	0.067
2456446.90515	19.16	0.073
2456447.9317099997	19.116	0.071
2456449.5699	19.191	0.073
2456450.62005	19.222	0.069
2456451.67915	18.988	0.065
2456452.80922	19.160999999999998	0.048
2456454.8513700003	18.948	0.071
2456456.73697	19.090999999999998	0.046
2456458.58981	19.322	0.09
2456459.6398099996	19.230999999999998	0.065
2456460.89373	19.164	0.07400000000000001
2456462.80736	19.112000000000002	0.069
2456463.8545	19.054000000000002	0.071
2456468.5767200002	19.13	0.078
2456469.7461599996	19.147000000000002	0.078
2456473.56768	19.214000000000002	0.069
2456475.73668	19.096	0.061
2456478.54806	18.98	0.084
2456480.60549	19.090999999999998	0.076
2456485.57851	19.115	0.063
2456486.74156	19.032	0.055
2456487.82272	19.315	0.09699999999999999
2456490.6252599997	19.102	0.061
2456496.53075	19.172	0.10300000000000001
2456498.5616	19.121	0.057
2456505.4785599997	19.160999999999998	0.08
2456507.62928	19.049	0.076
2456509.58667	19.092	0.046
2456510.752	19.125999999999998	0.09699999999999999
2456514.7332900004	19.152	0.063
2456518.58197	19.119	0.055
2456523.55767	19.147000000000002	0.071
2456531.54002	19.252	0.073
2456534.51177	19.183	0.078
2456539.48358	19.14	0.07400000000000001
2456544.5236299997	19.505	0.122
2456559.55533	19.093	0.071
2456563.55152	19.055	0.086
2456569.56875	19.25	0.08
2456581.5255299998	19.315	0.11599999999999999
2456584.5268599996	19.04	0.11800000000000001
2456701.86215	19.012	0.065
2456708.8700200003	19.094	0.067
2456711.89273	19.124000000000002	0.078
2456717.83335	19.15	0.09
2456719.89825	19.095	0.067
2456722.8320400002	19.03	0.08
2456724.8541	19.029	0.067
2456726.84305	19.182000000000002	0.067
2456728.84795	19.264	0.059000000000000004
2456730.81813	19.104	0.09
2456732.87514	19.035999999999998	0.094
2456734.82831	19.259	0.08199999999999999
2456737.77822	19.129	0.07400000000000001
2456741.86614	18.916	0.07400000000000001
2456742.81483	19.107	0.054000000000000006
2456746.81565	19.164	0.065
2456748.85072	19.182000000000002	0.063
2456751.72639	19.139	0.086
2456751.74253	19.046	0.084
2456754.76358	19.215	0.084
2456756.7053099996	19.28	0.073
2456760.80868	19.077	0.059000000000000004
2456762.7538799997	19.079	0.071
2456764.7197	19.035999999999998	0.078
2456769.79998	19.083	0.057
2456770.9079299998	19.054000000000002	0.065
2456774.717	19.027	0.086
2456775.9315	19.066	0.071
2456777.91145	19.208	0.071
2456790.64052	19.098	0.10099999999999999
2456791.6937	19.142	0.10300000000000001
2456792.74415	19.116	0.08199999999999999
2456796.7971200002	19.08	0.069
2456797.8870900003	19.275	0.145
2456803.7434	19.09	0.05
2456804.7546900003	19.105	0.065
2456805.81666	19.14	0.078
2456807.7996099996	19.109	0.086
2456808.82273	19.112000000000002	0.061
2456809.87563	19.085	0.076
2456810.90736	19.06	0.08199999999999999
2456811.92013	19.067	0.11599999999999999
2456814.71196	19.178	0.061
2456815.78815	19.13	0.067
2456816.86204	19.273	0.11599999999999999
2456817.92708	18.998	0.094
2456819.77519	19.218	0.122
2456824.63268	19.248	0.11599999999999999
2456825.65542	19.069000000000003	0.071
2456826.6655900003	19.169	0.067
2456827.75731	19.098	0.059000000000000004
2456828.80345	19.175	0.069
2456829.7776200003	19.124000000000002	0.073
2456830.80223	19.136	0.065
2456833.6252900003	19.102999999999998	0.08
2456834.63232	19.101	0.084
2456835.70646	19.055	0.071
2456836.7398	19.037	0.084
2456837.75093	19.304000000000002	0.095
2456838.7513	19.067999999999998	0.073
2456839.76714	19.039	0.076
2456840.81562	19.225	0.11599999999999999
2456842.56698	19.098	0.08800000000000001
2456844.59571	19.105	0.061
2456845.58413	19.194000000000003	0.07400000000000001
2456847.5757	19.116	0.08800000000000001
2456851.53966	19.153	0.099
2456852.46438	19.014	0.13699999999999998
2456852.6011900003	19.097	0.092
2456855.678	19.090999999999998	0.061
2456856.70296	19.096	0.065
2456857.7536400002	19.180999999999997	0.073
2456859.5764200003	19.183	0.084
2456862.76401	19.174	0.08800000000000001
2456864.52072	19.121	0.084
2456870.5847400003	19.178	0.076
2456872.734	19.076	0.08800000000000001
2456879.6502400003	19.033	0.10099999999999999
2456881.60303	19.092	0.094
2456883.51244	19.125	0.069
2456885.71708	19.042	0.086
2456887.62679	19.182000000000002	0.063
2456889.5613	19.167	0.063
2456890.71089	19.247	0.08800000000000001
2456895.67948	19.029	0.067
2456909.52942	19.146	0.126
2456919.56324	19.155	0.076
2456924.51656	19.004	0.099
2456927.5139599997	19.116	0.12
2456930.54222	19.137	0.153
2456932.55084	19.035999999999998	0.151
2456938.56479	19.204	0.13699999999999998
2456943.54489	19.177	0.126
2457066.86475	19.082	0.095
2457070.8993	19.247	0.139
2457074.85976	18.967	0.076
2457075.83561	19.075	0.08800000000000001
2457076.9015200003	19.194000000000003	0.14300000000000002
2457078.8760900004	19.128	0.059000000000000004
2457080.89831	19.117	0.08
2457083.80943	19.131	0.084
2457084.80265	18.982	0.111
2457086.8791900002	19.067	0.067
2457089.79012	19.011	0.07400000000000001
2457091.82125	19.151	0.08199999999999999
2457098.89538	19.089000000000002	0.057
2457100.87813	19.268	0.067
2457108.8287299997	19.202	0.099
2457109.77673	19.137999999999998	0.071
2457110.90161	19.129	0.055
2457112.86584	19.12	0.076
2457113.86908	19.119	0.052000000000000005
2457115.86737	19.131	0.061
2457116.88256	19.044	0.07400000000000001
2457117.86925	19.226	0.069
2457119.91237	19.105999999999998	0.084
2457120.84509	19.274	0.092
2457125.75368	19.012	0.094
2457129.76771	19.07	0.061
2457130.92788	19.09	0.08800000000000001
2457131.78181	19.241	0.065
2457132.84306	19.075	0.057
2457134.9134400003	19.174	0.069
2457136.77923	19.113	0.065
2457137.91634	19.31	0.126
2457139.76883	19.217	0.071
2457140.89561	19.117	0.065
2457142.7302900003	19.11	0.061
2457143.84084	19.169	0.069
2457145.79881	19.188	0.094
2457146.83275	19.090999999999998	0.094
2457147.8541900003	19.18	0.107
2457153.70296	19.179000000000002	0.063
2457154.79248	19.119	0.063
2457155.8862099997	19.111	0.07400000000000001
2457157.81093	19.147000000000002	0.069
2457158.91169	18.986	0.076
2457160.63167	19.144000000000002	0.08800000000000001
2457161.70573	19.218	0.065
2457162.76094	19.129	0.07400000000000001
2457163.82657	19.084	0.065
2457165.62493	19.303	0.10300000000000001
2457168.79568	19.246	0.07400000000000001
2457170.59326	19.09	0.067
2457172.63934	19.3	0.099
2457173.6603	19.12	0.084
2457174.66916	19.141	0.09
2457175.68295	19.15	0.095
2457178.64554	19.143	0.078
2457179.6378	19.025	0.094
2457180.63305	18.949	0.08
2457181.62869	19.027	0.054000000000000006
2457182.64612	19.202	0.065
2457183.65818	19.022000000000002	0.069
2457184.6938400003	19.171	0.086
2457185.72381	19.22	0.095
2457186.87582	19.133	0.08800000000000001
2457187.88885	19.145	0.084
2457189.58793	19.144000000000002	0.07400000000000001
2457190.64503	19.127	0.069
2457191.8259799997	19.282	0.095
2457194.70239	19.113	0.055
2457197.78932	19.169	0.078
2457198.8156	19.207	0.124
2457199.8157599997	19.257	0.067
2457200.8007900002	19.246	0.086
2457206.67935	19.147000000000002	0.107
2457207.6958	19.21	0.092
2457209.83068	19.358	0.157
2457211.82084	19.192999999999998	0.10099999999999999
2457217.57139	19.116	0.08
2457219.736	19.16	0.073
2457221.48893	19.097	0.09
2457222.54439	19.109	0.08
2457223.68765	19.217	0.08
2457224.77757	19.223	0.09
2457226.68857	19.159000000000002	0.063
2457227.6995	19.121	0.067
2457228.75696	19.084	0.059000000000000004
2457229.79623	19.145	0.078
2457235.68711	19.154	0.115
2457249.58882	19.142	0.078
2457252.65352	19.206	0.073
2457255.60911	19.086	0.076
2457263.51714	19.204	0.08199999999999999
2457264.69639	19.1	0.09699999999999999
2457267.6866	19.118	0.099
2457269.67971	19.04	0.07400000000000001
2457272.5334099997	19.125	0.08800000000000001
2457277.48337	19.152	0.08199999999999999
2457281.5118400003	19.002	0.099
2457292.56683	19.311	0.191
2457295.53652	19.127	0.084
2457299.5826	19.275	0.11800000000000001
2457317.51536	19.179000000000002	0.115
2457435.85215	19.136	0.105
2457438.8335700002	19.124000000000002	0.095
2457441.82553	19.176	0.141
2457445.83596	19.087	0.08
2457447.86332	19.204	0.071
2457451.8738700002	19.174	0.08
2457453.83115	19.017	0.048
2457456.79483	19.098	0.086
2457458.80501	19.095	0.076
2457461.80468	19.072	0.057
2457463.83362	19.365	0.08800000000000001
2457465.90395	19.034000000000002	0.067
2457470.8097900003	19.398	0.10099999999999999
2457471.90831	19.14	0.08199999999999999
2457474.76298	19.283	0.10300000000000001
2457475.7952099997	19.113	0.11800000000000001
2457484.83458	19.082	0.07400000000000001
2457486.76849	19.147000000000002	0.078
2457489.90979	19.317	0.08199999999999999
2457492.73318	19.137	0.063
2457493.72568	19.327	0.095
2457494.71808	19.177	0.063
2457495.6923700003	19.115	0.086
2457495.91301	19.164	0.078
2457499.79908	19.076	0.067
2457500.74032	19.180999999999997	0.099
2457507.7606200003	19.090999999999998	0.063
2457509.90601	19.125999999999998	0.08
2457512.86083	19.211	0.063
2457522.9123299997	19.252	0.12
2457526.81475	19.203	0.084
2457529.88309	19.065	0.132
2457534.8133900003	19.215999999999998	0.069
2457536.81267	19.254	0.07400000000000001
2457546.62928	19.079	0.084
2457547.58984	19.399	0.126
2457548.68579	19.08	0.05
2457549.8541	19.123	0.078
2457550.83256	18.976	0.065
2457555.56883	19.171	0.09699999999999999
2457555.90278	19.162	0.09
2457557.8755900003	18.98	0.099
2457561.66232	19.316	0.139
2457562.65285	19.229	0.09
2457566.84322	19.033	0.12
2457567.78707	19.264	0.095
2457568.78603	19.277	0.105
2457569.8035	19.229	0.078
2457570.65068	19.057000000000002	0.055
2457575.6420400003	19.146	0.065
2457576.66406	19.113	0.059000000000000004
2457579.70057	19.244	0.07400000000000001
2457584.58226	19.250999999999998	0.109
2457589.57435	19.074	0.10099999999999999
2457590.5906	19.234	0.073
2457593.5715	19.107	0.059000000000000004
2457596.52172	19.127	0.05
2457600.55305	19.125999999999998	0.084
2457602.64422	19.239	0.084
2457604.6918599997	19.113	0.057
2457605.7329599997	19.277	0.084
2457607.70543	19.188	0.067
2457609.52386	19.143	0.092
2457617.50085	19.086	0.10300000000000001
2457618.6287	19.244	0.11800000000000001
2457621.70521	19.157	0.111
2457623.6326	19.111	0.063
2457625.58497	19.204	0.078
2457630.59595	19.057000000000002	0.067
2457632.60298	19.149	0.065
2457636.48401	19.386	0.128
2457638.5262	19.048	0.086
2457644.55766	19.237000000000002	0.162
2457648.62037	19.224	0.115
2457651.54125	19.205	0.08
2457653.60659	19.05	0.071
2457656.58653	19.156	0.105
2457659.5899900002	19.142	0.084
2457662.57521	19.174	0.099
2457664.57513	19.214000000000002	0.128
2457796.8779	19.089000000000002	0.07400000000000001
2457799.8507	18.921	0.10099999999999999
2457800.8909400003	18.975	0.08199999999999999
2457802.8821900003	18.913	0.10099999999999999
2457808.82892	18.804000000000002	0.063
2457808.84501	18.963	0.067
2457814.83542	18.897000000000002	0.057
2457817.80529	18.843	0.059000000000000004
2457819.83167	18.874000000000002	0.052000000000000005
2457821.86889	18.858	0.063
2457823.8796099997	18.783	0.055
2457826.78114	18.761	0.071
2457827.88934	18.764	0.054000000000000006
2457830.79585	18.598	0.084
2457835.8683599997	18.459	0.054000000000000006
2457837.8656200003	18.456	0.036000000000000004
2457839.87256	18.379	0.031
2457841.8704	18.305	0.048
2457843.82692	18.156	0.033
2457845.76133	18.072	0.033
2457846.9183400003	18.051	0.031
2457848.84871	17.848	0.023
2457850.7662299997	17.729	0.025
2457854.82419	17.27	0.017
2457856.74559	16.955	0.019
2457858.86259	16.414	0.01
2457862.86416	15.19	0.005
2457865.76964	16.595	0.01
2457866.89951	16.867	0.012
2457868.84018	17.255	0.021
2457870.72816	17.448	0.016
2457871.88318	17.596	0.017
2457873.73759	17.783	0.021
2457874.82666	17.868	0.028999999999999998
2457876.72505	17.997	0.028999999999999998
2457877.8174	18.06	0.025
2457879.68436	18.081	0.034
2457880.835	18.188	0.042
2457882.78882	18.304000000000002	0.046
2457890.8569799997	18.563	0.055
2457893.9162	18.699	0.061
2457894.91397	18.625	0.048
2457901.66915	18.858	0.063
2457902.79258	18.817999999999998	0.054000000000000006
2457904.58872	18.84	0.08
2457904.9443599996	18.658	0.105
2457905.9272	18.835	0.078
2457906.8757	18.855999999999998	0.059000000000000004
2457908.62079	18.899	0.073
2457908.9380099997	18.86	0.094
2457909.88746	18.92	0.065
2457910.80904	18.877	0.057
2457911.67535	18.843	0.065
2457917.7083900003	19.043	0.07400000000000001
2457923.5893200003	18.982	0.07400000000000001
2457924.5578900003	18.961	0.061
2457925.5820299997	18.998	0.08
2457926.61655	18.816	0.061
2457932.62514	19.055	0.073
2457933.61606	19.099	0.071
2457934.62739	19.007	0.063
2457935.6501700003	19.015	0.059000000000000004
2457936.6242400003	19.05	0.061
2457937.61276	18.992	0.071
2457938.6417799997	18.963	0.09
2457944.75126	18.942999999999998	0.08199999999999999
2457945.66093	19.14	0.07400000000000001
2457946.60414	19.160999999999998	0.08
2457947.6366	19.115	0.078
2457948.66021	19.238	0.109
2457949.7058900003	19.119	0.113
2457949.70929	19.087	0.115
2457953.63375	19.063	0.063
2457954.65174	19.078	0.05
2457956.62628	19.037	0.057
2457958.59775	19.053	0.084
2457959.60067	19.062	0.057
2457960.64091	19.067	0.061
2457961.68505	19.075	0.061
2457964.6128	19.132	0.073
2457966.56319	19.035999999999998	0.08
2457971.50751	19.313	0.12
2457972.51959	19.235	0.16399999999999998
2457973.63634	19.182000000000002	0.105
2457974.7308900002	19.206	0.107
2457980.54936	18.975	0.08
2457982.49372	19.148	0.084
2457983.66388	19.096	0.063
2457985.62257	19.174	0.111
2457987.66493	19.127	0.065
2457991.64629	19.165	0.10300000000000001
2457993.60959	19.09	0.065
2457998.56507	19.272000000000002	0.09
2458001.5467	19.115	0.073
2458004.54895	19.041	0.08800000000000001
2458010.5518799997	19.133	0.07400000000000001
2458014.49992	19.183	0.08800000000000001
2458017.54058	19.162	0.076
2458021.5594	19.165	0.094
2458032.56636	19.242	0.136
2458048.50361	19.218	0.08199999999999999
