2455377.52538	17.305999999999997	0.02
2455379.593	17.314	0.018000000000000002
2455381.6932599996	17.297	0.02
2455386.77497	17.317	0.016
2455390.54541	17.329	0.021
2455393.69675	17.288	0.02
2455402.64549	17.312	0.027000000000000003
2455402.66134	17.332	0.027000000000000003
2455403.72005	17.289	0.02
2455407.65717	17.294	0.02
2455411.48085	17.319000000000003	0.016
2455416.67772	17.295	0.02
2455426.74021	17.319000000000003	0.027999999999999997
2455435.65996	17.312	0.019
2455444.57799	17.312	0.018000000000000002
2455450.4978099996	17.317	0.021
2455458.51097	17.316	0.023
2455461.53381	17.344	0.033
2455467.5830200003	17.31	0.019
2455476.5010900004	17.317999999999998	0.02
2455483.52616	17.482	0.053
2455485.53186	17.320999999999998	0.027000000000000003
2455497.5041900002	17.3	0.027999999999999997
2455601.85311	17.301	0.02
2455604.85442	17.284000000000002	0.023
2455605.85054	17.279	0.019
2455606.8497200003	17.298	0.019
2455607.85367	17.276	0.018000000000000002
2455608.84225	17.28	0.023
2455611.8403	17.274	0.027000000000000003
2455612.84956	17.305	0.02
2455613.8568599997	17.302	0.027000000000000003
2455615.84112	17.281	0.019
2455616.83523	17.338	0.027000000000000003
2455621.82625	17.319000000000003	0.02
2455622.7818	17.298	0.02
2455624.77062	17.357	0.021
2455626.82944	17.296	0.019
2455628.77014	17.291	0.023
2455629.76605	17.333	0.02
2455631.79223	17.312	0.024
2455632.86009	17.285	0.018000000000000002
2455633.75923	17.302	0.018000000000000002
2455634.9108599997	17.312	0.027999999999999997
2455635.78934	17.284000000000002	0.021
2455637.76743	17.282	0.024
2455638.90009	17.282	0.018000000000000002
2455639.7645099997	17.289	0.02
2455641.81758	17.305999999999997	0.02
2455647.74613	17.294	0.018000000000000002
2455648.90539	17.309	0.019
2455653.8182200002	17.285999999999998	0.015
2455658.76455	17.285999999999998	0.019
2455662.8366799997	17.335	0.02
2455667.91491	17.331	0.015
2455675.7266700002	17.322	0.018000000000000002
2455679.81041	17.3	0.02
2455682.7987	17.31	0.019
2455686.72217	17.326	0.018000000000000002
2455691.85765	17.323	0.016
2455694.75666	17.281	0.019
2455697.59757	17.265	0.021
2455702.58158	17.297	0.028999999999999998
2455702.76199	17.387	0.042
2455706.76135	17.274	0.021
2455709.6025799997	17.338	0.018000000000000002
2455715.78281	17.326	0.016
2455722.73387	17.315	0.016
2455722.74716	17.323	0.018000000000000002
2455725.7311400003	17.314	0.016
2455729.7547400002	17.352	0.038
2455729.8136	17.41	0.049
2455734.83604	17.29	0.024
2455737.71605	17.315	0.015
2455740.55216	17.301	0.021
2455742.58336	17.324	0.018000000000000002
2455745.63169	17.31	0.016
2455748.62355	17.329	0.018000000000000002
2455753.7274	17.344	0.037000000000000005
2455757.50525	17.298	0.037000000000000005
2455760.48394	17.292	0.024
2455764.78883	17.287	0.02
2455768.71815	17.297	0.015
2455777.5485	17.313	0.016
2455784.48228	17.311	0.023
2455784.61345	17.309	0.019
2455785.6600900004	17.327	0.024
2455790.49165	17.317	0.02
2455794.60752	17.29	0.018000000000000002
2455802.55198	17.3	0.02
2455807.63983	17.316	0.023
2455813.59312	17.296	0.018000000000000002
2455818.58745	17.285	0.027000000000000003
2455823.59578	17.327	0.024
2455828.57823	17.311	0.02
2455833.51763	17.292	0.018000000000000002
2455840.53984	17.305	0.021
2455845.4944700003	17.285	0.024
2455852.5126400003	17.315	0.028999999999999998
2455956.87452	17.298	0.02
2455958.8790700003	17.320999999999998	0.023
2455959.86411	17.322	0.019
2455960.8741	17.28	0.015
2455961.85993	17.317	0.018000000000000002
2455962.8563099997	17.301	0.019
2455963.85087	17.304000000000002	0.027000000000000003
2455964.8607900003	17.338	0.024
2455965.86553	17.312	0.018000000000000002
2455966.8873900003	17.297	0.028999999999999998
2455967.87109	17.308	0.018000000000000002
2455968.8648	17.291	0.02
2455983.90191	17.320999999999998	0.016
2455989.86582	17.295	0.018000000000000002
2455994.87574	17.295	0.019
2455998.89218	17.297	0.016
2456002.76541	17.285999999999998	0.021
2456002.8867599997	17.375999999999998	0.021
2456006.8977900003	17.312	0.015
2456010.73724	17.324	0.02
2456013.81256	17.3	0.015
2456016.81443	17.336	0.015
2456019.82497	17.292	0.016
2456022.71844	17.313	0.021
2456024.8638299997	17.320999999999998	0.018000000000000002
2456032.83864	17.316	0.016
2456036.87023	17.305	0.013999999999999999
2456040.79671	17.316	0.019
2456047.93127	17.293	0.018000000000000002
2456050.87684	17.297	0.018000000000000002
2456053.92229	17.293	0.024
2456057.68985	17.315	0.016
2456057.8506400003	17.289	0.016
2456061.743	17.279	0.015
2456064.73258	17.285999999999998	0.013999999999999999
2456066.87858	17.31	0.016
2456068.93685	17.324	0.021
2456071.59212	17.271	0.016
2456076.61857	17.329	0.019
2456078.7678	17.317999999999998	0.015
2456080.727	17.327	0.018000000000000002
2456085.8691	17.268	0.023
2456088.65524	17.29	0.013999999999999999
2456093.73341	17.296	0.015
2456096.80644	17.295	0.018000000000000002
2456099.6480799997	17.258	0.02
2456101.75786	17.285999999999998	0.015
2456103.65144	17.277	0.015
2456105.5907	17.319000000000003	0.016
2456113.63289	17.3	0.021
2456115.57713	17.314	0.018000000000000002
2456117.5962	17.33	0.015
2456119.5399	17.363	0.018000000000000002
2456121.5436	17.312	0.015
2456124.6049200003	17.336	0.016
2456126.6813	17.29	0.018000000000000002
2456131.6671	17.309	0.015
2456131.73556	17.24	0.013999999999999999
2456135.55113	17.295	0.02
2456140.58751	17.298	0.024
2456147.53205	17.317	0.016
2456151.53107	17.312	0.02
2456157.69491	17.331	0.024
2456161.53373	17.299	0.019
2456167.61018	17.275	0.018000000000000002
2456168.65264	17.288	0.016
2456175.58773	17.311	0.019
2456182.55248	17.31	0.016
2456190.56457	17.279	0.018000000000000002
2456197.5641099997	17.311	0.021
2456205.5904099997	17.33	0.019
2456216.5076599997	17.309	0.02
2456345.856	17.31	0.015
2456353.8911	17.294	0.016
2456362.79965	17.27	0.016
2456370.80192	17.285	0.015
2456374.8942	17.305	0.016
2456378.81967	17.319000000000003	0.013999999999999999
2456381.8804	17.282	0.015
2456387.88766	17.3	0.02
2456390.86367	17.299	0.015
2456395.74335	17.316	0.015
2456398.73584	17.320999999999998	0.016
2456401.79085	17.331	0.015
2456404.76122	17.331	0.016
2456408.74883	17.33	0.027999999999999997
2456417.6699599996	17.278	0.018000000000000002
2456419.76697	17.304000000000002	0.016
2456422.77983	17.292	0.015
2456426.70678	17.296	0.013000000000000001
2456431.8196	17.303	0.016
2456433.8804	17.334	0.015
2456436.6373400004	17.285999999999998	0.018000000000000002
2456441.9067	17.26	0.027999999999999997
2456445.58433	17.326	0.02
2456447.5995400003	17.277	0.016
2456448.90897	17.261	0.021
2456450.84705	17.291	0.016
2456452.8533	17.326	0.013999999999999999
2456456.62156	17.276	0.013000000000000001
2456458.77668	17.298	0.013999999999999999
2456460.87202	17.298	0.016
2456463.65148	17.325	0.019
2456468.70118	17.278	0.02
2456472.83432	17.25	0.021
2456473.65175	17.301	0.013999999999999999
2456475.59387	17.302	0.016
2456477.58014	17.312	0.015
2456480.60704	17.278	0.016
2456484.5268	17.275	0.018000000000000002
2456487.51939	17.305	0.016
2456490.6269900003	17.295	0.015
2456498.64033	17.31	0.015
2456504.69945	17.325	0.016
2456508.57473	17.323	0.016
2456511.49545	17.317999999999998	0.018000000000000002
2456516.62272	17.325	0.013999999999999999
2456523.7038	17.271	0.025
2456531.587	17.317999999999998	0.016
2456545.56092	17.281	0.015
2456559.5162	17.326	0.02
2456565.54446	17.297	0.018000000000000002
2456572.5476	17.307000000000002	0.019
2456741.82172	17.303	0.016
2456741.90912	17.301	0.013999999999999999
2456745.81	17.277	0.013999999999999999
2456749.84761	17.293	0.013999999999999999
2456752.70962	17.322	0.019
2456752.7276	17.305999999999997	0.016
2456754.7661900003	17.302	0.016
2456755.7956	17.315	0.016
2456756.7133299997	17.328	0.015
2456757.77515	17.298	0.015
2456759.80406	17.292	0.013999999999999999
2456761.74488	17.279	0.018000000000000002
2456763.72583	17.303	0.018000000000000002
2456764.8961	17.294	0.016
2456768.8422	17.316	0.02
2456770.7014200003	17.287	0.013999999999999999
2456771.87373	17.302	0.013999999999999999
2456773.75207	17.255	0.021
2456775.6828799997	17.288	0.013999999999999999
2456776.85261	17.295	0.015
2456784.8114400003	17.312	0.016
2456785.7900799997	17.281	0.015
2456786.81015	17.272000000000002	0.015
2456786.8353	17.308	0.018000000000000002
2456789.7269200003	17.285	0.019
2456790.80762	17.305	0.02
2456791.86648	17.305999999999997	0.02
2456797.67733	17.315	0.02
2456799.79078	17.308	0.024
2456803.90912	17.325	0.016
2456804.9246400003	17.296	0.027000000000000003
2456806.87274	17.324	0.023
2456808.56299	17.304000000000002	0.021
2456809.6184799997	17.3	0.018000000000000002
2456810.66678	17.303	0.018000000000000002
2456811.6787400004	17.297	0.02
2456813.81035	17.302	0.018000000000000002
2456814.89114	17.294	0.021
2456816.59061	17.295	0.023
2456817.70445	17.271	0.016
2456819.5835700002	17.291	0.024
2456823.78812	17.322	0.021
2456824.82988	17.344	0.023
2456825.8423099997	17.297	0.024
2456826.87545	17.29	0.023
2456828.54894	17.295	0.016
2456829.54861	17.304000000000002	0.02
2456830.56975	17.291	0.018000000000000002
2456831.71778	17.311	0.015
2456832.75028	17.305999999999997	0.018000000000000002
2456833.81165	17.314	0.024
2456834.81751	17.283	0.025
2456836.49051	17.279	0.024
2456837.52614	17.305999999999997	0.019
2456838.5216599996	17.305999999999997	0.021
2456839.5342900003	17.320999999999998	0.023
2456840.58061	17.295	0.02
2456841.7072	17.311	0.018000000000000002
2456842.75019	17.312	0.019
2456844.78443	17.288	0.02
2456845.76448	17.299	0.018000000000000002
2456847.7182400003	17.279	0.023
2456851.7115700003	17.305	0.02
2456854.47456	17.315	0.019
2456856.47379	17.293	0.02
2456857.51693	17.317999999999998	0.018000000000000002
2456858.57662	17.295	0.015
2456859.77013	17.288	0.025
2456863.63419	17.301	0.016
2456864.70859	17.309	0.018000000000000002
2456871.57527	17.29	0.019
2456874.64401	17.317	0.018000000000000002
2456878.56135	17.281	0.025
2456880.60605	17.304000000000002	0.028999999999999998
2456882.55253	17.33	0.02
2456885.47742	17.3	0.019
2456886.64062	17.294	0.018000000000000002
2456888.56113	17.285999999999998	0.016
2456890.48006	17.277	0.018000000000000002
2456891.66114	17.285	0.02
2456896.6427700003	17.333	0.021
2456907.60366	17.331	0.023
2456912.55088	17.298	0.02
2456915.60978	17.287	0.025
2456922.5427599996	17.274	0.02
2456925.55636	17.309	0.021
2456928.54838	17.301	0.023
2456932.53169	17.32	0.028999999999999998
2456940.513	17.289	0.024
2457065.8738	17.308	0.02
2457072.85798	17.312	0.019
2457077.87447	17.32	0.02
2457081.87487	17.324	0.016
2457086.79534	17.334	0.021
2457089.85911	17.32	0.019
2457092.88395	17.299	0.016
2457097.8068	17.309	0.015
2457100.7611700003	17.276	0.018000000000000002
2457109.90043	17.313	0.015
2457112.80577	17.317	0.019
2457114.86602	17.312	0.016
2457116.85717	17.293	0.019
2457118.8664599997	17.317	0.016
2457120.8424400003	17.307000000000002	0.021
2457126.76815	17.317	0.016
2457130.70535	17.317	0.019
2457131.8612599997	17.305	0.015
2457134.67914	17.285	0.019
2457135.82725	17.311	0.013999999999999999
2457137.68677	17.309	0.015
2457138.7907	17.271	0.015
2457140.6769	17.292	0.018000000000000002
2457141.77885	17.312	0.013999999999999999
2457142.91558	17.305999999999997	0.016
2457144.71869	17.294	0.021
2457146.65569	17.305999999999997	0.025
2457147.67477	17.29	0.025
2457152.82334	17.275	0.019
2457153.86776	17.299	0.016
2457155.6540099997	17.282	0.018000000000000002
2457156.72543	17.278	0.013999999999999999
2457158.68408	17.305	0.016
2457159.72884	17.307000000000002	0.019
2457160.81887	17.298	0.015
2457161.88916	17.34	0.018000000000000002
2457162.93869	17.294	0.024
2457164.72993	17.303	0.018000000000000002
2457166.80318	17.320999999999998	0.018000000000000002
2457169.7760099997	17.303	0.015
2457170.81012	17.279	0.016
2457172.86004	17.296	0.024
2457173.88554	17.296	0.02
2457174.8728400003	17.281	0.027999999999999997
2457178.65835	17.332	0.021
2457179.83688	17.314	0.023
2457180.83736	17.320999999999998	0.019
2457181.8500900003	17.329	0.023
2457182.8711200003	17.345	0.02
2457183.87516	17.319000000000003	0.02
2457184.9104299997	17.294	0.021
2457186.5901200003	17.275	0.018000000000000002
2457187.70723	17.255	0.016
2457188.7102200002	17.3	0.018000000000000002
2457189.80957	17.3	0.018000000000000002
2457190.8719599997	17.287	0.02
2457193.8396	17.305	0.016
2457197.58776	17.309	0.018000000000000002
2457198.61307	17.272000000000002	0.018000000000000002
2457199.61898	17.294	0.018000000000000002
2457200.61582	17.298	0.015
2457202.85329	17.32	0.031
2457207.51292	17.288	0.023
2457209.65806	17.248	0.019
2457211.6225799997	17.291	0.016
2457214.60004	17.267	0.015
2457219.5131200003	17.288	0.019
2457220.67061	17.275	0.013999999999999999
2457221.70021	17.299	0.016
2457222.7952799997	17.273	0.023
2457224.56108	17.29	0.015
2457226.48852	17.323	0.02
2457227.50092	17.29	0.024
2457228.54695	17.272000000000002	0.018000000000000002
2457229.6189099997	17.291	0.015
2457233.4836	17.337	0.027000000000000003
2457236.5773	17.292	0.02
2457250.57628	17.317	0.015
2457253.62127	17.299	0.016
2457256.64058	17.3	0.021
2457261.54061	17.304000000000002	0.024
2457264.4818	17.304000000000002	0.021
2457266.5035200003	17.308	0.024
2457268.67506	17.291	0.019
2457270.66419	17.323	0.019
2457273.66642	17.271	0.02
2457278.4843900003	17.291	0.025
2457284.5893099997	17.327	0.019
2457296.5352	17.301	0.024
2457437.8261700002	17.278	0.016
2457440.83764	17.273	0.018000000000000002
2457444.88715	17.27	0.018000000000000002
2457447.8036599997	17.294	0.02
2457451.82797	17.261	0.016
2457452.8963099997	17.277	0.013999999999999999
2457455.85226	17.245	0.018000000000000002
2457457.8797	17.246	0.018000000000000002
2457460.87697	17.262999999999998	0.016
2457462.88085	17.283	0.015
2457465.8357	17.245	0.018000000000000002
2457467.91426	17.26	0.018000000000000002
2457471.8355799997	17.249000000000002	0.019
2457473.75456	17.233	0.021
2457474.92074	17.248	0.025
2457480.9076799997	17.226	0.024
2457485.8190900004	17.215999999999998	0.016
2457487.71941	17.204	0.018000000000000002
2457488.84395	17.215999999999998	0.015
2457491.84329	17.203	0.013999999999999999
2457492.87015	17.219	0.013999999999999999
2457493.8574200002	17.207	0.013000000000000001
2457494.84415	17.180999999999997	0.013999999999999999
2457495.81387	17.19	0.016
2457498.71986	17.195999999999998	0.018000000000000002
2457499.71237	17.18	0.019
2457499.91377	17.192	0.016
2457500.85489	17.152	0.019
2457507.92939	17.164	0.016
2457509.76255	17.151	0.016
2457511.83703	17.112000000000002	0.013000000000000001
2457518.8757700003	17.12	0.018000000000000002
2457526.65272	17.03	0.015
2457528.88833	17.066	0.02
2457534.67246	16.97	0.013999999999999999
2457536.6647900003	16.979	0.013999999999999999
2457545.82625	16.895	0.013000000000000001
2457546.8500900003	16.883	0.015
2457547.80113	16.859	0.013000000000000001
2457549.6760299997	16.861	0.011000000000000001
2457550.6521900003	16.858	0.013000000000000001
2457554.6112599997	16.816	0.013999999999999999
2457555.74114	16.831	0.013000000000000001
2457560.76794	16.809	0.016
2457561.5068200002	16.765	0.018000000000000002
2457561.8452	16.784000000000002	0.016
2457562.5073700002	16.819000000000003	0.015
2457566.71292	16.76	0.013000000000000001
2457567.65514	16.777	0.011000000000000001
2457568.62985	16.81	0.011000000000000001
2457569.50893	16.802	0.016
2457569.65785	16.797	0.011000000000000001
2457570.82331	16.8	0.015
2457573.66144	16.815	0.013000000000000001
2457575.7956	16.816	0.013000000000000001
2457576.80504	16.829	0.013999999999999999
2457577.46537	16.816	0.016
2457582.66255	16.847	0.013999999999999999
2457584.72452	16.855999999999998	0.015
2457589.72789	16.942	0.019
2457590.73737	16.923	0.015
2457593.71774	16.953	0.011000000000000001
2457599.49362	17.011	0.016
2457599.56165	17.002	0.018000000000000002
2457599.58372	17.008	0.015
2457599.66799	16.986	0.015
2457600.50315	17.018	0.018000000000000002
2457600.5969	16.995	0.016
2457600.72186	17.012999999999998	0.013999999999999999
2457601.72425	17.009	0.013999999999999999
2457601.7456900002	17.034000000000002	0.015
2457603.4769099997	17.033	0.013999999999999999
2457604.5004	17.06	0.013999999999999999
2457605.52134	17.065	0.013999999999999999
2457606.74444	17.081	0.02
2457608.59073	17.073	0.013000000000000001
2457609.69825	17.090999999999998	0.015
2457611.6678400002	17.102999999999998	0.016
2457616.50235	17.137999999999998	0.019
2457617.65125	17.153	0.019
2457619.54514	17.119	0.019
2457622.642	17.169	0.015
2457624.52721	17.153	0.015
2457626.5318400003	17.188	0.016
2457631.5581099996	17.205	0.013999999999999999
2457633.63005	17.187	0.019
2457636.63992	17.222	0.019
2457639.56305	17.234	0.018000000000000002
2457647.52208	17.206	0.024
2457650.49295	17.274	0.015
2457650.5783700002	17.238	0.018000000000000002
2457651.50826	17.26	0.019
2457652.49497	17.252	0.015
2457653.49489	17.276	0.016
2457653.5298599997	17.248	0.015
2457654.4995	17.281	0.02
2457655.4956400003	17.250999999999998	0.019
2457656.48692	17.273	0.02
2457656.49764	17.266	0.019
2457657.54353	17.253	0.018000000000000002
2457658.4980900004	17.237000000000002	0.018000000000000002
2457659.50025	17.296	0.02
2457660.49661	17.254	0.023
2457661.49819	17.285999999999998	0.023
2457662.49143	17.281	0.021
2457662.4983099997	17.283	0.021
2457664.48844	17.255	0.023
2457664.4969900004	17.283	0.023
2457665.50091	17.308	0.024
2457666.49918	17.234	0.024
2457667.49633	17.232	0.02
2457667.50378	17.229	0.02
2457671.48545	17.269000000000002	0.032
2457672.48638	17.271	0.023
2457673.4934099996	17.27	0.023
2457675.4898599996	17.275	0.025
2457681.49165	17.288	0.032
2457682.48929	17.283	0.031
2457683.4885	17.362000000000002	0.042
2457796.89073	17.304000000000002	0.021
2457799.8639	17.287	0.023
2457801.83989	17.265	0.027000000000000003
2457802.90133	17.259	0.037000000000000005
2457808.9004599997	17.297	0.025
2457811.85063	17.284000000000002	0.018000000000000002
2457814.88358	17.282	0.016
2457817.85096	17.281	0.016
2457819.86877	17.313	0.016
2457821.89899	17.29	0.019
2457824.81537	17.317	0.024
2457826.8114400003	17.33	0.02
2457828.79949	17.291	0.02
2457830.8213400003	17.314	0.025
2457834.90185	17.28	0.016
2457837.758	17.297	0.019
2457839.74918	17.3	0.016
2457841.76215	17.302	0.021
2457842.89575	17.292	0.018000000000000002
2457844.8545	17.256	0.019
2457846.80974	17.311	0.018000000000000002
2457848.74182	17.287	0.02
2457849.87308	17.293	0.013999999999999999
2457851.78442	17.308	0.023
2457854.69966	17.299	0.02
2457855.847	17.297	0.019
2457862.75312	17.302	0.024
2457864.92636	17.308	0.018000000000000002
2457866.76688	17.28	0.016
2457867.9020700003	17.288	0.016
2457869.8366	17.302	0.016
2457871.7431900003	17.266	0.015
2457872.8898	17.281	0.015
2457874.6982400003	17.285	0.019
2457875.9055	17.324	0.016
2457877.68748	17.301	0.019
2457878.85966	17.299	0.015
2457880.71366	17.289	0.023
2457881.9089	17.281	0.027000000000000003
2457890.69936	17.276	0.023
2457893.80676	17.304000000000002	0.018000000000000002
2457894.8051400003	17.29	0.016
2457897.73558	17.317	0.018000000000000002
2457902.6614	17.285	0.019
2457903.8297099997	17.287	0.021
2457904.83403	17.284000000000002	0.018000000000000002
2457905.8007	17.307000000000002	0.016
2457906.76546	17.283	0.016
2457907.7707700003	17.308	0.018000000000000002
2457908.8597	17.307000000000002	0.019
2457909.78276	17.289	0.019
2457910.68679	17.289	0.018000000000000002
2457911.5778	17.302	0.027999999999999997
2457916.62438	17.312	0.018000000000000002
2457917.59384	17.289	0.021
2457918.60426	17.315	0.021
2457922.69247	17.311	0.018000000000000002
2457923.8349599997	17.296	0.02
2457924.7923	17.277	0.018000000000000002
2457925.83295	17.305	0.019
2457928.594	17.316	0.019
2457934.52065	17.332	0.019
2457935.5206	17.283	0.018000000000000002
2457936.5133700003	17.303	0.019
2457937.50154	17.301	0.019
2457938.5249900003	17.301	0.025
2457944.63272	17.295	0.021
2457945.54918	17.305	0.019
2457946.46617	17.304000000000002	0.023
2457947.5259	17.3	0.02
2457948.52482	17.314	0.018000000000000002
2457949.5866	17.338	0.021
2457953.49225	17.33	0.023
2457954.50912	17.298	0.016
2457956.49213	17.28	0.019
2457957.67936	17.303	0.019
2457959.49255	17.303	0.016
2457960.50422	17.322	0.018000000000000002
2457961.59119	17.296	0.016
2457963.6214	17.288	0.016
2457965.68888	17.293	0.018000000000000002
2457967.64578	17.308	0.023
2457971.6847099997	17.340999999999998	0.023
2457972.71526	17.292	0.025
2457974.61661	17.32	0.02
2457979.61263	17.312	0.016
2457981.6022099997	17.305999999999997	0.018000000000000002
2457983.5509900004	17.3	0.019
2457985.50485	17.281	0.023
2457987.54497	17.317999999999998	0.018000000000000002
2457991.5162	17.312	0.02
2457993.4980900004	17.305	0.02
2457994.65435	17.304000000000002	0.027000000000000003
2458000.59846	17.331	0.025
2458003.53712	17.299	0.027000000000000003
2458008.52126	17.309	0.02
2458013.48998	17.296	0.019
2458016.51493	17.293	0.021
2458020.5167099996	17.305999999999997	0.02
2458029.52813	17.285	0.027000000000000003
2458040.53326	17.334	0.025
