2455377.58303	16.926	0.019
2455379.65062	16.923	0.013000000000000001
2455381.74398	16.896	0.017
2455385.53758	16.9	0.013000000000000001
2455385.6404	16.917	0.013000000000000001
2455385.7393799997	16.930999999999997	0.013000000000000001
2455386.83072	16.922	0.015
2455390.6039	16.905	0.013999999999999999
2455393.75475	16.925	0.019
2455402.67053	16.942999999999998	0.02
2455403.77079	16.933	0.02
2455407.70895	16.921	0.015
2455411.5314599997	16.93	0.013000000000000001
2455418.57303	16.917	0.013000000000000001
2455430.5197400004	16.925	0.019
2455436.48193	16.95	0.016
2455444.63778	16.93	0.013999999999999999
2455450.54815	16.933	0.017
2455458.4854099997	16.906	0.016
2455461.50776	16.936	0.019
2455467.5112	16.924	0.013999999999999999
2455473.57655	16.930999999999997	0.016
2455483.5354299997	16.962	0.033
2455495.50476	16.925	0.016
2455602.85241	16.903	0.013999999999999999
2455604.86033	16.938	0.016
2455605.85646	16.93	0.013999999999999999
2455606.8561	16.927	0.013999999999999999
2455607.85963	16.94	0.015
2455608.8481900003	16.910999999999998	0.017
2455611.8462400003	16.973	0.021
2455612.85549	16.942999999999998	0.015
2455613.88657	16.937	0.02
2455615.84702	16.925	0.015
2455616.84115	16.942999999999998	0.017
2455621.8321599998	16.92	0.013999999999999999
2455622.78771	16.929000000000002	0.015
2455624.7765099998	16.934	0.013999999999999999
2455626.83536	16.926	0.016
2455628.77649	16.948	0.019
2455629.77197	16.906	0.016
2455631.83683	16.899	0.016
2455632.8659900003	16.926	0.013000000000000001
2455633.7651299997	16.937	0.013999999999999999
2455635.79709	16.949	0.017
2455637.77564	16.93	0.019
2455638.90649	16.942	0.013000000000000001
2455641.8325	16.941	0.013999999999999999
2455641.87067	16.930999999999997	0.013999999999999999
2455647.76135	16.938	0.013999999999999999
2455648.92136	16.964000000000002	0.025
2455653.8997400003	16.929000000000002	0.011000000000000001
2455658.78102	16.944000000000003	0.013999999999999999
2455662.84915	16.932000000000002	0.013999999999999999
2455667.92943	16.925	0.013999999999999999
2455675.73923	16.934	0.013999999999999999
2455679.82385	16.94	0.013000000000000001
2455682.82262	16.94	0.013999999999999999
2455686.7349099996	16.912	0.013999999999999999
2455691.87048	16.92	0.013000000000000001
2455694.7719	16.93	0.013999999999999999
2455697.62042	16.935	0.016
2455702.58864	16.95	0.019
2455702.76794	16.884	0.027000000000000003
2455706.7796099996	16.909000000000002	0.016
2455709.61722	16.94	0.013000000000000001
2455709.6299	16.914	0.013000000000000001
2455715.79702	16.941	0.013000000000000001
2455722.76998	16.921	0.013000000000000001
2455725.74394	16.930999999999997	0.013000000000000001
2455734.85299	16.897000000000002	0.017
2455737.73008	16.929000000000002	0.011000000000000001
2455740.56593	16.909000000000002	0.016
2455742.59608	16.929000000000002	0.013000000000000001
2455745.6444	16.930999999999997	0.013999999999999999
2455748.63622	16.937	0.013000000000000001
2455753.7587099997	16.909000000000002	0.021
2455759.8130900003	16.916	0.022000000000000002
2455760.49651	16.937	0.019
2455765.47468	16.938	0.013999999999999999
2455768.73115	16.915	0.011000000000000001
2455777.56344	16.922	0.013999999999999999
2455784.4884	16.939	0.023
2455784.6195799997	16.909000000000002	0.015
2455785.67336	16.945	0.017
2455790.5136599997	16.95	0.015
2455794.62053	16.938	0.015
2455802.5677099996	16.969	0.016
2455807.6524799997	16.926	0.017
2455813.6058900002	16.965	0.013999999999999999
2455818.60077	16.918	0.019
2455823.61045	16.916	0.017
2455828.59085	16.956	0.015
2455833.53038	16.922	0.013999999999999999
2455840.55883	16.9	0.015
2455845.50729	16.926	0.017
2455852.5259	16.942999999999998	0.022000000000000002
2455959.87573	16.912	0.015
2455962.86804	16.937	0.015
2455963.8876099996	16.929000000000002	0.015
2455964.88305	16.926	0.016
2455965.8903200002	16.94	0.016
2455968.88829	16.939	0.019
2455984.81029	16.908	0.013999999999999999
2455989.87841	16.927	0.013999999999999999
2455994.88987	16.917	0.013999999999999999
2455998.9045599997	16.957	0.011000000000000001
2456002.7713200003	16.892	0.016
2456002.89265	16.917	0.013999999999999999
2456006.9103099997	16.907	0.013000000000000001
2456010.75014	16.901	0.013000000000000001
2456013.8253599997	16.939	0.011000000000000001
2456016.82682	16.915	0.011000000000000001
2456019.83839	16.908	0.011000000000000001
2456022.73092	16.912	0.013000000000000001
2456024.88473	16.910999999999998	0.013000000000000001
2456032.85236	16.923	0.013000000000000001
2456036.88436	16.934	0.011000000000000001
2456040.80961	16.941	0.013999999999999999
2456048.6906	16.935	0.013000000000000001
2456050.8898	16.907	0.013000000000000001
2456057.69725	16.91	0.015
2456057.85658	16.923	0.013000000000000001
2456061.76711	16.892	0.011000000000000001
2456064.74549	16.934	0.011000000000000001
2456066.89129	16.902	0.013000000000000001
2456069.6094299997	16.932000000000002	0.013999999999999999
2456071.6063900003	16.924	0.013000000000000001
2456076.6312599997	16.95	0.013999999999999999
2456078.78062	16.907	0.011000000000000001
2456080.74029	16.917	0.013999999999999999
2456085.88175	16.909000000000002	0.016
2456088.6677599996	16.906	0.011000000000000001
2456093.77038	16.908	0.013000000000000001
2456096.8189	16.913	0.015
2456099.71843	16.92	0.016
2456101.7713099997	16.926	0.013000000000000001
2456103.67338	16.92	0.013000000000000001
2456105.6083400003	16.936	0.013000000000000001
2456113.64812	16.916	0.015
2456115.6019099997	16.923	0.013000000000000001
2456117.62003	16.922	0.011000000000000001
2456119.55243	16.914	0.013000000000000001
2456121.55618	16.912	0.01
2456124.6468700003	16.913	0.011000000000000001
2456126.69498	16.917	0.013000000000000001
2456131.6822900004	16.91	0.009000000000000001
2456131.75177	16.923	0.013000000000000001
2456135.56773	16.918	0.013999999999999999
2456140.613	16.945999999999998	0.02
2456147.5447400003	16.923	0.013000000000000001
2456151.5443	16.928	0.016
2456157.7080599996	16.883	0.016
2456161.54676	16.927	0.013000000000000001
2456167.62295	16.917	0.013999999999999999
2456168.66528	16.937	0.013999999999999999
2456175.60085	16.898	0.013999999999999999
2456182.572	16.928	0.013000000000000001
2456190.57829	16.928	0.013000000000000001
2456197.5778200002	16.914	0.015
2456209.55815	16.939	0.02
2456216.52061	16.92	0.015
2456345.87184	16.914	0.011000000000000001
2456353.90495	16.903	0.013999999999999999
2456362.87572	16.928	0.013000000000000001
2456370.8243299997	16.904	0.011000000000000001
2456374.90858	16.91	0.011000000000000001
2456378.83274	16.916	0.011000000000000001
2456381.8936400004	16.92	0.011000000000000001
2456387.90501	16.922	0.013999999999999999
2456390.87788	16.926	0.013000000000000001
2456395.76559	16.901	0.011000000000000001
2456398.75801	16.938	0.01
2456401.81255	16.910999999999998	0.011000000000000001
2456404.7738	16.92	0.011000000000000001
2456408.76132	16.949	0.017
2456417.68248	16.905	0.015
2456419.78038	16.908	0.013000000000000001
2456422.7964	16.932000000000002	0.013999999999999999
2456426.7390400004	16.899	0.01
2456431.8330599996	16.935	0.011000000000000001
2456434.5934900003	16.883	0.016
2456436.65095	16.902	0.013000000000000001
2456441.92217	16.891	0.019
2456445.60325	16.92	0.013000000000000001
2456447.61179	16.914	0.011000000000000001
2456448.91104	16.899	0.015
2456450.86515	16.908	0.013000000000000001
2456452.86722	16.921	0.011000000000000001
2456456.63508	16.915	0.009000000000000001
2456458.79069	16.916	0.011000000000000001
2456461.5457	16.912	0.013999999999999999
2456463.66544	16.906	0.013999999999999999
2456468.7162900004	16.952	0.015
2456472.84796	16.941	0.016
2456473.66613	16.92	0.01
2456475.61246	16.916	0.011000000000000001
2456477.59357	16.898	0.011000000000000001
2456480.62085	16.915	0.013000000000000001
2456484.54035	16.906	0.011000000000000001
2456487.53315	16.910999999999998	0.013000000000000001
2456490.64266	16.916	0.011000000000000001
2456492.7384900004	16.930999999999997	0.015
2456498.65498	16.906	0.011000000000000001
2456504.7138900002	16.904	0.013999999999999999
2456508.59077	16.912	0.013000000000000001
2456511.52622	16.919	0.013999999999999999
2456516.63925	16.913	0.013000000000000001
2456524.4939200003	16.945999999999998	0.013000000000000001
2456531.60305	16.915	0.013000000000000001
2456538.52044	16.915	0.011000000000000001
2456545.5780599997	16.933	0.011000000000000001
2456559.5433400003	16.910999999999998	0.011000000000000001
2456565.55812	16.930999999999997	0.013000000000000001
2456572.57057	16.902	0.015
2456741.83421	16.896	0.011000000000000001
2456742.7508400003	16.937	0.011000000000000001
2456748.86901	16.917	0.011000000000000001
2456752.83541	16.928	0.011000000000000001
2456757.71472	16.916	0.013999999999999999
2456760.7684	16.91	0.011000000000000001
2456763.76003	16.917	0.011000000000000001
2456768.76387	16.92	0.011000000000000001
2456768.77954	16.907	0.01
2456770.84989	16.924	0.011000000000000001
2456773.75369	16.892	0.017
2456776.68653	16.905	0.01
2456784.91466	16.933	0.013999999999999999
2456785.90538	16.917	0.013000000000000001
2456786.92901	16.926	0.013999999999999999
2456790.9399	16.882	0.02
2456792.8632799997	16.926	0.016
2456797.8762	16.922	0.017
2456804.5679599997	16.915	0.013999999999999999
2456805.84735	16.925	0.017
2456808.69591	16.914	0.013000000000000001
2456810.62071	16.916	0.013000000000000001
2456811.89333	16.906	0.017
2456814.92286	16.927	0.016
2456817.9158400004	16.918	0.017
2456819.62245	16.942999999999998	0.017
2456824.6527400003	16.912	0.015
2456826.5339099998	16.919	0.016
2456827.75886	16.926	0.013000000000000001
2456829.62351	16.912	0.013999999999999999
2456831.6348599996	16.917	0.011000000000000001
2456833.57667	16.941	0.015
2456834.83377	16.953	0.019
2456836.77093	16.926	0.015
2456838.61424	16.912	0.013999999999999999
2456840.46747	16.908	0.021
2456842.53828	16.922	0.017
2456844.81488	16.923	0.016
2456847.62865	16.925	0.013000000000000001
2456855.8015099997	16.923	0.013999999999999999
2456857.7384900004	16.93	0.013000000000000001
2456862.58954	16.922	0.013999999999999999
2456864.5946400003	16.925	0.013000000000000001
2456872.61927	16.942	0.013000000000000001
2456878.56754	16.918	0.021
2456881.73878	16.937	0.02
2456885.65595	16.924	0.013999999999999999
2456888.54717	16.93	0.011000000000000001
2456891.4816799997	16.928	0.015
2456900.50093	16.94	0.013000000000000001
2456912.6174	16.94	0.017
2456922.57513	16.932000000000002	0.015
2456927.54385	16.895	0.016
2456932.54292	16.930999999999997	0.02
2456940.5281	16.9	0.017
2457065.8863	16.912	0.016
2457072.8706799997	16.938	0.013000000000000001
2457077.8868400003	16.968	0.013999999999999999
2457081.89976	16.927	0.015
2457086.79674	16.921	0.016
2457089.87376	16.94	0.013999999999999999
2457092.89635	16.917	0.013000000000000001
2457097.82156	16.921	0.011000000000000001
2457100.80402	16.94	0.013000000000000001
2457109.91704	16.923	0.013000000000000001
2457112.83002	16.932000000000002	0.013000000000000001
2457114.79679	16.934	0.013999999999999999
2457117.83307	16.910999999999998	0.013000000000000001
2457120.8829099997	16.935	0.013000000000000001
2457129.8764400003	16.907	0.011000000000000001
2457132.75971	16.930999999999997	0.013000000000000001
2457135.82864	16.913	0.01
2457138.65495	16.912	0.017
2457140.75952	16.909000000000002	0.013000000000000001
2457142.85837	16.919	0.011000000000000001
2457145.893	16.91	0.013999999999999999
2457147.80216	16.905	0.015
2457153.86916	16.910999999999998	0.011000000000000001
2457155.9026200003	16.916	0.013000000000000001
2457158.75844	16.922	0.013000000000000001
2457160.72353	16.923	0.013000000000000001
2457162.69517	16.914	0.013000000000000001
2457164.73137	16.929000000000002	0.013000000000000001
2457169.5915200002	16.921	0.013999999999999999
2457170.87241	16.919	0.013000000000000001
2457173.81105	16.91	0.013999999999999999
2457175.6518599996	16.915	0.015
2457178.66437	16.913	0.013999999999999999
2457180.64922	16.92	0.015
2457181.89917	16.879	0.015
2457183.77127	16.910999999999998	0.013999999999999999
2457185.63014	16.896	0.013000000000000001
2457187.66786	16.902	0.011000000000000001
2457189.64488	16.901	0.013999999999999999
2457193.80688	16.901	0.011000000000000001
2457197.8384700003	16.89	0.015
2457199.7307599997	16.891	0.011000000000000001
2457206.73885	16.889	0.015
2457209.74543	16.904	0.013999999999999999
2457214.5041799997	16.88	0.015
2457219.69334	16.906	0.011000000000000001
2457221.6728	16.9	0.013000000000000001
2457223.65986	16.874000000000002	0.013000000000000001
2457226.50468	16.89	0.013999999999999999
2457227.7581	16.879	0.013999999999999999
2457229.74048	16.854	0.015
2457233.48971	16.848	0.017
2457249.53607	16.822	0.016
2457253.62288	16.81	0.011000000000000001
2457261.5677	16.831	0.019
2457265.54891	16.804000000000002	0.013000000000000001
2457269.5899099996	16.79	0.011000000000000001
2457273.63933	16.768	0.013999999999999999
2457281.52873	16.754	0.015
2457291.52085	16.703	0.017
2457296.5803400003	16.667	0.015
2457438.82419	16.79	0.013999999999999999
2457445.80663	16.794	0.013999999999999999
2457451.85896	16.827	0.013000000000000001
2457455.85517	16.838	0.011000000000000001
2457460.82255	16.831	0.011000000000000001
2457464.85067	16.838	0.01
2457470.84192	16.843	0.013999999999999999
2457474.77921	16.865	0.013999999999999999
2457480.86267	16.865	0.016
2457485.91503	16.883	0.011000000000000001
2457488.75195	16.889	0.013000000000000001
2457492.70592	16.871	0.015
2457494.7517	16.872	0.011000000000000001
2457497.92561	16.887	0.015
2457500.68595	16.894000000000002	0.015
2457508.66117	16.896	0.011000000000000001
2457509.9261	16.899	0.015
2457518.87792	16.925	0.015
2457526.84247	16.903	0.013999999999999999
2457534.6754400004	16.914	0.013999999999999999
2457536.8284299998	16.912	0.013999999999999999
2457546.82493	16.93	0.017
2457547.52889	16.922	0.017
2457547.90263	16.930999999999997	0.016
2457550.65369	16.925	0.013000000000000001
2457554.69421	16.892	0.013000000000000001
2457561.50835	16.897000000000002	0.019
2457562.56549	16.948	0.015
2457567.4889599998	16.894000000000002	0.017
2457567.55306	16.938	0.015
2457568.71306	16.915	0.013999999999999999
2457569.48922	16.89	0.017
2457573.71386	16.937	0.013999999999999999
2457575.4892700003	16.933	0.017
2457575.83387	16.926	0.015
2457576.4644	16.916	0.017
2457576.84303	16.92	0.016
2457577.46693	16.936	0.017
2457582.7343900003	16.949	0.015
2457584.77471	16.967	0.017
2457589.77428	16.935	0.019
2457591.4913	16.907	0.013000000000000001
2457593.75622	16.926	0.013000000000000001
2457599.49876	16.921	0.016
2457599.56624	16.908	0.013999999999999999
2457599.6608700003	16.925	0.013999999999999999
2457599.67555	16.925	0.013000000000000001
2457600.5077400003	16.941	0.016
2457600.6014900003	16.917	0.016
2457600.72921	16.887	0.013000000000000001
2457601.7288599997	16.916	0.013999999999999999
2457602.47672	16.927	0.016
2457603.52702	16.926	0.013000000000000001
2457604.5501900003	16.910999999999998	0.011000000000000001
2457605.58615	16.908	0.013999999999999999
2457607.5307400003	16.913	0.013999999999999999
2457608.6537200003	16.913	0.011000000000000001
2457610.4931	16.928	0.013999999999999999
2457612.51339	16.901	0.013999999999999999
2457616.5663400004	16.918	0.015
2457617.70977	16.942999999999998	0.02
2457621.5258	16.916	0.013999999999999999
2457622.69925	16.948	0.013999999999999999
2457624.60915	16.907	0.013000000000000001
2457626.62158	16.92	0.013999999999999999
2457631.61748	16.925	0.011000000000000001
2457634.53102	16.94	0.015
2457637.5260799997	16.934	0.013000000000000001
2457639.62308	16.923	0.013000000000000001
2457647.58214	16.912	0.015
2457650.49756	16.929000000000002	0.011000000000000001
2457651.51284	16.930999999999997	0.013000000000000001
2457652.5000400003	16.926	0.011000000000000001
2457652.60242	16.910999999999998	0.013000000000000001
2457653.4994900003	16.901	0.013000000000000001
2457654.5041099996	16.909000000000002	0.015
2457655.5008099996	16.932000000000002	0.013999999999999999
2457656.50262	16.93	0.015
2457657.54814	16.918	0.013000000000000001
2457658.50478	16.92	0.013999999999999999
2457659.5071900003	16.915	0.013999999999999999
2457660.50123	16.905	0.015
2457661.50281	16.899	0.015
2457662.50289	16.919	0.015
2457664.50159	16.905	0.017
2457664.5778799998	16.954	0.022000000000000002
2457665.50552	16.922	0.016
2457666.5038	16.945999999999998	0.016
2457667.50889	16.897000000000002	0.015
2457671.49005	16.952	0.02
2457672.49144	16.934	0.015
2457673.49798	16.913	0.016
2457675.4944599997	16.915	0.021
2457682.49386	16.935	0.019
2457683.49308	16.938	0.02
2457797.85561	16.924	0.017
2457799.86532	16.930999999999997	0.017
2457801.85378	16.93	0.017
2457803.83532	16.93	0.017
2457809.81676	16.922	0.015
2457811.86555	16.949	0.013999999999999999
2457814.89849	16.914	0.013000000000000001
2457817.8659599996	16.948	0.013000000000000001
2457819.8837	16.942	0.013000000000000001
2457822.8054400003	16.948	0.017
2457824.8313700003	16.945999999999998	0.016
2457826.82658	16.947	0.017
2457828.81428	16.953	0.015
2457830.8371900003	16.918	0.02
2457834.84636	16.924	0.013999999999999999
2457836.7785400003	16.934	0.016
2457837.8429	16.932000000000002	0.013000000000000001
2457838.91605	16.918	0.013999999999999999
2457840.7880599997	16.932000000000002	0.013999999999999999
2457841.86105	16.924	0.017
2457842.91327	16.934	0.013999999999999999
2457844.7451299997	16.934	0.013000000000000001
2457845.7940599998	16.953	0.013000000000000001
2457846.84724	16.921	0.013000000000000001
2457847.89317	16.932000000000002	0.013000000000000001
2457848.91579	16.93	0.013000000000000001
2457850.72821	16.922	0.015
2457851.76127	16.921	0.015
2457852.88349	16.906	0.015
2457854.81673	16.949	0.013999999999999999
2457855.85544	16.925	0.013999999999999999
2457856.89374	16.918	0.02
2457862.76063	16.939	0.016
2457863.85667	16.921	0.013000000000000001
2457864.82715	16.921	0.011000000000000001
2457865.82051	16.91	0.011000000000000001
2457866.8409700003	16.927	0.011000000000000001
2457867.86242	16.938	0.013000000000000001
2457869.6916	16.942	0.013000000000000001
2457870.7201900003	16.92	0.011000000000000001
2457871.73528	16.930999999999997	0.011000000000000001
2457872.7505099997	16.915	0.011000000000000001
2457873.74548	16.938	0.011000000000000001
2457874.72997	16.93	0.013999999999999999
2457875.82218	16.916	0.01
2457876.7756	16.934	0.013000000000000001
2457877.75151	16.92	0.011000000000000001
2457878.79134	16.924	0.013000000000000001
2457879.75371	16.919	0.016
2457880.8100400004	16.923	0.019
2457881.9011	16.901	0.019
2457882.90267	16.924	0.013999999999999999
2457890.84957	16.901	0.015
2457893.8150299997	16.939	0.015
2457894.6848299997	16.929000000000002	0.013000000000000001
2457894.9367299997	16.945	0.019
2457897.7450900003	16.933	0.013999999999999999
2457901.84884	16.95	0.013999999999999999
2457902.81543	16.926	0.015
2457903.89271	16.928	0.015
2457904.81092	16.95	0.013000000000000001
2457905.6628099997	16.939	0.013000000000000001
2457906.56432	16.938	0.015
2457906.82098	16.942999999999998	0.013000000000000001
2457907.70363	16.923	0.013000000000000001
2457908.6593299997	16.935	0.013999999999999999
2457908.9128400004	16.954	0.016
2457909.79045	16.94	0.013999999999999999
2457910.57666	16.949	0.02
2457910.83193	16.93	0.016
2457911.6979400003	16.925	0.015
2457916.66235	16.917	0.013999999999999999
2457916.8796	16.92	0.019
2457917.7344400003	16.934	0.013999999999999999
2457918.61249	16.939	0.016
2457922.68383	16.942	0.013000000000000001
2457923.71855	16.922	0.016
2457924.535	16.936	0.013999999999999999
2457924.7845400004	16.914	0.013000000000000001
2457925.69936	16.927	0.013000000000000001
2457926.6083299997	16.958	0.013999999999999999
2457932.72672	16.919	0.015
2457933.5927	16.941	0.015
2457934.52833	16.96	0.015
2457934.77402	16.936	0.015
2457935.6263200003	16.932000000000002	0.013000000000000001
2457936.50514	16.924	0.015
2457936.7767	16.935	0.015
2457937.58926	16.912	0.013999999999999999
2457938.51736	16.924	0.019
2457944.49981	16.934	0.016
2457944.60337	16.908	0.015
2457944.71548	16.927	0.015
2457945.46533	16.918	0.02
2457945.70082	16.936	0.013000000000000001
2457946.54831	16.937	0.013999999999999999
2457946.8053099997	16.935	0.015
2457947.75575	16.935	0.016
2457948.63449	16.910999999999998	0.013999999999999999
2457949.57211	16.921	0.016
2457952.7211599997	16.937	0.013999999999999999
2457953.62393	16.92	0.013999999999999999
2457954.51796	16.934	0.013000000000000001
2457955.71143	16.909000000000002	0.011000000000000001
2457956.6458	16.926	0.013000000000000001
2457957.70358	16.908	0.013999999999999999
2457958.72882	16.925	0.016
2457959.62689	16.910999999999998	0.013000000000000001
2457960.5134	16.927	0.013999999999999999
2457960.7844700003	16.903	0.015
2457962.48068	16.928	0.013000000000000001
2457964.54399	16.915	0.013999999999999999
2457965.64761	16.934	0.015
2457966.6108	16.930999999999997	0.016
2457967.66628	16.827	0.016
2457971.51716	16.908	0.016
2457971.6074900003	16.951	0.016
2457971.7096	16.936	0.023
2457972.64846	16.947	0.019
2457973.5704	16.921	0.021
2457974.55688	16.93	0.015
2457975.63752	16.914	0.016
2457980.51229	16.922	0.015
2457981.59462	16.933	0.013999999999999999
2457982.63119	16.934	0.015
2457984.50031	16.919	0.015
2457985.56832	16.918	0.019
2457987.47182	16.910999999999998	0.017
2457990.55549	16.928	0.013999999999999999
2457991.62275	16.927	0.016
2457993.4892700003	16.933	0.015
2457994.5507799997	16.906	0.022000000000000002
2457998.53673	16.955	0.016
2457998.63069	16.922	0.017
2458000.56487	16.916	0.017
2458001.5229700003	16.908	0.013999999999999999
2458003.4764099997	16.909000000000002	0.025
2458005.56733	16.95	0.02
2458010.55959	16.929000000000002	0.013999999999999999
2458013.52338	16.923	0.013999999999999999
2458015.54623	16.937	0.019
2458018.50025	16.945999999999998	0.013999999999999999
2458021.49906	16.933	0.017
2458026.5442	16.922	0.016
2458032.5277299997	16.916	0.019
2458035.54244	16.948	0.019
