2455377.53849	16.925	0.018000000000000002
2455379.607	16.937	0.015
2455381.70597	16.951	0.019
2455386.78767	16.941	0.013999999999999999
2455390.5580599997	16.932000000000002	0.015
2455393.70938	16.945999999999998	0.019
2455402.66286	16.94	0.021
2455403.7327799997	16.924	0.016
2455407.66985	16.957	0.019
2455411.49358	16.934	0.013999999999999999
2455416.69152	16.92	0.018000000000000002
2455430.48087	16.957	0.022000000000000002
2455435.6755	16.94	0.016
2455444.59546	16.934	0.016
2455450.5103599997	16.955	0.019
2455458.5399	16.939	0.022000000000000002
2455461.5473	16.951	0.025
2455468.5430400004	16.974	0.019
2455476.51433	16.968	0.021
2455483.5277	16.891	0.034
2455485.5446900004	16.925	0.021
2455601.85461	16.914	0.016
2455604.85593	16.934	0.018000000000000002
2455605.8520299997	16.948	0.015
2455606.85122	16.96	0.015
2455607.85518	16.942	0.015
2455608.84377	16.954	0.018000000000000002
2455611.84182	16.976	0.021
2455613.85837	16.94	0.021
2455615.8426200002	16.932000000000002	0.015
2455616.83674	16.968	0.019
2455621.82777	16.918	0.016
2455622.78331	16.932000000000002	0.015
2455624.77212	16.923	0.015
2455626.8309400002	16.935	0.016
2455628.77164	16.939	0.019
2455629.76756	16.948	0.016
2455632.8616	16.916	0.013999999999999999
2455633.7607400003	16.94	0.015
2455634.91236	16.933	0.022000000000000002
2455635.79129	16.952	0.018000000000000002
2455637.7694900003	16.923	0.021
2455638.9021	16.94	0.013999999999999999
2455639.77556	16.93	0.016
2455641.88197	16.92	0.015
2455643.87484	16.947	0.013999999999999999
2455647.7480200003	16.922	0.013999999999999999
2455648.8879299997	16.954	0.015
2455650.8270900003	16.933	0.012
2455652.81379	16.919	0.012
2455654.90463	16.95	0.015
2455656.87978	16.944000000000003	0.012
2455658.87495	16.928	0.013999999999999999
2455659.92555	16.949	0.016
2455662.84775	16.951	0.015
2455664.92332	16.927	0.016
2455668.72568	16.941	0.016
2455670.83054	16.934	0.019
2455676.71563	16.964000000000002	0.011000000000000001
2455679.67424	16.938	0.015
2455680.8427	16.941	0.013999999999999999
2455682.72038	16.930999999999997	0.015
2455684.6973	16.917	0.013999999999999999
2455686.69753	16.952	0.013999999999999999
2455688.8496	16.904	0.013999999999999999
2455690.90979	16.977999999999998	0.018000000000000002
2455692.7971	16.956	0.015
2455693.8968599997	16.944000000000003	0.016
2455695.66264	16.947	0.015
2455696.7857	16.919	0.013999999999999999
2455697.87425	16.939	0.016
2455702.58308	16.913	0.021
2455702.7634900003	16.930999999999997	0.027999999999999997
2455703.71992	16.944000000000003	0.018000000000000002
2455706.77793	16.941	0.016
2455707.91761	16.936	0.021
2455709.81823	16.937	0.011000000000000001
2455713.8486599997	16.945999999999998	0.015
2455715.9071400003	16.941	0.019
2455721.79574	16.948	0.013999999999999999
2455723.62435	16.959	0.015
2455724.75441	16.956	0.016
2455726.67637	16.923	0.021
2455729.75623	16.977	0.032
2455729.8151	16.885	0.042
2455734.6011900003	16.932000000000002	0.016
2455735.8556	16.937	0.018000000000000002
2455737.539	16.928	0.013999999999999999
2455738.6604400002	16.937	0.012
2455739.8123	16.949	0.016
2455741.51272	16.933	0.015
2455742.5257099997	16.956	0.015
2455743.65682	16.949	0.016
2455744.67859	16.94	0.013999999999999999
2455745.7543099998	16.944000000000003	0.015
2455747.64841	16.926	0.019
2455749.68322	16.935	0.016
2455753.5425400003	16.933	0.032
2455757.50696	16.954	0.028999999999999998
2455759.82394	16.919	0.024
2455760.51992	16.948	0.016
2455762.7360400003	16.934	0.016
2455764.5408400004	16.937	0.013999999999999999
2455765.69476	16.921	0.015
2455767.51952	16.926	0.015
2455768.6523599997	16.934	0.013999999999999999
2455769.78826	16.921	0.016
2455777.52726	16.942	0.012
2455779.71479	16.914	0.016
2455784.4837700003	16.942	0.019
2455784.61494	16.944000000000003	0.016
2455786.5584400003	16.92	0.019
2455788.49571	16.939	0.016
2455790.65918	16.939	0.015
2455794.51039	16.932000000000002	0.015
2455796.60053	16.952	0.015
2455802.59415	16.95	0.019
2455805.6291900002	16.957	0.018000000000000002
2455813.47724	16.926	0.016
2455816.51815	16.941	0.015
2455818.59912	16.947	0.022000000000000002
2455823.57817	16.932000000000002	0.018000000000000002
2455824.58483	16.934	0.015
2455825.58739	16.941	0.016
2455826.57254	16.935	0.019
2455828.53901	16.94	0.015
2455830.5121	16.937	0.013999999999999999
2455832.53083	16.917	0.015
2455834.55304	16.923	0.015
2455839.54348	16.945	0.019
2455841.54257	16.93	0.019
2455843.5325	16.95	0.019
2455845.5454599997	16.904	0.022000000000000002
2455851.50764	16.97	0.024
2455855.4972200003	16.961	0.027999999999999997
2455860.51359	16.921	0.021
2455956.8730200003	16.93	0.016
2455958.87757	16.928	0.019
2455959.8626200003	16.907	0.015
2455960.8725799997	16.942	0.013999999999999999
2455961.85841	16.95	0.016
2455962.85481	16.912	0.016
2455963.84937	16.951	0.022000000000000002
2455965.86403	16.961	0.016
2455966.8859	16.957	0.019
2455967.8695900002	16.956	0.015
2455968.86331	16.976	0.018000000000000002
2455969.88105	16.974	0.016
2455979.83811	16.926	0.015
2455984.84473	16.926	0.012
2455987.83734	16.925	0.015
2455990.79123	16.914	0.013999999999999999
2455992.86064	16.934	0.013999999999999999
2455995.7669900004	16.935	0.016
2455997.7886799998	16.951	0.015
2455999.7971900003	16.913	0.016
2456002.76691	16.947	0.018000000000000002
2456002.8882400002	16.94	0.015
2456004.86124	16.933	0.013999999999999999
2456006.8457	16.933	0.012
2456008.77898	16.964000000000002	0.013999999999999999
2456009.90088	16.926	0.012
2456011.83128	16.951	0.016
2456013.77069	16.929000000000002	0.013999999999999999
2456014.88461	16.958	0.013999999999999999
2456016.7837	16.934	0.012
2456017.89397	16.935	0.011000000000000001
2456019.79075	16.936	0.015
2456020.86538	16.933	0.011000000000000001
2456021.93008	16.947	0.025
2456023.76302	16.92	0.013999999999999999
2456024.7462299997	16.930999999999997	0.015
2456025.8125400003	16.945999999999998	0.018000000000000002
2456032.7885	16.942	0.013999999999999999
2456034.7579099997	16.921	0.012
2456037.7450200003	16.95	0.013999999999999999
2456038.72973	16.922	0.013999999999999999
2456039.79522	16.936	0.015
2456041.83923	16.932000000000002	0.013999999999999999
2456048.7283	16.833	0.012
2456049.931	16.928	0.013999999999999999
2456052.73237	16.913	0.015
2456053.86678	16.923	0.016
2456057.69201	16.916	0.013999999999999999
2456057.85214	16.915	0.013999999999999999
2456058.8656599997	16.951	0.015
2456059.8632400003	16.922	0.012
2456062.71231	16.945999999999998	0.015
2456064.71833	16.925	0.012
2456065.83046	16.925	0.013999999999999999
2456067.65325	16.923	0.013999999999999999
2456068.77015	16.915	0.012
2456069.71183	16.93	0.012
2456069.83317	16.92	0.012
2456069.92278	16.924	0.011000000000000001
2456071.6175599997	16.941	0.012
2456075.67662	16.944000000000003	0.012
2456076.8147299998	16.948	0.013999999999999999
2456078.6639400003	16.914	0.013999999999999999
2456079.74246	16.93	0.012
2456080.77913	16.944000000000003	0.013999999999999999
2456081.8289900003	16.924	0.015
2456085.58979	16.952	0.016
2456086.5879599997	16.971	0.015
2456087.74937	16.932000000000002	0.013999999999999999
2456089.82057	16.912	0.012
2456093.69391	16.938	0.012
2456094.8319200003	16.935	0.015
2456097.71906	16.941	0.015
2456098.77795	16.944000000000003	0.015
2456100.72546	16.951	0.013999999999999999
2456101.7563400003	16.959	0.013999999999999999
2456102.79616	16.939	0.013999999999999999
2456103.85337	16.96	0.018000000000000002
2456105.48227	16.95	0.019
2456108.58446	16.930999999999997	0.015
2456113.5679599997	16.927	0.016
2456114.65183	16.927	0.015
2456115.70063	16.944000000000003	0.016
2456116.80511	16.944000000000003	0.013999999999999999
2456118.50878	16.934	0.013999999999999999
2456119.53838	16.96	0.015
2456120.66811	16.952	0.013999999999999999
2456121.71118	16.942	0.012
2456124.50237	16.956	0.016
2456125.61995	16.925	0.013999999999999999
2456126.75408	16.947	0.015
2456131.52142	16.936	0.015
2456133.60532	16.94	0.015
2456135.59567	16.951	0.015
2456140.6114	16.917	0.021
2456141.72457	16.922	0.018000000000000002
2456147.6099	16.945999999999998	0.018000000000000002
2456148.57479	16.945	0.012
2456151.5978900003	16.945999999999998	0.016
2456154.50252	16.942999999999998	0.013999999999999999
2456158.5912	16.977	0.015
2456160.60827	16.926	0.013999999999999999
2456164.6655200003	16.982	0.024
2456167.59068	16.908	0.013999999999999999
2456168.6201400002	16.910999999999998	0.019
2456169.5965	16.967	0.015
2456171.60124	16.935	0.013999999999999999
2456172.5967	16.902	0.012
2456175.57333	16.939	0.015
2456180.62982	16.938	0.019
2456183.6088099997	16.92	0.013999999999999999
2456185.58319	16.942999999999998	0.013999999999999999
2456186.57913	16.929000000000002	0.015
2456195.53589	16.941	0.015
2456197.5003400003	16.955	0.016
2456201.53727	16.97	0.024
2456205.5060400004	16.975	0.015
2456212.5336599997	16.926	0.015
2456216.5428	16.921	0.015
2456221.5457900004	16.956	0.025
2456227.52259	16.898	0.022000000000000002
2456343.85011	16.947	0.015
2456348.85507	16.938	0.012
2456352.8413299997	16.907	0.012
2456358.8802799997	16.948	0.011000000000000001
2456360.85071	16.948	0.012
2456362.89791	16.977	0.013999999999999999
2456368.87731	16.945999999999998	0.012
2456370.89071	16.926	0.013999999999999999
2456373.85761	16.968	0.013999999999999999
2456375.79839	16.916	0.012
2456377.7492400003	16.938	0.013999999999999999
2456378.88406	16.924	0.011000000000000001
2456380.84376	16.948	0.012
2456382.78313	16.901	0.026000000000000002
2456386.91677	16.956	0.016
2456388.80195	16.95	0.013999999999999999
2456389.9013	16.94	0.013999999999999999
2456391.81135	16.963	0.016
2456394.85062	16.942	0.013999999999999999
2456396.83802	16.922	0.011000000000000001
2456398.79597	16.947	0.012
2456400.76334	16.930999999999997	0.012
2456402.73508	16.944000000000003	0.015
2456403.91984	16.936	0.012
2456406.86309	16.930999999999997	0.013999999999999999
2456408.8127099997	16.945	0.016
2456416.67999	16.95	0.015
2456417.87004	16.945	0.015
2456419.7146799997	16.924	0.012
2456420.82785	16.914	0.011000000000000001
2456423.66676	16.945999999999998	0.013999999999999999
2456424.8248099997	16.934	0.011000000000000001
2456428.67784	16.914	0.015
2456431.80453	16.937	0.013999999999999999
2456432.9073099997	16.934	0.012
2456434.7374	16.945	0.013999999999999999
2456435.86445	16.938	0.013999999999999999
2456436.9366599997	16.958	0.019
2456441.92033	16.923	0.018000000000000002
2456443.70597	16.945	0.012
2456445.76643	16.934	0.012
2456446.67649	16.926	0.011000000000000001
2456447.75259	16.921	0.012
2456448.78408	16.933	0.012
2456449.82688	16.944000000000003	0.013999999999999999
2456450.87714	16.921	0.013999999999999999
2456452.53794	16.94	0.012
2456454.6532099997	16.929000000000002	0.012
2456456.52728	16.935	0.011000000000000001
2456457.77954	16.938	0.012
2456458.84337	16.957	0.013999999999999999
2456460.57656	16.933	0.016
2456461.8086099997	16.913	0.012
2456463.64985	16.947	0.015
2456464.75758	16.913	0.015
2456469.54526	16.930999999999997	0.015
2456472.6997	16.95	0.013999999999999999
2456473.8210400003	16.954	0.015
2456475.51863	16.944000000000003	0.015
2456476.58484	16.927	0.013999999999999999
2456477.6849	16.945999999999998	0.013999999999999999
2456479.69242	16.967	0.013999999999999999
2456481.50221	16.941	0.015
2456484.4983	16.956	0.013999999999999999
2456486.51783	16.926	0.013999999999999999
2456487.6049099998	16.93	0.011000000000000001
2456491.54565	16.948	0.015
2456497.70334	16.938	0.016
2456499.48694	16.929000000000002	0.013999999999999999
2456501.71104	16.930999999999997	0.012
2456506.49058	16.941	0.018000000000000002
2456508.63502	16.935	0.011000000000000001
2456510.5411400003	16.936	0.012
2456512.7389700003	16.939	0.018000000000000002
2456516.5231	16.95	0.016
2456519.61938	16.945999999999998	0.013999999999999999
2456524.55637	16.959	0.013999999999999999
2456529.53828	16.935	0.013999999999999999
2456532.61501	16.92	0.012
2456536.5721299998	16.912	0.012
2456541.60738	16.947	0.011000000000000001
2456545.65019	16.93	0.015
2456558.49818	16.94	0.012
2456561.54661	16.923	0.015
2456564.5422	16.945999999999998	0.015
2456568.53738	16.975	0.018000000000000002
2456571.4904400003	16.956	0.016
2456573.54731	16.963	0.015
2456578.51229	16.904	0.016
2456741.84228	16.92	0.012
2456742.74745	16.912	0.012
2456744.86943	16.917	0.011000000000000001
2456746.76771	16.954	0.012
2456749.86192	16.92	0.011000000000000001
2456752.71312	16.942	0.012
2456755.81193	16.925	0.012
2456756.71507	16.924	0.011000000000000001
2456757.79128	16.928	0.012
2456759.81855	16.949	0.011000000000000001
2456761.7628900004	16.955	0.013999999999999999
2456763.7421	16.945999999999998	0.013999999999999999
2456764.9106400004	16.93	0.012
2456764.92522	16.932000000000002	0.013999999999999999
2456768.86846	16.936	0.012
2456770.71625	16.936	0.011000000000000001
2456771.88885	16.934	0.012
2456773.76871	16.928	0.012
2456775.69775	16.918	0.011000000000000001
2456776.87709	16.949	0.013999999999999999
2456784.83642	16.917	0.013999999999999999
2456785.81679	16.899	0.012
2456786.85022	16.919	0.013999999999999999
2456789.74133	16.936	0.015
2456790.82485	16.94	0.015
2456791.88224	16.93	0.016
2456792.89198	16.95	0.019
2456797.6927	16.941	0.015
2456799.81784	16.936	0.021
2456803.92191	16.932000000000002	0.015
2456805.59361	16.924	0.015
2456806.8867099998	16.936	0.018000000000000002
2456808.6020400003	16.916	0.015
2456809.63455	16.925	0.013999999999999999
2456810.6812299998	16.938	0.013999999999999999
2456811.69503	16.941	0.016
2456813.82504	16.942999999999998	0.015
2456814.9087799997	16.904	0.018000000000000002
2456816.6109599997	16.959	0.019
2456817.7225099998	16.925	0.013999999999999999
2456819.5959400004	16.916	0.018000000000000002
2456823.80088	16.924	0.016
2456824.84458	16.933	0.016
2456825.85816	16.936	0.018000000000000002
2456826.8881599996	16.941	0.019
2456828.56376	16.916	0.013999999999999999
2456829.56429	16.944000000000003	0.016
2456830.5859	16.938	0.016
2456831.73252	16.938	0.013999999999999999
2456832.76516	16.91	0.015
2456833.82665	16.935	0.019
2456834.83227	16.915	0.021
2456836.51106	16.949	0.019
2456837.54076	16.925	0.013999999999999999
2456838.5365	16.958	0.016
2456839.55124	16.923	0.015
2456840.59533	16.934	0.015
2456841.72068	16.948	0.016
2456842.76473	16.934	0.016
2456844.79885	16.947	0.015
2456845.77908	16.937	0.015
2456847.73074	16.907	0.016
2456851.72794	16.930999999999997	0.018000000000000002
2456854.4937	16.942999999999998	0.013999999999999999
2456856.48847	16.937	0.015
2456857.53155	16.939	0.013999999999999999
2456858.6008	16.923	0.011000000000000001
2456859.7732599997	16.915	0.021
2456863.64917	16.942999999999998	0.013999999999999999
2456864.72321	16.947	0.015
2456871.61098	16.942999999999998	0.016
2456874.66266	16.965	0.018000000000000002
2456878.56288	16.969	0.021
2456880.62393	16.921	0.024
2456882.5674799997	16.924	0.015
2456885.49229	16.942999999999998	0.016
2456886.65598	16.936	0.015
2456888.5757400002	16.94	0.013999999999999999
2456890.5051	16.954	0.016
2456891.6759599997	16.945999999999998	0.018000000000000002
2456898.4782	16.907	0.015
2456907.61808	16.953	0.016
2456912.57228	16.92	0.015
2456915.61513	16.902	0.018000000000000002
2456922.55773	16.942999999999998	0.018000000000000002
2456925.57086	16.935	0.019
2456928.56267	16.897000000000002	0.018000000000000002
2456932.52676	16.947	0.019
2456938.52019	16.947	0.019
2456943.49156	16.923	0.024
2457063.88217	16.926	0.016
2457069.87345	16.954	0.015
2457071.89814	16.937	0.018000000000000002
2457075.8989	16.927	0.019
2457077.88392	16.957	0.015
2457079.90282	16.937	0.022000000000000002
2457082.83911	16.942	0.013999999999999999
2457083.8869	16.945	0.013999999999999999
2457086.83472	16.935	0.015
2457088.87695	16.919	0.013999999999999999
2457090.9115299997	16.912	0.018000000000000002
2457092.90749	16.942999999999998	0.015
2457098.84198	16.923	0.012
2457100.83368	16.93	0.013999999999999999
2457102.9152599997	16.924	0.015
2457110.83556	16.936	0.012
2457112.8027	16.94	0.015
2457114.88173	16.93	0.013999999999999999
2457116.88145	16.942	0.015
2457118.8813	16.897000000000002	0.013999999999999999
2457120.85677	16.908	0.015
2457126.78473	16.932000000000002	0.012
2457130.7197	16.923	0.013999999999999999
2457131.87942	16.94	0.012
2457134.7006599996	16.936	0.013999999999999999
2457135.85535	16.924	0.011000000000000001
2457137.7014200003	16.934	0.012
2457138.80524	16.921	0.012
2457140.6894099996	16.930999999999997	0.013999999999999999
2457141.79365	16.892	0.011000000000000001
2457142.93003	16.935	0.016
2457144.73753	16.93	0.018000000000000002
2457146.6683900002	16.947	0.018000000000000002
2457147.68739	16.933	0.024
2457152.83607	16.903	0.013999999999999999
2457153.88246	16.929000000000002	0.013999999999999999
2457155.66902	16.936	0.013999999999999999
2457156.76191	16.915	0.011000000000000001
2457158.6989700003	16.939	0.013999999999999999
2457159.74353	16.953	0.015
2457160.83325	16.913	0.012
2457161.90588	16.923	0.012
2457163.6137900003	16.948	0.019
2457164.7453099997	16.935	0.012
2457166.81805	16.938	0.013999999999999999
2457169.791	16.934	0.012
2457170.8278099997	16.935	0.012
2457172.8744799998	16.945	0.016
2457173.9007200003	16.913	0.016
2457174.88766	16.942	0.019
2457178.65985	16.921	0.015
2457179.85168	16.935	0.018000000000000002
2457180.8517	16.924	0.015
2457181.86759	16.930999999999997	0.015
2457182.8868	16.929000000000002	0.015
2457183.89238	16.945	0.016
2457184.92474	16.913	0.019
2457186.60498	16.933	0.015
2457187.72313	16.937	0.013999999999999999
2457188.74082	16.936	0.016
2457189.8240900002	16.922	0.013999999999999999
2457190.88682	16.927	0.021
2457193.85516	16.936	0.013999999999999999
2457197.60543	16.913	0.012
2457198.62975	16.935	0.013999999999999999
2457199.63369	16.930999999999997	0.012
2457200.6302900002	16.896	0.012
2457202.86754	16.930999999999997	0.026000000000000002
2457207.53187	16.94	0.015
2457209.67118	16.94	0.015
2457211.6499900003	16.907	0.012
2457214.6165299998	16.929000000000002	0.012
2457219.54101	16.905	0.013999999999999999
2457220.68489	16.93	0.012
2457221.71455	16.927	0.013999999999999999
2457223.5046200003	16.957	0.021
2457224.57547	16.927	0.015
2457226.50311	16.947	0.015
2457227.51527	16.924	0.016
2457228.56142	16.935	0.013999999999999999
2457229.63719	16.918	0.013999999999999999
2457233.48511	16.9	0.019
2457250.5932400003	16.923	0.012
2457253.6359099997	16.926	0.013999999999999999
2457256.65545	16.930999999999997	0.019
2457261.5553900003	16.953	0.019
2457264.50793	16.938	0.015
2457267.48217	16.934	0.016
2457269.48917	16.944000000000003	0.015
2457271.49386	16.932000000000002	0.019
2457274.52257	16.929000000000002	0.016
2457278.49973	16.97	0.021
2457292.49307	16.986	0.025
2457294.58955	16.901	0.026000000000000002
2457437.88532	16.905	0.012
2457440.8361299997	16.891	0.013999999999999999
2457444.8886599997	16.897000000000002	0.013999999999999999
2457447.80215	16.925	0.016
2457451.82645	16.901	0.012
2457452.8978	16.89	0.012
2457455.85378	16.894000000000002	0.013999999999999999
2457460.89022	16.875999999999998	0.012
2457462.8946599998	16.88	0.011000000000000001
2457465.85806	16.878	0.013999999999999999
2457470.76194	16.913	0.018000000000000002
2457471.85083	16.897000000000002	0.015
2457473.75618	16.885	0.018000000000000002
2457480.90917	16.895	0.018000000000000002
2457485.82058	16.872	0.013999999999999999
2457487.73193	16.862000000000002	0.013999999999999999
2457488.85679	16.87	0.012
2457491.8659	16.87	0.012
2457492.87163	16.855999999999998	0.012
2457493.85891	16.843	0.009000000000000001
2457494.85595	16.86	0.012
2457495.81535	16.87	0.013999999999999999
2457498.72136	16.867	0.015
2457499.71386	16.85	0.015
2457499.9152599997	16.87	0.013999999999999999
2457500.85638	16.88	0.015
2457508.6582299997	16.86	0.012
2457509.7752099996	16.852	0.013999999999999999
2457511.85022	16.852999999999998	0.012
2457519.8168	16.828	0.015
2457526.65422	16.805	0.013999999999999999
2457528.88983	16.833	0.016
2457534.67396	16.798	0.013999999999999999
2457536.66629	16.814	0.013999999999999999
2457545.82776	16.758	0.012
2457546.8516	16.766	0.013999999999999999
2457547.8026099997	16.75	0.012
2457549.70584	16.761	0.011000000000000001
2457550.66507	16.771	0.013999999999999999
2457554.61301	16.754	0.012
2457555.5161099997	16.750999999999998	0.016
2457555.75422	16.74	0.012
2457557.69907	16.739	0.015
2457560.77401	16.734	0.018000000000000002
2457561.84669	16.703	0.015
2457562.50585	16.726	0.013999999999999999
2457566.7144299997	16.71	0.012
2457567.65665	16.689	0.011000000000000001
2457568.4805900003	16.707	0.015
2457568.63135	16.689	0.012
2457569.50741	16.674	0.015
2457569.65935	16.677	0.011000000000000001
2457570.837	16.67	0.013999999999999999
2457573.6855	16.689	0.012
2457575.4871900002	16.686	0.015
2457575.8084400003	16.656	0.011000000000000001
2457576.46286	16.672	0.015
2457576.81781	16.673	0.013999999999999999
2457577.46385	16.683	0.016
2457582.67636	16.65	0.012
2457584.7373200003	16.602	0.013999999999999999
2457589.74878	16.613	0.016
2457590.79557	16.628	0.016
2457593.73036	16.607	0.011000000000000001
2457599.49213	16.570999999999998	0.013999999999999999
2457599.56015	16.607	0.013999999999999999
2457599.62751	16.602	0.012
2457599.6644200003	16.602999999999998	0.012
2457600.50165	16.609	0.015
2457600.5953900004	16.581	0.012
2457600.71945	16.602999999999998	0.011000000000000001
2457601.72274	16.581	0.011000000000000001
2457601.75807	16.567	0.011000000000000001
2457603.48958	16.577	0.011000000000000001
2457604.51277	16.558	0.012
2457605.53387	16.553	0.011000000000000001
2457607.47661	16.56	0.012
2457608.60572	16.559	0.009000000000000001
2457609.7140900004	16.555	0.011000000000000001
2457611.6836099997	16.579	0.015
2457616.51763	16.557000000000002	0.012
2457617.6658099997	16.570999999999998	0.013999999999999999
2457619.56071	16.565	0.013999999999999999
2457622.65669	16.544	0.011000000000000001
2457624.5515799997	16.558	0.011000000000000001
2457626.5469	16.579	0.012
2457631.5728700003	16.544	0.009000000000000001
2457633.64489	16.567999999999998	0.013999999999999999
2457636.6434299997	16.577	0.012
2457639.57832	16.583	0.011000000000000001
2457647.53715	16.597	0.013999999999999999
2457650.4944599997	16.636	0.011000000000000001
2457650.59166	16.608	0.013999999999999999
2457651.50975	16.621	0.012
2457652.49647	16.636	0.011000000000000001
2457653.4963700003	16.633	0.011000000000000001
2457653.56069	16.642	0.011000000000000001
2457654.50099	16.646	0.013999999999999999
2457655.49771	16.643	0.013999999999999999
2457656.48845	16.648	0.013999999999999999
2457656.4991200003	16.64	0.013999999999999999
2457657.54503	16.649	0.012
2457658.50167	16.660999999999998	0.012
2457659.50222	16.653	0.013999999999999999
2457660.49812	16.68	0.016
2457661.49969	16.660999999999998	0.015
2457662.4997900003	16.683	0.015
2457662.5295	16.68	0.015
2457664.48996	16.697	0.015
2457664.49849	16.694000000000003	0.015
2457665.5024200003	16.677	0.016
2457666.50069	16.707	0.016
2457667.5057900003	16.687	0.015
2457671.48697	16.709	0.019
2457672.48833	16.709	0.016
2457673.4949	16.72	0.015
2457675.49137	16.758	0.019
2457682.49079	16.738	0.019
2457683.49	16.762999999999998	0.022000000000000002
2457795.85981	16.892	0.019
2457796.85689	16.928	0.018000000000000002
2457797.88215	16.898	0.016
2457799.89278	16.907	0.021
2457801.8837200003	16.903	0.016
2457803.89729	16.899	0.024
2457809.88223	16.894000000000002	0.015
2457812.85165	16.922	0.013999999999999999
2457815.87959	16.922	0.013999999999999999
2457818.82211	16.926	0.012
2457820.85645	16.92	0.013999999999999999
2457822.8650599997	16.922	0.016
2457824.89098	16.915	0.016
2457826.88634	16.909000000000002	0.015
2457828.8738700002	16.916	0.013999999999999999
2457830.8908599997	16.915	0.018000000000000002
2457834.86259	16.918	0.015
2457836.7979900003	16.929000000000002	0.018000000000000002
2457837.85838	16.898	0.013999999999999999
2457839.74141	16.918	0.012
2457840.8092900002	16.922	0.016
2457841.8793599997	16.928	0.018000000000000002
2457842.92104	16.932000000000002	0.018000000000000002
2457844.76078	16.904	0.013999999999999999
2457845.80938	16.916	0.013999999999999999
2457846.8634200003	16.923	0.013999999999999999
2457847.90143	16.932000000000002	0.013999999999999999
2457849.7165200002	16.919	0.015
2457850.7437299998	16.905	0.016
2457851.77677	16.945999999999998	0.018000000000000002
2457852.9012599997	16.916	0.016
2457854.83239	16.905	0.016
2457855.88322	16.92	0.013999999999999999
2457856.9092099997	16.925	0.022000000000000002
2457862.7768599996	16.925	0.015
2457863.87374	16.925	0.013999999999999999
2457864.8444	16.917	0.013999999999999999
2457865.8484799997	16.913	0.012
2457866.85905	16.928	0.012
2457867.8784	16.918	0.013999999999999999
2457869.7095	16.904	0.013999999999999999
2457870.73636	16.903	0.012
2457871.75062	16.919	0.012
2457872.7661200003	16.91	0.012
2457873.76123	16.918	0.012
2457874.7454	16.928	0.016
2457875.8374799998	16.91	0.012
2457876.7932	16.919	0.013999999999999999
2457877.7766400003	16.92	0.012
2457878.80767	16.917	0.012
2457879.76935	16.93	0.015
2457880.82768	16.937	0.018000000000000002
2457881.91998	16.928	0.021
2457882.92665	16.916	0.016
2457890.86529	16.94	0.022000000000000002
2457893.8306	16.935	0.015
2457894.70957	16.923	0.012
2457895.59601	16.934	0.015
2457897.76731	16.933	0.012
2457902.57471	16.958	0.018000000000000002
2457902.83117	16.939	0.018000000000000002
2457903.90797	16.921	0.019
2457904.8262400003	16.952	0.013999999999999999
2457905.68756	16.935	0.012
2457906.58029	16.922	0.015
2457906.83671	16.924	0.013999999999999999
2457907.7228200003	16.926	0.013999999999999999
2457908.67518	16.925	0.013999999999999999
2457909.55851	16.959	0.019
2457909.80648	16.935	0.015
2457910.59194	16.925	0.016
2457910.85553	16.927	0.016
2457911.71273	16.937	0.021
2457916.67319	16.921	0.013999999999999999
2457916.89549	16.907	0.022000000000000002
2457917.75046	16.925	0.015
2457918.6291	16.942999999999998	0.021
2457922.71015	16.927	0.015
2457923.73392	16.939	0.018000000000000002
2457924.55025	16.92	0.013999999999999999
2457924.7999	16.937	0.013999999999999999
2457925.71556	16.941	0.012
2457926.62641	16.926	0.013999999999999999
2457932.75133	16.912	0.016
2457933.60832	16.942999999999998	0.015
2457934.54345	16.936	0.015
2457934.78915	16.913	0.016
2457935.64231	16.929000000000002	0.013999999999999999
2457936.52113	16.917	0.015
2457936.79336	16.91	0.015
2457937.6049900004	16.925	0.015
2457938.5331900003	16.915	0.018000000000000002
2457944.51125	16.947	0.021
2457944.60485	16.926	0.016
2457944.72646	16.928	0.015
2457945.4836	16.930999999999997	0.016
2457945.7168900003	16.919	0.013999999999999999
2457946.56423	16.938	0.015
2457946.82119	16.912	0.019
2457947.77232	16.959	0.021
2457948.65229	16.942999999999998	0.015
2457949.58883	16.939	0.016
2457952.73648	16.947	0.016
2457953.6421	16.942	0.015
2457954.53457	16.916	0.013999999999999999
2457955.7345	16.925	0.013999999999999999
2457956.6641700002	16.952	0.013999999999999999
2457957.71986	16.938	0.016
2457958.74656	16.922	0.016
2457959.64317	16.937	0.013999999999999999
2457960.52867	16.935	0.015
2457961.51622	16.977	0.013999999999999999
2457962.4939900003	16.936	0.013999999999999999
2457964.55407	16.936	0.013999999999999999
2457965.6611599997	16.929000000000002	0.015
2457966.6266799998	16.910999999999998	0.016
2457967.6685599997	16.962	0.026000000000000002
2457971.51862	16.928	0.016
2457971.61867	16.914	0.016
2457971.71105	16.938	0.022000000000000002
2457972.55142	16.938	0.021
2457972.65681	16.919	0.019
2457973.58696	16.927	0.018000000000000002
2457974.5747599998	16.937	0.015
2457975.65283	16.938	0.021
2457980.53872	16.952	0.018000000000000002
2457981.61036	16.936	0.015
2457982.64656	16.944000000000003	0.015
2457984.51731	16.944000000000003	0.019
2457985.58367	16.942999999999998	0.018000000000000002
2457987.4873599997	16.928	0.012
2457990.57114	16.917	0.015
2457991.63821	16.947	0.018000000000000002
2457993.50655	16.941	0.016
2457994.5660099997	16.924	0.018000000000000002
2457998.53812	16.951	0.018000000000000002
2457998.64211	16.939	0.025
2458000.5662700003	16.918	0.019
2458001.53848	16.916	0.015
2458003.49575	16.913	0.022000000000000002
2458007.50968	16.936	0.019
2458010.57603	16.96	0.016
2458013.53872	16.923	0.015
2458015.56589	16.945	0.016
2458018.52745	16.918	0.015
2458021.51682	16.958	0.019
2458026.55665	16.91	0.018000000000000002
2458035.55812	16.947	0.022000000000000002
