2455377.5943400003	17.798	0.035
2455377.8300799998	17.789	0.033
2455378.76386	17.825	0.022000000000000002
2455379.59142	17.845	0.024
2455379.8634200003	17.862000000000002	0.055999999999999994
2455380.75339	17.798	0.022000000000000002
2455381.60455	17.820999999999998	0.033
2455381.8275	17.83	0.05
2455382.69722	17.799	0.026000000000000002
2455384.80469	17.839000000000002	0.055999999999999994
2455386.6962	17.788	0.021
2455387.7044900004	17.813	0.021
2455388.52252	17.805999999999997	0.026000000000000002
2455389.48517	17.823	0.033
2455389.81341	17.803	0.028999999999999998
2455390.7505099997	17.799	0.024
2455391.6200200003	17.823	0.025
2455392.53596	17.825	0.026000000000000002
2455393.64242	17.8	0.028999999999999998
2455397.59576	17.814	0.035
2455402.66575	17.813	0.043
2455403.57238	17.811	0.027999999999999997
2455403.76907	17.807000000000002	0.046
2455404.64216	17.817999999999998	0.028999999999999998
2455405.65856	17.812	0.032
2455407.5129299997	17.82	0.028999999999999998
2455407.70722	17.852999999999998	0.033
2455408.6362900003	17.812	0.028999999999999998
2455409.49825	17.82	0.024
2455410.5027	17.801	0.025
2455411.51716	17.8	0.021
2455412.56867	17.785999999999998	0.032
2455413.50943	17.832	0.024
2455414.52763	17.805	0.021
2455416.71522	17.836	0.035
2455421.5383900004	17.794	0.024
2455422.51965	17.768	0.025
2455423.6797	17.802	0.028999999999999998
2455430.4775099996	17.815	0.039
2455431.47841	17.832	0.035
2455431.67582	17.826	0.04
2455433.65171	17.81	0.04
2455434.65385	17.791	0.031
2455435.65669	17.778	0.027999999999999997
2455437.54569	17.793	0.022000000000000002
2455439.49275	17.820999999999998	0.038
2455443.52486	17.840999999999998	0.031
2455444.53563	17.825	0.031
2455445.6420299998	17.816	0.027999999999999997
2455446.64155	17.805	0.027999999999999997
2455448.50949	17.805	0.026000000000000002
2455449.61861	17.828	0.031
2455451.5059700003	18.182000000000002	0.069
2455453.54709	17.778	0.055999999999999994
2455458.55107	17.756	0.039
2455460.51683	17.822	0.038
2455461.6140799997	17.854	0.057999999999999996
2455465.5429599998	17.854	0.038
2455470.59438	17.84	0.036000000000000004
2455473.50794	17.837	0.033
2455479.53039	17.749000000000002	0.033
2455483.5306	17.852	0.062
2455488.49818	17.815	0.036000000000000004
2455492.5240599997	17.844	0.061
2455595.86265	17.831	0.032
2455596.8574099997	17.820999999999998	0.028999999999999998
2455597.8538599997	17.798	0.025
2455598.84914	17.831	0.028999999999999998
2455599.85143	17.785	0.024
2455600.84792	17.803	0.026000000000000002
2455601.8517299998	17.781	0.027999999999999997
2455604.85308	17.78	0.032
2455605.84918	17.823	0.025
2455606.8483700003	17.828	0.026000000000000002
2455607.85232	17.807000000000002	0.027999999999999997
2455608.83641	17.774	0.036000000000000004
2455611.83817	17.771	0.035
2455612.84769	17.852999999999998	0.032
2455613.85552	17.776	0.038
2455615.8374400004	17.827	0.026000000000000002
2455616.83387	17.859	0.043
2455621.82493	17.778	0.026000000000000002
2455622.78045	17.769000000000002	0.025
2455624.76928	17.802	0.025
2455626.8281099997	17.837	0.028999999999999998
2455628.7688	17.85	0.036000000000000004
2455629.76472	17.78	0.027999999999999997
2455631.7908900003	17.772000000000002	0.038
2455632.8587599997	17.829	0.024
2455633.75708	17.805999999999997	0.025
2455634.90952	17.827	0.038
2455635.78753	17.785	0.032
2455637.76551	17.82	0.039
2455638.89789	17.823	0.024
2455641.89642	17.84	0.033
2455643.8865900002	17.801	0.027999999999999997
2455647.7447900004	17.748	0.025
2455648.90226	17.808	0.025
2455650.8384700003	17.809	0.022000000000000002
2455652.82732	17.801	0.02
2455655.74628	17.808	0.024
2455657.76901	17.765	0.018000000000000002
2455658.8873099997	17.858	0.025
2455660.73272	17.776	0.025
2455662.85894	17.805999999999997	0.022000000000000002
2455665.72624	17.791	0.026000000000000002
2455668.74244	17.79	0.026000000000000002
2455670.84474	17.846	0.032
2455676.72914	17.836	0.02
2455679.68749	17.782	0.024
2455680.8576	17.784000000000002	0.024
2455682.7341299998	17.814	0.024
2455684.7108299998	17.776	0.021
2455686.72077	17.788	0.022000000000000002
2455688.87398	17.86	0.026000000000000002
2455691.6159900003	17.793	0.035
2455692.81155	17.784000000000002	0.022000000000000002
2455693.9096	17.79	0.032
2455695.68605	17.862000000000002	0.032
2455696.80204	17.824	0.026000000000000002
2455697.89118	17.805999999999997	0.031
2455702.58012	17.824	0.043
2455702.76052	17.684	0.055999999999999994
2455703.7351900004	17.801	0.031
2455706.79621	17.826	0.032
2455707.93323	17.844	0.047
2455710.84852	17.838	0.027999999999999997
2455713.86339	17.835	0.031
2455716.5715400004	17.829	0.026000000000000002
2455721.80854	17.908	0.025
2455723.63704	17.775	0.024
2455724.77658	17.803	0.027999999999999997
2455726.6891900003	17.774	0.043
2455729.55909	17.796	0.07400000000000001
2455729.7532099998	17.796	0.051
2455729.81204	17.752	0.085
2455734.6164	17.799	0.027999999999999997
2455735.87047	17.887999999999998	0.044000000000000004
2455737.55182	17.81	0.021
2455738.67394	17.781	0.021
2455739.82997	17.771	0.032
2455741.5254	17.807000000000002	0.025
2455742.5395	17.766	0.027999999999999997
2455743.67177	17.831	0.026000000000000002
2455744.7053799997	17.858	0.024
2455745.76702	17.842	0.027999999999999997
2455747.6639799997	17.836	0.031
2455749.69623	17.82	0.028999999999999998
2455753.55809	17.948	0.08
2455757.50069	17.789	0.057
2455760.53656	17.826	0.027999999999999997
2455762.77163	17.752	0.042
2455764.55394	17.875999999999998	0.024
2455765.70923	17.801	0.031
2455767.53281	17.840999999999998	0.028999999999999998
2455768.66642	17.785999999999998	0.02
2455770.65774	17.833	0.028999999999999998
2455777.54684	17.811	0.022000000000000002
2455779.7275	17.783	0.026000000000000002
2455783.6076599997	17.855	0.046
2455784.48061	17.852	0.049
2455784.61175	17.797	0.026000000000000002
2455786.57281	17.823	0.035
2455788.50841	17.852	0.027999999999999997
2455790.67195	17.793	0.035
2455794.54077	17.796	0.026000000000000002
2455796.61336	17.84	0.027999999999999997
2455802.64575	17.778	0.035
2455805.6446599998	17.803	0.033
2455813.50703	17.805999999999997	0.026000000000000002
2455816.53987	17.929000000000002	0.036000000000000004
2455818.6135400003	17.820999999999998	0.046
2455823.57952	17.807000000000002	0.031
2455824.58618	17.83	0.027999999999999997
2455825.58873	17.848	0.031
2455826.57387	17.787	0.033
2455828.54988	17.802	0.025
2455830.5230900003	17.83	0.025
2455832.5417400002	17.774	0.028999999999999998
2455834.56403	17.807000000000002	0.028999999999999998
2455839.54484	17.822	0.038
2455841.5439299997	17.809	0.039
2455843.54542	17.792	0.036000000000000004
2455845.55723	17.777	0.039
2455851.50899	17.819000000000003	0.049
2455855.49858	17.901	0.054000000000000006
2455856.48922	17.959	0.092
2455856.50525	17.796	0.043
2455856.52015	17.916	0.054000000000000006
2455857.49521	17.859	0.065
2455858.4925700002	17.781	0.065
2455860.51496	17.819000000000003	0.042
2455956.87015	17.785	0.025
2455958.87469	17.803	0.028999999999999998
2455959.85945	17.8	0.026000000000000002
2455960.8697099998	17.827	0.021
2455961.8555400004	17.83	0.027999999999999997
2455962.85194	17.836	0.028999999999999998
2455963.84651	17.832	0.036000000000000004
2455964.85151	17.816	0.042
2455965.86117	17.799	0.027999999999999997
2455966.88303	17.816	0.032
2455967.86673	17.773	0.024
2455968.86045	17.789	0.028999999999999998
2455970.88124	17.788	0.024
2455979.86084	17.837	0.025
2455984.84643	17.808	0.021
2455987.83905	17.781	0.024
2455990.78991	17.8	0.022000000000000002
2455992.86234	17.824	0.021
2455995.76512	17.775	0.028999999999999998
2455997.81012	17.803	0.026000000000000002
2455999.80889	17.785	0.046
2456002.76407	17.817999999999998	0.028999999999999998
2456002.8854099996	17.775	0.032
2456004.86295	17.840999999999998	0.028999999999999998
2456006.8474	17.799	0.021
2456008.7806700002	17.795	0.022000000000000002
2456009.90257	17.762	0.018000000000000002
2456011.83295	17.811	0.028999999999999998
2456013.77239	17.820999999999998	0.022000000000000002
2456014.8863	17.724	0.025
2456016.7853900003	17.826	0.02
2456017.89567	17.807000000000002	0.017
2456019.79243	17.826	0.024
2456020.86705	17.797	0.018000000000000002
2456022.71544	17.862000000000002	0.038
2456023.77482	17.803	0.022000000000000002
2456024.7593099996	17.813	0.027999999999999997
2456025.8258	17.796	0.027999999999999997
2456032.81135	17.814	0.021
2456034.77298	17.788	0.018000000000000002
2456037.7578	17.825	0.024
2456039.80841	17.812	0.025
2456041.86509	17.773	0.022000000000000002
2456048.74252	17.778	0.02
2456050.6614099997	17.778	0.027999999999999997
2456052.75484	17.789	0.025
2456053.88114	17.848	0.038
2456057.68843	17.797	0.022000000000000002
2456057.84919	17.847	0.024
2456058.87843	17.843	0.024
2456059.87634	17.796	0.024
2456062.72547	17.844	0.027999999999999997
2456064.7311	17.817999999999998	0.018000000000000002
2456065.84367	17.823	0.022000000000000002
2456067.6661400003	17.838	0.022000000000000002
2456068.80687	17.822	0.021
2456069.93546	17.829	0.024
2456071.63045	17.804000000000002	0.021
2456075.69066	17.829	0.022000000000000002
2456076.82761	17.823	0.024
2456078.67673	17.792	0.024
2456079.76555	17.802	0.022000000000000002
2456080.7919400004	17.794	0.024
2456081.84196	17.805	0.031
2456085.60285	17.796	0.031
2456086.60096	17.792	0.025
2456087.77321	17.869	0.026000000000000002
2456089.8564299997	17.813	0.026000000000000002
2456093.70695	17.794	0.021
2456094.84468	17.82	0.027999999999999997
2456097.73162	17.852999999999998	0.028999999999999998
2456098.79274	17.759	0.025
2456100.7386	17.792	0.024
2456101.7697099997	17.782	0.022000000000000002
2456102.8094200003	17.847	0.024
2456104.48173	17.826	0.026000000000000002
2456105.52053	17.805999999999997	0.026000000000000002
2456108.61175	17.738	0.031
2456113.58061	17.825	0.028999999999999998
2456114.6743099997	17.831	0.027999999999999997
2456115.74077	17.837	0.032
2456116.8193099997	17.826	0.027999999999999997
2456118.52129	17.820999999999998	0.024
2456119.55077	17.827	0.024
2456120.68079	17.814	0.02
2456121.72377	17.798	0.018000000000000002
2456124.51552	17.781	0.027999999999999997
2456125.64428	17.826	0.024
2456126.77448	17.863	0.028999999999999998
2456131.53651	17.820999999999998	0.025
2456133.61968	17.845	0.024
2456135.61018	17.759	0.027999999999999997
2456140.62383	17.82	0.031
2456141.7374	17.811	0.036000000000000004
2456147.62241	17.8	0.027999999999999997
2456148.5972700003	17.848	0.02
2456151.6105400003	17.874000000000002	0.028999999999999998
2456154.51523	17.803	0.026000000000000002
2456158.60617	17.816	0.025
2456160.62162	17.804000000000002	0.022000000000000002
2456164.6181900003	17.767	0.036000000000000004
2456167.60849	17.817999999999998	0.025
2456168.65095	17.833	0.025
2456169.61058	17.874000000000002	0.031
2456171.61513	17.816	0.028999999999999998
2456172.61057	17.777	0.021
2456175.58603	17.764	0.026000000000000002
2456181.48213	17.838	0.032
2456183.62118	17.815	0.026000000000000002
2456185.59601	17.82	0.024
2456186.59275	17.824	0.031
2456195.5372200003	17.774	0.024
2456197.50167	17.883	0.035
2456201.5386200002	17.894000000000002	0.049
2456205.50739	17.854	0.026000000000000002
2456212.5350200003	17.816	0.027999999999999997
2456216.54417	17.813	0.027999999999999997
2456221.55386	17.82	0.057
2456227.52396	17.756	0.046
2456343.86411	17.845	0.026000000000000002
2456348.86907	17.799	0.022000000000000002
2456352.85627	17.827	0.024
2456360.8524	17.817	0.021
2456362.8996099997	17.801	0.021
2456368.87903	17.797	0.021
2456370.89245	17.775	0.021
2456373.85933	17.781	0.022000000000000002
2456375.8001200003	17.805	0.022000000000000002
2456377.74727	17.865	0.024
2456378.88579	17.775	0.02
2456380.84549	17.778	0.022000000000000002
2456382.78485	17.97	0.09
2456386.9185	17.846	0.033
2456388.8138099997	17.81	0.021
2456389.91396	17.844	0.025
2456391.8256099997	17.767	0.027999999999999997
2456394.8640099997	17.796	0.025
2456396.85337	17.771	0.017
2456398.80879	17.798	0.022000000000000002
2456400.8007099996	17.824	0.022000000000000002
2456402.74795	17.805	0.025
2456403.9338700003	17.77	0.039
2456406.8816400003	17.82	0.027999999999999997
2456408.8272599997	17.842	0.032
2456416.69298	17.788	0.024
2456417.89255	17.794	0.024
2456419.72733	17.779	0.022000000000000002
2456420.84115	17.774	0.017
2456423.68523	17.782	0.022000000000000002
2456424.83879	17.779	0.02
2456428.69822	17.817	0.027999999999999997
2456431.81802	17.796	0.022000000000000002
2456432.9207599997	17.807000000000002	0.027999999999999997
2456434.75118	17.816	0.024
2456435.87922	17.813	0.024
2456441.93457	17.872	0.046
2456443.7388299997	17.875999999999998	0.026000000000000002
2456445.79476	17.815	0.024
2456446.6993	17.811	0.018000000000000002
2456447.7689099996	17.772000000000002	0.02
2456448.7979099997	17.784000000000002	0.02
2456449.84047	17.802	0.026000000000000002
2456450.89073	17.76	0.027999999999999997
2456452.5622099997	17.817	0.02
2456454.6667400002	17.792	0.022000000000000002
2456456.54145	17.807000000000002	0.02
2456457.79299	17.817	0.022000000000000002
2456458.8568700003	17.8	0.026000000000000002
2456460.59605	17.762	0.022000000000000002
2456461.82785	17.773	0.02
2456463.6638	17.801	0.025
2456464.78116	17.74	0.032
2456469.55882	17.807000000000002	0.025
2456472.7134599998	17.785999999999998	0.022000000000000002
2456473.83454	17.804000000000002	0.031
2456475.53303	17.807000000000002	0.025
2456476.59833	17.866	0.026000000000000002
2456477.69848	17.804000000000002	0.022000000000000002
2456479.7072799997	17.835	0.027999999999999997
2456481.51607	17.833	0.027999999999999997
2456484.51164	17.801	0.024
2456486.5315799997	17.78	0.022000000000000002
2456487.64041	17.797	0.018000000000000002
2456489.78617	17.805999999999997	0.033
2456491.56091	17.741	0.026000000000000002
2456497.71704	17.83	0.031
2456499.5012	17.816	0.022000000000000002
2456501.72516	17.819000000000003	0.026000000000000002
2456506.5564900003	17.771	0.031
2456508.6486	17.788	0.018000000000000002
2456510.5553099997	17.783	0.018000000000000002
2456514.48111	17.804000000000002	0.026000000000000002
2456516.55444	17.822	0.026000000000000002
2456519.6344	17.832	0.032
2456524.57227	17.79	0.022000000000000002
2456529.5575099997	17.847	0.026000000000000002
2456532.64073	17.846	0.026000000000000002
2456536.59472	17.828	0.021
2456541.62188	18.037	0.02
2456546.5065200003	17.864	0.035
2456558.5149	17.829	0.022000000000000002
2456561.55988	17.837	0.027999999999999997
2456564.54367	17.827	0.028999999999999998
2456568.53884	17.85	0.036000000000000004
2456571.49189	17.773	0.031
2456573.5488	17.822	0.027999999999999997
2456576.5018700003	17.802	0.053
2456576.57153	17.837	0.067
2456578.51378	17.861	0.033
2456741.84419	17.781	0.022000000000000002
2456742.74936	17.867	0.022000000000000002
2456744.8713599998	17.772000000000002	0.02
2456746.78221	17.802	0.021
2456748.85324	17.785	0.018000000000000002
2456752.82125	17.782	0.018000000000000002
2456756.9240099997	17.805	0.024
2456760.75204	17.838	0.021
2456763.7440400003	17.793	0.024
2456768.74898	17.824	0.02
2456770.83505	17.805999999999997	0.018000000000000002
2456773.73763	17.814	0.024
2456776.6672799997	17.857	0.022000000000000002
2456784.8962	17.773	0.025
2456785.8882299997	17.805999999999997	0.024
2456786.91349	17.774	0.026000000000000002
2456790.92569	17.838	0.033
2456797.86318	17.772000000000002	0.031
2456803.93596	17.83	0.032
2456805.83299	17.81	0.027999999999999997
2456808.68157	17.805	0.022000000000000002
2456810.60469	17.798	0.025
2456811.8785099997	17.829	0.039
2456814.91029	17.78	0.035
2456817.57852	17.816	0.032
2456819.61	17.762999999999998	0.043
2456824.63425	17.799	0.032
2456826.51742	17.819000000000003	0.031
2456827.74393	17.81	0.025
2456829.60896	17.812	0.028999999999999998
2456831.6222	17.804000000000002	0.02
2456833.56072	17.835	0.039
2456834.81894	17.836	0.042
2456836.75615	17.817	0.027999999999999997
2456838.5998	17.801	0.025
2456839.85051	17.801	0.039
2456842.52432	17.808	0.035
2456844.80028	17.813	0.027999999999999997
2456847.61442	17.808	0.026000000000000002
2456852.48188	17.815	0.033
2456855.79014	17.801	0.026000000000000002
2456857.72022	17.789	0.021
2456862.56512	17.797	0.027999999999999997
2456864.56834	17.816	0.024
2456872.6038	17.824	0.025
2456878.55966	17.814	0.039
2456881.72535	17.808	0.042
2456885.6405	17.793	0.022000000000000002
2456888.5202	17.822	0.022000000000000002
2456890.6993299997	17.831	0.032
2456898.5181	17.840999999999998	0.027999999999999997
2456912.6025799997	17.822	0.033
2456922.55904	17.785	0.031
2456927.5290200002	17.8	0.042
2456932.50811	17.843	0.042
2456938.52153	17.885	0.042
2456943.49292	17.815	0.044000000000000004
2457063.88387	17.788	0.028999999999999998
2457069.87514	17.808	0.025
2457071.89983	17.767	0.035
2457075.9006	17.71	0.04
2457077.8856099998	17.77	0.026000000000000002
2457079.90474	17.730999999999998	0.047
2457082.84081	17.722	0.018000000000000002
2457083.88859	17.755	0.022000000000000002
2457086.84851	17.719	0.024
2457088.89043	17.734	0.024
2457091.78229	17.67	0.022000000000000002
2457098.84368	17.643	0.018000000000000002
2457100.8471	17.619	0.018000000000000002
2457102.91696	17.574	0.024
2457110.8596900003	17.412	0.015
2457112.80441	17.340999999999998	0.018000000000000002
2457114.78225	17.294	0.015
2457117.81752	17.136	0.015
2457120.87084	16.922	0.015
2457129.86282	15.862	0.006
2457132.74565	15.547	0.006
2457135.80512	15.939	0.006
2457137.9328799997	16.296	0.013999999999999999
2457140.74541	16.63	0.011000000000000001
2457142.83264	16.845	0.013000000000000001
2457145.87708	17.033	0.015
2457153.85464	17.383	0.015
2457155.8881099997	17.474	0.02
2457158.7443	17.528	0.018000000000000002
2457160.70926	17.555	0.018000000000000002
2457162.68067	17.566	0.02
2457164.71699	17.637	0.021
2457168.84748	17.667	0.022000000000000002
2457170.8582900004	17.680999999999997	0.024
2457173.79649	17.679000000000002	0.025
2457175.63721	17.708	0.024
2457178.6568299998	17.748	0.028999999999999998
2457180.63475	17.746	0.028999999999999998
2457181.8837900003	17.748	0.031
2457183.75676	17.719	0.024
2457185.61589	17.75	0.024
2457187.64404	17.75	0.022000000000000002
2457189.62131	17.743	0.025
2457193.7919799997	17.742	0.018000000000000002
2457197.82135	17.819000000000003	0.028999999999999998
2457199.7072	17.794	0.021
2457206.72449	17.764	0.028999999999999998
2457209.73094	17.797	0.025
2457212.80855	17.772000000000002	0.032
2457219.67886	17.801	0.021
2457221.65826	17.816	0.022000000000000002
2457223.63529	17.778	0.025
2457226.48991	17.785999999999998	0.027999999999999997
2457227.74354	17.816	0.028999999999999998
2457229.72576	17.767	0.027999999999999997
2457233.48195	17.83	0.04
2457249.51211	17.831	0.027999999999999997
2457253.6077400004	17.792	0.021
2457261.55372	17.730999999999998	0.036000000000000004
2457265.5336	17.798	0.024
2457269.57533	17.791	0.022000000000000002
2457273.62662	17.794	0.028999999999999998
2457281.51332	17.823	0.036000000000000004
2457292.49441	17.874000000000002	0.047
2457295.48674	17.78	0.039
2457437.82482	17.8	0.021
2457440.82284	17.79	0.025
2457443.90558	17.836	0.036000000000000004
2457446.8944	17.754	0.021
2457451.81305	17.792	0.021
2457452.88301	17.79	0.02
2457455.83903	17.79	0.022000000000000002
2457457.85649	17.793	0.025
2457460.87564	17.819000000000003	0.021
2457462.8794400003	17.792	0.02
2457465.8343599997	17.804000000000002	0.025
2457467.91293	17.791	0.024
2457471.83423	17.759	0.026000000000000002
2457472.91975	17.762999999999998	0.028999999999999998
2457474.90695	17.775	0.026000000000000002
2457480.8442	17.815	0.038
2457488.7376599996	17.764	0.021
2457491.92795	17.787	0.031
2457494.7375	17.797	0.021
2457497.91168	17.838	0.028999999999999998
2457499.93105	17.820999999999998	0.033
2457507.93101	17.814	0.028999999999999998
2457509.9095900003	17.807000000000002	0.031
2457518.74573	17.8	0.025
2457526.8167	17.791	0.027999999999999997
2457530.86941	17.826	0.036000000000000004
2457536.8145	17.826	0.024
2457546.81084	17.798	0.027999999999999997
2457547.88873	17.808	0.038
2457550.6396	17.785999999999998	0.026000000000000002
2457554.66904	17.799	0.021
2457560.76408	17.739	0.033
2457561.5052400003	17.834	0.036000000000000004
2457562.55149	17.835	0.031
2457566.48072	17.832	0.032
2457566.52335	17.814	0.024
2457567.4873599997	17.796	0.028999999999999998
2457567.5389400003	17.75	0.025
2457568.68828	17.83	0.024
2457569.50584	17.827	0.032
2457570.6748900004	17.76	0.021
2457573.6452	17.817	0.025
2457575.78267	17.813	0.024
2457576.46125	17.772000000000002	0.042
2457576.79213	17.801	0.025
2457577.46179	17.82	0.043
2457581.80973	17.781	0.032
2457584.71163	17.823	0.032
2457589.71502	17.744	0.033
2457590.72487	17.737000000000002	0.024
2457593.70487	17.77	0.024
2457599.5192	17.798	0.032
2457599.5984900002	17.807000000000002	0.026000000000000002
2457599.60223	17.755	0.024
2457599.69614	17.82	0.025
2457600.5279900003	17.832	0.028999999999999998
2457600.62324	17.825	0.028999999999999998
2457600.74922	17.844	0.036000000000000004
2457601.69467	17.81	0.022000000000000002
2457601.71917	17.785999999999998	0.024
2457603.54998	17.803	0.021
2457604.75636	17.803	0.026000000000000002
2457607.6483400003	17.79	0.021
2457609.71544	17.813	0.024
2457612.65579	17.781	0.055999999999999994
2457618.49558	17.83	0.033
2457622.57975	17.829	0.022000000000000002
2457625.49823	17.816	0.024
2457631.57418	17.793	0.021
2457636.50257	17.817	0.032
2457643.51718	17.844	0.04
2457649.5737099997	17.774	0.025
2457650.49126	17.785	0.024
2457650.57666	17.805999999999997	0.027999999999999997
2457651.50658	17.817	0.025
2457652.49277	17.787	0.022000000000000002
2457653.49322	17.828	0.022000000000000002
2457653.52814	17.793	0.022000000000000002
2457654.49783	17.862000000000002	0.031
2457655.49397	17.827	0.033
2457655.57871	17.803	0.031
2457656.49597	17.793	0.027999999999999997
2457657.54037	17.815	0.026000000000000002
2457658.49642	17.765	0.027999999999999997
2457659.4981299997	17.82	0.027999999999999997
2457660.49494	17.792	0.036000000000000004
2457661.4965	17.801	0.035
2457662.48976	17.799	0.035
2457662.49664	17.819000000000003	0.033
2457663.5511	17.823	0.031
2457664.49533	17.833	0.036000000000000004
2457665.49925	17.857	0.035
2457666.4975400004	17.805	0.04
2457667.49467	17.836	0.035
2457667.50214	17.839000000000002	0.035
2457671.48379	17.873	0.06
2457672.48396	17.792	0.038
2457673.49114	17.919	0.039
2457675.4882	17.785	0.049
2457681.49001	17.827	0.055999999999999994
2457682.4876599996	17.804000000000002	0.054000000000000006
2457683.4868799997	17.865	0.086
2457797.88382	17.811	0.028999999999999998
2457800.8448799998	17.811	0.028999999999999998
2457801.8854099996	17.8	0.031
2457807.8232	17.813	0.026000000000000002
2457809.89781	17.785	0.026000000000000002
2457812.8669	17.819000000000003	0.022000000000000002
2457815.89457	17.792	0.022000000000000002
2457818.83729	17.802	0.022000000000000002
2457820.87158	17.823	0.022000000000000002
2457822.8802099996	17.808	0.025
2457825.80854	17.78	0.026000000000000002
2457826.9015200003	17.787	0.027999999999999997
2457828.8889099997	17.808	0.026000000000000002
2457830.9031	17.744	0.038
2457834.8861	17.804000000000002	0.024
2457836.91927	17.83	0.05
2457838.90791	17.799	0.021
2457840.91706	17.805	0.025
2457842.87934	17.801	0.024
2457844.8393900003	17.829	0.028999999999999998
2457846.79427	17.808	0.022000000000000002
2457848.7269	17.817	0.026000000000000002
2457849.85676	17.803	0.018000000000000002
2457851.76938	17.852	0.035
2457853.92825	17.867	0.055999999999999994
2457855.83068	17.811	0.028999999999999998
2457862.73779	17.809	0.026000000000000002
2457864.90453	17.796	0.022000000000000002
2457866.75159	17.785999999999998	0.021
2457867.88637	17.809	0.021
2457869.82072	17.812	0.02
2457871.7280099997	17.798	0.02
2457872.87359	17.787	0.021
2457874.68301	17.785	0.025
2457875.8903900003	17.809	0.025
2457877.67231	17.791	0.024
2457878.8334	17.808	0.021
2457880.69857	17.794	0.033
2457881.8886599997	17.905	0.05
2457889.93266	17.762999999999998	0.053
2457893.7811	17.784000000000002	0.025
2457894.78968	17.826	0.024
2457897.71917	17.817999999999998	0.026000000000000002
2457902.64481	17.776	0.028999999999999998
2457903.81383	17.815	0.026000000000000002
2457904.8187700002	17.826	0.021
2457905.78533	17.797	0.022000000000000002
2457906.74794	17.807000000000002	0.021
2457907.756	17.819000000000003	0.024
2457908.84361	17.793	0.024
2457909.76714	17.803	0.026000000000000002
2457910.66209	17.794	0.025
2457911.55073	17.785	0.043
2457916.61242	17.788	0.024
2457917.5786200003	17.825	0.031
2457918.58017	17.837	0.028999999999999998
2457922.67594	17.793	0.022000000000000002
2457923.82047	17.846	0.031
2457924.77703	17.765	0.022000000000000002
2457925.81159	17.808	0.027999999999999997
2457928.57852	17.835	0.025
2457933.5188700003	17.849	0.033
2457934.5052900002	17.808	0.027999999999999997
2457935.50534	17.802	0.025
2457936.49164	17.815	0.026000000000000002
2457937.48605	17.779	0.032
2457937.8383299997	17.798	0.033
2457944.61927	17.811	0.028999999999999998
2457945.53354	17.833	0.026000000000000002
2457946.46415	17.785	0.038
2457947.5156900003	17.789	0.025
2457948.5085299998	17.799	0.024
2457949.5679200003	17.834	0.033
2457953.47928	17.824	0.027999999999999997
2457954.49136	17.814	0.025
2457955.8006	17.836	0.028999999999999998
2457957.66261	17.785999999999998	0.031
2457959.4819099996	17.816	0.022000000000000002
2457960.4887099997	17.817	0.026000000000000002
2457961.57256	17.840999999999998	0.022000000000000002
2457962.7653200002	17.79	0.027999999999999997
2457965.67923	17.794	0.024
2457967.60714	17.798	0.047
2457971.67161	17.801	0.032
2457972.7025	17.771	0.036000000000000004
2457974.59865	17.826	0.027999999999999997
2457979.59656	17.785999999999998	0.022000000000000002
2457981.58619	17.805	0.025
2457983.53388	17.778	0.027999999999999997
2457984.671	17.834	0.027999999999999997
2457987.51987	17.832	0.022000000000000002
2457991.49762	17.816	0.025
2457993.4810099998	17.842	0.027999999999999997
2457994.6387099996	17.789	0.046
2458000.5805200003	17.848	0.051
2458003.48727	17.816	0.043
2458007.60979	17.825	0.038
2458012.5891299997	17.817999999999998	0.027999999999999997
2458016.49914	17.783	0.028999999999999998
2458020.4929299997	17.797	0.031
2458029.49676	17.793	0.035
2458040.5168	17.86	0.046
