2455377.81908	19.074	0.076
2455379.84998	19.06	0.113
2455382.61916	19.23	0.11
2455386.51024	19.152	0.077
2455386.59234	19.219	0.073
2455386.67674	19.168	0.064
2455387.81397	19.14	0.076
2455391.50949	19.159000000000002	0.095
2455396.66876	19.213	0.073
2455404.64447	19.287	0.091
2455408.63865	19.22	0.086
2455412.59774	19.175	0.09699999999999999
2455421.59997	19.167	0.07400000000000001
2455431.5221700002	19.021	0.08
2455438.53077	19.257	0.098
2455446.52085	19.144000000000002	0.071
2455453.48577	19.05	0.133
2455458.5084700002	19.149	0.10300000000000001
2455459.6245	19.026	0.077
2455461.58543	19.037	0.133
2455463.63696	19.387999999999998	0.133
2455464.60472	19.213	0.115
2455468.5391700002	19.192999999999998	0.09699999999999999
2455471.52203	19.195999999999998	0.08
2455472.5704200002	19.174	0.08800000000000001
2455476.53522	19.141	0.08800000000000001
2455480.49873	19.127	0.092
2455486.5605	19.197	0.133
2455488.5477299998	19.279	0.13
2455491.50225	19.089000000000002	0.157
2455495.53405	19.229	0.094
2455612.89486	19.115	0.11199999999999999
2455616.8897	19.163	0.11
2455620.9037	19.03	0.184
2455624.88635	19.152	0.062
2455626.85737	19.297	0.10300000000000001
2455628.81687	19.176	0.085
2455630.83101	19.148	0.07
2455632.82425	19.155	0.077
2455634.80329	19.205	0.076
2455637.83853	19.08	0.11199999999999999
2455638.8432	19.205	0.08800000000000001
2455639.89762	19.230999999999998	0.08
2455641.75949	19.218	0.107
2455643.77435	19.094	0.085
2455648.77759	19.051	0.07400000000000001
2455649.9150400003	19.198	0.08800000000000001
2455651.88337	19.135	0.067
2455654.81868	19.324	0.083
2455656.7894	19.160999999999998	0.067
2455658.7763099996	19.061	0.079
2455659.83262	19.266	0.08199999999999999
2455662.74394	19.184	0.1
2455664.81691	19.242	0.083
2455667.72382	19.29	0.085
2455669.8175	19.04	0.073
2455675.7754900004	19.163	0.08
2455677.7368799997	19.191	0.071
2455679.92529	19.109	0.071
2455681.8068	19.179000000000002	0.076
2455683.77116	19.144000000000002	0.068
2455685.7703299997	19.055999999999997	0.055
2455687.67407	19.188	0.092
2455690.67057	19.283	0.083
2455691.88162	19.092	0.071
2455693.7102099997	19.219	0.076
2455694.81604	19.180999999999997	0.071
2455695.94407	19.058	0.154
2455697.70105	19.17	0.08900000000000001
2455698.77775	19.257	0.11900000000000001
2455705.8234599996	19.145	0.08
2455707.73907	19.327	0.083
2455708.82112	19.1	0.095
2455712.821	19.096	0.07
2455715.70335	19.175	0.062
2455716.8705700003	19.241	0.08199999999999999
2455722.71637	19.172	0.07
2455723.8577099997	19.115	0.08800000000000001
2455725.75483	19.134	0.071
2455734.8920400003	19.102999999999998	0.13
2455736.7105	19.116	0.05
2455737.7944799997	19.149	0.059000000000000004
2455739.61154	19.227	0.076
2455740.71515	19.137	0.067
2455741.7622700003	19.092	0.053
2455742.77197	19.058	0.05
2455743.88412	19.157	0.115
2455745.56313	19.131	0.11
2455746.7445099996	19.012	0.065
2455749.5049400004	19.382	0.168
2455760.7913	19.243	0.08800000000000001
2455762.56732	19.265	0.10099999999999999
2455763.71312	19.184	0.077
2455765.48653	19.176	0.08199999999999999
2455766.62909	19.065	0.059000000000000004
2455767.78441	19.184	0.1
2455769.56883	19.152	0.08
2455776.59245	19.074	0.085
2455778.56447	19.221	0.106
2455785.59531	19.16	0.115
2455787.56561	19.182000000000002	0.077
2455788.74896	19.317	0.18
2455793.58666	19.15	0.07400000000000001
2455795.61466	19.095	0.09699999999999999
2455801.5884	19.192999999999998	0.085
2455804.65007	19.332	0.095
2455807.66414	19.183	0.132
2455815.52213	19.147000000000002	0.071
2455817.60648	19.146	0.09699999999999999
2455820.50074	19.122	0.115
2455822.4903700002	19.153	0.13
2455822.5046	19.151	0.11199999999999999
2455822.52049	19.107	0.08900000000000001
2455822.535	19.189	0.095
2455822.54923	19.108	0.08800000000000001
2455822.55741	19.25	0.1
2455822.56564	19.133	0.086
2455822.5800099997	19.189	0.085
2455822.59479	19.176	0.079
2455822.60886	19.214000000000002	0.08800000000000001
2455822.61857	19.131	0.083
2455822.6234	19.275	0.1
2455822.63791	19.229	0.106
2455823.47986	19.039	0.151
2455823.49711	19.304000000000002	0.139
2455823.51164	19.192	0.11900000000000001
2455823.5260799997	19.085	0.098
2455823.5405200003	19.184	0.11
2455823.55501	19.145	0.098
2455823.56943	19.187	0.092
2455823.58399	19.203	0.08800000000000001
2455823.59859	19.119	0.085
2455823.61309	19.265	0.115
2455823.62594	19.209	0.127
2455824.48025	19.139	0.135
2455824.49361	19.155	0.095
2455824.52102	19.249000000000002	0.07400000000000001
2455824.52447	19.064	0.07
2455824.54979	19.067999999999998	0.064
2455824.5761599997	19.248	0.077
2455824.60311	19.018	0.068
2455824.6272400003	19.072	0.08800000000000001
2455825.4843	19.221	0.11800000000000001
2455825.55328	19.377	0.10099999999999999
2455825.61196	19.324	0.107
2455826.51622	19.101	0.08800000000000001
2455827.57068	19.179000000000002	0.10300000000000001
2455827.6052099997	19.086	0.10099999999999999
2455828.51613	19.094	0.067
2455829.49258	19.234	0.094
2455829.57411	19.25	0.076
2455830.49259	19.208	0.068
2455831.58408	19.273	0.083
2455832.57447	19.187	0.091
2455833.54569	19.198	0.07400000000000001
2455833.5929400004	19.022000000000002	0.079
2455834.4959400003	19.077	0.061
2455835.52569	19.085	0.11
2455836.49425	19.136	0.126
2455836.57738	19.359	0.129
2455839.4956099996	19.267	0.171
2455840.6051	19.009	0.094
2455842.57881	19.015	0.124
2455844.58477	19.461	0.201
2455850.51935	19.121	0.08199999999999999
2455852.56512	19.308	0.153
2455858.51596	19.365	0.174
2455978.85717	19.203	0.076
2455983.83916	19.035	0.071
2455986.8360099997	19.087	0.065
2455989.82169	19.253	0.083
2455991.86998	19.204	0.062
2455994.82267	19.146	0.083
2455996.84063	19.201	0.086
2455998.8629900003	19.152	0.08199999999999999
2456003.90551	19.364	0.113
2456005.90008	19.123	0.052000000000000005
2456007.86831	19.178	0.062
2456009.79369	19.151	0.064
2456010.90902	19.083	0.049
2456012.8525400003	19.107	0.053
2456014.77362	19.203	0.064
2456015.87908	19.09	0.049
2456017.7851299997	19.141	0.061
2456018.88114	19.135	0.055
2456020.7584599997	19.088	0.067
2456021.81865	19.151	0.065
2456022.90169	19.065	0.055999999999999994
2456025.72968	19.002	0.09699999999999999
2456031.83709	19.137999999999998	0.067
2456033.78738	19.102	0.065
2456036.74507	19.198	0.064
2456038.78008	19.205	0.064
2456040.87075	19.122	0.064
2456047.77534	19.021	0.052000000000000005
2456049.73675	19.137	0.057999999999999996
2456050.90062	19.219	0.071
2456053.66227	19.118	0.113
2456058.6804400003	19.198	0.091
2456059.67263	19.173	0.07
2456061.82909	19.135	0.068
2456063.7508799997	19.105	0.106
2456065.63828	19.129	0.083
2456066.8341599996	19.117	0.068
2456067.89437	19.199	0.071
2456069.72229	19.255	0.065
2456070.80665	19.133	0.065
2456071.86314	19.112000000000002	0.073
2456076.61669	19.174	0.07400000000000001
2456077.84868	19.187	0.057999999999999996
2456078.91373	19.432000000000002	0.106
2456080.59877	19.101	0.10300000000000001
2456081.63228	19.224	0.094
2456082.7162599997	18.784000000000002	0.098
2456085.82761	19.102	0.094
2456086.84746	19.098	0.071
2456088.6916799997	19.116	0.055
2456092.8782900004	19.164	0.10099999999999999
2456094.64475	19.131	0.077
2456096.77818	19.157	0.07400000000000001
2456098.58607	19.327	0.09699999999999999
2456100.51865	19.107	0.113
2456101.56622	19.173	0.08900000000000001
2456102.62553	19.135	0.07400000000000001
2456103.6372700003	19.137	0.064
2456104.71018	19.192999999999998	0.055
2456105.763	19.368	0.09699999999999999
2456108.8386	19.05	0.064
2456109.72147	19.121	0.13
2456113.78952	19.23	0.092
2456115.4996700003	19.153	0.079
2456116.62678	19.054000000000002	0.052000000000000005
2456117.7092	19.025	0.061
2456118.76165	19.092	0.062
2456119.76909	19.214000000000002	0.086
2456121.52975	19.192999999999998	0.08199999999999999
2456123.66719	19.144000000000002	0.065
2456124.7809599997	18.988	0.073
2456126.53189	19.261	0.08
2456128.54538	19.215	0.068
2456132.64257	19.14	0.07400000000000001
2456134.5959799998	19.180999999999997	0.092
2456141.53595	19.38	0.11900000000000001
2456150.5049799997	19.1	0.08800000000000001
2456152.54049	19.205	0.079
2456157.7223900002	19.035	0.10300000000000001
2456159.59429	19.127	0.077
2456161.63881	19.227999999999998	0.071
2456179.6321400004	19.112000000000002	0.092
2456182.55173	19.266	0.071
2456191.55961	19.208	0.08199999999999999
2456196.56012	19.159000000000002	0.094
2456204.54101	19.162	0.076
2456211.52384	19.027	0.059000000000000004
2456218.55303	19.0	0.079
2456234.51142	19.043	0.094
2456239.51796	19.299	0.147
2456341.8829	19.175	0.094
2456347.8585900003	19.176	0.08199999999999999
2456350.90111	19.243	0.126
2456354.8602299998	19.207	0.08
2456362.82234	19.288	0.079
2456367.90065	19.187	0.057999999999999996
2456370.78787	19.198	0.064
2456372.91217	19.123	0.083
2456374.87825	19.221	0.073
2456376.83636	19.2	0.068
2456378.7812	18.972	0.061
2456379.90117	19.266	0.077
2456381.8645900004	19.133	0.055
2456386.7897099997	19.199	0.067
2456387.88522	19.22	0.08
2456389.81754	19.081	0.061
2456390.89243	19.174	0.057999999999999996
2456393.87544	19.188	0.085
2456395.8785099997	19.215	0.055999999999999994
2456397.85091	19.066	0.053
2456399.76475	19.212	0.067
2456401.81036	19.15	0.062
2456403.72514	19.205	0.061
2456404.9258	19.168	0.077
2456407.85486	19.28	0.083
2456415.7780400002	19.192	0.079
2456417.6929599997	19.211	0.1
2456418.7905	19.099	0.061
2456420.6434400002	19.163	0.065
2456422.69553	19.081	0.071
2456423.93405	19.173	0.077
2456426.82982	19.125	0.053
2456428.94034	19.070999999999998	0.11800000000000001
2456432.71133	19.061	0.062
2456433.82168	19.051	0.052000000000000005
2456435.6626	19.128	0.08900000000000001
2456436.74284	19.27	0.08900000000000001
2456441.65809	19.383	0.20600000000000002
2456442.79819	19.102999999999998	0.053
2456444.93576	19.248	0.098
2456447.55689	19.123	0.07400000000000001
2456448.58649	19.317	0.092
2456449.62671	19.244	0.077
2456450.67632	19.219	0.059000000000000004
2456451.75654	19.186	0.065
2456452.86542	19.093	0.053
2456454.90595	19.078	0.065
2456456.79205	19.006	0.047
2456458.64507	19.13	0.067
2456459.71877	19.164	0.047
2456461.5865599997	19.085	0.062
2456462.862	19.167	0.083
2456464.56395	19.233	0.13
2456468.63099	18.901	0.08
2456469.83268	19.480999999999998	0.135
2456473.6231299997	19.180999999999997	0.052000000000000005
2456474.7001400003	19.312	0.091
2456475.79069	19.21	0.07
2456476.84116	19.118	0.092
2456478.60186	19.108	0.061
2456480.6817900003	19.12	0.065
2456481.81684	19.028	0.086
2456485.69277	19.178	0.059000000000000004
2456486.8021299997	19.051	0.061
2456489.55427	19.067999999999998	0.08199999999999999
2456490.68625	19.133	0.059000000000000004
2456492.4734099996	19.299	0.151
2456496.58461	19.262999999999998	0.165
2456496.60152	19.162	0.139
2456498.62175	19.224	0.071
2456500.71364	19.203	0.095
2456505.5536700003	19.135	0.067
2456507.7122	19.214000000000002	0.107
2456509.64305	19.154	0.05
2456511.54867	19.102	0.062
2456515.51225	19.075	0.057999999999999996
2456523.6072400003	18.977999999999998	0.065
2456525.6464400003	19.128	0.121
2456531.61774	19.254	0.073
2456534.5872299997	18.972	0.061
2456539.54873	19.097	0.057999999999999996
2456544.5882200003	19.304000000000002	0.085
2456551.56611	19.177	0.11599999999999999
2456559.6222200003	19.192	0.092
2456563.57905	19.019000000000002	0.08199999999999999
2456567.52417	19.287	0.109
2456569.59631	19.078	0.071
2456572.58845	19.186	0.091
2456577.51664	19.297	0.21
2456581.5666900002	19.444000000000003	0.138
2456584.55584	19.082	0.121
2456701.89211	19.387999999999998	0.11900000000000001
2456709.84137	19.051	0.077
2456711.84667	19.195999999999998	0.07400000000000001
2456714.8929	19.085	0.098
2456717.8718	19.294	0.109
2456720.82611	19.123	0.065
2456722.86418	19.247	0.092
2456724.88442	19.195999999999998	0.094
2456726.87727	19.153	0.077
2456728.87847	19.242	0.064
2456730.8500099997	19.27	0.10099999999999999
2456732.90362	19.177	0.085
2456734.85902	19.045	0.068
2456736.78405	19.008	0.11
2456737.8862900003	19.212	0.071
2456742.84495	19.227999999999998	0.068
2456746.84412	19.087	0.062
2456750.88641	19.085	0.05
2456755.84557	19.257	0.07
2456759.74241	19.164	0.07
2456761.8853599997	19.192	0.061
2456764.88248	19.012	0.057999999999999996
2456769.8456	19.087	0.059000000000000004
2456772.70892	19.213	0.068
2456774.85622	18.952	0.064
2456777.88943	19.176	0.07
2456790.6564	19.093	0.10099999999999999
2456791.9424900003	19.391	0.204
2456796.8883700003	19.127	0.091
2456803.68079	19.1	0.067
2456804.92593	19.044	0.092
2456807.80113	19.148	0.083
2456809.68474	19.183	0.057999999999999996
2456811.58853	19.22	0.122
2456814.60617	19.045	0.086
2456816.5921	19.267	0.115
2456823.78965	19.187	0.092
2456825.6274	19.265	0.095
2456826.9009	19.124000000000002	0.10300000000000001
2456828.76661	19.227999999999998	0.064
2456830.6023	19.279	0.079
2456832.62298	19.151	0.086
2456834.54732	19.07	0.092
2456835.84069	18.972	0.086
2456837.73779	19.148	0.071
2456839.58235	19.315	0.10400000000000001
2456841.60013	19.13	0.071
2456844.52348	19.189	0.08800000000000001
2456845.76635	19.143	0.064
2456851.55589	19.131	0.095
2456855.52091	18.996	0.091
2456856.79265	19.269000000000002	0.10099999999999999
2456858.7505799998	19.142	0.073
2456863.6362799997	19.145	0.055
2456870.6118900003	19.116	0.067
2456880.64542	19.33	0.159
2456883.5600900003	19.17	0.064
2456887.48189	19.089000000000002	0.07
2456889.67297	19.274	0.076
2456895.6357400003	19.084	0.061
2456908.6090700002	19.145	0.109
2456919.49118	19.088	0.109
2456925.52937	19.248	0.122
2456930.52428	19.24	0.147
2456930.53068	19.233	0.132
2456936.49232	19.097	0.08199999999999999
2456939.53126	19.279	0.141
2456944.5131900003	19.065	0.086
2456950.54794	18.989	0.10099999999999999
2456953.5454	19.123	0.11
2456956.52943	19.215999999999998	0.133
2457066.89005	19.13	0.159
2457071.86062	19.12	0.077
2457074.8845	19.086	0.079
2457075.86057	19.180999999999997	0.08
2457077.84723	19.204	0.10300000000000001
2457078.90094	19.112000000000002	0.08900000000000001
2457081.89744	19.169	0.098
2457083.84304	19.119	0.095
2457084.8511200002	19.08	0.10300000000000001
2457087.8300099997	19.173	0.098
2457089.8258	19.065	0.091
2457091.85105	19.15	0.10300000000000001
2457097.7911400003	19.114	0.065
2457099.79515	19.094	0.065
2457100.91183	19.327	0.08900000000000001
2457108.8582900004	19.18	0.08900000000000001
2457109.80783	19.189	0.077
2457111.76301	19.133	0.068
2457112.89751	19.17	0.059000000000000004
2457116.74017	19.221	0.11199999999999999
2457119.84967	19.273	0.107
2457126.7856	19.257	0.068
2457131.72182	19.124000000000002	0.073
2457134.78803	19.078	0.073
2457136.92025	19.108	0.07
2457139.75771	18.988	0.064
2457141.8440799997	19.128	0.052000000000000005
2457143.92153	19.233	0.076
2457144.75768	19.035	0.079
2457146.8730099997	19.141	0.083
2457152.92636	19.119	0.086
2457154.93761	19.247	0.091
2457157.74276	19.195999999999998	0.064
2457159.75996	19.160999999999998	0.065
2457161.7603599997	19.090999999999998	0.055
2457163.7041700003	19.261	0.09699999999999999
2457166.7315700003	19.094	0.065
2457169.94718	19.086	0.132
2457172.89042	19.11	0.07400000000000001
2457174.74537	19.104	0.076
2457178.71042	19.289	0.157
2457179.77502	19.29	0.106
2457181.60128	19.203	0.077
2457182.88828	19.209	0.07400000000000001
2457184.76253	19.151	0.07400000000000001
2457186.66427	19.259	0.1
2457188.6567700002	19.269000000000002	0.10300000000000001
2457190.61524	19.145	0.076
2457191.62762	19.146	0.07400000000000001
2457197.5465700002	19.165	0.107
2457198.8336	19.24	0.133
2457200.6781099997	19.27	0.065
2457202.84061	19.264	0.147
2457207.71226	19.31	0.10099999999999999
2457211.6093099997	19.239	0.07400000000000001
2457217.64278	19.167	0.079
2457220.7606099998	19.132	0.055
2457222.71282	19.2	0.107
2457224.72109	19.307000000000002	0.092
2457227.47414	19.364	0.166
2457229.47535	19.090999999999998	0.083
2457235.7527900003	19.219	0.107
2457252.5404	19.187	0.077
2457256.59908	19.405	0.162
2457263.6973599996	19.018	0.135
2457268.52564	19.289	0.067
2457271.55402	19.185	0.08199999999999999
2457277.628	19.131	0.086
2457292.59689	19.113	0.141
2457295.58585	19.133	0.08800000000000001
2457300.51541	19.296	0.132
2457317.53449	19.188	0.147
2457324.51684	19.256	0.151
2457424.8769	19.090999999999998	0.077
2457425.87292	19.25	0.121
2457427.88184	19.159000000000002	0.129
2457428.87376	19.158	0.08199999999999999
2457429.85823	19.115	0.098
2457431.8579599997	19.160999999999998	0.08
2457432.87	19.252	0.08800000000000001
2457434.85704	19.253	0.133
2457436.86637	19.229	0.107
2457439.84681	19.102999999999998	0.13
2457441.88366	19.173	0.094
2457443.85452	19.163	0.121
2457444.83354	18.961	0.086
2457445.8955200003	19.195	0.08199999999999999
2457448.8108	19.101	0.129
2457453.90089	19.294	0.086
2457454.85625	19.061	0.067
2457456.85885	19.212	0.08
2457458.8875	19.158	0.068
2457461.89626	19.16	0.055999999999999994
2457464.82799	19.188	0.08
2457467.80612	19.113	0.079
2457470.89194	19.205	0.083
2457472.80006	19.168	0.095
2457474.8161400002	19.032	0.092
2457475.85708	19.144000000000002	0.113
2457476.79372	19.23	0.08900000000000001
2457484.9187	19.215999999999998	0.076
2457487.74829	19.133	0.085
2457491.7212	19.164	0.08199999999999999
2457493.7553	19.133	0.07400000000000001
2457495.77866	19.092	0.071
2457499.74329	19.014	0.08900000000000001
2457500.92906	19.11	0.107
2457508.9287799997	19.065	0.073
2457512.80138	19.055	0.049
2457523.92744	19.118	0.077
2457529.7910599997	19.296	0.151
2457536.60224	19.233	0.098
2457545.91512	19.153	0.08
2457547.6751200003	19.301	0.07
2457549.7673400003	19.147000000000002	0.055999999999999994
2457555.75734	19.102999999999998	0.061
2457557.90808	19.245	0.136
2457566.71617	19.232	0.08
2457567.81692	19.153	0.077
2457569.6616599998	19.124000000000002	0.068
2457573.72827	19.315	0.107
2457576.73	19.229	0.067
2457584.50715	19.135	0.115
2457589.70415	18.923	0.086
2457593.5164900003	19.242	0.079
2457599.6296900003	19.250999999999998	0.076
2457602.57597	19.154	0.073
2457604.50264	19.046	0.07
2457605.74735	19.32	0.1
2457608.70022	19.157	0.062
2457611.57462	19.108	0.083
2457616.69943	19.111	0.126
2457621.4802099997	19.127	0.106
2457623.6493599997	19.281	0.077
2457626.65342	19.158	0.071
2457633.57202	19.107	0.1
2457637.6343900003	19.128	0.079
2457647.5395400003	19.2	0.09699999999999999
2457650.51195	19.122	0.062
2457651.52732	19.187	0.094
2457652.4860799997	19.133	0.059000000000000004
2457652.51453	19.195999999999998	0.065
2457653.5139	19.089000000000002	0.061
2457654.51888	19.073	0.095
2457655.5219400004	19.135	0.073
2457656.52133	19.121	0.086
2457657.5675	19.173	0.076
2457657.59595	19.082	0.071
2457659.54728	19.051	0.11
2457660.51565	19.255	0.109
2457660.5588	19.042	0.095
2457661.51723	19.044	0.08900000000000001
2457662.51794	18.907	0.08199999999999999
2457664.51603	19.107	0.094
2457665.53822	19.274	0.11599999999999999
2457666.51828	19.108	0.095
2457667.54756	19.195999999999998	0.08900000000000001
2457671.50457	19.049	0.1
2457672.5061	19.252	0.106
2457673.52637	19.273	0.129
2457673.5476900004	19.157	0.133
2457675.51301	19.438	0.174
2457681.50561	19.064	0.11
2457682.5082400003	19.123	0.091
2457683.50728	19.104	0.09699999999999999
2457795.86829	19.081	0.162
2457796.87399	19.011	0.079
2457797.85662	19.09	0.126
2457799.87582	18.957	0.091
2457801.8547400003	19.04	0.109
2457803.85003	18.994	0.098
2457809.8336	19.023	0.1
2457811.88002	18.937	0.061
2457815.83178	19.012999999999998	0.07
2457817.88045	18.922	0.053
2457819.8986299997	18.913	0.055
2457822.81955	18.816	0.08
2457824.84564	18.852	0.07400000000000001
2457826.84087	18.797	0.073
2457828.82848	18.826	0.07
2457830.84845	18.86	0.071
2457834.79131	18.871	0.092
2457836.82059	18.785	0.061
2457838.8034099997	18.717	0.052000000000000005
2457840.81615	18.732	0.052000000000000005
2457842.78567	18.684	0.052000000000000005
2457844.73683	18.695	0.053
2457845.87866	18.627	0.044000000000000004
2457847.8196400004	18.601	0.046
2457849.75372	18.555999999999997	0.044000000000000004
2457850.8856900004	18.583	0.038
2457852.89252	18.574	0.059000000000000004
2457855.7365599996	18.408	0.053
2457856.85627	18.413	0.053
2457863.81703	18.247	0.038
2457864.79087	18.207	0.026000000000000002
2457865.9094	18.195	0.032
2457867.76975	18.124000000000002	0.026000000000000002
2457869.71719	18.059	0.03
2457870.85784	18.025	0.024
2457872.74241	17.94	0.023
2457873.86865	17.957	0.024
2457874.93781	17.905	0.055999999999999994
2457876.8629900003	17.804000000000002	0.023
2457878.71649	17.721	0.02
2457879.79182	17.726	0.036000000000000004
2457881.79235	17.6	0.027000000000000003
2457882.9185900004	17.519000000000002	0.021
2457893.67771	17.037	0.017
2457894.67708	17.026	0.013999999999999999
2457895.79294	17.048	0.013000000000000001
2457901.82614	17.212	0.016
2457902.9426599997	17.262999999999998	0.026000000000000002
2457904.7107700002	17.355999999999998	0.016
2457905.67069	17.401	0.017
2457906.63366	17.456	0.019
2457907.6713099997	17.527	0.021
2457908.73834	17.555999999999997	0.02
2457909.66249	17.582	0.021
2457910.56907	17.599	0.033
2457911.8812599997	17.687	0.042
2457917.82022	17.992	0.052000000000000005
2457923.72628	18.072	0.039
2457924.66353	18.148	0.032
2457925.70791	18.184	0.028999999999999998
2457926.76271	18.171	0.042
2457932.75922	18.343	0.038
2457933.73851	18.405	0.040999999999999995
2457934.75105	18.41	0.036000000000000004
2457935.76254	18.425	0.032
2457936.7689	18.410999999999998	0.035
2457937.73474	18.409000000000002	0.036000000000000004
2457944.5409	18.59	0.061
2457944.83351	18.587	0.1
2457945.77195	18.586	0.044000000000000004
2457946.73341	18.56	0.053
2457948.79344	18.552	0.049
2457952.72925	18.666	0.05
2457953.7529700003	18.673	0.040999999999999995
2457954.78991	18.724	0.05
2457956.7538799997	18.612000000000002	0.047
2457958.68664	18.764	0.064
2457959.7173599997	18.817	0.053
2457960.76143	18.774	0.053
2457962.51249	18.707	0.05
2457964.77587	18.877	0.08
2457966.6682700003	18.817	0.071
2457971.59685	18.85	0.079
2457972.60938	18.863	0.08199999999999999
2457974.5016400004	18.972	0.07400000000000001
2457979.47875	19.01	0.07
2457980.66155	18.886	0.073
2457982.62415	18.984	0.068
2457984.57714	18.897000000000002	0.065
2457986.61732	18.909000000000002	0.053
2457990.598	18.964000000000002	0.064
2457992.56281	19.033	0.064
2457994.54385	18.97	0.083
2458000.5013099997	18.971	0.092
2458002.5174	18.875	0.18
2458005.5968400002	19.03	0.121
2458012.48682	19.124000000000002	0.073
2458015.4979	19.083	0.091
2458018.5663900003	19.073	0.085
2458026.5187	18.969	0.11599999999999999
2458036.52635	19.226	0.11800000000000001
2458037.5684599997	19.18	0.133
2458041.51508	19.157	0.094
2458055.51675	19.17	0.113
2458057.51588	19.319000000000003	0.18899999999999997
