2455378.57053	16.977	0.013999999999999999
2455380.60336	16.968	0.013999999999999999
2455382.7511299998	16.956	0.018000000000000002
2455385.60008	16.97	0.012
2455385.69063	16.963	0.012
2455385.7887	16.958	0.012
2455388.61161	16.965	0.013999999999999999
2455391.73043	16.965	0.016
2455397.6435700003	16.979	0.02
2455404.78043	16.986	0.018000000000000002
2455408.76493	16.971	0.018000000000000002
2455412.7657	16.979	0.02
2455422.5087599996	16.968	0.018000000000000002
2455431.6527400003	17.004	0.022000000000000002
2455433.63576	16.986	0.02
2455439.52948	16.987000000000002	0.018000000000000002
2455446.6589	16.977999999999998	0.013999999999999999
2455457.50826	16.98	0.013999999999999999
2455460.53411	16.965	0.018000000000000002
2455463.5975	16.962	0.016
2455464.55728	16.961	0.018000000000000002
2455472.53824	16.979	0.02
2455481.51072	16.977999999999998	0.022000000000000002
2455483.51249	17.0	0.034
2455489.54215	16.99	0.022000000000000002
2455606.88139	16.98	0.013999999999999999
2455612.88528	16.972	0.018000000000000002
2455615.8941099998	16.977999999999998	0.013999999999999999
2455621.86253	16.964000000000002	0.012
2455624.79011	16.965	0.016
2455626.88141	16.977	0.013999999999999999
2455628.79507	16.99	0.016
2455629.87514	16.97	0.013999999999999999
2455631.8505700002	16.98	0.016
2455633.80553	16.992	0.013999999999999999
2455634.88195	16.991	0.013999999999999999
2455637.79248	16.982	0.02
2455640.8935599998	16.968	0.013999999999999999
2455643.74326	16.977999999999998	0.016
2455644.89372	16.989	0.022000000000000002
2455648.75167	16.977999999999998	0.016
2455649.8897700002	16.984	0.012
2455651.82612	16.975	0.013999999999999999
2455654.78355	16.963	0.013999999999999999
2455655.89493	16.976	0.013999999999999999
2455657.9245700003	16.953	0.018000000000000002
2455659.80663	16.987000000000002	0.013999999999999999
2455660.92196	16.977	0.02
2455664.79101	16.984	0.016
2455665.91569	16.976	0.013999999999999999
2455669.7658700002	16.985	0.016
2455675.7247099997	16.977999999999998	0.013999999999999999
2455676.9175400003	16.987000000000002	0.012
2455679.87371	16.968	0.013999999999999999
2455681.74259	16.992	0.012
2455683.68763	16.975	0.012
2455684.92228	16.980999999999998	0.013999999999999999
2455686.90588	16.962	0.016
2455689.81916	16.984	0.012
2455691.8286099997	16.977999999999998	0.013999999999999999
2455693.63851	16.974	0.016
2455694.75475	16.974	0.013999999999999999
2455695.89377	16.968	0.013999999999999999
2455697.63105	16.979	0.016
2455698.7245099996	16.964000000000002	0.02
2455705.7571799997	16.97	0.016
2455707.68805	16.974	0.013999999999999999
2455708.75712	17.0	0.018000000000000002
2455712.76738	16.977999999999998	0.012
2455715.63582	16.987000000000002	0.013999999999999999
2455716.81696	16.976	0.013999999999999999
2455722.64818	16.988	0.013999999999999999
2455723.80498	16.986	0.013999999999999999
2455725.70148	16.974	0.012
2455734.83445	16.976	0.018000000000000002
2455736.65279	16.963	0.012
2455737.74097	16.968	0.012
2455739.55813	16.98	0.013999999999999999
2455740.6386599997	16.963	0.016
2455741.70774	16.97	0.013999999999999999
2455742.72053	16.974	0.012
2455743.83355	16.953	0.016
2455745.5043200003	16.988	0.018000000000000002
2455746.68108	16.985	0.013999999999999999
2455748.63474	16.995	0.013999999999999999
2455752.5743	16.967	0.02
2455760.74021	16.989	0.016
2455762.51614	16.972	0.016
2455763.65057	16.967	0.013999999999999999
2455764.73757	16.967	0.013999999999999999
2455766.56586	16.977999999999998	0.013999999999999999
2455767.72846	16.991	0.016
2455769.50196	16.95	0.013999999999999999
2455775.68507	16.974	0.016
2455778.49468	16.958	0.018000000000000002
2455785.52391	16.967	0.02
2455787.48083	16.948	0.016
2455788.69446	16.958	0.022000000000000002
2455793.51918	16.984	0.013999999999999999
2455795.53166	16.959	0.016
2455801.5361599997	17.028	0.016
2455804.5991599998	16.984	0.013999999999999999
2455807.61147	16.985	0.02
2455813.65495	16.977999999999998	0.013999999999999999
2455817.5542599997	16.975	0.016
2455819.63385	16.975	0.016
2455822.589	16.975	0.013999999999999999
2455827.57994	16.969	0.018000000000000002
2455829.54856	16.977	0.013999999999999999
2455831.55882	16.998	0.016
2455833.5671900003	16.965	0.013999999999999999
2455840.57425	16.977999999999998	0.016
2455842.5495700003	16.995	0.02
2455844.55677	16.938	0.022000000000000002
2455847.54788	17.005	0.03
2455852.53883	16.974	0.022000000000000002
2455857.53364	16.973	0.026000000000000002
2455977.88355	16.97	0.013999999999999999
2455982.89523	16.965	0.013999999999999999
2455986.80376	16.967	0.016
2455988.90092	16.969	0.016
2455991.8446400003	16.974	0.012
2455994.78858	17.006	0.018000000000000002
2455996.81597	16.952	0.013999999999999999
2455998.8243	16.993	0.013999999999999999
2456003.87158	16.992	0.016
2456005.85706	16.976	0.012
2456007.83348	16.95	0.013999999999999999
2456009.7568	16.968	0.013999999999999999
2456010.8839	16.97	0.012
2456012.81658	16.986	0.012
2456014.74866	16.958	0.013999999999999999
2456017.76004	16.961	0.012
2456018.8525900003	16.982	0.012
2456020.7338	16.977999999999998	0.012
2456021.79312	16.979	0.013999999999999999
2456022.87425	16.972	0.012
2456025.7047900003	16.997	0.02
2456031.78364	16.982	0.013999999999999999
2456033.72954	16.958	0.016
2456035.92542	16.96	0.013999999999999999
2456038.72542	17.006	0.013999999999999999
2456040.7947400003	16.97	0.012
2456047.72267	16.992	0.013999999999999999
2456048.93182	16.959	0.016
2456050.84913	16.94	0.016
2456052.91175	16.968	0.013999999999999999
2456061.76529	16.969	0.012
2456062.90279	16.963	0.013999999999999999
2456064.91545	16.987000000000002	0.013999999999999999
2456066.76732	16.965999999999998	0.012
2456067.8429099997	16.980999999999998	0.012
2456069.66815	16.998	0.012
2456070.73344	16.983	0.012
2456071.81116	16.977999999999998	0.013999999999999999
2456075.87885	16.954	0.012
2456077.77838	16.975	0.013999999999999999
2456078.8621400003	16.977	0.012
2456079.93473	16.973	0.016
2456081.58187	16.972	0.018000000000000002
2456082.65228	17.05	0.022000000000000002
2456085.77605	16.965	0.016
2456086.7842200003	16.987000000000002	0.013999999999999999
2456088.6409	16.97	0.012
2456092.78444	16.965999999999998	0.012
2456094.58055	16.968	0.018000000000000002
2456096.6933	16.977999999999998	0.013999999999999999
2456097.89567	16.965	0.016
2456099.73965	16.98	0.02
2456101.51546	16.977	0.013999999999999999
2456102.55547	16.96	0.018000000000000002
2456103.57325	16.97	0.013999999999999999
2456104.65626	16.967	0.012
2456105.71052	16.976	0.013999999999999999
2456108.78397	16.965	0.013999999999999999
2456109.6682	17.01	0.02
2456113.73915	16.980999999999998	0.016
2456114.84094	16.956	0.02
2456116.56596	16.977	0.012
2456117.65754	16.976	0.013999999999999999
2456118.70998	16.972	0.012
2456121.4796	17.012999999999998	0.012
2456123.6026	16.971	0.013999999999999999
2456124.7259400003	16.98	0.012
2456125.81756	16.951	0.013999999999999999
2456127.7414	16.985	0.016
2456132.54375	16.963	0.013999999999999999
2456134.54014	16.972	0.018000000000000002
2456136.4898900003	16.976	0.02
2456141.4837700003	16.979	0.018000000000000002
2456149.6079599997	16.980999999999998	0.013999999999999999
2456152.4875	16.973	0.013999999999999999
2456157.6647900003	17.0	0.016
2456159.52641	16.965999999999998	0.013999999999999999
2456161.55912	16.953	0.016
2456179.57415	16.983	0.018000000000000002
2456182.48382	16.971	0.016
2456191.49098	16.949	0.02
2456196.53417	16.952	0.018000000000000002
2456199.5222400003	16.94	0.018000000000000002
2456204.50841	16.938	0.013999999999999999
2456211.49739	16.996	0.013999999999999999
2456213.5520099998	16.964000000000002	0.016
2456218.5270700003	16.99	0.016
2456219.55706	16.968	0.013999999999999999
2456340.8892099997	16.973	0.012
2456347.83172	16.995	0.013999999999999999
2456350.8739	16.976	0.013999999999999999
2456354.78541	16.993	0.018000000000000002
2456361.90515	16.983	0.013999999999999999
2456367.8752900003	16.972	0.011000000000000001
2456369.9037200003	16.972	0.012
2456371.88963	16.980999999999998	0.012
2456372.8816	16.975	0.012
2456374.85274	16.976	0.013999999999999999
2456376.80059	16.975	0.012
2456378.7428	16.954	0.013999999999999999
2456379.8683700003	16.947	0.013999999999999999
2456381.83899	16.974	0.012
2456386.76448	16.956	0.012
2456387.8607400004	16.961	0.012
2456389.79392	16.963	0.012
2456390.86002	16.951	0.012
2456393.80896	16.972	0.013999999999999999
2456395.82612	16.96	0.012
2456397.7897799998	16.944000000000003	0.011000000000000001
2456399.71438	16.973	0.012
2456401.74716	16.976	0.011000000000000001
2456402.92831	16.964000000000002	0.022000000000000002
2456404.86058	16.957	0.012
2456405.8516700002	16.962	0.011000000000000001
2456407.79225	16.962	0.013999999999999999
2456415.71438	16.912	0.018000000000000002
2456416.90931	16.995	0.011000000000000001
2456418.74042	16.969	0.012
2456419.90268	16.965999999999998	0.012
2456421.88233	16.986	0.016
2456423.88322	16.974	0.013999999999999999
2456426.73717	16.959	0.011000000000000001
2456428.88631	17.0	0.013999999999999999
2456432.6545700002	17.007	0.013999999999999999
2456433.74799	16.994	0.013999999999999999
2456434.93725	17.005	0.02
2456435.58465	16.976	0.02
2456436.67853	16.97	0.013999999999999999
2456437.89507	16.980999999999998	0.022000000000000002
2456442.73065	16.985	0.012
2456444.87175	16.997	0.013999999999999999
2456446.90515	16.971	0.013999999999999999
2456447.9317099997	16.984	0.013999999999999999
2456449.5699	16.975	0.013999999999999999
2456450.62005	16.973	0.012
2456451.67915	16.984	0.013999999999999999
2456452.80922	16.965	0.011000000000000001
2456454.8513700003	16.979	0.016
2456456.73697	17.183	0.012
2456458.58981	16.972	0.013999999999999999
2456459.6398099996	16.975	0.012
2456460.89373	16.994	0.013999999999999999
2456462.80736	16.975	0.013999999999999999
2456463.8545	16.992	0.013999999999999999
2456468.5767200002	16.988	0.013999999999999999
2456469.7461599996	16.98	0.013999999999999999
2456473.56768	16.979	0.012
2456474.64231	16.961	0.013999999999999999
2456475.73668	16.957	0.012
2456476.7867400004	16.945	0.012
2456478.54806	16.964000000000002	0.016
2456480.60549	16.972	0.013999999999999999
2456481.7595	16.974	0.013999999999999999
2456485.57851	16.982	0.012
2456486.74156	16.976	0.012
2456487.82272	16.968	0.013999999999999999
2456490.6252599997	16.959	0.012
2456491.77724	16.941	0.013999999999999999
2456496.53075	16.974	0.016
2456498.5616	16.983	0.012
2456500.6531700003	16.983	0.018000000000000002
2456505.4785599997	16.959	0.013999999999999999
2456507.62928	16.984	0.013999999999999999
2456509.58667	16.979	0.011000000000000001
2456510.752	16.994	0.018000000000000002
2456514.7332900004	16.993	0.012
2456518.58197	16.959	0.012
2456523.55767	16.955	0.012
2456525.57475	16.954	0.016
2456531.54002	16.949	0.012
2456534.51177	16.955	0.013999999999999999
2456539.48358	16.964000000000002	0.013999999999999999
2456544.5236299997	16.955	0.013999999999999999
2456559.55533	16.980999999999998	0.013999999999999999
2456563.55152	16.984	0.016
2456565.61093	16.977	0.013999999999999999
2456569.56875	16.986	0.013999999999999999
2456572.54633	16.969	0.013999999999999999
2456581.5255299998	16.997	0.018000000000000002
2456584.5268599996	17.005	0.02
2456701.86215	16.958	0.012
2456708.8700200003	16.961	0.012
2456711.89273	16.995	0.013999999999999999
2456717.83335	16.965	0.013999999999999999
2456719.89825	16.959	0.012
2456722.8320400002	16.957	0.013999999999999999
2456724.8541	16.974	0.012
2456726.84305	16.95	0.012
2456728.84795	16.971	0.011000000000000001
2456730.81813	16.988	0.016
2456732.87514	17.002	0.018000000000000002
2456734.82831	16.955	0.012
2456735.91269	16.965	0.016
2456737.77822	16.951	0.012
2456741.86614	16.999000000000002	0.013999999999999999
2456742.81483	16.953	0.011000000000000001
2456744.9128	16.979	0.011000000000000001
2456746.81565	16.955	0.012
2456748.85072	16.975	0.012
2456751.72639	16.965	0.016
2456751.74253	16.967	0.016
2456754.76358	16.967	0.013999999999999999
2456756.7053099996	16.975	0.012
2456758.8585099997	16.986	0.013999999999999999
2456760.80868	16.958	0.011000000000000001
2456762.7538799997	16.955	0.012
2456764.7197	16.995	0.013999999999999999
2456765.87878	16.767	0.012
2456769.79998	16.974	0.012
2456770.9079299998	16.996	0.012
2456772.8303799997	16.967	0.011000000000000001
2456774.717	16.975	0.016
2456775.9315	16.977	0.013999999999999999
2456777.91145	16.976	0.012
2456790.64052	16.961	0.018000000000000002
2456791.6937	16.961	0.018000000000000002
2456792.74415	16.951	0.013999999999999999
2456796.7971200002	16.949	0.013999999999999999
2456797.8870900003	16.982	0.022000000000000002
2456803.7434	16.964000000000002	0.012
2456804.7546900003	16.988	0.013999999999999999
2456805.81666	16.971	0.016
2456807.7996099996	16.983	0.016
2456808.82273	16.97	0.013999999999999999
2456809.87563	16.971	0.016
2456810.90736	16.972	0.016
2456811.92013	16.959	0.02
2456814.71196	16.980999999999998	0.013999999999999999
2456815.78815	16.967	0.013999999999999999
2456816.86204	16.986	0.02
2456817.92708	16.954	0.018000000000000002
2456819.77519	16.955	0.018000000000000002
2456824.63268	16.967	0.018000000000000002
2456825.65542	16.975	0.013999999999999999
2456826.6655900003	16.968	0.013999999999999999
2456827.75731	16.965	0.012
2456828.80345	16.976	0.013999999999999999
2456829.7776200003	16.984	0.016
2456830.80223	16.973	0.013999999999999999
2456832.5592900002	16.980999999999998	0.013999999999999999
2456833.6252900003	16.969	0.016
2456834.63232	16.961	0.016
2456835.70646	16.980999999999998	0.016
2456836.7398	16.976	0.016
2456837.75093	16.967	0.016
2456838.7513	16.999000000000002	0.016
2456839.76714	16.955	0.016
2456840.81562	16.965999999999998	0.02
2456842.56698	16.942	0.016
2456844.59571	16.983	0.012
2456845.58413	16.977999999999998	0.013999999999999999
2456847.5757	16.972	0.016
2456851.53966	16.953	0.016
2456852.46438	16.968	0.024
2456852.6011900003	16.971	0.016
2456855.678	16.965999999999998	0.012
2456856.70296	16.965	0.013999999999999999
2456857.7536400002	16.977	0.013999999999999999
2456859.5764200003	16.983	0.016
2456862.76401	16.958	0.016
2456864.52072	16.988	0.016
2456870.5847400003	16.983	0.013999999999999999
2456872.734	16.984	0.018000000000000002
2456879.6502400003	16.98	0.02
2456881.60303	16.96	0.018000000000000002
2456883.51244	16.968	0.013999999999999999
2456885.71708	16.967	0.016
2456887.62679	16.96	0.012
2456889.5613	16.961	0.013999999999999999
2456890.71089	16.975	0.016
2456895.67948	16.971	0.013999999999999999
2456909.52942	16.936	0.02
2456919.56324	16.969	0.013999999999999999
2456924.51656	16.958	0.02
2456927.5139599997	16.973	0.022000000000000002
2456930.54222	16.996	0.026000000000000002
2456932.55084	16.974	0.026000000000000002
2456938.56479	16.954	0.02
2456943.54489	16.936	0.02
2457066.86475	16.972	0.018000000000000002
2457070.8993	16.969	0.02
2457074.85976	16.967	0.016
2457075.83561	16.948	0.016
2457076.9015200003	16.959	0.02
2457078.8760900004	16.964000000000002	0.012
2457080.89831	16.977999999999998	0.016
2457083.80943	16.984	0.016
2457084.80265	16.987000000000002	0.022000000000000002
2457086.8791900002	16.971	0.013999999999999999
2457089.79012	16.977	0.013999999999999999
2457091.82125	17.003	0.013999999999999999
2457098.89538	16.967	0.012
2457100.87813	16.955	0.012
2457108.8287299997	16.979	0.016
2457109.77673	16.963	0.013999999999999999
2457110.90161	16.973	0.012
2457112.86584	16.968	0.013999999999999999
2457113.86908	16.980999999999998	0.012
2457115.86737	16.965999999999998	0.012
2457116.88256	16.982	0.013999999999999999
2457117.86925	16.96	0.012
2457119.91237	16.967	0.016
2457120.84509	16.96	0.013999999999999999
2457125.75368	16.976	0.018000000000000002
2457129.76771	16.977999999999998	0.013999999999999999
2457130.92788	16.782	0.013999999999999999
2457131.78181	16.963	0.012
2457132.84306	16.982	0.012
2457134.9134400003	16.954	0.012
2457136.77923	16.968	0.012
2457137.91634	16.974	0.018000000000000002
2457139.76883	16.972	0.013999999999999999
2457140.89561	16.986	0.013999999999999999
2457142.7302900003	16.957	0.012
2457143.84084	16.979	0.013999999999999999
2457145.79881	16.968	0.016
2457146.83275	16.977	0.016
2457147.8541900003	16.967	0.018000000000000002
2457153.70296	16.975	0.012
2457154.79248	16.952	0.012
2457155.8862099997	16.958	0.013999999999999999
2457157.81093	16.951	0.013999999999999999
2457158.91169	16.976	0.016
2457160.63167	16.965999999999998	0.016
2457161.70573	16.977	0.012
2457162.76094	16.961	0.013999999999999999
2457163.82657	16.976	0.013999999999999999
2457165.62493	16.93	0.013999999999999999
2457168.79568	16.976	0.013999999999999999
2457170.59326	16.954	0.013999999999999999
2457172.63934	16.951	0.013999999999999999
2457173.6603	16.995	0.016
2457174.66916	16.979	0.016
2457175.68295	16.964000000000002	0.016
2457178.64554	16.961	0.013999999999999999
2457179.6378	16.963	0.018000000000000002
2457180.63305	16.954	0.016
2457181.62869	16.98	0.012
2457182.64612	16.979	0.012
2457183.65818	16.973	0.013999999999999999
2457184.6938400003	16.954	0.016
2457185.72381	16.969	0.016
2457186.87582	16.976	0.016
2457187.88885	16.968	0.013999999999999999
2457189.58793	16.969	0.013999999999999999
2457190.64503	16.973	0.013999999999999999
2457191.8259799997	16.974	0.016
2457194.70239	16.961	0.012
2457197.78932	16.971	0.016
2457198.8156	16.993	0.02
2457199.8157599997	16.97	0.012
2457200.8007900002	16.968	0.013999999999999999
2457206.67935	16.965	0.018000000000000002
2457207.6958	16.983	0.016
2457209.83068	16.938	0.018000000000000002
2457211.82084	16.974	0.016
2457217.57139	16.976	0.016
2457219.736	16.944000000000003	0.013999999999999999
2457221.48893	16.965	0.016
2457222.54439	16.993	0.013999999999999999
2457223.68765	16.954	0.013999999999999999
2457224.77757	16.976	0.016
2457226.68857	16.962	0.012
2457227.6995	16.974	0.013999999999999999
2457228.75696	17.012	0.012
2457229.79623	16.968	0.013999999999999999
2457235.68711	16.980999999999998	0.02
2457249.58882	16.964000000000002	0.013999999999999999
2457252.65352	16.973	0.013999999999999999
2457255.60911	16.96	0.013999999999999999
2457263.51714	16.971	0.013999999999999999
2457264.69639	16.995	0.018000000000000002
2457267.6866	16.979	0.018000000000000002
2457269.67971	16.989	0.013999999999999999
2457272.5334099997	16.968	0.016
2457277.48337	16.965	0.016
2457281.5118400003	16.979	0.02
2457292.56683	16.976	0.026000000000000002
2457295.53652	16.974	0.016
2457299.5826	16.97	0.018000000000000002
2457317.51536	16.951	0.018000000000000002
2457435.85215	16.97	0.018000000000000002
2457438.8335700002	16.972	0.016
2457441.82553	17.002	0.022000000000000002
2457445.83596	16.936	0.013999999999999999
2457447.86332	16.953	0.012
2457451.8738700002	16.968	0.013999999999999999
2457453.83115	16.985	0.011000000000000001
2457456.79483	16.971	0.016
2457458.80501	16.97	0.016
2457461.80468	16.965	0.012
2457463.83362	16.980999999999998	0.012
2457465.90395	16.961	0.013999999999999999
2457470.8097900003	16.968	0.013999999999999999
2457471.90831	16.97	0.013999999999999999
2457474.76298	16.975	0.016
2457475.7952099997	16.969	0.02
2457484.83458	16.949	0.013999999999999999
2457486.76849	16.964000000000002	0.013999999999999999
2457487.8766	16.959	0.013999999999999999
2457489.90979	16.958	0.013999999999999999
2457492.73318	16.954	0.012
2457493.72568	16.99	0.016
2457494.71808	16.973	0.012
2457495.6923700003	16.963	0.016
2457495.91301	16.964000000000002	0.013999999999999999
2457498.8436	16.956	0.016
2457499.79908	16.958	0.013999999999999999
2457500.74032	16.985	0.016
2457507.7606200003	16.967	0.012
2457508.80913	16.97	0.012
2457509.90601	16.963	0.013999999999999999
2457512.86083	16.972	0.011000000000000001
2457522.9123299997	16.962	0.018000000000000002
2457526.81475	16.954	0.013999999999999999
2457529.88309	16.922	0.022000000000000002
2457534.8133900003	16.964000000000002	0.012
2457536.81267	16.953	0.013999999999999999
2457546.62928	16.962	0.016
2457547.58984	16.972	0.018000000000000002
2457548.68579	16.96	0.011000000000000001
2457549.8541	16.967	0.013999999999999999
2457550.83256	16.956	0.013999999999999999
2457555.56883	16.941	0.016
2457555.90278	16.95	0.016
2457557.8755900003	16.973	0.018000000000000002
2457561.66232	16.953	0.018000000000000002
2457562.65285	16.941	0.013999999999999999
2457566.84322	16.918	0.02
2457567.78707	16.972	0.016
2457568.78603	16.954	0.016
2457569.8035	16.976	0.013999999999999999
2457570.65068	16.913	0.011000000000000001
2457575.6420400003	16.948	0.012
2457576.66406	16.96	0.012
2457579.70057	16.977	0.012
2457584.58226	16.934	0.016
2457589.57435	16.942	0.018000000000000002
2457590.5906	16.949	0.012
2457593.5715	16.944000000000003	0.012
2457596.52172	16.94	0.011000000000000001
2457600.55305	16.914	0.016
2457602.64422	16.941	0.013999999999999999
2457603.6848	16.945999999999998	0.012
2457604.6918599997	16.928	0.012
2457605.7329599997	16.925	0.013999999999999999
2457607.70543	16.92	0.012
2457609.52386	16.955	0.016
2457610.68203	16.924	0.012
2457612.65476	16.942	0.022000000000000002
2457617.50085	16.927	0.018000000000000002
2457618.6287	16.908	0.018000000000000002
2457621.70521	16.921	0.018000000000000002
2457623.6326	16.927	0.012
2457625.58497	16.93	0.013999999999999999
2457630.59595	16.908	0.013999999999999999
2457632.60298	16.897000000000002	0.012
2457636.48401	16.918	0.018000000000000002
2457638.5262	16.921	0.016
2457644.55766	16.899	0.022000000000000002
2457648.62037	16.869	0.016
2457651.54125	16.887	0.013999999999999999
2457653.60659	16.854	0.012
2457656.58653	16.874000000000002	0.016
2457659.5899900002	16.855	0.013999999999999999
2457662.57521	16.843	0.013999999999999999
2457664.57513	16.866	0.018000000000000002
2457796.8779	16.902	0.013999999999999999
2457799.8507	16.858	0.02
2457800.8909400003	16.919	0.016
2457802.8821900003	16.913	0.02
2457808.82892	16.908	0.013999999999999999
2457808.84501	16.922	0.016
2457811.8198599997	16.907	0.016
2457814.83542	16.924	0.013999999999999999
2457817.80529	16.922	0.013999999999999999
2457819.83167	16.930999999999997	0.013999999999999999
2457821.86889	16.926	0.016
2457823.8796099997	16.927	0.013999999999999999
2457826.78114	16.939	0.016
2457827.88934	16.907	0.013999999999999999
2457830.79585	16.948	0.022000000000000002
2457835.8683599997	16.934	0.018000000000000002
2457837.8656200003	16.95	0.012
2457839.87256	16.941	0.012
2457841.8704	16.942999999999998	0.018000000000000002
2457843.82692	16.957	0.013999999999999999
2457845.76133	16.951	0.016
2457846.9183400003	16.94	0.013999999999999999
2457848.84871	16.959	0.013999999999999999
2457850.7662299997	16.936	0.016
2457851.90598	16.95	0.013999999999999999
2457854.82419	16.942	0.013999999999999999
2457856.74559	16.959	0.02
2457858.86259	16.969	0.016
2457862.86416	16.955	0.016
2457865.76964	16.958	0.012
2457866.89951	16.96	0.012
2457868.84018	16.965	0.018000000000000002
2457870.72816	16.948	0.012
2457871.88318	16.955	0.012
2457873.73759	16.957	0.012
2457874.82666	16.953	0.016
2457876.72505	16.967	0.013999999999999999
2457877.8174	16.965	0.012
2457879.68436	16.954	0.016
2457880.835	16.947	0.018000000000000002
2457882.78882	16.982	0.018000000000000002
2457890.8569799997	16.963	0.016
2457893.9162	16.974	0.018000000000000002
2457894.91397	16.959	0.013999999999999999
2457901.66915	16.993	0.013999999999999999
2457902.79258	16.956	0.013999999999999999
2457904.58872	16.959	0.018000000000000002
2457904.9443599996	16.958	0.024
2457905.9272	16.955	0.018000000000000002
2457906.8757	16.974	0.013999999999999999
2457908.62079	16.929000000000002	0.016
2457908.9380099997	16.971	0.02
2457909.88746	16.97	0.013999999999999999
2457910.80904	16.95	0.013999999999999999
2457911.67535	16.983	0.016
2457917.7083900003	16.974	0.016
2457923.5893200003	16.949	0.016
2457924.5578900003	16.977999999999998	0.013999999999999999
2457925.5820299997	16.962	0.018000000000000002
2457926.61655	16.958	0.013999999999999999
2457932.62514	16.977999999999998	0.016
2457933.61606	16.968	0.013999999999999999
2457934.62739	16.959	0.013999999999999999
2457935.6501700003	16.965	0.013999999999999999
2457936.6242400003	16.963	0.013999999999999999
2457937.61276	16.959	0.016
2457938.6417799997	16.977	0.02
2457944.75126	16.941	0.018000000000000002
2457945.66093	16.965	0.013999999999999999
2457946.60414	16.968	0.016
2457947.6366	16.975	0.016
2457948.66021	16.974	0.016
2457949.7058900003	16.975	0.02
2457949.70929	16.977	0.02
2457953.63375	16.962	0.013999999999999999
2457954.65174	16.972	0.012
2457956.62628	16.962	0.013999999999999999
2457958.59775	16.974	0.018000000000000002
2457959.60067	16.956	0.013999999999999999
2457960.64091	16.956	0.013999999999999999
2457961.68505	16.959	0.012
2457964.6128	16.962	0.013999999999999999
2457966.56319	16.965	0.016
2457971.50751	16.967	0.018000000000000002
2457972.51959	16.965	0.024
2457973.63634	16.944000000000003	0.018000000000000002
2457974.7308900002	16.965	0.018000000000000002
2457980.54936	16.977	0.018000000000000002
2457982.49372	16.962	0.016
2457983.66388	16.962	0.013999999999999999
2457985.62257	16.977	0.02
2457987.66493	16.956	0.013999999999999999
2457991.64629	16.987000000000002	0.02
2457993.60959	16.967	0.013999999999999999
2457998.56507	16.954	0.013999999999999999
2458001.5467	16.968	0.013999999999999999
2458004.54895	16.979	0.018000000000000002
2458010.5518799997	16.974	0.016
2458014.49992	16.967	0.016
2458017.54058	16.958	0.013999999999999999
2458021.5594	16.992	0.018000000000000002
2458032.56636	16.965	0.02
2458048.50361	16.959	0.013999999999999999
