2455378.62695	18.173	0.032
2455380.6606099997	18.089000000000002	0.031
2455382.81391	18.261	0.067
2455385.53137	18.065	0.032
2455385.63083	18.085	0.027999999999999997
2455385.73317	18.125999999999998	0.031
2455388.7560400004	18.202	0.034
2455391.82634	18.147000000000002	0.044000000000000004
2455397.694	18.226	0.047
2455422.56786	18.135	0.037000000000000005
2455433.6995599996	18.246	0.083
2455457.58223	18.164	0.037000000000000005
2455638.90791	18.226	0.037000000000000005
2455737.78322	18.087	0.031
2455740.6402	18.195	0.04
2455745.7179099997	18.136	0.031
2455765.53052	18.087	0.034
2455768.78474	18.151	0.037000000000000005
2455777.66139	18.063	0.031
2456002.89406	18.08	0.038
2456013.9010099997	18.087	0.025
2456078.83321	18.089000000000002	0.031
2456132.55793	18.187	0.037000000000000005
2456347.86227	18.067999999999998	0.031
2456362.9007	18.134	0.031
2456370.88057	18.099	0.027999999999999997
2456395.82793	18.083	0.025
2456404.8361400003	18.135	0.027999999999999997
2456417.733	18.162	0.034
2456419.84472	18.145	0.032
2456445.66365	18.102	0.027000000000000003
2456447.66499	18.14	0.028999999999999998
2456449.60098	18.157	0.028999999999999998
2456745.88192	18.115	0.027000000000000003
2456749.91613	18.141	0.031
2456755.86977	18.107	0.027000000000000003
2456759.87351	18.062	0.022000000000000002
2456773.82208	18.187	0.037000000000000005
2456775.76219	18.078	0.024
2456785.87161	18.113	0.032
2456789.78579	18.078	0.031
2456796.6389200003	18.12	0.035
2456805.6388	18.211	0.038
2456808.64783	18.187	0.037000000000000005
2456809.6833599997	18.12	0.027000000000000003
2456810.73788	18.116	0.027999999999999997
2456811.7609099997	18.175	0.037000000000000005
2456816.6844200003	18.17	0.040999999999999995
2456817.7684	18.119	0.04
2456819.63334	18.102	0.040999999999999995
2456828.61103	18.135	0.028999999999999998
2456829.60748	18.189	0.04
2456830.6301599997	18.092	0.027000000000000003
2456835.53739	18.133	0.038
2456836.56706	18.15	0.048
2456837.58406	18.134	0.032
2456838.58395	18.135	0.038
2456839.59516	18.137	0.038
2456840.64759	18.217	0.04
2456855.50459	18.206	0.040999999999999995
2456856.5337400003	18.173	0.037000000000000005
2456857.57645	18.118	0.031
2457086.8809599997	18.12	0.031
2457097.88006	18.041	0.024
2457100.86543	18.089000000000002	0.027999999999999997
2457110.79202	18.045	0.024
2457112.90122	18.102	0.027999999999999997
2457116.92465	18.039	0.043
2457126.8492799997	18.081	0.027999999999999997
2457130.76347	18.179000000000002	0.035
2457131.92262	18.098	0.028999999999999998
2457134.7428099997	18.139	0.035
2457137.74559	18.037	0.025
2457140.72918	18.109	0.034
2457141.86161	18.067999999999998	0.027999999999999997
2457144.79062	18.214000000000002	0.045
2457147.72517	18.136	0.047
2457155.71467	18.03	0.027000000000000003
2457156.83142	18.059	0.024
2457158.74258	18.147000000000002	0.031
2457159.8103	18.146	0.028999999999999998
2457160.8766400004	18.093	0.028999999999999998
2457164.7927599996	18.105	0.027999999999999997
2457166.76975	18.116	0.028999999999999998
2457169.67802	18.111	0.027000000000000003
2457170.66505	18.06	0.027999999999999997
2457170.85515	18.162	0.038
2457172.6674900004	18.133	0.038
2457172.85849	18.154	0.040999999999999995
2457173.64382	18.074	0.044000000000000004
2457173.84006	18.052	0.034
2457174.7809599997	18.109	0.037000000000000005
2457174.94433	18.098	0.055999999999999994
2457175.7324900003	18.105	0.032
2457179.60765	18.165	0.045
2457179.77208	18.115	0.037000000000000005
2457180.71913	18.142	0.035
2457180.8952	18.081	0.037000000000000005
2457181.67207	18.104	0.027000000000000003
2457182.61586	18.107	0.027999999999999997
2457182.80798	18.122	0.045
2457183.7536	18.125999999999998	0.034
2457184.74503	18.195	0.035
2457185.70455	18.125	0.035
2457185.87042	18.211	0.048
2457189.6182	18.135	0.034
2457190.5891400003	18.099	0.032
2457193.66769	18.042	0.024
2457194.6006400003	18.096	0.028999999999999998
2457198.61162	18.083	0.028999999999999998
2457199.57411	18.057000000000002	0.027999999999999997
2457207.6318900003	18.035999999999998	0.032
2457212.5292	17.991	0.027999999999999997
2457221.57458	17.88	0.027000000000000003
2457222.5427200003	17.88	0.027999999999999997
2457223.59212	17.896	0.027000000000000003
2457227.64223	17.815	0.021
2457233.53317	17.787	0.038
2457236.54489	17.748	0.032
2457249.5328	17.461	0.025
2457249.68994	17.473	0.024
2457266.50222	17.51	0.027000000000000003
2457438.88975	18.116	0.04
2457442.8908599997	18.146	0.04
2457447.87468	18.159000000000002	0.034
2457451.83078	18.153	0.037000000000000005
2457452.8478200003	18.143	0.027999999999999997
2457453.84486	18.062	0.022000000000000002
2457467.82059	18.215999999999998	0.037000000000000005
2457470.77738	18.289	0.05
2457470.90595	18.119	0.031
2457472.81133	18.160999999999998	0.040999999999999995
2457473.77944	18.205	0.057
2457474.81215	18.143	0.038
2457474.9172099996	18.070999999999998	0.038
2457484.78723	18.206	0.037000000000000005
2457487.82247	18.195	0.038
2457489.79967	18.165	0.032
2457492.93025	18.238	0.059000000000000004
2457498.78901	18.15	0.04
2457499.77032	18.136	0.034
2457500.71239	18.2	0.043
2457500.9138700003	18.195	0.047
2457508.76712	18.074	0.025
2457526.74456	18.146	0.035
2457575.55169	18.143	0.032
2457576.49546	18.188	0.034
2457589.61465	18.605999999999998	0.059000000000000004
2457590.5628400003	18.083	0.028999999999999998
2457596.57988	18.119	0.027000000000000003
2457600.52317	18.308	0.048
2457602.55854	18.225	0.044000000000000004
2457603.52561	18.145	0.032
2457604.51145	18.111	0.037000000000000005
2457610.53703	18.145	0.043
2457616.50105	18.239	0.045
2457791.88169	18.084	0.040999999999999995
2457818.85208	18.13	0.027999999999999997
2457820.8862900003	18.151	0.031
2457822.89473	18.151	0.034
2457828.90348	18.14	0.035
2457844.7757900003	18.139	0.028999999999999998
2457850.7588	18.147000000000002	0.037000000000000005
2457851.79188	18.194000000000003	0.044000000000000004
2457863.90215	18.176	0.037000000000000005
2457864.86094	18.092	0.027000000000000003
2457865.86978	18.077	0.027999999999999997
2457879.7844700003	18.128	0.040999999999999995
2457964.57008	18.117	0.032
