2455377.80657	16.712	0.013999999999999999
2455379.83695	16.718	0.015
2455382.6066799997	16.695	0.015
2455386.49299	16.72	0.012
2455386.57521	16.706	0.012
2455386.65925	16.721	0.012
2455387.8012900003	16.712	0.012
2455391.4942	16.718	0.015
2455396.6329	16.719	0.013999999999999999
2455404.6316299997	16.717	0.013999999999999999
2455408.62556	16.721	0.013999999999999999
2455412.58493	16.725	0.015
2455421.5852900003	16.72	0.012
2455431.50841	16.707	0.013999999999999999
2455438.5179	16.727	0.013999999999999999
2455446.50724	16.715999999999998	0.013999999999999999
2455451.66586	16.717	0.011000000000000001
2455458.4955700003	16.702	0.015
2455459.61132	16.702	0.012
2455461.57113	16.762999999999998	0.021
2455463.5962	16.698	0.013999999999999999
2455464.55596	16.726	0.015
2455467.5789099997	16.708	0.012
2455470.59369	16.735	0.013999999999999999
2455472.55605	16.726	0.015
2455476.51006	16.714000000000002	0.013999999999999999
2455479.54324	16.726	0.013999999999999999
2455481.53795	16.737000000000002	0.023
2455486.55089	16.737000000000002	0.018000000000000002
2455488.53516	16.714000000000002	0.013999999999999999
2455490.54535	16.722	0.018000000000000002
2455495.52442	16.699	0.013999999999999999
2455612.89127	16.713	0.017
2455616.88677	16.721	0.013999999999999999
2455620.9007900003	16.706	0.018000000000000002
2455624.88345	16.715	0.011000000000000001
2455626.85446	16.712	0.013999999999999999
2455628.81397	16.723	0.013999999999999999
2455630.8281099997	16.711	0.011000000000000001
2455632.8213400003	16.719	0.012
2455634.80038	16.705	0.012
2455637.83516	16.703	0.015
2455638.84029	16.703	0.012
2455639.8851099997	16.71	0.012
2455640.79512	16.712	0.015
2455642.79023	16.7	0.013999999999999999
2455644.7702099998	16.709	0.02
2455649.77202	16.711	0.012
2455650.90202	16.715	0.012
2455653.76515	16.72	0.011000000000000001
2455655.79849	16.718	0.012
2455657.82108	16.705	0.011000000000000001
2455659.71814	16.707	0.013999999999999999
2455660.79508	16.726	0.012
2455662.9145299997	16.727	0.012
2455665.7924099998	16.708	0.012
2455669.88166	16.721	0.012
2455676.7820200003	16.712	0.011000000000000001
2455680.8585599996	16.719	0.011000000000000001
2455683.9375299998	16.730999999999998	0.018000000000000002
2455687.77135	16.709	0.012
2455692.9019	16.715999999999998	0.012
2455695.7877599997	16.703	0.011000000000000001
2455697.91737	16.712	0.012
2455707.79431	16.712	0.011000000000000001
2455712.82256	16.709	0.012
2455716.8314400003	16.715	0.012
2455723.7681400003	16.692	0.011000000000000001
2455726.77758	16.739	0.024
2455736.55746	16.704	0.012
2455738.7292299997	16.733	0.01
2455741.51448	16.708	0.013999999999999999
2455744.5043200003	16.708	0.017
2455746.70835	16.711	0.012
2455749.73625	16.722	0.013999999999999999
2455760.81783	16.713	0.015
2455762.61057	16.694000000000003	0.012
2455763.62134	16.719	0.013999999999999999
2455767.5046	16.71	0.013999999999999999
2455769.73015	16.687	0.012
2455779.6044	16.713	0.011000000000000001
2455787.48262	16.71	0.013999999999999999
2455791.60727	16.723	0.012
2455796.60277	16.692999999999998	0.012
2455804.68312	16.713	0.013999999999999999
2455816.54238	16.683	0.013999999999999999
2455820.58692	16.706	0.013999999999999999
2455827.49965	16.698	0.017
2455828.60242	16.72	0.012
2455830.5759900003	16.704	0.012
2455832.59816	16.715999999999998	0.013999999999999999
2455835.54978	16.709	0.017
2455839.59965	16.695999999999998	0.021
2455843.60132	16.730999999999998	0.017
2455846.51007	16.708	0.02
2455855.5580700003	16.691	0.015
2455976.8596799998	16.708	0.012
2455981.88914	16.683	0.012
2455985.82951	16.7	0.013999999999999999
2455988.81423	16.721	0.015
2455990.86774	16.703	0.011000000000000001
2455993.82713	16.695	0.015
2455997.87187	16.709	0.011000000000000001
2456005.76575	16.712	0.012
2456006.91895	16.687	0.012
2456008.86235	16.727999999999998	0.012
2456010.78397	16.721	0.011000000000000001
2456011.91358	16.702	0.013999999999999999
2456013.8363	16.725	0.011000000000000001
2456015.76299	16.712	0.011000000000000001
2456016.87342	16.695	0.011000000000000001
2456018.77205	16.706	0.012
2456019.87261	16.697	0.01
2456021.71442	16.734	0.015
2456022.76698	16.709	0.011000000000000001
2456023.8286200003	16.705	0.011000000000000001
2456024.83358	16.703	0.011000000000000001
2456025.90577	16.717	0.013999999999999999
2456034.69639	16.719	0.012
2456038.76838	16.73	0.012
2456041.9193700003	16.72	0.011000000000000001
2456049.75193	16.709	0.011000000000000001
2456052.83501	16.703	0.012
2456058.91929	16.726	0.012
2456062.76546	16.695	0.012
2456065.71649	16.71	0.011000000000000001
2456067.83179	16.707	0.011000000000000001
2456069.9367	16.673	0.011000000000000001
2456071.90305	16.745	0.013999999999999999
2456077.75248	16.695999999999998	0.01
2456079.70873	16.692999999999998	0.011000000000000001
2456081.648	16.714000000000002	0.013999999999999999
2456086.84901	16.708	0.011000000000000001
2456092.6024599997	16.722	0.011000000000000001
2456094.75577	16.71	0.011000000000000001
2456097.89727	16.717	0.013999999999999999
2456100.7655	16.715	0.012
2456102.69363	16.74	0.012
2456108.56091	16.71	0.012
2456114.6142700003	16.72	0.013999999999999999
2456116.594	16.712	0.01
2456118.52332	16.702	0.011000000000000001
2456120.51431	16.714000000000002	0.012
2456123.5572599997	16.699	0.011000000000000001
2456125.57685	16.715	0.011000000000000001
2456128.54685	16.719	0.01
2456133.62186	16.715999999999998	0.011000000000000001
2456136.70979	16.719	0.012
2456141.58752	16.711	0.015
2456148.63058	16.729	0.011000000000000001
2456152.5419	16.732	0.012
2456159.55528	16.713	0.012
2456164.69598	16.718	0.015
2456171.6050400003	16.689	0.012
2456180.55295	16.725	0.012
2456184.63755	16.735	0.011000000000000001
2456195.60164	16.698	0.012
2456197.57478	16.692999999999998	0.012
2456203.54768	16.717	0.013999999999999999
2456205.57486	16.697	0.011000000000000001
2456210.53314	16.711	0.012
2456217.53959	16.715999999999998	0.011000000000000001
2456223.56715	16.71	0.015
2456232.50859	16.683	0.015
2456339.86736	16.695	0.011000000000000001
2456344.864	16.702	0.01
2456353.8031200003	16.7	0.012
2456361.82295	16.714000000000002	0.011000000000000001
2456363.87121	16.7	0.011000000000000001
2456369.8040400003	16.737000000000002	0.011000000000000001
2456371.79823	16.724	0.011000000000000001
2456372.79091	16.747	0.011000000000000001
2456374.7611	16.715	0.013999999999999999
2456375.8919900004	16.727	0.011000000000000001
2456377.84665	16.722	0.01
2456379.7779200003	16.694000000000003	0.012
2456380.91629	16.689	0.011000000000000001
2456382.84723	16.727	0.013999999999999999
2456387.77568	16.729	0.011000000000000001
2456388.90056	16.712	0.011000000000000001
2456390.7620900003	16.689	0.011000000000000001
2456393.77148	16.72	0.012
2456396.83899	16.695	0.01
2456399.81172	16.709	0.011000000000000001
2456406.82775	16.711	0.012
2456418.66682	16.691	0.011000000000000001
2456432.81427	16.721	0.011000000000000001
2456434.94569	16.715999999999998	0.015
2456437.7548	16.675	0.013999999999999999
2456442.85349	16.71	0.011000000000000001
2456447.92001	16.705	0.011000000000000001
2456449.8555400004	16.695	0.011000000000000001
2456451.79873	16.723	0.011000000000000001
2456454.79852	16.71	0.011000000000000001
2456457.7671	16.706	0.01
2456459.7204	16.715	0.01
2456461.89575	16.711	0.012
2456464.6458799997	16.691	0.012
2456469.73459	16.708	0.012
2456474.60367	16.699	0.011000000000000001
2456476.53208	16.721	0.012
2456478.59021	16.701	0.011000000000000001
2456481.5749	16.718	0.011000000000000001
2456485.79675	16.72	0.011000000000000001
2456489.54243	16.695999999999998	0.011000000000000001
2456491.67395	16.712	0.012
2456497.5753200003	16.723	0.012
2456500.5599	16.714000000000002	0.013999999999999999
2456505.77575	16.688	0.015
2456514.62923	16.714000000000002	0.011000000000000001
2456519.57305	16.711	0.011000000000000001
2456525.64794	16.727	0.015
2456533.55439	16.687	0.013999999999999999
2456541.56172	16.712	0.01
2456562.5378400004	16.715999999999998	0.011000000000000001
2456565.51453	16.711	0.012
2456571.58476	16.715	0.012
2456579.51248	16.704	0.012
2456583.52238	16.715999999999998	0.015
2456586.54132	16.708	0.015
2456699.85	16.691	0.012
2456707.84392	16.68	0.015
2456710.88301	16.687	0.011000000000000001
2456716.83257	16.67	0.011000000000000001
2456719.8160200003	16.660999999999998	0.011000000000000001
2456721.83904	16.701	0.011000000000000001
2456723.87765	16.689	0.01
2456725.89279	16.691	0.011000000000000001
2456727.8791400003	16.688	0.01
2456729.86686	16.682000000000002	0.01
2456732.79277	16.680999999999997	0.017
2456733.88743	16.685	0.01
2456735.83658	16.677	0.011000000000000001
2456744.77611	16.709	0.011000000000000001
2456745.87773	16.669	0.01
2456747.9013900002	16.679000000000002	0.01
2456750.85751	16.668	0.01
2456755.8130900003	16.686	0.011000000000000001
2456758.8977	16.66	0.012
2456761.85159	16.667	0.01
2456769.81611	16.651	0.01
2456772.68017	16.668	0.011000000000000001
2456777.83097	16.674	0.011000000000000001
2456790.62678	16.646	0.017
2456791.91304	16.66	0.013999999999999999
2456796.85868	16.649	0.012
2456803.6497	16.637999999999998	0.012
2456804.9009599998	16.656	0.012
2456807.77023	16.660999999999998	0.015
2456809.65232	16.624000000000002	0.011000000000000001
2456810.94712	16.636	0.026000000000000002
2456813.93383	16.63	0.012
2456815.92399	16.615	0.012
2456817.91732	16.625	0.013999999999999999
2456823.75997	16.615	0.012
2456825.59767	16.613	0.011000000000000001
2456826.87702	16.607	0.012
2456828.71372	16.607	0.011000000000000001
2456830.57139	16.585	0.012
2456834.51681	16.590999999999998	0.013999999999999999
2456835.81105	16.609	0.012
2456837.7088099997	16.598	0.011000000000000001
2456839.55302	16.587	0.012
2456841.63942	16.609	0.01
2456844.49437	16.573	0.013999999999999999
2456845.73692	16.567999999999998	0.011000000000000001
2456851.52378	16.561	0.013999999999999999
2456855.49001	16.572	0.012
2456856.76519	16.564	0.011000000000000001
2456858.71924	16.554000000000002	0.011000000000000001
2456863.60619	16.565	0.01
2456870.5651	16.526	0.011000000000000001
2456874.73178	16.527	0.012
2456880.6082	16.463	0.015
2456883.52903	16.484	0.011000000000000001
2456886.71696	16.463	0.011000000000000001
2456889.6423299997	16.471	0.01
2456895.60335	16.447	0.01
2456908.56872	16.38	0.011000000000000001
2456918.61209	16.335	0.012
2456924.6217099996	16.282	0.011000000000000001
2456930.49355	16.262	0.018000000000000002
2456937.5227200002	16.18	0.01
2456941.5339099998	16.159000000000002	0.011000000000000001
2456951.51571	16.06	0.01
2457085.8689	16.325	0.01
2457088.8087400002	16.366	0.011000000000000001
2457090.82347	16.354	0.011000000000000001
2457092.84119	16.383	0.01
2457097.89262	16.401	0.008
2457099.91323	16.414	0.011000000000000001
2457102.80515	16.419	0.01
2457110.7448	16.454	0.01
2457111.89143	16.467	0.01
2457115.92173	16.467	0.012
2457119.82094	16.482	0.011000000000000001
2457126.7512	16.515	0.011000000000000001
2457131.69297	16.518	0.011000000000000001
2457134.75868	16.535	0.011000000000000001
2457136.89079	16.549	0.011000000000000001
2457139.72984	16.546	0.011000000000000001
2457141.79471	16.546	0.01
2457143.87383	16.547	0.011000000000000001
2457144.71975	16.552	0.013999999999999999
2457146.84772	16.570999999999998	0.012
2457152.89704	16.557000000000002	0.011000000000000001
2457154.9083	16.567	0.01
2457157.6992200003	16.590999999999998	0.01
2457159.73006	16.589000000000002	0.011000000000000001
2457161.7217900003	16.573	0.01
2457163.6746799997	16.577	0.012
2457166.69258	16.602	0.011000000000000001
2457169.91929	16.629	0.012
2457172.86137	16.602	0.012
2457174.71454	16.605	0.011000000000000001
2457178.70892	16.604	0.015
2457179.7453900003	16.588	0.013999999999999999
2457181.57253	16.618	0.012
2457182.85811	16.605999999999998	0.012
2457184.72053	16.629	0.012
2457186.63535	16.624000000000002	0.015
2457188.62818	16.628	0.011000000000000001
2457190.57775	16.622	0.012
2457191.59758	16.628	0.013999999999999999
2457194.7952799997	16.665	0.01
2457195.8349200003	16.652	0.006999999999999999
2457198.80095	16.645	0.012
2457200.64673	16.65	0.01
2457202.79347	16.619	0.015
2457207.68205	16.631	0.012
2457211.58079	16.641	0.011000000000000001
2457217.60225	16.645	0.012
2457220.73092	16.662	0.011000000000000001
2457222.65307	16.643	0.011000000000000001
2457222.6716299998	16.637999999999998	0.011000000000000001
2457224.6833	16.657	0.012
2457228.7714299997	16.68	0.011000000000000001
2457235.72302	16.663	0.013999999999999999
2457252.50845	16.662	0.013999999999999999
2457256.55885	16.658	0.015
2457263.6682599997	16.675	0.012
2457268.4848700003	16.68	0.011000000000000001
2457271.52427	16.686	0.013999999999999999
2457277.5989200003	16.680999999999997	0.012
2457293.60864	16.667	0.011000000000000001
2457299.53822	16.675	0.012
2457311.52496	16.67	0.012
2457322.5285099996	16.654	0.017
2457325.51862	16.705	0.017
2457332.51007	16.671	0.013999999999999999
2457424.87245	16.702	0.012
2457425.86797	16.660999999999998	0.013999999999999999
2457427.86117	16.706	0.015
2457428.86618	16.709	0.012
2457429.85379	16.694000000000003	0.013999999999999999
2457431.8535	16.717	0.013999999999999999
2457432.86707	16.71	0.013999999999999999
2457434.8525900003	16.7	0.013999999999999999
2457436.84458	16.730999999999998	0.018000000000000002
2457438.89401	16.69	0.018000000000000002
2457441.88227	16.698	0.012
2457443.8516	16.675	0.013999999999999999
2457444.82913	16.677	0.015
2457445.8926	16.715999999999998	0.011000000000000001
2457448.8094	16.735	0.018000000000000002
2457451.88092	16.699	0.013999999999999999
2457453.89949	16.698	0.011000000000000001
2457454.85184	16.726	0.012
2457456.85744	16.724	0.012
2457458.87422	16.724	0.011000000000000001
2457461.87358	16.72	0.011000000000000001
2457463.91139	16.727999999999998	0.012
2457470.8688	16.702	0.013999999999999999
2457472.79867	16.698	0.013999999999999999
2457474.81475	16.717	0.013999999999999999
2457475.84585	16.701	0.015
2457476.79235	16.712	0.012
2457484.88499	16.722	0.012
2457486.79767	16.722	0.013999999999999999
2457491.70587	16.72	0.015
2457492.7645900003	16.707	0.011000000000000001
2457493.75234	16.695999999999998	0.011000000000000001
2457494.7351	16.692	0.011000000000000001
2457495.71915	16.719	0.013999999999999999
2457497.8623599997	16.707	0.012
2457500.76688	16.718	0.015
2457507.79041	16.707	0.012
2457511.6880799998	16.695	0.011000000000000001
2457523.8538	16.695999999999998	0.011000000000000001
2457526.8673099997	16.717	0.012
2457530.7212099996	16.683	0.013999999999999999
2457534.85734	16.722	0.012
2457547.63069	16.72	0.011000000000000001
2457548.7796099996	16.713	0.01
2457549.88357	16.708	0.012
2457550.86254	16.723	0.012
2457555.60296	16.697	0.012
2457557.90655	16.711	0.017
2457561.7108	16.723	0.015
2457566.56438	16.703	0.013999999999999999
2457567.50728	16.695	0.015
2457567.8278200002	16.698	0.012
2457568.84967	16.684	0.015
2457573.6872799997	16.714000000000002	0.012
2457576.69179	16.723	0.01
2457583.73518	16.703	0.013999999999999999
2457589.66653	16.730999999999998	0.017
2457593.479	16.7	0.013999999999999999
2457599.55809	16.692	0.013999999999999999
2457602.53693	16.704	0.013999999999999999
2457605.7099599997	16.695999999999998	0.011000000000000001
2457608.6557299998	16.713	0.011000000000000001
2457616.64799	16.703	0.012
2457619.52983	16.69	0.013999999999999999
2457623.60509	16.703	0.011000000000000001
2457626.59937	16.718	0.012
2457632.64828	16.703	0.012
2457637.5901	16.715999999999998	0.011000000000000001
2457647.49425	16.746	0.018000000000000002
2457651.60842	16.722	0.013999999999999999
2457657.59432	16.704	0.012
2457660.55718	16.712	0.013999999999999999
2457672.54702	16.713	0.013999999999999999
2457681.50398	16.687	0.013999999999999999
2457798.89359	16.689	0.021
2457803.8752200003	16.714000000000002	0.015
2457810.8245	16.69	0.012
2457813.83477	16.702	0.013999999999999999
2457816.8931299997	16.715	0.012
2457819.82557	16.698	0.012
2457821.8927	16.708	0.013999999999999999
2457824.84	16.702	0.015
2457826.85015	16.72	0.013999999999999999
2457828.8673099997	16.69	0.012
2457830.9114599996	16.717	0.013999999999999999
2457836.80496	16.699	0.013999999999999999
2457838.78769	16.702	0.013999999999999999
2457840.79508	16.713	0.012
2457842.76988	16.706	0.013999999999999999
2457843.91795	16.703	0.012
2457845.8631700003	16.723	0.012
2457847.8039	16.715	0.012
2457849.7386	16.723	0.013999999999999999
2457850.8695400003	16.711	0.011000000000000001
2457852.87482	16.715999999999998	0.013999999999999999
2457854.92151	16.702	0.012
2457856.84051	16.692	0.018000000000000002
2457863.79467	16.7	0.012
2457864.75146	16.727999999999998	0.011000000000000001
2457867.7543099998	16.715	0.011000000000000001
2457869.70017	16.7	0.012
2457870.84193	16.698	0.011000000000000001
2457872.7271	16.715999999999998	0.011000000000000001
2457873.84337	16.715999999999998	0.011000000000000001
2457874.92245	16.715	0.012
2457876.8477	16.715	0.011000000000000001
2457878.66375	16.71	0.012
2457879.77658	16.704	0.013999999999999999
2457881.77977	16.73	0.017
2457882.89435	16.712	0.013999999999999999
2457893.6624	16.702	0.015
2457894.66151	16.711	0.012
2457895.7820900003	16.71	0.011000000000000001
2457901.8094200003	16.723	0.012
2457902.93904	16.712	0.017
2457904.68605	16.726	0.012
2457905.65506	16.719	0.011000000000000001
2457906.61853	16.706	0.012
2457907.6603	16.695999999999998	0.012
2457908.72267	16.708	0.011000000000000001
2457909.6461099996	16.722	0.012
2457910.56062	16.699	0.017
2457910.91561	16.699	0.012
2457911.82907	16.706	0.017
2457916.81074	16.705	0.013999999999999999
2457917.61312	16.713	0.013999999999999999
2457917.80498	16.719	0.013999999999999999
2457918.67852	16.721	0.015
2457923.71035	16.743	0.013999999999999999
2457924.6482	16.709	0.011000000000000001
2457925.67445	16.695	0.011000000000000001
2457926.74587	16.725	0.012
2457932.73452	16.717	0.012
2457933.7223099996	16.71	0.013999999999999999
2457934.73507	16.715999999999998	0.011000000000000001
2457935.7464900003	16.711	0.011000000000000001
2457936.7439099997	16.708	0.012
2457937.71857	16.725	0.012
2457944.52779	16.713	0.015
2457944.82504	16.727999999999998	0.02
2457945.75605	16.715999999999998	0.012
2457946.7170700002	16.712	0.012
2457947.78039	16.715999999999998	0.012
2457948.7771099997	16.711	0.013999999999999999
2457952.70963	16.73	0.013999999999999999
2457953.7368099997	16.71	0.011000000000000001
2457954.77113	16.714000000000002	0.011000000000000001
2457956.73734	16.717	0.012
2457958.66793	16.72	0.013999999999999999
2457959.7009799997	16.705	0.011000000000000001
2457960.74267	16.72	0.012
2457962.50268	16.72	0.011000000000000001
2457964.73657	16.729	0.012
2457966.6508	16.723	0.013999999999999999
2457971.5852900003	16.698	0.015
2457972.5964599997	16.697	0.015
2457974.47811	16.71	0.015
2457975.6611599997	16.699	0.017
2457980.64603	16.692999999999998	0.013999999999999999
2457982.60873	16.711	0.013999999999999999
2457984.56131	16.719	0.013999999999999999
2457986.60015	16.715	0.011000000000000001
2457990.5801	16.730999999999998	0.012
2457992.54715	16.717	0.012
2457994.5282900003	16.711	0.013999999999999999
2458000.48685	16.705	0.015
2458002.50127	16.685	0.021
2458005.55225	16.692	0.017
2458011.58935	16.703	0.013999999999999999
2458015.48251	16.726	0.013999999999999999
2458018.5511	16.715999999999998	0.012
2458026.50605	16.702	0.015
2458036.5437	16.721	0.015
2458048.50685	16.718	0.012
2458056.50777	16.694000000000003	0.017
