2455378.6562900003	19.206	0.062
2455380.69037	19.308	0.067
2455382.8395599998	19.393	0.177
2455385.55905	19.275	0.066
2455385.66235	19.299	0.07
2455385.7606900004	19.309	0.066
2455388.78297	19.277	0.08
2455391.851	19.255	0.11900000000000001
2455405.67478	19.19	0.098
2455409.5127	19.33	0.084
2455413.5953599997	19.361	0.081
2455422.67662	19.355999999999998	0.078
2455434.51249	19.387	0.11599999999999999
2455439.61067	19.235	0.099
2455447.54983	19.274	0.076
2455453.54917	19.567	0.201
2455458.5633900003	19.18	0.12
2455460.5189400003	19.329	0.102
2455461.62678	19.348	0.159
2455465.54504	19.268	0.11900000000000001
2455470.5965	19.244	0.109
2455473.52167	19.27	0.105
2455479.5445	19.476	0.136
2455483.50937	19.252	0.207
2455485.5150900004	19.256	0.147
2455488.50024	19.275	0.11199999999999999
2455493.52373	19.355999999999998	0.204
2455606.88607	19.166	0.095
2455612.88996	19.307000000000002	0.136
2455615.89875	19.359	0.10099999999999999
2455621.86721	19.288	0.071
2455624.79478	19.502	0.099
2455626.88607	19.283	0.081
2455628.79973	19.384	0.10300000000000001
2455629.8798	19.272000000000002	0.073
2455631.8552099997	19.281	0.08800000000000001
2455633.8102	19.458	0.085
2455634.88662	19.448	0.098
2455637.79785	19.37	0.131
2455639.75954	19.3	0.11
2455640.85912	19.335	0.11
2455642.8968	19.147000000000002	0.094
2455644.8623	19.352999999999998	0.124
2455647.83679	19.352	0.11900000000000001
2455649.86593	19.352999999999998	0.071
2455651.79943	19.329	0.067
2455653.92617	19.396	0.16899999999999998
2455655.86937	19.46	0.076
2455657.89684	19.348	0.064
2455659.7815400003	19.378	0.081
2455660.8807099997	19.25	0.08199999999999999
2455664.76468	19.299	0.105
2455665.89099	19.248	0.064
2455668.91681	19.242	0.129
2455671.76273	19.368	0.102
2455676.86771	19.249000000000002	0.07
2455679.822	19.246	0.071
2455681.7038	19.267	0.081
2455682.91333	19.304000000000002	0.08199999999999999
2455684.8818099997	19.211	0.069
2455686.86663	19.242	0.078
2455689.77882	19.487000000000002	0.08
2455691.79374	19.397000000000002	0.092
2455692.9254900003	19.31	0.113
2455694.68852	19.27	0.08199999999999999
2455695.85605	19.340999999999998	0.069
2455696.9418	19.537	0.285
2455698.6855900004	19.483	0.158
2455702.6828	19.009	0.26
2455705.72796	19.285999999999998	0.099
2455707.63155	19.387999999999998	0.085
2455708.71882	19.328	0.081
2455712.72523	19.337	0.078
2455715.57344	19.346	0.095
2455715.59501	19.414	0.091
2455716.7773	19.297	0.078
2455722.59374	19.37	0.084
2455723.76642	19.324	0.07400000000000001
2455725.63477	19.365	0.096
2455726.81424	19.409000000000002	0.187
2455729.74078	19.377	0.179
2455729.80143	19.215999999999998	0.33299999999999996
2455734.78445	19.387999999999998	0.11599999999999999
2455736.60898	19.328	0.062
2455737.7014900004	19.335	0.06
2455739.52003	19.241	0.098
2455740.5772700002	19.377	0.12
2455741.6466099997	19.282	0.08800000000000001
2455742.68187	19.33	0.062
2455743.8083599997	19.406	0.106
2455744.85579	19.124000000000002	0.105
2455746.62532	19.311	0.095
2455747.81875	19.18	0.11699999999999999
2455749.8130099997	19.217	0.10300000000000001
2455753.7730099997	19.258	0.221
2455760.69038	19.393	0.098
2455763.5921400003	19.41	0.081
2455764.69187	19.348	0.07
2455766.52447	19.480999999999998	0.095
2455767.70042	19.274	0.085
2455768.79568	19.419	0.115
2455775.61084	19.381	0.10099999999999999
2455777.7486400004	19.296	0.085
2455783.58415	19.507	0.337
2455784.57927	19.345	0.10099999999999999
2455784.68384	19.317999999999998	0.249
2455786.71557	19.19	0.124
2455788.65349	19.338	0.098
2455791.60524	19.324	0.084
2455794.67947	19.257	0.08
2455798.69065	19.38	0.138
2455804.5586900003	19.512999999999998	0.11
2455807.5690599997	19.242	0.096
2455813.6296200003	19.227999999999998	0.08800000000000001
2455817.50692	19.252	0.08
2455819.59443	19.346	0.10099999999999999
2455822.56187	19.236	0.092
2455827.56548	19.13	0.10300000000000001
2455829.52481	19.339000000000002	0.091
2455831.53525	19.352	0.091
2455833.54167	19.262	0.08
2455836.54357	19.320999999999998	0.158
2455840.55602	19.255	0.105
2455842.51991	19.191	0.162
2455844.5323400004	19.261	0.129
2455846.5739700003	19.299	0.193
2455852.5230900003	19.449	0.17300000000000001
2455857.5037700003	19.605999999999998	0.23800000000000002
2455977.85219	19.166	0.091
2455982.8719099998	19.336	0.077
2455985.89737	19.387999999999998	0.098
2455988.88717	19.337	0.077
2455991.82854	19.361	0.08199999999999999
2455993.90843	19.506	0.15
2455996.78353	19.392	0.126
2455998.7998200003	19.386	0.095
2456002.86563	19.308	0.08900000000000001
2456003.85772	19.223	0.12
2456005.83487	19.482	0.10099999999999999
2456007.81933	19.195999999999998	0.063
2456009.74462	19.465	0.11199999999999999
2456010.8701400002	19.273	0.059000000000000004
2456012.80216	19.234	0.069
2456014.73387	19.223	0.081
2456015.82774	19.250999999999998	0.053
2456017.74588	19.185	0.055999999999999994
2456018.83807	19.262	0.062
2456020.71869	19.283	0.10099999999999999
2456021.77903	19.29	0.067
2456022.83171	19.327	0.077
2456023.922	19.297	0.11699999999999999
2456024.9119599997	19.29	0.087
2456029.6883099996	19.177	0.305
2456029.69095	18.992	0.254
2456029.6935400004	19.201	0.33299999999999996
2456029.6957400003	19.387999999999998	0.358
2456029.71049	19.546	0.345
2456029.71501	19.294	0.33899999999999997
2456029.7165200002	19.147000000000002	0.267
2456029.72156	19.13	0.28800000000000003
2456029.72305	19.28	0.309
2456029.72761	19.812	0.493
2456029.73066	19.545	0.414
2456029.7351900004	19.041	0.23600000000000002
2456029.73666	19.452	0.33399999999999996
2456029.74138	18.762	0.159
2456029.7428900003	19.264	0.264
2456029.74745	19.561	0.33399999999999996
2456029.75013	18.971	0.218
2456029.7546900003	19.317999999999998	0.27399999999999997
2456029.75616	19.564	0.32
2456029.76087	19.143	0.242
2456029.76235	18.898	0.196
2456029.76689	19.215999999999998	0.257
2456029.76885	19.112000000000002	0.191
2456029.77342	19.119	0.21
2456029.77492	20.05	0.47100000000000003
2456029.7795700002	19.665	0.337
2456029.7810400003	19.16	0.21100000000000002
2456029.7855700003	19.557000000000002	0.306
2456029.7892400003	19.151	0.221
2456029.79075	19.593	0.32799999999999996
2456029.79525	19.507	0.231
2456029.7973	19.143	0.159
2456029.8018099996	19.249000000000002	0.196
2456029.80328	19.805999999999997	0.295
2456029.80892	19.192999999999998	0.18600000000000003
2456029.81039	19.27	0.16899999999999998
2456029.81495	19.000999999999998	0.14300000000000002
2456029.86253	19.492	0.204
2456029.88027	19.525	0.172
2456029.9325900003	19.207	0.249
2456032.93375	19.365	0.221
2456035.85647	19.303	0.07
2456037.9125599996	19.194000000000003	0.081
2456040.75284	19.188	0.069
2456045.937	19.244	0.129
2456047.68357	19.342	0.087
2456048.89083	19.313	0.077
2456050.80915	19.312	0.084
2456052.8730599997	19.311	0.087
2456057.79625	19.455	0.113
2456061.7151900004	19.410999999999998	0.102
2456062.86479	19.45	0.099
2456064.87355	19.364	0.084
2456066.71686	19.374000000000002	0.078
2456067.80416	19.259	0.067
2456069.60772	19.297	0.084
2456070.69522	19.332	0.071
2456071.75684	19.373	0.081
2456075.8343700003	19.479	0.077
2456077.7157900003	19.354	0.078
2456078.81885	19.292	0.07
2456079.89492	19.344	0.076
2456080.93214	19.448	0.106
2456085.73772	19.283	0.098
2456086.7327099997	19.325	0.071
2456088.60252	19.354	0.07
2456092.6666200003	19.267	0.07400000000000001
2456093.85967	19.202	0.102
2456096.65142	19.421	0.08199999999999999
2456097.85722	19.349	0.098
2456099.63113	19.158	0.092
2456100.8646	19.27	0.131
2456102.51642	19.229	0.13
2456103.53309	19.3	0.087
2456105.67026	19.38	0.084
2456108.74343	19.432000000000002	0.109
2456113.70034	19.189	0.096
2456114.79936	19.304000000000002	0.095
2456116.52431	19.436	0.078
2456117.5946400003	19.403	0.071
2456118.66756	19.343	0.069
2456119.6891799998	19.345	0.071
2456120.80715	19.22	0.077
2456123.55541	19.301	0.081
2456124.68656	19.211	0.07
2456125.77599	19.451	0.10300000000000001
2456127.6387	19.292	0.08900000000000001
2456131.69772	19.139	0.064
2456131.77104	19.27	0.078
2456133.7752900003	19.176	0.11699999999999999
2456135.77147	19.25	0.084
2456140.7464	18.945999999999998	0.147
2456149.56306	19.317999999999998	0.078
2456151.7303	19.46	0.11199999999999999
2456154.70812	19.493	0.11599999999999999
2456158.7234900002	19.23	0.08800000000000001
2456161.51771	19.334	0.109
2456179.5139099997	19.402	0.109
2456179.5279599996	19.301	0.113
2456181.61798	19.274	0.08
2456184.62252	19.34	0.07400000000000001
2456190.59137	19.296	0.08199999999999999
2456196.50032	19.211	0.08800000000000001
2456198.594	19.287	0.16899999999999998
2456204.49422	19.16	0.08800000000000001
2456210.5975200003	19.377	0.13699999999999998
2456213.53786	19.08	0.091
2456218.51271	19.267	0.099
2456340.87322	19.438	0.087
2456345.8701299997	19.24	0.069
2456350.84164	19.276	0.085
2456353.8892200002	19.274	0.077
2456361.88924	19.195999999999998	0.07400000000000001
2456367.86122	19.338	0.059000000000000004
2456369.8857400003	19.473	0.078
2456371.8733900003	19.311	0.06
2456372.86691	19.203	0.057
2456374.8372299997	19.399	0.087
2456376.7828	19.429000000000002	0.085
2456377.91635	19.445	0.099
2456379.85348	19.337	0.087
2456381.82461	19.402	0.07400000000000001
2456386.7503299997	19.28	0.085
2456387.84609	19.272000000000002	0.066
2456389.7563099996	19.327	0.073
2456390.8309400002	19.262	0.076
2456393.77017	19.362000000000002	0.091
2456395.77654	19.247	0.069
2456397.73905	19.307000000000002	0.063
2456398.92712	19.445999999999998	0.11
2456401.68668	19.183	0.08900000000000001
2456402.8833	19.394000000000002	0.12
2456404.8212099997	19.314	0.071
2456407.75438	19.41	0.10300000000000001
2456409.89985	19.552	0.215
2456416.85959	19.35	0.071
2456418.70295	19.172	0.073
2456419.8555799997	19.436	0.087
2456421.8228	19.384	0.073
2456423.8447	19.397000000000002	0.08800000000000001
2456426.65781	19.323	0.069
2456428.84376	19.445999999999998	0.10099999999999999
2456431.93971	19.36	0.17
2456433.69802	19.383	0.08800000000000001
2456434.89173	19.274	0.084
2456436.63543	19.442999999999998	0.10300000000000001
2456442.68104	19.377	0.077
2456444.83097	19.334	0.092
2456445.93115	19.038	0.098
2456446.83907	19.25	0.059000000000000004
2456447.89105	19.288	0.069
2456448.9223599997	19.77	0.21899999999999997
2456450.5789	19.288	0.084
2456451.63868	19.241	0.077
2456452.72887	19.297	0.08
2456454.81088	19.352999999999998	0.078
2456456.68451	19.331	0.053
2456458.52727	19.178	0.115
2456459.59851	19.259	0.076
2456460.79648	19.194000000000003	0.066
2456462.66951	19.381	0.087
2456463.81361	19.33	0.08199999999999999
2456468.5347700003	19.137999999999998	0.10800000000000001
2456469.70516	19.237000000000002	0.085
2456472.84622	19.469	0.11699999999999999
2456474.60176	19.237000000000002	0.085
2456475.68763	19.391	0.08
2456476.74606	19.272000000000002	0.084
2456477.82119	19.273	0.124
2456480.56486	19.258	0.08900000000000001
2456481.71832	19.319000000000003	0.095
2456485.53325	19.361	0.08199999999999999
2456486.69868	19.312	0.073
2456487.77721	19.281	0.059000000000000004
2456490.56679	19.320999999999998	0.081
2456491.73484	19.332	0.08199999999999999
2456496.4901799997	19.108	0.106
2456498.51656	19.253	0.067
2456500.5577599998	19.417	0.133
2456504.7269099997	19.342	0.085
2456506.74104	19.368	0.109
2456509.52585	19.298	0.06
2456510.71447	19.442999999999998	0.08900000000000001
2456514.67821	19.317999999999998	0.063
2456518.51889	19.393	0.084
2456523.51943	19.51	0.109
2456525.5271	19.352	0.11
2456531.48068	19.555	0.151
2456533.61289	19.325	0.087
2456538.58697	19.391	0.106
2456543.63197	19.25	0.08199999999999999
2456547.59061	19.044	0.11199999999999999
2456559.49672	19.258	0.102
2456562.60947	19.191	0.07
2456565.5954	19.332	0.095
2456569.55313	19.347	0.07400000000000001
2456572.52593	19.094	0.092
2456576.49077	19.264	0.204
2456576.56007	19.135	0.08900000000000001
2456581.49438	19.319000000000003	0.11900000000000001
2456741.81783	19.355999999999998	0.08199999999999999
2456741.90513	19.278	0.06
2456744.83988	19.404	0.073
2456745.92533	19.054000000000002	0.10300000000000001
2456749.86336	19.232	0.055999999999999994
2456754.82383	19.654	0.122
2456757.90092	19.269000000000002	0.062
2456761.71407	19.109	0.077
2456764.70734	19.491	0.12
2456769.67997	19.355999999999998	0.076
2456771.80118	19.3	0.066
2456774.68932	19.365	0.098
2456776.8930900004	19.243	0.073
2456789.78732	19.39	0.087
2456791.7718700003	19.268	0.081
2456796.71759	19.250999999999998	0.096
2456798.87019	19.392	0.15
2456804.75618	19.294	0.071
2456806.9147900003	19.445999999999998	0.131
2456808.88382	19.329	0.08800000000000001
2456810.80956	19.319000000000003	0.07400000000000001
2456813.78758	19.41	0.092
2456815.77502	19.468	0.094
2456817.7697900003	19.35	0.10300000000000001
2456819.7766400003	19.204	0.126
2456824.84605	19.477999999999998	0.126
2456826.70921	19.285	0.077
2456828.56522	19.281	0.07
2456829.80854	19.38	0.091
2456831.82785	19.355	0.08900000000000001
2456833.76936	19.285	0.08900000000000001
2456835.66642	19.274	0.08900000000000001
2456837.5567400004	19.327	0.073
2456838.79704	19.462	0.10800000000000001
2456840.71556	19.741	0.165
2456842.7207400003	19.267	0.077
2456845.5855400003	19.273	0.078
2456847.76947	19.368	0.129
2456852.69827	19.756	0.256
2456856.6312700002	19.408	0.073
2456858.56349	19.336	0.067
2456862.7654	19.359	0.099
2456864.76309	19.377	0.113
2456873.5904599996	19.378	0.11900000000000001
2456879.69861	19.223	0.136
2456882.64535	19.34	0.078
2456886.58128	19.29	0.06
2456889.48154	19.248	0.08199999999999999
2456891.67776	19.166	0.092
2456907.61995	19.237000000000002	0.10800000000000001
2456915.62612	19.295	0.098
2456924.48882	19.445999999999998	0.11599999999999999
2456928.57913	19.191	0.10300000000000001
2456931.4844	19.004	0.145
2456932.5101799998	19.427	0.17
2456938.49115	19.436	0.154
2456942.53871	19.342	0.11199999999999999
2457065.88309	19.414	0.115
2457070.8853	19.337	0.08
2457072.89269	19.394000000000002	0.094
2457076.8862799997	19.265	0.066
2457078.86208	19.45	0.08800000000000001
2457080.88447	19.389	0.098
2457082.90341	19.371	0.115
2457086.79843	19.274	0.115
2457088.8468400002	19.277	0.084
2457090.88122	19.383	0.091
2457092.88204	19.264	0.071
2457098.81152	19.351	0.085
2457100.80224	19.373	0.08
2457102.88311	19.304000000000002	0.081
2457110.80549	19.298	0.059000000000000004
2457112.7725299997	19.27	0.096
2457115.76773	19.449	0.11599999999999999
2457118.85271	19.33	0.076
2457125.83388	19.195	0.062
2457130.80318	19.430999999999997	0.084
2457133.9048200003	19.361	0.08900000000000001
2457136.73746	19.296	0.092
2457138.83146	19.335	0.076
2457141.66127	19.234	0.073
2457143.72874	19.297	0.084
2457146.7317	19.136	0.07400000000000001
2457152.76027	19.349	0.085
2457154.74828	19.283	0.07400000000000001
2457156.76322	19.261	0.062
2457158.94265	19.686	0.263
2457160.91143	19.363	0.087
2457162.8780799997	19.264	0.071
2457164.91432	19.204	0.084
2457169.77746	19.159000000000002	0.066
2457172.6998400004	19.271	0.087
2457174.58487	19.38	0.131
2457175.8798599998	19.137999999999998	0.155
2457178.65157	19.214000000000002	0.122
2457179.6105299997	19.313	0.12
2457180.8242099998	19.299	0.08800000000000001
2457182.71043	19.421	0.077
2457184.5769599997	19.387999999999998	0.141
2457185.8127599997	19.559	0.109
2457187.84721	19.316	0.084
2457189.82554	19.285	0.08
2457194.6338400003	19.282	0.066
2457198.6461400003	19.458	0.08
2457200.50097	19.132	0.08800000000000001
2457207.54764	19.294	0.11599999999999999
2457214.69158	19.122	0.07400000000000001
2457220.57525	19.38	0.08
2457222.4994799998	19.2	0.098
2457224.51597	19.233	0.08199999999999999
2457226.6899900003	19.264	0.073
2457228.6199	19.279	0.077
2457235.48338	19.366	0.136
2457249.6930400003	19.083	0.096
2457255.59533	19.342	0.092
2457263.5339	19.37	0.099
2457267.5413	19.265	0.10099999999999999
2457270.56816	19.433	0.096
2457275.6560299997	19.202	0.102
2457291.5345799997	19.024	0.122
2457294.55471	19.352999999999998	0.152
2457312.5168	19.06	0.115
2457439.87298	19.428	0.095
2457446.84233	19.328	0.076
2457452.80737	19.402	0.076
2457456.86092	19.41	0.094
2457461.82137	19.235	0.06
2457465.87549	19.164	0.071
2457471.8072599997	19.146	0.091
2457474.88191	19.393	0.095
2457484.77472	19.222	0.098
2457486.82792	19.34	0.098
2457488.89018	19.345	0.067
2457492.8341900003	19.327	0.069
2457494.89113	19.293	0.07
2457498.84669	19.242	0.099
2457500.7984	19.566	0.14300000000000002
2457508.79811	19.207	0.053
2457511.79843	19.201	0.059000000000000004
2457522.88715	19.403	0.131
2457528.83856	19.173	0.102
2457534.80086	19.292	0.076
2457545.76796	19.09	0.069
2457546.93269	19.22	0.12
2457549.5906700003	19.129	0.069
2457550.80761	19.195	0.073
2457555.61853	19.098	0.077
2457557.73637	19.016	0.08800000000000001
2457560.78915	18.922	0.14400000000000002
2457566.56732	19.121	0.081
2457567.68841	18.980999999999998	0.062
2457568.85257	19.265	0.127
2457570.82515	19.029	0.076
2457576.52386	19.046	0.069
2457576.53645	19.031	0.069
2457581.78193	18.925	0.067
2457589.5332	18.752	0.081
2457590.72665	18.909000000000002	0.064
2457596.52314	18.77	0.039
2457601.69314	18.784000000000002	0.043
2457603.6612400003	18.737000000000002	0.039
2457605.58788	18.699	0.046
2457608.48015	18.692	0.059000000000000004
2457610.5858299998	18.544	0.045
2457616.50421	18.423	0.046
2457618.61548	18.32	0.049
2457622.71372	18.267	0.034
2457625.64499	18.148	0.032
2457632.50477	17.910999999999998	0.021
2457636.6294	17.685	0.024
2457644.54612	17.214000000000002	0.027999999999999997
2457660.4915400003	17.052	0.018000000000000002
