2455378.62695	17.685	0.022000000000000002
2455380.6606099997	17.645	0.021
2455382.81391	17.651	0.039
2455385.53137	17.662	0.021
2455385.63083	17.653	0.018000000000000002
2455385.73317	17.680999999999997	0.021
2455388.7560400004	17.657	0.022000000000000002
2455391.82634	17.656	0.027999999999999997
2455397.694	17.686	0.028999999999999998
2455405.64774	17.677	0.028999999999999998
2455409.48759	17.66	0.022000000000000002
2455413.52383	17.675	0.021
2455422.56786	17.669	0.023
2455433.6995599996	17.72	0.049
2455439.5854599997	17.678	0.027999999999999997
2455447.5232	17.662	0.023
2455457.58223	17.672	0.023
2455460.5865	17.739	0.059000000000000004
2455465.5315	17.706	0.031
2455473.49707	17.701	0.032
2455490.5383900004	17.652	0.039
2455602.85382	17.692	0.027999999999999997
2455604.86174	17.658	0.027999999999999997
2455605.85789	17.67	0.021
2455606.85752	17.668	0.023
2455607.86102	17.639	0.025
2455608.85201	17.653	0.028999999999999998
2455611.8476400003	17.64	0.033
2455612.8569	17.667	0.026000000000000002
2455613.88962	17.660999999999998	0.042
2455615.8484099996	17.664	0.023
2455616.84256	17.647000000000002	0.033
2455621.8335599997	17.687	0.023
2455622.8215400004	17.654	0.019
2455624.7779099997	17.664	0.023
2455626.83676	17.629	0.027999999999999997
2455628.7779	17.69	0.036000000000000004
2455629.77337	17.68	0.032
2455631.83823	17.69	0.031
2455632.8673900003	17.667	0.021
2455633.76653	17.648	0.025
2455635.79896	17.682000000000002	0.028999999999999998
2455637.7776099998	17.667	0.033
2455638.90791	17.660999999999998	0.022000000000000002
2455639.77834	17.639	0.031
2455642.75726	17.67	0.028999999999999998
2455647.76275	17.689	0.022000000000000002
2455649.78672	17.662	0.019
2455654.78793	17.647000000000002	0.021
2455658.8509400003	17.66	0.019
2455662.9039	17.708	0.022000000000000002
2455668.78409	17.665	0.031
2455675.79017	17.675	0.023
2455679.88853	17.697	0.021
2455682.91511	17.685	0.023
2455686.80524	17.68	0.018000000000000002
2455692.65679	17.713	0.026000000000000002
2455694.8311099997	17.694000000000003	0.022000000000000002
2455697.68018	17.686	0.023
2455702.59037	17.694000000000003	0.036000000000000004
2455702.7694200003	17.73	0.054000000000000006
2455706.86356	17.691	0.031
2455709.82168	17.715999999999998	0.019
2455715.85194	17.651	0.022000000000000002
2455722.82271	17.683	0.023
2455725.7962700003	17.691	0.025
2455735.6696099997	17.649	0.026000000000000002
2455737.78322	17.656	0.019
2455740.6402	17.658	0.025
2455742.66819	17.673	0.018000000000000002
2455745.7179099997	17.719	0.022000000000000002
2455749.50635	17.676	0.039
2455760.5654599997	17.679000000000002	0.031
2455765.53052	17.7	0.023
2455768.78474	17.68	0.025
2455777.66139	17.657	0.021
2455784.49002	17.642	0.048
2455784.6212	17.69	0.035
2455785.72833	17.609	0.038
2455790.57856	17.648	0.025
2455794.6809900003	17.69	0.025
2455803.51497	17.664	0.026000000000000002
2455815.48335	17.659000000000002	0.027999999999999997
2455819.52403	17.637999999999998	0.023
2455824.54742	17.652	0.022000000000000002
2455829.52622	17.688	0.025
2455833.5827099998	17.676	0.027999999999999997
2455841.5191200003	17.660999999999998	0.028999999999999998
2455845.56076	17.676	0.035
2455854.51633	17.723	0.035
2455971.88522	17.675	0.023
2455984.8728400003	17.676	0.019
2455990.79654	17.686	0.023
2455995.77307	17.684	0.027999999999999997
2456002.77273	17.62	0.036000000000000004
2456002.89406	17.675	0.026000000000000002
2456003.80745	17.631	0.028999999999999998
2456007.78849	17.687	0.021
2456010.82352	17.662	0.019
2456013.9010099997	17.64	0.018000000000000002
2456016.9045700002	17.667	0.018000000000000002
2456019.8890299997	17.677	0.018000000000000002
2456022.78174	17.706	0.022000000000000002
2456025.7080900003	17.667	0.033
2456032.9094700003	17.666	0.019
2456037.73176	17.672	0.025
2456040.8878599997	17.658	0.021
2456048.74379	17.678	0.018000000000000002
2456051.64649	17.699	0.027999999999999997
2456057.69873	17.676	0.025
2456057.8580400003	17.648	0.021
2456058.66139	17.641	0.027999999999999997
2456061.83101	17.687	0.021
2456064.8226	17.672	0.021
2456066.94202	17.628	0.023
2456069.6823400003	17.717	0.019
2456071.6582	17.692	0.021
2456076.6941299997	17.67	0.018000000000000002
2456078.83321	17.649	0.019
2456080.7934	17.695999999999998	0.025
2456086.58948	17.634	0.022000000000000002
2456089.6464	17.636	0.019
2456093.82252	17.67	0.026000000000000002
2456096.8744799998	17.709	0.032
2456099.84444	17.647000000000002	0.031
2456101.82791	17.672	0.026000000000000002
2456103.72657	17.636	0.021
2456103.7945	17.704	0.021
2456103.8236599998	17.703	0.026000000000000002
2456104.51068	17.676	0.022000000000000002
2456104.64558	17.663	0.018000000000000002
2456104.77963	17.682000000000002	0.021
2456105.68688	17.657	0.023
2456113.702	17.679000000000002	0.026000000000000002
2456115.67099	17.666	0.023
2456117.6855200003	17.685	0.021
2456119.613	17.66	0.019
2456121.62593	17.667	0.016
2456124.7014599997	17.668	0.019
2456126.75574	17.685	0.022000000000000002
2456132.55793	17.656	0.023
2456135.6639900003	17.711	0.028999999999999998
2456140.6648	17.682000000000002	0.031
2456147.6116299997	17.738	0.026000000000000002
2456151.59961	17.675	0.025
2456158.5436299997	17.697	0.021
2456161.61118	17.687	0.023
2456167.68739	17.631	0.048
2456169.53496	17.667	0.025
2456175.6457599998	17.701	0.026000000000000002
2456182.63295	17.734	0.028999999999999998
2456191.4922700003	17.643	0.033
2456198.57073	17.625999999999998	0.033
2456210.5103	17.66	0.026000000000000002
2456217.50435	17.675	0.022000000000000002
2456347.86227	17.666	0.022000000000000002
2456354.8815099997	17.667	0.021
2456362.9007	17.718	0.021
2456370.88057	17.698	0.019
2456375.80128	17.71	0.021
2456378.88696	17.658	0.018000000000000002
2456382.77321	17.668	0.043
2456388.75353	17.660999999999998	0.023
2456391.70642	17.594	0.026000000000000002
2456395.82793	17.676	0.018000000000000002
2456398.82265	17.683	0.018000000000000002
2456401.86634	17.660999999999998	0.019
2456404.8361400003	17.672	0.019
2456408.81409	17.680999999999997	0.027999999999999997
2456417.733	17.664	0.021
2456426.83183	17.668	0.018000000000000002
2456434.66097	17.678	0.025
2456436.7069599996	17.699	0.022000000000000002
2456442.60261	17.660999999999998	0.019
2456445.66365	17.654	0.018000000000000002
2456447.66499	17.655	0.019
2456449.60098	17.695	0.021
2456450.90944	17.724	0.025
2456454.53582	17.715999999999998	0.026000000000000002
2456456.70037	17.662	0.016
2456458.84503	17.665	0.021
2456461.6020299997	17.695999999999998	0.021
2456463.74664	17.695	0.022000000000000002
2456473.74136	17.69	0.019
2456475.68946	17.668	0.019
2456480.69661	17.683	0.021
2456485.48858	17.674	0.022000000000000002
2456487.59272	17.657	0.016
2456490.70112	17.667	0.019
2456496.51906	17.634	0.027999999999999997
2456498.71257	17.65	0.022000000000000002
2456505.4937299998	17.71	0.023
2456508.65058	17.691	0.018000000000000002
2456511.6203900003	17.678	0.021
2456518.5207	17.674	0.019
2456524.55822	17.652	0.022000000000000002
2456560.49161	17.65	0.023
2456567.5444900002	17.701	0.026000000000000002
2456573.53648	17.755	0.026000000000000002
2456741.8699	17.71	0.019
2456742.83465	17.643	0.015
2456745.88192	17.652	0.016
2456752.80272	17.678	0.018000000000000002
2456755.86977	17.659000000000002	0.018000000000000002
2456757.84877	17.672	0.019
2456759.87351	17.669	0.015
2456761.8064200003	17.652	0.018000000000000002
2456763.78936	17.655	0.019
2456768.9175400003	17.687	0.016
2456770.75984	17.692999999999998	0.018000000000000002
2456771.93241	17.593	0.026000000000000002
2456773.82208	17.739	0.025
2456775.76219	17.639	0.016
2456789.78579	17.669	0.021
2456790.87043	17.671	0.028999999999999998
2456791.92655	17.669	0.026000000000000002
2456796.6389200003	17.627	0.023
2456797.7384900004	17.673	0.026000000000000002
2456799.88296	17.651	0.032
2456804.59057	17.665	0.021
2456805.6388	17.669	0.025
2456807.61233	17.679000000000002	0.028999999999999998
2456808.64783	17.674	0.022000000000000002
2456809.6833599997	17.672	0.018000000000000002
2456810.73788	17.684	0.019
2456811.7609099997	17.67	0.023
2456813.87553	17.711	0.025
2456815.60012	17.694000000000003	0.025
2456816.6844200003	17.632	0.025
2456817.7684	17.668	0.026000000000000002
2456819.63334	17.653	0.026000000000000002
2456823.8462099996	17.664	0.026000000000000002
2456824.88936	17.652	0.039
2456826.5159299998	17.663	0.025
2456827.56278	17.678	0.021
2456828.61103	17.655	0.019
2456829.60748	17.687	0.025
2456830.6301599997	17.673	0.018000000000000002
2456831.77729	17.682000000000002	0.022000000000000002
2456832.81083	17.692999999999998	0.026000000000000002
2456833.86619	17.66	0.036000000000000004
2456835.53739	17.705	0.026000000000000002
2456836.56706	17.711	0.031
2456837.58406	17.664	0.021
2456838.58395	17.651	0.025
2456839.59516	17.674	0.023
2456840.64759	17.668	0.025
2456841.76507	17.685	0.023
2456842.80851	17.66	0.027999999999999997
2456844.83941	17.677	0.026000000000000002
2456845.82162	17.695	0.023
2456847.768	17.677	0.025
2456851.77453	17.668	0.028999999999999998
2456855.50459	17.697	0.025
2456856.5337400003	17.697	0.023
2456857.57645	17.680999999999997	0.021
2456858.65843	17.666	0.019
2456862.61538	17.644000000000002	0.023
2456863.69435	17.676	0.021
2456864.76157	17.709	0.026000000000000002
2456872.5172	17.665	0.023
2456878.56917	17.594	0.040999999999999995
2456880.67838	17.709	0.040999999999999995
2456882.61264	17.659000000000002	0.021
2456885.56058	17.726	0.023
2456886.70232	17.645	0.025
2456888.62727	17.672	0.021
2456890.5649099997	17.682000000000002	0.022000000000000002
2456895.50153	17.691	0.021
2456908.50119	17.680999999999997	0.028999999999999998
2456912.61601	17.664	0.028999999999999998
2456918.53482	17.672	0.027999999999999997
2456922.60341	17.665	0.027999999999999997
2456925.6165	17.685	0.027999999999999997
2456929.49474	17.685	0.031
2456932.55853	17.662	0.051
2456942.49519	17.713	0.028999999999999998
2457069.86368	17.698	0.022000000000000002
2457074.87399	17.685	0.025
2457075.8500900003	17.671	0.025
2457078.85256	17.697	0.023
2457082.85447	17.683	0.021
2457086.8809599997	17.664	0.021
2457090.784	17.665	0.032
2457097.88006	17.662	0.016
2457100.86543	17.649	0.019
2457110.79202	17.668	0.018000000000000002
2457112.90122	17.678	0.019
2457115.7184	17.692999999999998	0.026000000000000002
2457116.92465	17.631	0.027999999999999997
2457126.8492799997	17.641	0.019
2457130.76347	17.658	0.022000000000000002
2457131.92262	17.685	0.021
2457134.7428099997	17.711	0.023
2457135.9010799997	17.702	0.019
2457137.74559	17.676	0.018000000000000002
2457138.87217	17.680999999999997	0.019
2457140.72918	17.679000000000002	0.022000000000000002
2457141.86161	17.677	0.019
2457143.68448	17.651	0.022000000000000002
2457144.79062	17.695999999999998	0.028999999999999998
2457146.70565	17.659000000000002	0.023
2457147.72517	17.675	0.028999999999999998
2457152.88113	17.65	0.025
2457153.92778	17.660999999999998	0.023
2457155.71467	17.669	0.019
2457156.83142	17.671	0.016
2457158.74258	17.688	0.021
2457159.8103	17.632	0.019
2457160.8766400004	17.651	0.019
2457162.60443	17.674	0.022000000000000002
2457163.6587900002	17.689	0.026000000000000002
2457164.7927599996	17.662	0.019
2457165.62358	17.653	0.023
2457166.76975	17.673	0.019
2457166.9343	17.684	0.027999999999999997
2457169.67802	17.659000000000002	0.018000000000000002
2457169.87307	17.672	0.019
2457170.66505	17.705	0.021
2457170.85515	17.736	0.026000000000000002
2457172.6674900004	17.674	0.023
2457172.85849	17.663	0.026000000000000002
2457173.64382	17.705	0.028999999999999998
2457173.84006	17.668	0.023
2457174.6091299998	17.676	0.026000000000000002
2457174.7809599997	17.686	0.023
2457174.94433	17.664	0.036000000000000004
2457175.7324900003	17.705	0.022000000000000002
2457178.6760299997	17.676	0.023
2457178.84749	17.695999999999998	0.026000000000000002
2457179.60765	17.73	0.031
2457179.77208	17.658	0.023
2457180.55994	17.691	0.025
2457180.71913	17.639	0.022000000000000002
2457180.8952	17.651	0.025
2457181.67207	17.674	0.019
2457181.84857	17.7	0.026000000000000002
2457182.61586	17.652	0.018000000000000002
2457182.80798	17.65	0.028999999999999998
2457183.56893	17.668	0.023
2457183.7536	17.656	0.022000000000000002
2457183.9195	17.692	0.026000000000000002
2457184.74503	17.663	0.023
2457184.9089099998	17.678	0.025
2457185.70455	17.714000000000002	0.023
2457185.87042	17.662	0.028999999999999998
2457186.8309	17.692	0.026000000000000002
2457187.6121	17.672	0.023
2457187.79522	17.674	0.022000000000000002
2457188.58175	17.702	0.026000000000000002
2457188.76901	17.665	0.025
2457189.6182	17.677	0.023
2457189.8080599997	17.689	0.022000000000000002
2457190.5891400003	17.669	0.023
2457190.78968	17.664	0.023
2457191.62454	17.687	0.023
2457192.82724	17.651	0.019
2457192.8582	17.699	0.023
2457193.66769	17.668	0.016
2457193.83813	17.678	0.019
2457194.6006400003	17.671	0.021
2457194.7922	17.71	0.022000000000000002
2457195.8322	17.674	0.015
2457197.634	17.675	0.019
2457197.81733	17.672	0.022000000000000002
2457198.61162	17.691	0.021
2457198.79784	17.68	0.023
2457199.57411	17.675	0.021
2457199.75683	17.691	0.021
2457200.5122700003	17.69	0.023
2457200.6910900003	17.67	0.019
2457200.85981	17.641	0.022000000000000002
2457202.85185	17.69	0.038
2457206.65197	17.698	0.032
2457206.82343	17.675	0.036000000000000004
2457207.6318900003	17.637	0.022000000000000002
2457207.80031	17.645	0.038
2457207.8207400003	17.649	0.028999999999999998
2457209.7280200003	17.64	0.026000000000000002
2457211.50614	17.619	0.028999999999999998
2457211.67876	17.676	0.022000000000000002
2457212.5292	17.652	0.021
2457214.6327400003	17.704	0.018000000000000002
2457217.5842	17.694000000000003	0.025
2457219.49908	17.660999999999998	0.027999999999999997
2457219.70507	17.665	0.019
2457220.5874	17.655	0.019
2457220.77666	17.684	0.022000000000000002
2457221.57458	17.668	0.022000000000000002
2457221.7571400004	17.711	0.019
2457222.5427200003	17.699	0.022000000000000002
2457222.75556	17.732	0.025
2457223.59212	17.66	0.022000000000000002
2457223.77916	17.68	0.031
2457224.6406	17.665	0.025
2457225.48558	17.71	0.023
2457226.50177	17.676	0.023
2457226.6869799998	17.692999999999998	0.019
2457227.4707	17.713	0.032
2457227.64223	17.669	0.018000000000000002
2457228.47212	17.653	0.026000000000000002
2457228.65644	17.66	0.021
2457229.50057	17.689	0.023
2457229.66528	17.689	0.019
2457233.49133	17.642	0.033
2457233.53317	17.677	0.033
2457235.68546	17.675	0.031
2457236.54489	17.656	0.027999999999999997
2457249.5328	17.692	0.031
2457249.68994	17.707	0.027999999999999997
2457252.51998	17.673	0.025
2457253.47654	17.702	0.025
2457253.6686400003	17.675	0.022000000000000002
2457255.6366	17.654	0.022000000000000002
2457256.63931	17.668	0.027999999999999997
2457261.49114	17.668	0.040999999999999995
2457261.65562	17.637	0.038
2457263.6199	17.673	0.023
2457264.56759	17.7	0.025
2457265.53085	17.689	0.022000000000000002
2457266.50222	17.64	0.028999999999999998
2457267.67773	17.642	0.027999999999999997
2457268.6680099997	17.715	0.023
2457269.65491	17.659000000000002	0.022000000000000002
2457270.59435	17.667	0.018000000000000002
2457271.5504	17.675	0.022000000000000002
2457272.58152	17.705	0.027999999999999997
2457274.52119	17.683	0.027999999999999997
2457277.4999599997	17.656	0.026000000000000002
2457278.48312	17.644000000000002	0.035
2457281.4934400003	17.659000000000002	0.032
2457284.53375	17.6	0.023
2457292.513	17.713	0.043
2457299.5537900003	17.668	0.027999999999999997
2457318.51738	17.717	0.031
2457436.83058	17.646	0.025
2457437.8294599997	17.664	0.021
2457438.88975	17.651	0.027999999999999997
2457440.82546	17.663	0.025
2457441.86666	17.652	0.023
2457442.8908599997	17.642	0.026000000000000002
2457445.86552	17.645	0.021
2457446.87647	17.682000000000002	0.018000000000000002
2457447.87468	17.651	0.022000000000000002
2457448.88557	17.669	0.021
2457451.83078	17.625999999999998	0.023
2457452.8478200003	17.676	0.019
2457453.84486	17.657	0.016
2457455.79404	17.705	0.027999999999999997
2457456.80677	17.714000000000002	0.025
2457457.80687	17.684	0.023
2457458.80218	17.688	0.025
2457460.8018900002	17.641	0.022000000000000002
2457461.80179	17.674	0.018000000000000002
2457462.78487	17.683	0.022000000000000002
2457463.80812	17.677	0.019
2457464.8783299997	17.666	0.018000000000000002
2457465.88653	17.68	0.021
2457467.82059	17.673	0.023
2457470.77738	17.683	0.028999999999999998
2457470.90595	17.649	0.019
2457471.8730599997	17.665	0.027999999999999997
2457472.81133	17.714000000000002	0.027999999999999997
2457473.77944	17.622	0.033
2457474.81215	17.666	0.025
2457474.9172099996	17.664	0.025
2457475.85092	17.625999999999998	0.031
2457484.78723	17.673	0.023
2457486.72059	17.68	0.031
2457487.82247	17.656	0.023
2457489.79967	17.703	0.022000000000000002
2457492.70431	17.676	0.023
2457493.91744	17.68	0.019
2457494.91544	17.644000000000002	0.019
2457495.8839	17.657	0.025
2457498.78901	17.668	0.025
2457499.77032	17.658	0.022000000000000002
2457500.71239	17.695999999999998	0.027999999999999997
2457500.9138700003	17.609	0.027999999999999997
2457508.76712	17.671	0.016
2457509.86352	17.465999999999998	0.018000000000000002
2457512.79871	17.633	0.016
2457522.86969	17.694000000000003	0.035
2457526.74456	17.675	0.023
2457529.7897799998	17.688	0.040999999999999995
2457534.7684299997	17.652	0.019
2457536.77045	17.692	0.021
2457545.9137	17.712	0.025
2457547.54275	17.648	0.027999999999999997
2457547.8871400002	17.704	0.033
2457549.81214	17.656	0.019
2457550.79076	17.668	0.021
2457554.7606200003	17.717	0.032
2457555.51963	17.738	0.042
2457555.83981	17.679000000000002	0.022000000000000002
2457557.8258599997	17.62	0.025
2457561.6146400003	17.624000000000002	0.026000000000000002
2457562.59644	17.633	0.027999999999999997
2457566.80094	17.624000000000002	0.025
2457567.49206	17.662	0.032
2457567.7450599996	17.62	0.025
2457568.4934	17.64	0.031
2457568.7401099997	17.625	0.025
2457569.4923	17.587	0.032
2457569.7601900003	17.639	0.027999999999999997
2457570.71116	17.59	0.019
2457573.6299099997	17.629	0.022000000000000002
2457575.55169	17.633	0.021
2457576.49546	17.678	0.021
2457576.6885599997	17.622	0.018000000000000002
2457576.82908	17.675	0.025
2457579.67332	17.666	0.021
2457581.80829	17.646	0.026000000000000002
2457584.5164099997	17.602	0.027999999999999997
2457584.6595	17.618	0.023
2457584.80938	17.658	0.032
2457589.61465	17.590999999999998	0.025
2457589.77286	17.628	0.039
2457590.5628400003	17.621	0.021
2457590.7108400003	17.605	0.033
2457593.4879900003	17.577	0.023
2457593.65363	17.569000000000003	0.019
2457595.51549	17.557000000000002	0.026000000000000002
2457596.57988	17.598	0.018000000000000002
2457599.50037	17.616	0.026000000000000002
2457599.56784	17.623	0.026000000000000002
2457599.65942	17.555	0.022000000000000002
2457599.67715	17.566	0.021
2457600.50933	17.584	0.027999999999999997
2457600.52317	17.592	0.026000000000000002
2457600.6030900003	17.616	0.025
2457600.73173	17.619	0.021
2457601.7179400004	17.596	0.019
2457601.7304599998	17.573	0.018000000000000002
2457602.55854	17.602999999999998	0.026000000000000002
2457602.71765	17.562	0.023
2457603.52561	17.515	0.018000000000000002
2457603.68315	17.57	0.019
2457604.51145	17.538	0.022000000000000002
2457604.65286	17.572	0.018000000000000002
2457605.49027	17.543	0.021
2457605.65649	17.542	0.019
2457606.66299	17.572	0.023
2457607.5708	17.577	0.021
2457607.73275	17.562	0.021
2457608.65231	17.542	0.016
2457609.50732	17.531	0.023
2457609.69695	17.54	0.021
2457610.53703	17.563	0.025
2457610.72431	17.518	0.019
2457612.49928	17.567	0.026000000000000002
2457612.6405599997	17.5	0.023
2457616.50105	17.465999999999998	0.023
2457616.67911	17.503	0.022000000000000002
2457617.62074	17.482	0.026000000000000002
2457618.50721	17.487000000000002	0.026000000000000002
2457618.67063	17.497	0.028999999999999998
2457621.49161	17.409000000000002	0.019
2457621.68693	17.454	0.025
2457622.64072	17.423	0.016
2457623.53819	17.424	0.018000000000000002
2457624.47836	17.41	0.022000000000000002
2457624.66959	17.417	0.018000000000000002
2457625.64188	17.391	0.019
2457626.63501	17.374000000000002	0.018000000000000002
2457630.6088400004	17.342	0.018000000000000002
2457631.58674	17.329	0.015
2457632.57094	17.291	0.016
2457633.61393	17.297	0.019
2457635.52123	17.281	0.019
2457636.5819900003	17.229	0.016
2457637.57212	17.234	0.015
2457638.58295	17.238	0.016
2457639.63608	17.184	0.015
2457644.55588	17.109	0.023
2457647.53588	17.070999999999998	0.018000000000000002
2457648.5753900004	17.066	0.018000000000000002
2457649.60025	17.053	0.015
2457650.48305	17.053	0.013999999999999999
2457650.4991599997	17.055	0.012
2457651.5144599997	17.006	0.013999999999999999
2457651.53793	17.026	0.013999999999999999
2457652.50165	17.018	0.012
2457652.56618	17.027	0.013999999999999999
2457653.5010900004	17.025	0.013999999999999999
2457653.60327	17.006	0.013999999999999999
2457654.5057	17.028	0.016
2457655.5024200003	17.016	0.013999999999999999
2457656.48564	17.011	0.016
2457656.50422	17.004	0.016
2457657.55245	17.007	0.013999999999999999
2457657.5923	17.009	0.013999999999999999
2457658.51076	16.999000000000002	0.015
2457659.5108	17.046	0.016
2457660.50283	17.041	0.018000000000000002
2457660.5536599997	17.038	0.016
2457661.50441	17.03	0.016
2457662.48859	17.041	0.019
2457662.50449	17.038	0.016
2457664.5032099998	17.054000000000002	0.019
2457664.55889	17.067999999999998	0.019
2457665.50712	17.074	0.018000000000000002
2457666.50539	17.085	0.018000000000000002
2457666.5286	17.084	0.016
2457667.5104799997	17.088	0.018000000000000002
2457671.49163	17.125999999999998	0.021
2457672.49302	17.179000000000002	0.018000000000000002
2457673.49957	17.209	0.019
2457675.4983099997	17.265	0.026000000000000002
2457682.49545	17.337	0.025
2457683.49466	17.348	0.027999999999999997
2457791.88169	17.667	0.025
2457792.88447	17.692	0.027999999999999997
2457793.87593	17.676	0.023
2457794.8829099997	17.73	0.035
2457795.88694	17.648	0.031
2457798.85383	17.656	0.025
2457800.84603	17.641	0.026000000000000002
2457801.89825	17.639	0.040999999999999995
2457807.83856	17.653	0.022000000000000002
2457810.8157900004	17.651	0.023
2457812.8815	17.663	0.021
2457816.80912	17.678	0.026000000000000002
2457818.85208	17.637	0.018000000000000002
2457820.8862900003	17.669	0.021
2457822.89473	17.652	0.022000000000000002
2457825.82297	17.665	0.025
2457827.80053	17.641	0.025
2457828.90348	17.682000000000002	0.023
2457834.8777900003	17.663	0.023
2457836.81346	17.637999999999998	0.026000000000000002
2457837.8736900003	17.673	0.021
2457839.7565099997	17.654	0.019
2457840.82944	17.669	0.022000000000000002
2457841.89469	17.625999999999998	0.025
2457843.73363	17.644000000000002	0.022000000000000002
2457844.7757900003	17.65	0.019
2457845.82435	17.653	0.021
2457846.87855	17.655	0.019
2457847.91765	17.683	0.023
2457849.7313	17.657	0.023
2457850.7588	17.664	0.025
2457851.79188	17.635	0.026000000000000002
2457853.79753	17.645	0.031
2457854.84942	17.652	0.022000000000000002
2457855.89848	17.659000000000002	0.022000000000000002
2457856.92625	17.660999999999998	0.049
2457858.81522	17.672	0.021
2457862.79235	17.677	0.023
2457863.90215	17.68	0.025
2457864.86094	17.675	0.019
2457865.86978	17.67	0.019
2457866.87627	17.678	0.018000000000000002
2457867.89418	17.69	0.021
2457869.72524	17.667	0.021
2457870.7521	17.671	0.018000000000000002
2457872.79176	17.68	0.018000000000000002
2457873.77688	17.69	0.018000000000000002
2457874.76072	17.652	0.026000000000000002
2457875.86277	17.623	0.019
2457876.8095400003	17.66	0.019
2457877.79282	17.671	0.018000000000000002
2457878.82362	17.679000000000002	0.019
2457879.7844700003	17.688	0.027999999999999997
2457880.8429400004	17.619	0.028999999999999998
2457881.9353	17.657	0.039
2457883.68304	17.709	0.038
2457890.88155	17.764	0.040999999999999995
2457893.846	17.671	0.022000000000000002
2457894.72468	17.684	0.019
2457895.61943	17.675	0.023
2457901.59442	17.647000000000002	0.032
2457902.59165	17.680999999999997	0.028999999999999998
2457902.84867	17.694000000000003	0.028999999999999998
2457904.58342	17.664	0.032
2457904.84154	17.667	0.023
2457905.70283	17.675	0.019
2457906.59554	17.641	0.023
2457906.85194	17.668	0.022000000000000002
2457907.73644	17.660999999999998	0.019
2457908.69953	17.665	0.021
2457909.57475	17.697	0.031
2457909.82222	17.722	0.023
2457910.60708	17.651	0.026000000000000002
2457910.8716599997	17.636	0.022000000000000002
2457911.75428	17.680999999999997	0.032
2457916.68738	17.666	0.025
2457916.90297	17.623	0.043
2457917.76665	17.667	0.023
2457918.66645	17.666	0.027999999999999997
2457922.72617	17.7	0.025
2457923.7492400003	17.660999999999998	0.027999999999999997
2457924.56557	17.707	0.025
2457924.8151700003	17.672	0.022000000000000002
2457925.74033	17.672	0.025
2457926.64568	17.698	0.022000000000000002
2457932.76668	17.675	0.023
2457933.62374	17.667	0.022000000000000002
2457934.55877	17.656	0.021
2457934.80454	17.647000000000002	0.026000000000000002
2457935.65853	17.655	0.019
2457936.53672	17.659000000000002	0.025
2457936.8088700003	17.698	0.022000000000000002
2457937.6206400003	17.688	0.021
2457938.54887	17.664	0.026000000000000002
2457944.51332	17.665	0.031
2457944.61641	17.67	0.025
2457944.7280900003	17.672	0.025
2457945.49407	17.656	0.027999999999999997
2457945.73276	17.664	0.021
2457946.5804	17.673	0.023
2457947.5082400003	17.672	0.023
2457947.78779	17.692	0.027999999999999997
2457948.66824	17.697	0.026000000000000002
2457949.6054599998	17.713	0.025
2457952.76135	17.689	0.025
2457953.66046	17.671	0.022000000000000002
2457954.55237	17.680999999999997	0.019
2457955.75365	17.656	0.019
2457956.6804	17.679000000000002	0.021
2457957.7359700003	17.663	0.023
2457958.76245	17.658	0.025
2457959.65937	17.695	0.021
2457960.54502	17.675	0.021
2457961.56397	17.664	0.021
2457962.5045	17.668	0.021
2457964.57008	17.66	0.022000000000000002
2457965.67122	17.655	0.022000000000000002
2457966.64274	17.665	0.025
2457967.6898	17.704	0.032
2457971.53026	17.653	0.028999999999999998
2457971.6203900003	17.669	0.026000000000000002
2457971.7233	17.651	0.032
2457972.55381	17.637999999999998	0.035
2457972.66842	17.664	0.033
2457973.61257	17.703	0.028999999999999998
2457974.5912599997	17.634	0.023
2457979.47059	17.656	0.031
2457980.55786	17.663	0.027999999999999997
2457981.6263900003	17.675	0.022000000000000002
2457982.66224	17.694000000000003	0.023
2457984.53486	17.707	0.027999999999999997
2457985.5995	17.686	0.027999999999999997
2457987.51197	17.632	0.019
2457990.58977	17.642	0.025
2457991.6538400003	17.695999999999998	0.033
2457993.5227200002	17.672	0.023
2457994.5821	17.669	0.023
2457998.55033	17.689	0.025
2457998.6438700003	17.679000000000002	0.042
2458000.5778200002	17.67	0.035
2458001.55425	17.658	0.023
2458003.5459	17.678	0.035
2458007.52522	17.643	0.026000000000000002
2458011.50392	17.705	0.032
2458013.5547	17.635	0.022000000000000002
2458016.47627	17.683	0.051
2458018.5429	17.659000000000002	0.023
2458021.55138	17.715	0.026000000000000002
2458026.55842	17.642	0.031
