2455378.62695	17.463	0.019
2455380.6606099997	17.475	0.019
2455382.81391	17.432000000000002	0.032
2455385.53137	17.447	0.017
2455385.63083	17.464000000000002	0.016
2455385.73317	17.469	0.017
2455388.7560400004	17.435	0.019
2455391.82634	17.454	0.023
2455397.694	17.442	0.024
2455405.64774	17.435	0.024
2455409.48759	17.455	0.02
2455413.52383	17.445999999999998	0.017
2455422.56786	17.48	0.02
2455433.6995599996	17.437	0.039
2455439.5854599997	17.435	0.023
2455447.5232	17.445999999999998	0.02
2455457.58223	17.444000000000003	0.02
2455460.5865	17.452	0.045
2455465.5315	17.48	0.025
2455473.49707	17.457	0.027000000000000003
2455490.5383900004	17.480999999999998	0.034
2455602.85382	17.454	0.023
2455604.86174	17.462	0.024
2455605.85789	17.448	0.019
2455606.85752	17.47	0.02
2455607.86102	17.486	0.021
2455608.85201	17.471	0.024
2455611.8476400003	17.464000000000002	0.027999999999999997
2455612.8569	17.493	0.023
2455613.88962	17.502	0.037000000000000005
2455615.8484099996	17.461	0.02
2455616.84256	17.487000000000002	0.027999999999999997
2455621.8335599997	17.491	0.02
2455622.8215400004	17.442999999999998	0.016
2455624.7779099997	17.504	0.021
2455626.83676	17.474	0.023
2455628.7779	17.484	0.03
2455629.77337	17.447	0.024
2455631.83823	17.468	0.024
2455632.8673900003	17.473	0.019
2455633.76653	17.482	0.021
2455635.79896	17.441	0.023
2455637.7776099998	17.464000000000002	0.027999999999999997
2455638.90791	17.489	0.019
2455639.77834	17.482	0.025
2455642.75726	17.491	0.024
2455647.76275	17.457	0.019
2455649.78672	17.441	0.016
2455654.78793	17.471	0.017
2455658.8509400003	17.479	0.017
2455662.9039	17.491	0.019
2455668.78409	17.458	0.025
2455675.79017	17.473	0.02
2455679.88853	17.45	0.017
2455682.91511	17.468	0.02
2455686.80524	17.456	0.016
2455692.65679	17.463	0.021
2455694.8311099997	17.475	0.019
2455697.68018	17.483	0.02
2455702.59037	17.517	0.031
2455702.7694200003	17.459	0.043
2455706.86356	17.476	0.024
2455709.82168	17.464000000000002	0.016
2455715.85194	17.465999999999998	0.02
2455722.82271	17.473	0.02
2455725.7962700003	17.444000000000003	0.02
2455735.6696099997	17.453	0.023
2455737.78322	17.462	0.017
2455740.6402	17.508	0.023
2455742.66819	17.46	0.016
2455745.7179099997	17.461	0.017
2455749.50635	17.477999999999998	0.031
2455760.5654599997	17.465	0.025
2455765.53052	17.483	0.02
2455768.78474	17.439	0.02
2455777.66139	17.485	0.017
2455784.49002	17.436	0.039
2455784.6212	17.491	0.027999999999999997
2455785.72833	17.493	0.034
2455790.57856	17.483	0.021
2455794.6809900003	17.461	0.02
2455803.51497	17.436	0.021
2455815.48335	17.465	0.023
2455819.52403	17.514	0.021
2455824.54742	17.442	0.019
2455829.52622	17.492	0.02
2455833.5827099998	17.467	0.023
2455841.5191200003	17.496	0.025
2455845.56076	17.479	0.03
2455854.51633	17.488	0.027999999999999997
2455971.88522	17.449	0.019
2455984.8728400003	17.447	0.016
2455990.79654	17.456	0.02
2455995.77307	17.447	0.021
2455999.81172	17.455	0.02
2456002.77273	17.469	0.031
2456002.89406	17.471	0.021
2456003.80745	17.454	0.025
2456007.78849	17.467	0.017
2456010.82352	17.46	0.016
2456013.9010099997	17.472	0.016
2456016.9045700002	17.47	0.015
2456019.8890299997	17.45	0.016
2456022.78174	17.465	0.017
2456025.7080900003	17.435	0.027000000000000003
2456032.9094700003	17.448	0.016
2456037.73176	17.497	0.02
2456040.8878599997	17.462	0.017
2456048.74379	17.44	0.016
2456051.64649	17.486	0.023
2456057.69873	17.458	0.02
2456057.8580400003	17.441	0.017
2456058.66139	17.461	0.023
2456061.83101	17.469	0.017
2456064.8226	17.46	0.017
2456066.94202	17.451	0.02
2456069.6823400003	17.465	0.016
2456071.6582	17.437	0.017
2456076.6941299997	17.47	0.016
2456078.83321	17.465	0.017
2456080.7934	17.465	0.02
2456086.58948	17.491	0.02
2456089.6464	17.457	0.017
2456093.82252	17.475	0.021
2456096.8744799998	17.48	0.027000000000000003
2456099.84444	17.442	0.025
2456101.82791	17.482	0.021
2456103.72657	17.469	0.017
2456103.7945	17.487000000000002	0.017
2456103.8236599998	17.451	0.021
2456104.51068	17.45	0.019
2456104.64558	17.454	0.015
2456104.77963	17.437	0.017
2456105.68688	17.465	0.02
2456113.702	17.469	0.023
2456115.67099	17.5	0.021
2456117.6855200003	17.505	0.019
2456119.613	17.483	0.017
2456121.62593	17.469	0.015
2456124.7014599997	17.487000000000002	0.017
2456126.75574	17.463	0.019
2456132.55793	17.484	0.02
2456135.6639900003	17.485	0.024
2456140.6648	17.441	0.024
2456147.6116299997	17.49	0.021
2456151.59961	17.425	0.02
2456158.5436299997	17.484	0.017
2456161.61118	17.435	0.019
2456167.68739	17.48	0.043
2456169.53496	17.455	0.021
2456175.6457599998	17.473	0.023
2456182.63295	17.426	0.023
2456191.4922700003	17.444000000000003	0.025
2456198.57073	17.45	0.027999999999999997
2456210.5103	17.423	0.02
2456217.50435	17.467	0.019
2456347.86227	17.456	0.019
2456354.8815099997	17.455	0.019
2456362.9007	17.464000000000002	0.017
2456370.88057	17.507	0.017
2456375.80128	17.461	0.017
2456378.88696	17.487000000000002	0.016
2456382.77321	17.477999999999998	0.035
2456388.75353	17.418	0.019
2456391.70642	17.432000000000002	0.024
2456395.82793	17.462	0.015
2456398.82265	17.464000000000002	0.016
2456401.86634	17.464000000000002	0.016
2456404.8361400003	17.464000000000002	0.016
2456408.81409	17.491	0.024
2456417.733	17.477999999999998	0.019
2456419.84472	17.437	0.017
2456422.93768	17.469	0.035
2456426.83183	17.473	0.015
2456431.8870200003	17.456	0.019
2456434.66097	17.484	0.021
2456436.7069599996	17.474	0.019
2456442.60261	17.457	0.016
2456445.66365	17.459	0.016
2456447.66499	17.453	0.017
2456449.60098	17.465999999999998	0.017
2456450.90944	17.476	0.02
2456454.53582	17.44	0.021
2456456.70037	17.462	0.015
2456458.84503	17.448	0.017
2456461.6020299997	17.448	0.017
2456463.74664	17.5	0.019
2456468.78244	17.456	0.02
2456473.74136	17.449	0.016
2456475.68946	17.482	0.017
2456477.65961	17.485	0.019
2456480.69661	17.463	0.017
2456485.48858	17.447	0.019
2456487.59272	17.458	0.015
2456490.70112	17.458	0.016
2456496.51906	17.493	0.024
2456498.71257	17.427	0.019
2456505.4937299998	17.462	0.019
2456508.65058	17.451	0.015
2456511.6203900003	17.480999999999998	0.017
2456518.5207	17.445999999999998	0.016
2456524.55822	17.464000000000002	0.019
2456531.666	17.43	0.017
2456538.58855	17.452	0.02
2456545.63791	17.451	0.017
2456560.49161	17.455	0.02
2456567.5444900002	17.439	0.021
2456573.53648	17.477	0.021
2456741.8699	17.467	0.017
2456742.83465	17.459	0.015
2456745.88192	17.442999999999998	0.015
2456749.91613	17.435	0.017
2456752.80272	17.463	0.016
2456755.86977	17.471	0.016
2456757.84877	17.415	0.017
2456759.87351	17.463	0.013000000000000001
2456761.8064200003	17.455	0.016
2456763.78936	17.459	0.017
2456768.9175400003	17.454	0.015
2456770.75984	17.461	0.016
2456771.93241	17.472	0.024
2456773.82208	17.433	0.019
2456775.76219	17.477	0.015
2456776.93829	17.464000000000002	0.025
2456784.8782	17.461	0.02
2456785.87161	17.458	0.019
2456786.8955900003	17.463	0.02
2456789.78579	17.451	0.019
2456790.87043	17.439	0.024
2456791.92655	17.433	0.023
2456796.6389200003	17.477	0.02
2456797.7384900004	17.442999999999998	0.021
2456799.88296	17.465	0.027999999999999997
2456804.59057	17.485	0.017
2456805.6388	17.428	0.02
2456807.61233	17.453	0.024
2456808.64783	17.445999999999998	0.02
2456809.6833599997	17.433	0.016
2456810.73788	17.479	0.017
2456811.7609099997	17.480999999999998	0.021
2456813.87553	17.448	0.02
2456815.60012	17.458	0.021
2456816.6844200003	17.432000000000002	0.021
2456817.7684	17.473	0.023
2456819.63334	17.447	0.023
2456823.8462099996	17.474	0.021
2456824.88936	17.465	0.034
2456826.5159299998	17.457	0.021
2456827.56278	17.465	0.017
2456828.61103	17.479	0.017
2456829.60748	17.455	0.021
2456830.6301599997	17.471	0.016
2456831.77729	17.45	0.019
2456832.81083	17.462	0.023
2456833.86619	17.487000000000002	0.031
2456835.53739	17.455	0.021
2456836.56706	17.412	0.025
2456837.58406	17.457	0.019
2456838.58395	17.437	0.021
2456839.59516	17.458	0.021
2456840.64759	17.455	0.021
2456841.76507	17.451	0.02
2456842.80851	17.449	0.023
2456844.83941	17.45	0.023
2456845.82162	17.464000000000002	0.02
2456847.768	17.477	0.021
2456851.77453	17.484	0.025
2456855.50459	17.455	0.021
2456856.5337400003	17.475	0.02
2456857.57645	17.463	0.019
2456858.65843	17.489	0.017
2456862.61538	17.462	0.02
2456863.69435	17.452	0.017
2456864.76157	17.439	0.023
2456872.5172	17.48	0.021
2456878.56917	17.486	0.037000000000000005
2456880.67838	17.417	0.031
2456882.61264	17.477	0.019
2456885.56058	17.468	0.019
2456886.70232	17.457	0.021
2456888.62727	17.445999999999998	0.017
2456890.5649099997	17.45	0.019
2456895.50153	17.463	0.017
2456908.50119	17.46	0.024
2456912.61601	17.445999999999998	0.025
2456918.53482	17.445999999999998	0.024
2456922.60341	17.489	0.024
2456925.6165	17.472	0.024
2456929.49474	17.442999999999998	0.025
2456932.55853	17.403	0.038
2456942.49519	17.452	0.024
2457069.86368	17.264	0.016
2457074.87399	17.273	0.017
2457075.8500900003	17.207	0.017
2457078.85256	17.222	0.016
2457082.85447	17.206	0.015
2457086.8809599997	17.192999999999998	0.015
2457090.784	17.16	0.021
2457097.88006	17.125	0.012
2457100.86543	17.084	0.013000000000000001
2457110.79202	17.047	0.012
2457112.90122	17.031	0.012
2457115.7184	17.027	0.016
2457116.92465	17.011	0.017
2457126.8492799997	17.039	0.013000000000000001
2457130.76347	17.062	0.015
2457131.92262	17.06	0.013000000000000001
2457134.7428099997	17.037	0.015
2457135.9010799997	17.053	0.013000000000000001
2457137.74559	17.075	0.012
2457138.87217	17.067	0.013000000000000001
2457140.72918	17.078	0.015
2457141.86161	17.097	0.013000000000000001
2457143.68448	17.115	0.016
2457144.79062	17.12	0.019
2457146.70565	17.108	0.016
2457147.72517	17.128	0.02
2457152.88113	17.166	0.017
2457153.92778	17.184	0.016
2457155.71467	17.164	0.013000000000000001
2457156.83142	17.214000000000002	0.012
2457158.74258	17.192	0.015
2457159.8103	17.217	0.015
2457160.8766400004	17.21	0.015
2457162.60443	17.209	0.016
2457163.6587900002	17.241	0.019
2457164.7927599996	17.258	0.015
2457165.62358	17.246	0.017
2457166.76975	17.246	0.015
2457166.9343	17.249000000000002	0.02
2457169.67802	17.239	0.015
2457169.87307	17.238	0.015
2457170.66505	17.274	0.015
2457170.85515	17.255	0.019
2457172.6674900004	17.250999999999998	0.017
2457172.85849	17.236	0.019
2457173.64382	17.271	0.021
2457173.84006	17.261	0.017
2457174.6091299998	17.275	0.02
2457174.7809599997	17.289	0.019
2457174.94433	17.283	0.027000000000000003
2457175.7324900003	17.301	0.016
2457178.6760299997	17.305999999999997	0.019
2457178.84749	17.305999999999997	0.019
2457179.60765	17.3	0.021
2457179.77208	17.285999999999998	0.019
2457180.55994	17.292	0.019
2457180.71913	17.3	0.017
2457180.8952	17.305999999999997	0.02
2457181.67207	17.337	0.015
2457181.84857	17.299	0.02
2457182.61586	17.322	0.015
2457182.80798	17.343	0.024
2457183.56893	17.319000000000003	0.017
2457183.7536	17.316	0.017
2457183.9195	17.348	0.02
2457184.74503	17.336	0.019
2457184.9089099998	17.381	0.021
2457185.70455	17.320999999999998	0.017
2457185.87042	17.314	0.023
2457186.8309	17.329	0.02
2457187.6121	17.342	0.019
2457187.79522	17.328	0.017
2457188.58175	17.352	0.02
2457188.76901	17.334	0.02
2457189.6182	17.329	0.017
2457189.8080599997	17.33	0.017
2457190.5891400003	17.383	0.019
2457190.78968	17.337	0.019
2457191.62454	17.355	0.019
2457192.82724	17.377	0.016
2457192.8582	17.351	0.017
2457193.66769	17.352	0.013000000000000001
2457193.83813	17.377	0.016
2457194.6006400003	17.361	0.016
2457194.7922	17.35	0.016
2457195.8322	17.275	0.012
2457197.634	17.364	0.016
2457197.81733	17.383	0.019
2457198.61162	17.396	0.017
2457198.79784	17.368	0.019
2457199.57411	17.362000000000002	0.016
2457199.75683	17.344	0.016
2457200.5122700003	17.36	0.019
2457200.6910900003	17.39	0.016
2457200.85981	17.373	0.017
2457202.85185	17.389	0.03
2457206.65197	17.399	0.025
2457206.82343	17.422	0.027999999999999997
2457207.6318900003	17.336	0.019
2457207.80031	17.410999999999998	0.03
2457207.8207400003	17.405	0.024
2457209.7280200003	17.396	0.021
2457211.50614	17.410999999999998	0.025
2457211.67876	17.399	0.019
2457212.5292	17.408	0.017
2457214.6327400003	17.408	0.015
2457217.5842	17.366	0.02
2457219.49908	17.418	0.023
2457219.70507	17.418	0.016
2457220.5874	17.395	0.016
2457220.77666	17.425	0.017
2457221.57458	17.432000000000002	0.019
2457221.7571400004	17.412	0.016
2457222.5427200003	17.404	0.019
2457222.75556	17.464000000000002	0.02
2457223.59212	17.405	0.017
2457223.77916	17.424	0.025
2457224.6406	17.409000000000002	0.02
2457225.48558	17.397000000000002	0.019
2457226.50177	17.412	0.02
2457226.6869799998	17.408	0.016
2457227.4707	17.407	0.025
2457227.64223	17.41	0.016
2457228.47212	17.387999999999998	0.021
2457228.65644	17.392	0.017
2457229.50057	17.41	0.02
2457229.66528	17.381	0.016
2457233.49133	17.393	0.027000000000000003
2457233.53317	17.428	0.027000000000000003
2457235.68546	17.433	0.024
2457236.54489	17.435	0.024
2457249.5328	17.415	0.024
2457249.68994	17.442999999999998	0.021
2457252.51998	17.45	0.02
2457253.47654	17.448	0.021
2457253.6686400003	17.445999999999998	0.019
2457255.6366	17.438	0.019
2457256.63931	17.438	0.023
2457261.49114	17.487000000000002	0.034
2457261.65562	17.396	0.03
2457263.6199	17.595	0.023
2457264.56759	17.482	0.021
2457265.53085	17.442999999999998	0.019
2457266.50222	17.464000000000002	0.025
2457267.67773	17.476	0.025
2457268.6680099997	17.447	0.019
2457269.65491	17.41	0.019
2457270.59435	17.429000000000002	0.016
2457271.5504	17.44	0.019
2457272.58152	17.404	0.023
2457274.52119	17.465999999999998	0.024
2457277.4999599997	17.437	0.023
2457278.48312	17.428	0.027999999999999997
2457281.4934400003	17.434	0.025
2457284.53375	17.447	0.02
2457292.513	17.484	0.035
2457299.5537900003	17.494	0.024
2457318.51738	17.403	0.024
2457436.83058	17.44	0.02
2457437.8294599997	17.445999999999998	0.017
2457438.88975	17.479	0.023
2457440.82546	17.467	0.021
2457441.86666	17.465999999999998	0.02
2457442.8908599997	17.43	0.021
2457445.86552	17.464000000000002	0.017
2457446.87647	17.462	0.016
2457447.87468	17.469	0.019
2457448.88557	17.463	0.017
2457451.83078	17.463	0.02
2457452.8478200003	17.465	0.016
2457453.84486	17.445999999999998	0.013000000000000001
2457455.79404	17.437	0.021
2457456.80677	17.441	0.02
2457457.80687	17.46	0.02
2457458.80218	17.46	0.02
2457460.8018900002	17.451	0.019
2457461.80179	17.422	0.016
2457462.78487	17.44	0.019
2457463.80812	17.47	0.016
2457464.8783299997	17.455	0.016
2457465.88653	17.492	0.019
2457467.82059	17.462	0.02
2457470.77738	17.485	0.024
2457470.90595	17.471	0.017
2457471.8730599997	17.427	0.023
2457472.81133	17.408	0.021
2457473.77944	17.479	0.03
2457474.81215	17.471	0.021
2457474.9172099996	17.444000000000003	0.021
2457475.85092	17.475	0.027999999999999997
2457484.78723	17.45	0.02
2457486.72059	17.455	0.024
2457487.82247	17.45	0.02
2457489.79967	17.5	0.019
2457492.70431	17.484	0.019
2457492.93025	17.442999999999998	0.027999999999999997
2457493.91744	17.448	0.016
2457494.91544	17.445	0.017
2457495.8839	17.439	0.021
2457498.78901	17.435	0.02
2457499.77032	17.504	0.02
2457500.71239	17.461	0.023
2457500.9138700003	17.442	0.024
2457508.76712	17.444000000000003	0.015
2457509.86352	17.456	0.019
2457512.79871	17.476	0.015
2457522.86969	17.473	0.027999999999999997
2457526.74456	17.437	0.019
2457529.7897799998	17.428	0.032
2457534.7684299997	17.477	0.017
2457536.77045	17.442999999999998	0.017
2457545.9137	17.437	0.02
2457547.54275	17.432000000000002	0.023
2457547.8871400002	17.471	0.027000000000000003
2457549.81214	17.452	0.017
2457550.79076	17.428	0.019
2457554.7606200003	17.52	0.027000000000000003
2457555.51963	17.497	0.034
2457555.83981	17.458	0.019
2457557.8258599997	17.445999999999998	0.023
2457561.6146400003	17.462	0.023
2457562.59644	17.482	0.025
2457566.80094	17.475	0.023
2457567.49206	17.447	0.027000000000000003
2457567.7450599996	17.465	0.021
2457568.4934	17.473	0.027999999999999997
2457568.7401099997	17.472	0.021
2457569.4923	17.486	0.031
2457569.7601900003	17.527	0.024
2457570.71116	17.465	0.019
2457573.6299099997	17.416	0.02
2457575.55169	17.482	0.019
2457575.72993	17.48	0.017
2457576.49546	17.474	0.019
2457576.6885599997	17.445	0.016
2457576.82908	17.449	0.021
2457579.67332	17.48	0.017
2457581.80829	17.471	0.024
2457584.5164099997	17.477	0.025
2457584.6595	17.474	0.021
2457584.80938	17.476	0.027999999999999997
2457589.61465	17.479	0.023
2457589.77286	17.448	0.034
2457590.5628400003	17.469	0.017
2457590.7108400003	17.486	0.03
2457593.4879900003	17.47	0.021
2457593.65363	17.457	0.017
2457595.51549	17.442	0.024
2457596.57988	17.465	0.016
2457599.50037	17.439	0.023
2457599.56784	17.449	0.024
2457599.65942	17.465	0.02
2457599.67715	17.457	0.019
2457600.50933	17.439	0.024
2457600.52317	17.472	0.024
2457600.6030900003	17.465999999999998	0.021
2457600.73173	17.471	0.019
2457601.7179400004	17.485	0.017
2457601.7304599998	17.424	0.016
2457602.55854	17.421	0.023
2457602.71765	17.459	0.021
2457603.52561	17.426	0.017
2457603.68315	17.457	0.017
2457604.51145	17.436	0.02
2457604.65286	17.463	0.016
2457605.49027	17.459	0.019
2457605.65649	17.473	0.019
2457606.66299	17.442	0.021
2457607.5708	17.452	0.019
2457607.73275	17.479	0.019
2457608.65231	17.471	0.016
2457609.50732	17.409000000000002	0.021
2457609.69695	17.463	0.019
2457610.53703	17.499000000000002	0.024
2457610.72431	17.449	0.019
2457612.49928	17.468	0.024
2457612.6405599997	17.45	0.023
2457616.50105	17.463	0.023
2457616.67911	17.485	0.021
2457617.62074	17.465	0.025
2457618.50721	17.452	0.027000000000000003
2457618.67063	17.515	0.03
2457621.49161	17.491	0.021
2457621.68693	17.472	0.027000000000000003
2457622.64072	17.462	0.017
2457623.53819	17.454	0.019
2457624.47836	17.512	0.024
2457624.66959	17.468	0.019
2457625.64188	17.477999999999998	0.02
2457626.63501	17.451	0.02
2457630.6088400004	17.459	0.019
2457631.58674	17.456	0.016
2457632.57094	17.462	0.017
2457633.61393	17.473	0.021
2457635.52123	17.437	0.023
2457636.5819900003	17.495	0.02
2457637.57212	17.469	0.017
2457638.58295	17.459	0.019
2457639.63608	17.458	0.019
2457644.55588	17.464000000000002	0.032
2457647.53588	17.493	0.024
2457648.5753900004	17.477999999999998	0.024
2457649.60025	17.454	0.02
2457650.48305	17.472	0.019
2457650.4991599997	17.479	0.017
2457651.5144599997	17.475	0.019
2457651.53793	17.44	0.019
2457652.50165	17.465999999999998	0.017
2457652.56618	17.445999999999998	0.02
2457653.5010900004	17.452	0.017
2457653.60327	17.471	0.017
2457654.5057	17.445	0.021
2457655.5024200003	17.471	0.02
2457656.48564	17.454	0.024
2457656.50422	17.445	0.021
2457657.55245	17.487000000000002	0.02
2457657.5923	17.462	0.019
2457658.51076	17.472	0.02
2457659.5108	17.494	0.023
2457660.50283	17.449	0.024
2457660.5536599997	17.428	0.023
2457661.50441	17.512	0.024
2457662.48859	17.465999999999998	0.025
2457662.50449	17.473	0.023
2457664.5032099998	17.502	0.027000000000000003
2457664.55889	17.449	0.025
2457665.50712	17.422	0.024
2457666.50539	17.484	0.024
2457666.5286	17.469	0.023
2457667.5104799997	17.451	0.023
2457671.49163	17.463	0.025
2457672.49302	17.471	0.023
2457673.49957	17.465999999999998	0.024
2457675.4983099997	17.491	0.031
2457682.49545	17.46	0.025
2457683.49466	17.493	0.031
2457791.88169	17.472	0.023
2457792.88447	17.436	0.024
2457793.87593	17.451	0.019
2457794.8829099997	17.444000000000003	0.027000000000000003
2457795.88694	17.449	0.025
2457798.85383	17.465999999999998	0.021
2457800.84603	17.471	0.023
2457801.89825	17.452	0.034
2457807.83856	17.424	0.019
2457810.8157900004	17.463	0.02
2457812.8815	17.453	0.017
2457816.80912	17.432000000000002	0.021
2457818.85208	17.442999999999998	0.016
2457820.8862900003	17.445	0.017
2457822.89473	17.445999999999998	0.019
2457825.82297	17.453	0.021
2457827.80053	17.484	0.021
2457828.90348	17.473	0.02
2457834.8777900003	17.439	0.02
2457836.81346	17.477	0.023
2457837.8736900003	17.46	0.019
2457839.7565099997	17.473	0.017
2457840.82944	17.474	0.02
2457841.89469	17.456	0.021
2457843.73363	17.461	0.02
2457844.7757900003	17.483	0.017
2457845.82435	17.459	0.019
2457846.87855	17.463	0.017
2457847.91765	17.463	0.02
2457849.7313	17.477999999999998	0.021
2457850.7588	17.463	0.021
2457851.79188	17.458	0.023
2457853.79753	17.433	0.027000000000000003
2457854.84942	17.468	0.02
2457855.89848	17.449	0.019
2457856.92625	17.471	0.042
2457858.81522	17.454	0.017
2457862.79235	17.442999999999998	0.02
2457863.90215	17.463	0.02
2457864.86094	17.453	0.016
2457865.86978	17.474	0.017
2457866.87627	17.480999999999998	0.016
2457867.89418	17.485	0.017
2457869.72524	17.449	0.017
2457870.7521	17.465	0.016
2457871.76601	17.465	0.016
2457872.79176	17.463	0.016
2457873.77688	17.47	0.016
2457874.76072	17.46	0.023
2457875.86277	17.487000000000002	0.017
2457876.8095400003	17.467	0.017
2457877.79282	17.474	0.016
2457878.82362	17.465999999999998	0.016
2457879.7844700003	17.444000000000003	0.023
2457880.8429400004	17.461	0.027000000000000003
2457881.9353	17.46	0.032
2457883.68304	17.476	0.031
2457890.88155	17.454	0.031
2457893.846	17.461	0.019
2457894.72468	17.458	0.017
2457895.61943	17.463	0.02
2457901.59442	17.474	0.027000000000000003
2457902.59165	17.458	0.025
2457902.84867	17.456	0.024
2457904.58342	17.471	0.027999999999999997
2457904.84154	17.447	0.02
2457905.70283	17.452	0.016
2457906.59554	17.472	0.021
2457906.85194	17.465	0.019
2457907.73644	17.467	0.017
2457908.69953	17.45	0.019
2457909.57475	17.465	0.025
2457909.82222	17.469	0.02
2457910.60708	17.476	0.023
2457910.8716599997	17.476	0.02
2457911.75428	17.434	0.027000000000000003
2457916.68738	17.442999999999998	0.02
2457916.90297	17.51	0.039
2457917.76665	17.484	0.02
2457918.66645	17.442999999999998	0.023
2457922.72617	17.482	0.021
2457923.7492400003	17.441	0.024
2457924.56557	17.477999999999998	0.021
2457924.8151700003	17.451	0.019
2457925.74033	17.46	0.021
2457926.64568	17.459	0.019
2457932.76668	17.455	0.02
2457933.62374	17.476	0.019
2457934.55877	17.464000000000002	0.019
2457934.80454	17.451	0.023
2457935.65853	17.449	0.017
2457936.53672	17.441	0.021
2457936.8088700003	17.464000000000002	0.019
2457937.6206400003	17.445999999999998	0.017
2457938.54887	17.463	0.021
2457944.51332	17.472	0.027000000000000003
2457944.61641	17.451	0.021
2457944.7280900003	17.477999999999998	0.021
2457945.49407	17.448	0.024
2457945.73276	17.449	0.017
2457946.5804	17.447	0.02
2457947.5082400003	17.474	0.021
2457947.78779	17.474	0.024
2457948.66824	17.486	0.023
2457949.6054599998	17.453	0.021
2457952.76135	17.459	0.02
2457953.66046	17.467	0.019
2457954.55237	17.451	0.016
2457955.75365	17.438	0.016
2457956.6804	17.459	0.019
2457957.7359700003	17.455	0.02
2457958.76245	17.463	0.021
2457959.65937	17.484	0.019
2457960.54502	17.434	0.017
2457961.56397	17.458	0.017
2457962.5045	17.45	0.017
2457964.57008	17.465999999999998	0.019
2457965.67122	17.452	0.019
2457966.64274	17.482	0.021
2457967.6898	17.444000000000003	0.025
2457971.53026	17.483	0.025
2457971.6203900003	17.465	0.023
2457971.7233	17.500999999999998	0.027000000000000003
2457972.55381	17.491	0.031
2457972.66842	17.474	0.027999999999999997
2457973.61257	17.441	0.024
2457974.5912599997	17.449	0.02
2457979.47059	17.477999999999998	0.025
2457980.55786	17.46	0.024
2457981.6263900003	17.45	0.019
2457982.66224	17.453	0.02
2457984.53486	17.477999999999998	0.023
2457985.5995	17.465999999999998	0.023
2457987.51197	17.462	0.017
2457990.58977	17.424	0.021
2457991.6538400003	17.467	0.027999999999999997
2457993.5227200002	17.444000000000003	0.02
2457994.5821	17.498	0.021
2457998.55033	17.445	0.021
2457998.6438700003	17.474	0.035
2458000.5778200002	17.454	0.027999999999999997
2458001.55425	17.479	0.02
2458003.5459	17.474	0.03
2458007.52522	17.442	0.023
2458011.50392	17.464000000000002	0.025
2458013.5547	17.453	0.02
2458016.47627	17.487000000000002	0.042
2458018.5429	17.45	0.02
2458021.55138	17.494	0.023
2458026.55842	17.434	0.025
2458048.52096	17.477	0.019
