2455377.6520599998	17.82	0.023
2455377.6731	17.845	0.027999999999999997
2455378.49585	17.813	0.027999999999999997
2455378.8040400003	17.834	0.027999999999999997
2455379.69225	17.858	0.026000000000000002
2455380.80248	17.823	0.032
2455381.67742	17.836	0.031
2455382.5414299998	17.834	0.037000000000000005
2455382.74808	17.824	0.032
2455385.50017	17.822	0.025
2455385.60213	17.824	0.02
2455385.6927400003	17.817	0.023
2455385.79078	17.848	0.023
2455386.77196	17.839000000000002	0.025
2455387.7543	17.854	0.025
2455388.64321	17.812	0.023
2455389.5346	17.801	0.027999999999999997
2455390.5424200003	17.831	0.035
2455390.79959	17.835	0.025
2455391.76165	17.846	0.031
2455392.63215	17.857	0.026000000000000002
2455393.69379	17.802	0.027999999999999997
2455396.5751799997	17.826	0.04
2455397.6532400004	17.855999999999998	0.04
2455403.62524	17.803	0.027999999999999997
2455404.49682	17.824	0.031
2455404.69415	17.819000000000003	0.032
2455405.70983	17.817999999999998	0.032
2455407.5628299997	17.815	0.031
2455407.75667	17.832	0.032
2455408.68624	17.772000000000002	0.031
2455409.59658	17.827	0.023
2455410.59968	17.817999999999998	0.023
2455411.63585	17.852	0.023
2455412.61994	17.831	0.031
2455413.6277099997	17.803	0.023
2455414.6723700003	17.807000000000002	0.023
2455418.58369	17.816	0.022000000000000002
2455421.6134200003	17.849	0.025
2455422.63221	17.819000000000003	0.023
2455425.5247400003	17.804000000000002	0.026000000000000002
2455430.5185	17.829	0.037000000000000005
2455431.51957	17.832	0.028999999999999998
2455433.69822	17.879	0.057
2455434.69613	17.858	0.034
2455435.6993400003	17.779	0.028999999999999998
2455437.6787	17.825	0.027999999999999997
2455439.55922	17.834	0.032
2455443.57303	17.819000000000003	0.032
2455444.59438	17.804000000000002	0.031
2455445.68335	17.834	0.027999999999999997
2455447.49125	17.846	0.022000000000000002
2455448.5503	17.785	0.028999999999999998
2455448.56509	17.808	0.028999999999999998
2455450.50929	17.796	0.031
2455451.63583	17.719	0.032
2455457.51797	17.840999999999998	0.026000000000000002
2455458.5619	17.819000000000003	0.034
2455459.5954	17.781	0.028999999999999998
2455460.60809	17.843	0.054000000000000006
2455462.48613	17.814	0.032
2455463.5929	17.836	0.031
2455464.5526400004	17.817999999999998	0.031
2455465.48708	17.845	0.04
2455468.55699	17.839000000000002	0.034
2455471.53865	17.817	0.028999999999999998
2455472.58855	17.843	0.032
2455476.55321	17.809	0.046
2455480.51119	17.805	0.031
2455483.4989	17.869	0.06
2455487.49715	17.813	0.027999999999999997
2455489.49603	17.816	0.048
2455492.52152	17.813	0.051
2455497.49982	17.838	0.045
2455596.86155	17.843	0.031
2455596.8849299997	17.762999999999998	0.045
2455597.8564400002	17.865	0.028999999999999998
2455606.8878900004	17.817	0.032
2455614.8681799998	17.8	0.028999999999999998
2455620.8525400003	17.819000000000003	0.027999999999999997
2455624.81369	17.855	0.031
2455625.77575	17.828	0.04
2455627.80052	17.802	0.032
2455629.77936	17.804000000000002	0.038
2455630.76935	17.82	0.031
2455632.76685	17.812	0.045
2455634.75408	17.814	0.032
2455635.82663	17.808	0.035
2455638.7449	17.792	0.049
2455639.7579	17.879	0.038
2455639.8335599997	17.864	0.032
2455639.90923	17.877	0.032
2455640.83066	17.855	0.034
2455641.75679	17.825	0.037000000000000005
2455641.8769099996	17.848	0.027999999999999997
2455642.79865	17.816	0.028999999999999998
2455643.74478	17.847	0.035
2455643.8225	17.82	0.027999999999999997
2455644.74551	17.797	0.048
2455644.85916	17.84	0.045
2455648.73163	17.838	0.035
2455648.84025	17.852	0.025
2455649.7359700003	17.8	0.032
2455649.84613	17.834	0.022000000000000002
2455650.72843	17.839000000000002	0.028999999999999998
2455650.8347	17.823	0.023
2455651.75434	17.829	0.026000000000000002
2455651.86663	17.869	0.027999999999999997
2455652.79486	17.822	0.023
2455653.76072	17.843	0.022000000000000002
2455654.76381	17.826	0.026000000000000002
2455654.85574	17.809	0.023
2455655.7686400004	17.837	0.027999999999999997
2455655.84485	17.861	0.022000000000000002
2455656.8019	17.855	0.025
2455657.76525	17.809	0.022000000000000002
2455657.84494	17.813	0.02
2455658.75607	17.837	0.032
2455658.85706	17.832	0.023
2455659.71374	17.844	0.028999999999999998
2455659.78992	17.792	0.023
2455659.87583	17.82	0.022000000000000002
2455660.76355	17.842	0.026000000000000002
2455660.86043	17.837	0.026000000000000002
2455662.7548599998	17.883	0.035
2455662.85523	17.862000000000002	0.026000000000000002
2455663.7531	17.847	0.027999999999999997
2455664.80156	17.84	0.026000000000000002
2455664.90533	17.811	0.026000000000000002
2455665.78799	17.825	0.023
2455665.90002	17.855999999999998	0.025
2455667.82761	17.839000000000002	0.025
2455668.83262	17.869	0.032
2455669.81619	17.81	0.028999999999999998
2455670.80419	17.815	0.032
2455671.77379	17.827	0.027999999999999997
2455675.87305	17.827	0.025
2455676.77886	17.852999999999998	0.022000000000000002
2455677.73551	17.832	0.025
2455677.9225	17.817	0.022000000000000002
2455679.8442599997	17.831	0.023
2455680.7247200003	17.811	0.027999999999999997
2455680.91041	17.861	0.023
2455681.80527	17.852	0.027999999999999997
2455682.70487	17.820999999999998	0.031
2455682.92448	17.825	0.027999999999999997
2455683.87913	17.825	0.026000000000000002
2455684.78254	17.812	0.022000000000000002
2455685.76895	17.807000000000002	0.02
2455686.65668	17.797	0.032
2455686.8650700003	17.805999999999997	0.027999999999999997
2455687.7541400003	17.819000000000003	0.023
2455688.92886	17.857	0.035
2455690.6562200002	17.85	0.027999999999999997
2455690.86988	17.807000000000002	0.031
2455691.79219	17.827	0.026000000000000002
2455692.6849	17.879	0.027999999999999997
2455692.8605400003	17.811	0.026000000000000002
2455693.70883	17.846	0.026000000000000002
2455693.8824299998	17.84	0.027999999999999997
2455694.71415	17.852	0.026000000000000002
2455694.89016	17.817	0.028999999999999998
2455695.76643	17.808	0.023
2455695.92979	17.873	0.031
2455696.75752	17.825	0.025
2455696.94025	17.749000000000002	0.054000000000000006
2455697.76346	17.839000000000002	0.027999999999999997
2455697.9298400003	17.85	0.034
2455698.76314	17.875999999999998	0.035
2455698.92853	17.905	0.049
2455705.72643	17.849	0.028999999999999998
2455705.92019	17.776	0.04
2455706.87444	17.784000000000002	0.038
2455707.73748	17.844	0.028999999999999998
2455707.89854	17.807000000000002	0.032
2455708.73014	17.814	0.023
2455709.56167	17.875	0.032
2455712.59762	17.849	0.028999999999999998
2455712.6002700003	17.827	0.027999999999999997
2455712.8062299998	17.813	0.025
2455713.82092	17.8	0.026000000000000002
2455715.5592	17.796	0.028999999999999998
2455715.76494	17.84	0.022000000000000002
2455716.5917	17.865	0.035
2455716.60434	17.85	0.026000000000000002
2455716.61906	17.854	0.026000000000000002
2455716.63168	17.864	0.026000000000000002
2455716.82829	17.861	0.027999999999999997
2455721.71282	17.869	0.027999999999999997
2455721.91385	17.789	0.038
2455722.76675	17.805999999999997	0.023
2455723.63532	17.852	0.026000000000000002
2455723.80345	17.838	0.025
2455724.6636200002	17.787	0.028999999999999998
2455725.5659	17.832	0.028999999999999998
2455725.7793900003	17.822	0.027999999999999997
2455726.68752	17.820999999999998	0.028999999999999998
2455734.66356	17.849	0.035
2455734.8458	17.807000000000002	0.037000000000000005
2455735.7924900004	17.905	0.027999999999999997
2455736.5416599996	17.8	0.026000000000000002
2455736.70883	17.848	0.022000000000000002
2455737.53746	17.855999999999998	0.027999999999999997
2455737.7270400003	17.847	0.02
2455737.89458	17.817999999999998	0.031
2455738.7528	17.831	0.022000000000000002
2455739.62272	17.862000000000002	0.025
2455739.81079	17.84	0.028999999999999998
2455740.62447	17.801	0.028999999999999998
2455740.8115	17.848	0.031
2455741.5819900003	17.798	0.025
2455741.76059	17.840999999999998	0.023
2455742.50886	17.788	0.031
2455742.69336	17.854	0.023
2455742.84882	17.840999999999998	0.026000000000000002
2455743.74327	17.86	0.028999999999999998
2455744.50111	17.75	0.038
2455744.67696	17.859	0.025
2455745.49023	17.787	0.035
2455745.66535	17.868	0.025
2455746.7050900003	17.863	0.027999999999999997
2455747.58874	17.877	0.057
2455747.76554	17.827	0.037000000000000005
2455749.54103	17.873	0.031
2455749.70761	17.794	0.028999999999999998
2455752.58536	17.872	0.037000000000000005
2455752.77633	17.846	0.037000000000000005
2455753.71315	17.864	0.04
2455759.83542	17.805999999999997	0.040999999999999995
2455760.4808900002	17.877	0.046
2455760.6746400003	17.878	0.031
2455761.4956	17.663	0.017
2455762.54031	17.837	0.027999999999999997
2455762.69636	17.837	0.028999999999999998
2455763.57629	17.843	0.022000000000000002
2455763.76204	17.854	0.031
2455764.57942	17.816	0.025
2455764.7859099996	17.788	0.026000000000000002
2455765.65023	17.828	0.023
2455766.50995	17.794	0.026000000000000002
2455766.69632	17.817	0.025
2455767.5745	17.843	0.027999999999999997
2455767.78258	17.798	0.035
2455768.63669	17.827	0.023
2455769.47365	17.815	0.032
2455769.67797	17.8	0.025
2455770.75402	17.811	0.028999999999999998
2455776.60894	17.887999999999998	0.037000000000000005
2455777.52599	17.819000000000003	0.023
2455777.77335	17.83	0.028999999999999998
2455779.60105	17.879	0.027999999999999997
2455785.62816	17.9	0.038
2455786.57178	17.84	0.037000000000000005
2455787.60792	17.837	0.028999999999999998
2455788.5073599997	17.819000000000003	0.032
2455788.6929599997	17.784000000000002	0.043
2455790.59073	17.817999999999998	0.032
2455791.4772799998	17.808	0.038
2455793.59747	17.828	0.031
2455794.47946	17.808	0.037000000000000005
2455794.67808	17.834	0.027999999999999997
2455795.7253400004	17.794	0.028999999999999998
2455796.6523599997	17.826	0.028999999999999998
2455801.57377	17.839000000000002	0.031
2455802.5649599996	17.852	0.034
2455804.5573	17.858	0.031
2455805.50722	17.864	0.023
2455806.5004	17.817999999999998	0.032
2455807.6371299997	17.8	0.031
2455812.61953	17.842	0.037000000000000005
2455813.60311	17.844	0.027999999999999997
2455815.57137	17.852999999999998	0.025
2455816.5517599997	17.831	0.032
2455817.55276	17.836	0.032
2455818.53419	17.86	0.034
2455819.54288	17.837	0.032
2455820.51155	17.781	0.037000000000000005
2455822.5121299997	17.878	0.038
2455822.6007	17.785	0.027999999999999997
2455823.53216	17.769000000000002	0.032
2455823.61926	17.837	0.04
2455824.55558	17.852	0.026000000000000002
2455824.63322	17.832	0.031
2455825.57215	17.833	0.031
2455826.49529	17.855999999999998	0.034
2455826.58265	17.750999999999998	0.034
2455827.52135	17.816	0.038
2455827.6017400003	17.789	0.035
2455828.53486	17.826	0.026000000000000002
2455828.61013	17.809	0.027999999999999997
2455829.5455400003	17.825	0.026000000000000002
2455829.62163	17.828	0.032
2455830.55855	17.789	0.028999999999999998
2455831.5307299998	17.805999999999997	0.026000000000000002
2455831.60399	17.828	0.032
2455832.55368	17.802	0.032
2455833.5117900004	17.822	0.026000000000000002
2455833.58951	17.817	0.035
2455834.54893	17.804000000000002	0.026000000000000002
2455835.53241	17.794	0.04
2455836.52949	17.801	0.04
2455836.59296	17.796	0.043
2455839.55347	17.828	0.052000000000000005
2455840.49928	17.781	0.035
2455840.60019	17.852999999999998	0.035
2455841.52691	17.843	0.04
2455841.60623	17.867	0.045
2455842.5769	17.851	0.046
2455843.5298900004	17.82	0.034
2455844.5537400004	17.881	0.040999999999999995
2455845.5142099997	17.846	0.038
2455845.59496	17.812	0.038
2455846.55664	17.878	0.045
2455851.5433099996	17.851	0.031
2455852.4934900003	17.840999999999998	0.049
2455855.54647	17.840999999999998	0.038
2455856.55358	17.752	0.043
2455858.52585	17.807000000000002	0.052000000000000005
2455860.49863	17.792	0.037000000000000005
2455969.87764	17.817999999999998	0.027999999999999997
2455972.8938	17.822	0.04
2455977.8318	17.862000000000002	0.034
2455978.84625	17.799	0.031
2455979.85714	17.802	0.031
2455981.88555	17.872	0.027999999999999997
2455982.8907	17.802	0.023
2455983.88388	17.833	0.022000000000000002
2455984.86802	17.816	0.022000000000000002
2455985.85205	17.813	0.027999999999999997
2455986.8333	17.817999999999998	0.027999999999999997
2455987.80664	17.861	0.037000000000000005
2455987.89805	17.796	0.025
2455988.88552	17.794	0.023
2455989.86055	17.852999999999998	0.034
2455990.8250700003	17.822	0.027999999999999997
2455991.79867	17.779	0.034
2455991.89312	17.812	0.023
2455992.85863	17.846	0.026000000000000002
2455993.8383	17.802	0.031
2455994.79238	17.829	0.035
2455994.8975	17.833	0.026000000000000002
2455995.77624	17.791	0.031
2455995.9100099998	17.813	0.035
2455996.85206	17.867	0.025
2455997.8078799997	17.862000000000002	0.028999999999999998
2455997.8942299997	17.81	0.023
2455998.84581	17.825	0.023
2455999.77463	17.817999999999998	0.040999999999999995
2455999.86778	17.822	0.026000000000000002
2456003.85608	17.855999999999998	0.035
2456004.78792	17.824	0.028999999999999998
2456004.8842700003	17.8	0.025
2456005.80553	17.849	0.025
2456005.9108599997	17.819000000000003	0.02
2456006.84215	17.831	0.023
2456007.7515	17.824	0.025
2456007.85156	17.837	0.025
2456008.74681	17.833	0.026000000000000002
2456008.83628	17.83	0.026000000000000002
2456009.74755	17.819000000000003	0.028999999999999998
2456009.84699	17.829	0.022000000000000002
2456010.73878	17.834	0.034
2456010.83012	17.788	0.023
2456010.91777	17.88	0.031
2456011.82772	17.874000000000002	0.037000000000000005
2456012.74016	17.824	0.027999999999999997
2456012.83438	17.842	0.023
2456012.92151	17.809	0.026000000000000002
2456013.81882	17.803	0.022000000000000002
2456013.92252	17.820999999999998	0.045
2456014.7949599996	17.867	0.023
2456014.89409	17.802	0.026000000000000002
2456015.7729599997	17.848	0.022000000000000002
2456015.84007	17.85	0.019
2456016.7546900003	17.819000000000003	0.022000000000000002
2456016.8346	17.848	0.022000000000000002
2456017.74275	17.820999999999998	0.022000000000000002
2456017.81921	17.807000000000002	0.019
2456017.91915	17.807000000000002	0.023
2456018.8081	17.83	0.032
2456018.9138	17.847	0.02
2456019.7872200003	17.813	0.023
2456019.88235	17.847	0.022000000000000002
2456020.7417200003	17.857	0.025
2456020.8356	17.824	0.02
2456020.91546	17.840999999999998	0.026000000000000002
2456021.7644700003	17.839000000000002	0.026000000000000002
2456021.84222	17.82	0.02
2456022.7132099997	17.783	0.04
2456022.7895	17.832	0.023
2456022.88572	17.827	0.023
2456023.7458200003	17.846	0.027999999999999997
2456023.8257	17.828	0.022000000000000002
2456024.7041700003	17.907	0.040999999999999995
2456024.78275	17.897000000000002	0.028999999999999998
2456024.89528	17.836	0.026000000000000002
2456025.76884	17.835	0.034
2456025.86246	17.834	0.027999999999999997
2456029.8942400003	17.851	0.027999999999999997
2456031.8909299998	17.837	0.037000000000000005
2456032.83486	17.805999999999997	0.023
2456033.75948	17.847	0.028999999999999998
2456034.70745	17.854	0.025
2456035.84172	17.864	0.023
2456036.83485	17.836	0.019
2456037.78373	17.823	0.027999999999999997
2456038.75282	17.85	0.026000000000000002
2456039.74694	17.823	0.031
2456040.7387200003	17.844	0.028999999999999998
2456040.92293	17.854	0.027999999999999997
2456041.87627	17.864	0.025
2456046.92151	17.840999999999998	0.025
2456047.82448	17.829	0.031
2456048.76589	17.849	0.023
2456049.68254	17.855999999999998	0.027999999999999997
2456049.87703	17.820999999999998	0.023
2456050.77098	17.826	0.025
2456051.64781	17.759	0.032
2456052.76537	17.84	0.031
2456052.92302	17.858	0.027999999999999997
2456053.79647	17.848	0.028999999999999998
2456058.8207	17.791	0.027999999999999997
2456059.71144	17.858	0.026000000000000002
2456059.88733	17.848	0.025
2456061.78633	17.861	0.023
2456062.65501	17.844	0.034
2456062.83722	17.832	0.025
2456063.80639	17.863	0.037000000000000005
2456064.7291	17.863	0.022000000000000002
2456064.91393	17.83	0.026000000000000002
2456065.74885	17.845	0.022000000000000002
2456066.67725	17.840999999999998	0.022000000000000002
2456066.86032	17.835	0.023
2456067.6642299998	17.861	0.025
2456067.84139	17.843	0.02
2456068.6674200003	17.779	0.023
2456068.8867900004	17.824	0.022000000000000002
2456069.6205700003	17.849	0.026000000000000002
2456069.8275599997	17.804000000000002	0.02
2456070.62853	17.886	0.034
2456070.80505	17.849	0.025
2456071.60316	17.808	0.023
2456071.76893	17.835	0.027999999999999997
2456071.9375299998	17.753	0.034
2456075.7571900003	17.875	0.022000000000000002
2456076.6151900003	17.840999999999998	0.026000000000000002
2456076.80005	17.840999999999998	0.022000000000000002
2456077.71427	17.792	0.025
2456077.9160599997	17.819000000000003	0.025
2456078.72464	17.855	0.023
2456078.89953	17.83	0.025
2456079.69806	17.83	0.025
2456079.89342	17.812	0.022000000000000002
2456080.66081	17.835	0.028999999999999998
2456080.83838	17.792	0.027999999999999997
2456081.61809	17.904	0.04
2456081.79141	17.832	0.025
2456082.61203	17.784000000000002	0.04
2456082.81649	17.825	0.046
2456085.62682	17.825	0.027999999999999997
2456085.78717	17.819000000000003	0.027999999999999997
2456086.55877	17.863	0.028999999999999998
2456086.73122	17.840999999999998	0.023
2456086.9149599997	17.909000000000002	0.046
2456087.8218900003	17.855	0.027999999999999997
2456088.66457	17.791	0.02
2456089.77863	17.817999999999998	0.025
2456092.62476	17.84	0.023
2456092.91213	17.846	0.04
2456093.70499	17.809	0.025
2456094.57903	17.827	0.034
2456094.7650099997	17.859	0.028999999999999998
2456096.57618	17.799	0.028999999999999998
2456096.77654	17.896	0.028999999999999998
2456097.67965	17.822	0.027999999999999997
2456097.86833	17.845	0.031
2456098.66183	17.846	0.032
2456098.84264	17.85	0.027999999999999997
2456100.517	17.837	0.037000000000000005
2456100.71065	17.842	0.023
2456100.87567	17.812	0.034
2456101.64047	17.827	0.022000000000000002
2456101.82419	17.805	0.028999999999999998
2456102.62385	17.849	0.026000000000000002
2456102.78069	17.873	0.025
2456103.53163	17.868	0.027999999999999997
2456103.71071	17.808	0.023
2456104.53227	17.843	0.023
2456104.69538	17.829	0.02
2456104.86403	17.776	0.028999999999999998
2456105.6274200003	17.822	0.023
2456106.62728	17.776	0.032
2456108.62295	17.845	0.027999999999999997
2456108.7949900003	17.864	0.027999999999999997
2456109.5745599996	17.855999999999998	0.077
2456109.7875200002	17.879	0.043
2456113.59179	17.894000000000002	0.032
2456113.7501	17.832	0.031
2456114.59993	17.799	0.028999999999999998
2456114.77155	17.877	0.028999999999999998
2456115.5363	17.836	0.025
2456115.75166	17.88	0.031
2456116.57778	17.807000000000002	0.02
2456116.75885	17.805	0.026000000000000002
2456117.55472	17.857	0.023
2456117.7335	17.835	0.026000000000000002
2456118.5073599997	17.826	0.027999999999999997
2456118.69593	17.842	0.02
2456118.83972	17.803	0.028999999999999998
2456119.64875	17.822	0.022000000000000002
2456119.79248	17.820999999999998	0.027999999999999997
2456120.67946	17.859	0.022000000000000002
2456121.47807	17.855999999999998	0.023
2456121.65828	17.834	0.019
2456123.5155700003	17.787	0.034
2456123.69151	17.851	0.023
2456124.48695	17.861	0.032
2456124.69845	17.816	0.023
2456125.7012400003	17.836	0.025
2456126.53008	17.844	0.025
2456126.73687	17.83	0.026000000000000002
2456127.65877	17.795	0.025
2456128.63194	17.82	0.02
2456131.50564	17.838	0.028999999999999998
2456131.78297	17.835	0.026000000000000002
2456132.76298	17.81	0.026000000000000002
2456133.69259	17.825	0.027999999999999997
2456134.59359	17.861	0.037000000000000005
2456135.56481	17.811	0.027999999999999997
2456135.78262	17.867	0.028999999999999998
2456140.56977	17.894000000000002	0.040999999999999995
2456140.743	17.817	0.057
2456141.59746	17.878	0.038
2456141.76347	17.802	0.034
2456143.53583	17.84	0.032
2456147.6499	17.81	0.035
2456148.5961599997	17.813	0.02
2456149.6064400002	17.891	0.031
2456150.63967	17.814	0.023
2456151.6225400004	17.829	0.028999999999999998
2456152.5	17.88	0.027999999999999997
2456152.70656	17.836	0.022000000000000002
2456154.68129	17.852	0.027999999999999997
2456158.51637	17.855999999999998	0.023
2456158.6981	17.805	0.025
2456159.62956	17.817999999999998	0.026000000000000002
2456160.62058	17.855	0.025
2456161.51632	17.835	0.032
2456164.49368	17.854	0.025
2456164.70579	17.929000000000002	0.055
2456165.60286	17.819000000000003	0.031
2456165.63375	17.927	0.035
2456165.66075	17.808	0.031
2456165.68877	17.809	0.04
2456165.7132599996	17.93	0.046
2456166.5131	17.839000000000002	0.032
2456166.55986	17.885	0.032
2456166.61515	17.854	0.031
2456166.6686400003	17.83	0.026000000000000002
2456167.50316	17.858	0.027999999999999997
2456167.68448	17.8	0.054000000000000006
2456168.60153	17.812	0.025
2456169.49496	17.826	0.028999999999999998
2456169.6784900003	17.762	0.032
2456171.58842	17.807000000000002	0.026000000000000002
2456171.6397599997	17.934	0.057
2456172.60967	17.820999999999998	0.023
2456174.5813700003	17.863	0.037000000000000005
2456175.55944	17.774	0.026000000000000002
2456179.50771	17.813	0.031
2456179.5474900003	17.879	0.032
2456180.52124	17.764	0.027999999999999997
2456181.48122	17.798	0.031
2456182.48231	17.834	0.031
2456183.49203	17.852999999999998	0.031
2456184.58838	17.804000000000002	0.022000000000000002
2456185.48401	17.813	0.022000000000000002
2456186.49496	17.832	0.028999999999999998
2456190.53131	17.839000000000002	0.027999999999999997
2456191.58358	17.862000000000002	0.027999999999999997
2456195.53478	17.816	0.026000000000000002
2456195.61277	17.843	0.028999999999999998
2456196.53267	17.779	0.034
2456196.61445	17.945999999999998	0.040999999999999995
2456197.53407	17.88	0.032
2456198.5022400003	17.866	0.048
2456199.56311	17.777	0.043
2456201.51543	17.795	0.043
2456203.50592	17.84	0.032
2456203.59578	17.892	0.046
2456204.54908	17.812	0.027999999999999997
2456205.4903599997	17.873	0.034
2456205.57155	17.809	0.026000000000000002
2456208.5158700002	17.824	0.034
2456210.54277	17.879	0.028999999999999998
2456211.4928200003	17.840999999999998	0.028999999999999998
2456211.5736700003	17.825	0.027999999999999997
2456212.4929	17.8	0.028999999999999998
2456212.5698	17.799	0.028999999999999998
2456213.5222099996	17.815	0.027999999999999997
2456214.49613	17.842	0.028999999999999998
2456216.50188	17.826	0.031
2456217.52509	17.832	0.025
2456218.50977	17.822	0.034
2456219.51713	17.819000000000003	0.022000000000000002
2456221.51576	17.8	0.04
2456221.54318	17.834	0.045
2456223.5583599997	17.788	0.038
2456226.50365	17.84	0.038
2456231.50435	17.807000000000002	0.04
2456233.53597	17.798	0.038
2456238.51272	17.791	0.04
2456334.87984	17.834	0.026000000000000002
2456335.86009	17.805	0.026000000000000002
2456337.87118	17.807000000000002	0.028999999999999998
2456338.84967	17.826	0.031
2456338.89329	17.81	0.032
2456340.8558099996	17.825	0.023
2456341.8946	17.837	0.034
2456343.86043	17.877	0.032
2456344.86117	17.820999999999998	0.02
2456345.8804599997	17.842	0.023
2456347.8832	17.847	0.026000000000000002
2456348.8806	17.906	0.025
2456349.88828	17.852	0.035
2456350.89993	17.871	0.034
2456351.90607	17.795	0.045
2456352.89728	17.847	0.025
2456353.88595	17.857	0.023
2456354.8905700003	17.829	0.025
2456360.80967	17.801	0.022000000000000002
2456360.89605	17.827	0.022000000000000002
2456361.8702599998	17.809	0.023
2456362.7929700003	17.805	0.027999999999999997
2456362.90818	17.832	0.031
2456363.8826599997	17.852	0.022000000000000002
2456367.88348	17.817	0.019
2456368.83428	17.837	0.023
2456368.9139400003	17.925	0.04
2456369.84444	17.797	0.022000000000000002
2456370.7966299998	17.834	0.022000000000000002
2456370.88862	17.817999999999998	0.023
2456371.81014	17.844	0.022000000000000002
2456371.90198	17.829	0.02
2456372.8124	17.825	0.022000000000000002
2456372.89469	17.855999999999998	0.022000000000000002
2456373.82932	17.795	0.022000000000000002
2456373.90839	17.857	0.027999999999999997
2456374.8355799997	17.838	0.026000000000000002
2456374.9166	17.831	0.026000000000000002
2456375.8505700002	17.822	0.02
2456376.7581599997	17.857	0.028999999999999998
2456376.84665	17.813	0.022000000000000002
2456377.7566	17.834	0.025
2456377.85839	17.847	0.02
2456378.76572	17.869	0.028999999999999998
2456378.85348	17.817999999999998	0.023
2456379.7621	17.798	0.026000000000000002
2456379.85024	17.846	0.025
2456380.75319	17.86	0.025
2456380.8547799997	17.837	0.022000000000000002
2456381.7738900003	17.883	0.025
2456381.86174	17.842	0.022000000000000002
2456382.76829	17.886	0.04
2456382.84588	17.859	0.027999999999999997
2456386.76137	17.822	0.025
2456386.86072	17.805	0.025
2456387.7599299997	17.854	0.022000000000000002
2456387.84289	17.86	0.022000000000000002
2456388.78386	17.852999999999998	0.022000000000000002
2456388.89181	17.838	0.027999999999999997
2456389.75298	17.874000000000002	0.025
2456389.84203	17.874000000000002	0.025
2456390.71751	17.8	0.027999999999999997
2456390.79944	17.838	0.026000000000000002
2456390.88901	17.809	0.025
2456391.8092900002	17.842	0.032
2456393.8074	17.794	0.023
2456394.77519	17.817999999999998	0.026000000000000002
2456395.72627	17.795	0.025
2456395.9270099998	17.805999999999997	0.025
2456396.86403	17.845	0.022000000000000002
2456397.80986	17.84	0.02
2456398.71884	17.835	0.022000000000000002
2456398.90019	17.807000000000002	0.022000000000000002
2456399.82148	17.846	0.022000000000000002
2456400.79692	17.794	0.022000000000000002
2456401.7456400003	17.834	0.022000000000000002
2456401.91459	17.855999999999998	0.022000000000000002
2456402.84167	17.83	0.026000000000000002
2456403.74881	17.882	0.022000000000000002
2456403.9317	17.908	0.038
2456404.85905	17.820999999999998	0.022000000000000002
2456405.84144	17.874000000000002	0.025
2456405.87638	17.849	0.017
2456406.89762	17.819000000000003	0.026000000000000002
2456407.80329	17.842	0.028999999999999998
2456408.75781	17.901	0.04
2456409.87231	17.826	0.038
2456415.81731	17.82	0.026000000000000002
2456416.70389	17.817	0.025
2456416.92033	17.83	0.022000000000000002
2456417.81505	17.892	0.023
2456418.6762900003	17.840999999999998	0.023
2456418.84014	17.840999999999998	0.019
2456419.7252700003	17.840999999999998	0.023
2456419.90114	17.822	0.025
2456420.74277	17.825	0.019
2456420.92637	17.809	0.022000000000000002
2456422.71319	17.813	0.023
2456423.66488	17.805999999999997	0.026000000000000002
2456423.86879	17.852999999999998	0.027999999999999997
2456424.7195200003	17.833	0.02
2456424.9185200003	17.843	0.025
2456426.82815	17.83	0.02
2456427.92367	17.823	0.026000000000000002
2456428.61889	17.768	0.031
2456428.8136400003	17.804000000000002	0.025
2456431.5904599996	17.811	0.038
2456431.80253	17.831	0.025
2456432.63465	17.819000000000003	0.027999999999999997
2456432.82425	17.842	0.023
2456433.62872	17.858	0.031
2456433.82002	17.852999999999998	0.025
2456434.71298	17.805	0.025
2456434.90441	17.852999999999998	0.025
2456435.75353	17.783	0.023
2456435.93245	17.848	0.026000000000000002
2456436.74115	17.846	0.026000000000000002
2456436.91957	17.836	0.031
2456441.71768	17.863	0.031
2456441.77991	17.805999999999997	0.034
2456442.56725	17.823	0.026000000000000002
2456442.7551700003	17.805	0.02
2456442.9166099997	17.794	0.026000000000000002
2456443.62183	17.789	0.02
2456444.70245	17.863	0.031
2456444.7629	17.809	0.025
2456444.94724	17.78	0.049
2456445.76462	17.832	0.023
2456446.56243	17.842	0.022000000000000002
2456446.7531	17.842	0.022000000000000002
2456446.94564	17.844	0.037000000000000005
2456447.7118599997	17.81	0.022000000000000002
2456447.88941	17.825	0.022000000000000002
2456448.65192	17.88	0.026000000000000002
2456448.83784	17.844	0.023
2456449.6116	17.84	0.025
2456449.79726	17.894000000000002	0.027999999999999997
2456450.54669	17.813	0.032
2456450.74753	17.827	0.02
2456450.92075	17.808	0.028999999999999998
2456451.67751	17.894000000000002	0.025
2456451.86331	17.852999999999998	0.027999999999999997
2456452.64177	17.834	0.019
2456452.87722	17.81	0.022000000000000002
2456454.65143	17.837	0.023
2456454.83629	17.840999999999998	0.026000000000000002
2456455.6231400003	17.855999999999998	0.025
2456456.61807	17.824	0.019
2456456.80392	17.854	0.02
2456457.77745	17.855	0.02
2456458.56094	17.829	0.032
2456458.73679	17.81	0.022000000000000002
2456458.90314	17.871	0.034
2456459.69007	17.81	0.019
2456459.8687400003	17.877	0.025
2456460.75539	17.842	0.025
2456461.62548	17.833	0.027999999999999997
2456461.8419	17.877	0.023
2456462.70627	17.769000000000002	0.027999999999999997
2456463.56773	17.844	0.032
2456463.75691	17.826	0.026000000000000002
2456464.57442	17.901	0.04
2456464.75592	17.846	0.037000000000000005
2456468.56073	17.846	0.028999999999999998
2456468.75584	17.827	0.028999999999999998
2456469.62407	17.801	0.023
2456469.84428	17.672	0.048
2456472.62273	17.847	0.027999999999999997
2456472.80401	17.838	0.028999999999999998
2456473.57925	17.852	0.026000000000000002
2456473.7651299997	17.825	0.022000000000000002
2456474.69817	17.88	0.026000000000000002
2456475.48865	17.849	0.032
2456475.68605	17.836	0.023
2456475.85862	17.767	0.031
2456476.6245	17.827	0.023
2456476.81211	17.826	0.026000000000000002
2456477.61747	17.831	0.026000000000000002
2456477.80571	17.78	0.032
2456478.66988	17.844	0.027999999999999997
2456479.74908	17.796	0.026000000000000002
2456480.6310799997	17.832	0.025
2456480.8158	17.795	0.028999999999999998
2456481.64362	17.828	0.026000000000000002
2456482.80353	17.754	0.038
2456484.5371	17.817	0.025
2456485.64207	17.835	0.019
2456486.5762400003	17.83	0.022000000000000002
2456486.78673	17.845	0.022000000000000002
2456487.57588	17.831	0.02
2456487.77567	17.854	0.02
2456490.46987	17.829	0.032
2456490.65323	17.814	0.023
2456491.4985599997	17.882	0.034
2456491.7182	17.893	0.026000000000000002
2456492.53461	17.811	0.027999999999999997
2456492.72482	17.83	0.027999999999999997
2456496.55565	17.849	0.037000000000000005
2456497.6512599997	17.838	0.028999999999999998
2456498.48576	17.819000000000003	0.02
2456498.66573	17.811	0.022000000000000002
2456499.49957	17.875	0.025
2456500.65147	17.766	0.035
2456501.63955	17.811	0.023
2456504.6539	17.85	0.026000000000000002
2456505.5515900003	18.07	0.031
2456505.75009	17.834	0.028999999999999998
2456506.68788	17.879	0.034
2456507.73823	17.86	0.032
2456508.64732	17.814	0.02
2456509.57137	17.831	0.019
2456509.7387200003	17.862000000000002	0.028999999999999998
2456510.62894	17.785999999999998	0.019
2456511.57233	17.811	0.025
2456512.7376099997	17.826	0.031
2456514.69872	17.875999999999998	0.023
2456516.63597	17.819000000000003	0.023
2456518.6477900003	17.825	0.023
2456519.60106	17.785	0.022000000000000002
2456523.5307299998	17.858	0.027999999999999997
2456523.68646	17.868	0.037000000000000005
2456524.63552	17.805999999999997	0.028999999999999998
2456525.6444200003	17.778	0.037000000000000005
2456528.5781400003	17.878	0.028999999999999998
2456531.47915	17.879	0.037000000000000005
2456532.4809	17.795	0.025
2456533.4920099997	17.866	0.031
2456534.57163	17.881	0.027999999999999997
2456536.49498	17.848	0.023
2456538.5854700003	17.822	0.027999999999999997
2456539.64272	17.939	0.023
2456543.5022	17.817	0.028999999999999998
2456544.54561	17.846	0.026000000000000002
2456545.58911	17.822	0.023
2456546.63678	17.899	0.035
2456553.54674	17.825	0.046
2456558.49702	17.827	0.022000000000000002
2456559.54041	17.823	0.026000000000000002
2456560.5902400003	17.802	0.032
2456562.54765	17.817999999999998	0.026000000000000002
2456563.57537	17.827	0.031
2456564.5136599997	17.809	0.031
2456564.59939	17.755	0.028999999999999998
2456565.57698	17.812	0.027999999999999997
2456567.55332	17.829	0.031
2456568.5498599997	17.801	0.032
2456569.51053	17.834	0.023
2456569.59265	17.83	0.028999999999999998
2456570.57513	17.759	0.032
2456571.58288	17.745	0.032
2456572.54305	17.812	0.027999999999999997
2456573.51651	17.858	0.027999999999999997
2456576.51598	17.781	0.055
2456576.58324	17.748	0.063
2456577.57233	17.712	0.038
2456578.5661	17.792	0.032
2456579.52261	17.815	0.034
2456580.5315099997	17.882	0.057
2456581.52393	17.798	0.032
2456582.50101	17.791	0.032
2456583.5011299998	17.827	0.04
2456584.48906	17.812	0.052000000000000005
2456585.49434	17.824	0.04
2456586.49668	17.81	0.043
2456594.5079200002	17.892	0.045
2456695.8627400002	17.84	0.026000000000000002
2456696.85578	17.854	0.022000000000000002
2456697.85359	17.817999999999998	0.025
2456698.8676	17.820999999999998	0.028999999999999998
2456700.8729	17.842	0.025
2456702.89139	17.831	0.034
2456705.8645900004	17.815	0.032
2456707.86213	17.941	0.035
2456708.8851400004	17.761	0.023
2456710.83068	17.834	0.023
2456715.83542	17.85	0.02
2456716.82927	17.851	0.022000000000000002
2456717.8316200003	17.872	0.031
2456718.84943	17.847	0.031
2456719.8471	17.799	0.023
2456720.8229400003	17.819000000000003	0.022000000000000002
2456721.80638	17.87	0.034
2456721.8950799997	17.832	0.023
2456722.89183	17.825	0.02
2456723.8725900003	17.814	0.02
2456724.85059	17.855	0.027999999999999997
2456725.8251099996	17.924	0.025
2456726.78967	17.843	0.023
2456726.88675	17.802	0.022000000000000002
2456727.8574099997	17.826	0.019
2456728.8255	17.825	0.019
2456729.78237	17.829	0.023
2456729.87828	17.843	0.019
2456730.83068	17.849	0.031
2456731.87781	17.919	0.031
2456732.83893	17.852	0.028999999999999998
2456733.77527	17.852	0.031
2456733.86966	17.862000000000002	0.025
2456734.80607	17.79	0.022000000000000002
2456734.90015	17.849	0.022000000000000002
2456735.84948	17.827	0.025
2456736.7791	17.87	0.037000000000000005
2456736.88241	17.859	0.026000000000000002
2456737.83596	17.824	0.02
2456737.91356	17.854	0.026000000000000002
2456741.8382599996	17.802	0.022000000000000002
2456741.8809700003	17.812	0.025
2456742.8291	17.840999999999998	0.019
2456742.91542	17.832	0.02
2456744.83798	17.807000000000002	0.022000000000000002
2456745.7327	17.827	0.026000000000000002
2456745.7717	17.820999999999998	0.023
2456745.83304	17.814	0.022000000000000002
2456745.92055	17.845	0.027999999999999997
2456746.82645	17.8	0.02
2456747.8483599997	17.852	0.022000000000000002
2456749.83104	17.817999999999998	0.019
2456750.8541599996	17.815	0.02
2456751.8739099996	17.845	0.019
2456752.84588	17.834	0.02
2456754.8344900003	17.791	0.027999999999999997
2456755.86774	17.817	0.022000000000000002
2456756.70357	17.81	0.022000000000000002
2456757.7729	17.838	0.023
2456758.77391	17.805	0.022000000000000002
2456759.6979900002	17.777	0.026000000000000002
2456760.69913	17.811	0.023
2456760.88542	17.84	0.02
2456761.81845	17.797	0.02
2456762.7681299997	17.801	0.02
2456763.7396299997	17.822	0.023
2456763.92975	17.832	0.035
2456764.8482	17.824	0.022000000000000002
2456765.7824	17.784000000000002	0.02
2456768.7442799998	17.871	0.032
2456768.9303	17.807000000000002	0.025
2456769.8277	17.796	0.022000000000000002
2456770.72828	17.83	0.023
2456770.89193	17.792	0.022000000000000002
2456771.8563200003	17.839000000000002	0.023
2456772.77068	17.817	0.02
2456773.6852700002	17.772000000000002	0.031
2456773.87598	17.796	0.022000000000000002
2456774.77897	17.762	0.028999999999999998
2456775.7601900003	17.801	0.019
2456776.66273	17.938	0.025
2456776.87493	17.845	0.025
2456777.86161	17.803	0.023
2456784.76026	17.799	0.025
2456784.86603	17.781	0.027999999999999997
2456784.9371599997	17.85	0.049
2456785.73338	17.78	0.02
2456785.89735	17.822	0.025
2456785.93173	17.822	0.028999999999999998
2456786.75196	17.819000000000003	0.022000000000000002
2456786.89844	17.814	0.026000000000000002
2456788.84326	17.801	0.026000000000000002
2456789.71053	17.829	0.026000000000000002
2456789.89422	17.804000000000002	0.027999999999999997
2456790.74077	17.81	0.026000000000000002
2456790.9221799998	17.820999999999998	0.031
2456791.75365	17.817	0.028999999999999998
2456791.92478	17.804000000000002	0.031
2456792.75526	17.787	0.028999999999999998
2456792.90334	17.851	0.035
2456796.69998	17.822	0.028999999999999998
2456796.87054	17.861	0.028999999999999998
2456797.73653	17.820999999999998	0.032
2456797.89807	17.882	0.038
2456798.91862	17.769000000000002	0.040999999999999995
2456803.67778	17.852	0.026000000000000002
2456803.85459	17.820999999999998	0.025
2456804.61856	17.815	0.025
2456804.80967	17.801	0.025
2456805.60701	17.802	0.028999999999999998
2456805.8006	17.823	0.026000000000000002
2456806.8709400003	17.835	0.032
2456807.75096	17.773	0.037000000000000005
2456807.9144	17.811	0.032
2456808.70774	17.793	0.025
2456808.8955	17.814	0.026000000000000002
2456809.6817	17.825	0.02
2456809.88902	17.851	0.031
2456810.67953	17.838	0.025
2456810.87573	17.840999999999998	0.027999999999999997
2456811.6445	17.822	0.026000000000000002
2456811.84168	17.803	0.028999999999999998
2456813.7060599998	17.817	0.026000000000000002
2456813.9034700003	17.823	0.028999999999999998
2456814.75409	17.817999999999998	0.022000000000000002
2456814.91968	17.824	0.034
2456815.70914	17.774	0.027999999999999997
2456815.92087	17.796	0.028999999999999998
2456816.77098	17.819000000000003	0.027999999999999997
2456817.62107	17.803	0.026000000000000002
2456817.7963400004	17.835	0.035
2456818.55919	17.852	0.043
2456819.61934	17.808	0.031
2456819.77367	17.831	0.035
2456823.7864900003	17.776	0.026000000000000002
2456824.56595	17.863	0.038
2456824.76876	17.829	0.026000000000000002
2456825.5498	17.819000000000003	0.026000000000000002
2456825.73618	17.822	0.026000000000000002
2456825.90175	17.846	0.035
2456826.66408	17.827	0.025
2456826.87377	17.799	0.031
2456827.65087	17.816	0.022000000000000002
2456827.86031	17.819000000000003	0.028999999999999998
2456828.62404	17.824	0.02
2456828.8325900002	17.838	0.026000000000000002
2456829.57702	17.835	0.035
2456829.76178	17.816	0.027999999999999997
2456830.55198	17.76	0.028999999999999998
2456830.74108	17.81	0.022000000000000002
2456831.63166	17.812	0.02
2456831.82482	17.741	0.025
2456832.6197900004	17.792	0.025
2456832.80926	17.792	0.028999999999999998
2456833.63817	17.804000000000002	0.027999999999999997
2456833.82516	17.808	0.035
2456834.60209	17.791	0.028999999999999998
2456834.78579	17.878	0.040999999999999995
2456835.61005	17.797	0.026000000000000002
2456835.79335	17.8	0.032
2456836.59085	17.823	0.032
2456836.7679	17.787	0.032
2456837.55372	17.823	0.023
2456837.7346200002	17.842	0.026000000000000002
2456838.5055400003	17.832	0.032
2456838.68217	17.802	0.032
2456838.8489599996	17.802	0.035
2456839.6382400002	17.808	0.026000000000000002
2456839.82282	17.863	0.034
2456840.64604	17.805999999999997	0.031
2456841.52545	17.773	0.025
2456841.7192	17.764	0.025
2456842.52138	17.807000000000002	0.038
2456842.70286	17.814	0.023
2456844.4911599997	17.807000000000002	0.031
2456844.6667400002	17.801	0.023
2456844.83788	17.789	0.031
2456845.58262	17.807000000000002	0.023
2456845.76308	17.813	0.023
2456847.53542	17.811	0.027999999999999997
2456847.67919	17.807000000000002	0.04
2456847.81624	17.796	0.034
2456851.5687	17.769000000000002	0.027999999999999997
2456851.74166	17.765	0.034
2456852.55687	17.765	0.032
2456852.76895	17.783	0.045
2456855.53563	17.777	0.025
2456855.72088	17.754	0.023
2456856.51765	17.833	0.027999999999999997
2456856.70143	17.803	0.023
2456857.5156	17.767	0.022000000000000002
2456857.70221	17.766	0.02
2456858.53109	17.779	0.022000000000000002
2456858.7159700003	17.773	0.025
2456859.67391	17.77	0.026000000000000002
2456862.63015	17.791	0.027999999999999997
2456863.47262	17.778	0.027999999999999997
2456863.66271	17.775	0.022000000000000002
2456864.50448	17.769000000000002	0.027999999999999997
2456864.69062	17.775	0.023
2456870.60824	17.748	0.023
2456871.6095	17.78	0.027999999999999997
2456872.69075	17.741	0.027999999999999997
2456879.57993	17.756	0.043
2456880.54313	17.699	0.035
2456880.737	17.715999999999998	0.040999999999999995
2456881.6957400003	17.725	0.032
2456882.6112599997	17.719	0.023
2456883.52511	17.736	0.026000000000000002
2456885.49115	17.726	0.027999999999999997
2456885.6855099997	17.697	0.026000000000000002
2456886.6079599997	17.732	0.023
2456887.51744	17.701	0.023
2456887.70422	17.678	0.025
2456888.6406099997	17.683	0.023
2456889.59204	17.688	0.02
2456890.52975	17.691	0.026000000000000002
2456890.69685	17.657	0.025
2456891.64507	17.672	0.025
2456895.60005	17.639	0.02
2456896.56813	17.646	0.025
2456900.5258	17.6	0.019
2456907.58818	17.507	0.023
2456908.5562400003	17.471	0.023
2456909.6140400004	17.48	0.028999999999999998
2456912.6288900003	17.372	0.022000000000000002
2456915.62992	17.308	0.022000000000000002
2456919.50265	17.128	0.022000000000000002
2456922.49833	16.944000000000003	0.017
2456923.5186799997	16.852999999999998	0.017
2456924.55858	16.797	0.013999999999999999
2456925.6008900004	16.820999999999998	0.016
2456927.51223	16.827	0.02
2456928.54729	16.831	0.016
2456929.6074200002	16.875999999999998	0.019
2456931.48092	16.964000000000002	0.025
2456931.50256	16.983	0.013999999999999999
2456932.54479	17.078	0.026000000000000002
2456936.56533	17.244	0.026000000000000002
2456937.56258	17.233	0.023
2456938.5617299997	17.352999999999998	0.027999999999999997
2456940.52225	17.392	0.026000000000000002
2456942.48918	17.436	0.023
2456943.48888	17.469	0.037000000000000005
2456944.52888	17.465999999999998	0.023
2456947.53165	17.52	0.028999999999999998
2456951.49522	17.59	0.027999999999999997
2456953.51331	17.595	0.028999999999999998
2456955.52669	17.642	0.026000000000000002
2457064.8615200003	17.824	0.032
2457066.87319	17.837	0.035
2457069.89566	17.817999999999998	0.040999999999999995
2457071.84509	17.859	0.025
2457072.85294	17.822	0.028999999999999998
2457074.88176	17.83	0.031
2457075.85786	17.881	0.027999999999999997
2457076.8593200003	17.776	0.022000000000000002
2457077.85704	17.849	0.034
2457078.84772	17.848	0.027999999999999997
2457079.8196799997	17.852	0.034
2457080.88281	17.840999999999998	0.027999999999999997
2457082.8371200003	17.824	0.025
2457083.80792	17.848	0.031
2457083.89928	17.826	0.028999999999999998
2457084.8793599997	17.807000000000002	0.022000000000000002
2457085.85215	17.828	0.026000000000000002
2457086.83122	17.819000000000003	0.028999999999999998
2457087.79373	17.852	0.034
2457087.88722	17.847	0.028999999999999998
2457088.85854	17.822	0.026000000000000002
2457089.82308	17.871	0.028999999999999998
2457090.7853599996	17.836	0.037000000000000005
2457090.87958	17.816	0.026000000000000002
2457091.83304	17.839000000000002	0.026000000000000002
2457092.78032	17.875999999999998	0.031
2457092.86626	17.801	0.025
2457093.87398	17.829	0.025
2457093.88395	17.836	0.022000000000000002
2457093.90615	17.852999999999998	0.032
2457097.84575	17.846	0.02
2457098.7787099998	17.801	0.023
2457098.8938700003	17.831	0.02
2457099.83543	17.794	0.022000000000000002
2457100.76223	17.845	0.031
2457100.87511	17.855999999999998	0.025
2457101.84592	17.852	0.038
2457102.83298	17.835	0.028999999999999998
2457108.8086	17.840999999999998	0.038
2457109.74243	17.851	0.027999999999999997
2457109.8596900003	17.85	0.025
2457110.77048	17.845	0.022000000000000002
2457110.88105	17.840999999999998	0.022000000000000002
2457111.7913900004	17.851	0.022000000000000002
2457111.90357	17.826	0.022000000000000002
2457112.79911	17.808	0.026000000000000002
2457112.91095	17.848	0.023
2457113.88225	17.811	0.022000000000000002
2457114.8796599996	17.813	0.023
2457115.8222	17.868	0.025
2457116.80163	17.796	0.027999999999999997
2457117.7834900003	17.805	0.023
2457118.83367	17.822	0.025
2457119.83252	17.843	0.027999999999999997
2457120.7768099997	17.826	0.027999999999999997
2457125.70506	17.892	0.032
2457125.89265	17.822	0.023
2457126.84744	17.834	0.022000000000000002
2457129.78081	17.840999999999998	0.022000000000000002
2457130.71774	17.835	0.027999999999999997
2457130.90041	17.844	0.027999999999999997
2457131.81947	17.834	0.02
2457132.74197	17.838	0.026000000000000002
2457133.8719599997	17.832	0.023
2457134.7557900003	17.857	0.026000000000000002
2457135.68355	17.855	0.026000000000000002
2457135.86978	17.807000000000002	0.019
2457136.7632299997	17.83	0.023
2457137.6699200002	17.838	0.025
2457137.85459	17.826	0.023
2457138.72874	17.83	0.023
2457138.91507	17.832	0.023
2457139.84585	17.849	0.027999999999999997
2457140.72742	17.804000000000002	0.027999999999999997
2457140.90869	17.845	0.025
2457141.7916900003	17.863	0.02
2457142.68291	17.840999999999998	0.022000000000000002
2457142.8695099996	17.838	0.022000000000000002
2457143.74042	17.837	0.027999999999999997
2457143.93468	17.808	0.037000000000000005
2457144.82557	17.864	0.043
2457145.8288	17.847	0.027999999999999997
2457146.67927	17.819000000000003	0.032
2457146.81725	17.828	0.025
2457147.6603	17.846	0.04
2457147.79826	17.773	0.028999999999999998
2457152.7873299997	17.825	0.026000000000000002
2457153.62751	17.84	0.028999999999999998
2457153.79011	17.866	0.02
2457154.66692	17.83	0.02
2457154.86162	17.851	0.022000000000000002
2457155.69802	17.840999999999998	0.025
2457155.8847	17.801	0.025
2457156.709	17.844	0.02
2457157.6962	17.834	0.022000000000000002
2457157.93214	17.855999999999998	0.027999999999999997
2457158.79669	17.838	0.023
2457159.62481	17.828	0.023
2457159.80858	17.808	0.023
2457160.6463900004	17.788	0.027999999999999997
2457160.83143	17.827	0.022000000000000002
2457161.67422	17.839000000000002	0.022000000000000002
2457161.85814	17.816	0.02
2457162.67723	17.828	0.023
2457162.86056	17.826	0.025
2457163.68639	17.835	0.027999999999999997
2457163.86934	17.823	0.028999999999999998
2457164.7756	17.828	0.022000000000000002
2457166.63196	17.824	0.032
2457166.8162599998	17.804000000000002	0.025
2457168.7941799997	17.862000000000002	0.025
2457169.72244	17.833	0.02
2457169.91626	17.894000000000002	0.028999999999999998
2457170.70925	17.840999999999998	0.023
2457170.89786	17.851	0.028999999999999998
2457172.71173	17.824	0.025
2457172.90213	17.792	0.027999999999999997
2457173.68837	17.819000000000003	0.031
2457173.88382	17.788	0.027999999999999997
2457174.65293	17.836	0.027999999999999997
2457174.82492	17.84	0.031
2457175.60515	17.865	0.037000000000000005
2457175.83403	17.844	0.035
2457178.64703	17.845	0.027999999999999997
2457179.65058	17.822	0.034
2457179.82059	17.87	0.034
2457180.60304	17.884	0.032
2457180.77415	17.836	0.026000000000000002
2457180.93682	17.787	0.034
2457181.7267	17.843	0.027999999999999997
2457181.89599	17.797	0.028999999999999998
2457182.6592900003	17.828	0.022000000000000002
2457182.8550299997	17.866	0.025
2457183.6128700003	17.851	0.027999999999999997
2457183.79679	17.862000000000002	0.027999999999999997
2457184.6052900003	17.88	0.031
2457184.7886	17.808	0.027999999999999997
2457185.56984	17.842	0.027999999999999997
2457185.75192	17.865	0.027999999999999997
2457186.60335	17.91	0.032
2457186.87432	17.831	0.031
2457187.66461	17.85	0.023
2457187.84424	17.877	0.025
2457188.62509	17.838	0.025
2457188.81479	17.872	0.031
2457189.68028	17.833	0.025
2457189.8515	17.829	0.027999999999999997
2457190.64354	17.791	0.025
2457190.8402400003	17.836	0.028999999999999998
2457191.66916	17.905	0.023
2457193.58295	17.829	0.022000000000000002
2457193.61919	17.827	0.02
2457193.6450900002	17.826	0.02
2457193.663	17.831	0.019
2457193.70395	17.845	0.02
2457193.75038	17.852	0.022000000000000002
2457194.65661	17.843	0.022000000000000002
2457196.88382	17.832	0.035
2457197.68848	17.854	0.023
2457197.86535	17.851	0.035
2457198.66711	17.832	0.023
2457198.85241	17.831	0.031
2457199.61746	17.867	0.025
2457199.80006	17.840999999999998	0.025
2457200.7361	17.859	0.023
2457202.7116799997	17.846	0.038
2457206.5308	17.815	0.04
2457206.7071700003	17.91	0.038
2457207.5114700003	17.801	0.035
2457207.6786700003	17.857	0.028999999999999998
2457207.8670099997	17.855	0.040999999999999995
2457209.7711099996	17.805	0.028999999999999998
2457211.54895	17.829	0.026000000000000002
2457211.73196	17.8	0.022000000000000002
2457214.49853	17.849	0.034
2457214.50115	17.919	0.04
2457214.68748	17.925	0.026000000000000002
2457217.63854	17.812	0.028999999999999998
2457219.5655400003	17.858	0.032
2457220.6545700002	17.827	0.022000000000000002
2457220.81874	17.863	0.031
2457221.63037	17.825	0.022000000000000002
2457221.80069	17.807000000000002	0.023
2457222.59268	17.831	0.025
2457222.80761	17.813	0.026000000000000002
2457223.6570099997	17.808	0.026000000000000002
2457224.49812	17.857	0.027999999999999997
2457224.70333	17.867	0.027999999999999997
2457225.52852	17.846	0.025
2457226.54573	17.819000000000003	0.028999999999999998
2457226.73035	17.805	0.023
2457227.51393	17.873	0.031
2457227.69801	17.826	0.025
2457228.51661	17.819000000000003	0.028999999999999998
2457228.71086	17.851	0.027999999999999997
2457229.54388	17.819000000000003	0.022000000000000002
2457229.70853	17.820999999999998	0.023
2457234.6446700003	17.793	0.051
2457235.73395	17.829	0.032
2457236.59326	17.862000000000002	0.028999999999999998
2457249.58733	17.865	0.026000000000000002
2457249.7305099997	17.783	0.034
2457252.5852	17.849	0.027999999999999997
2457253.5309200003	17.862000000000002	0.023
2457255.4929299997	17.817999999999998	0.031
2457256.49673	17.836	0.032
2457257.55529	17.867	0.034
2457258.5371	17.82	0.043
2457261.543	17.825	0.034
2457263.4994200002	17.844	0.027999999999999997
2457263.66493	17.809	0.027999999999999997
2457264.612	17.812	0.028999999999999998
2457265.5761	17.83	0.025
2457267.5227099997	17.820999999999998	0.026000000000000002
2457268.5221700002	17.839000000000002	0.02
2457269.50404	17.84	0.025
2457269.69246	17.842	0.028999999999999998
2457270.65747	17.797	0.025
2457271.59383	17.82	0.027999999999999997
2457273.56685	17.844	0.035
2457275.58023	17.817999999999998	0.04
2457277.5444799997	17.852	0.032
2457278.5276599997	17.783	0.038
2457281.54055	17.859	0.037000000000000005
2457284.58798	17.82	0.027999999999999997
2457292.5071099997	17.855999999999998	0.046
2457293.48983	17.85	0.04
2457293.6053299997	17.852999999999998	0.027999999999999997
2457294.5984900002	17.847	0.048
2457295.58241	17.83	0.032
2457299.49905	17.872	0.034
2457300.48805	17.772000000000002	0.038
2457307.5547	17.903	0.035
2457311.55085	17.873	0.032
2457313.52057	17.76	0.04
2457318.52605	17.823	0.031
2457435.83655	17.86	0.035
2457437.89437	17.855999999999998	0.027999999999999997
2457439.83317	17.775	0.031
2457440.86454	17.84	0.031
2457441.89201	17.803	0.026000000000000002
2457444.8832900003	17.86	0.026000000000000002
2457445.88978	17.813	0.025
2457446.90195	17.811	0.031
2457447.9	17.852999999999998	0.034
2457449.82729	17.874000000000002	0.043
2457451.80927	17.829	0.026000000000000002
2457452.87793	17.855	0.02
2457453.8834700002	17.804000000000002	0.02
2457455.8350400003	17.836	0.026000000000000002
2457456.8414	17.877	0.027999999999999997
2457457.8372400003	17.852999999999998	0.028999999999999998
2457458.83172	17.862000000000002	0.026000000000000002
2457460.83238	17.89	0.026000000000000002
2457461.83134	17.831	0.02
2457462.81827	17.835	0.023
2457463.84568	17.815	0.023
2457463.86173	17.831	0.022000000000000002
2457465.78731	17.848	0.027999999999999997
2457465.91658	17.846	0.026000000000000002
2457467.8506400003	17.827	0.025
2457470.8067	17.820999999999998	0.026000000000000002
2457471.7713900004	17.784000000000002	0.034
2457471.90285	17.886	0.027999999999999997
2457472.84117	17.840999999999998	0.027999999999999997
2457473.86406	17.851	0.028999999999999998
2457474.83682	17.819000000000003	0.026000000000000002
2457475.76373	17.832	0.054000000000000006
2457475.87096	17.863	0.032
2457484.8470400004	17.851	0.026000000000000002
2457486.76999	17.820999999999998	0.028999999999999998
2457487.87811	17.868	0.026000000000000002
2457489.91143	17.875	0.027999999999999997
2457492.7493	17.835	0.023
2457493.73685	17.857	0.026000000000000002
2457494.7196	17.843	0.023
2457495.70357	17.855	0.031
2457495.9241299997	17.798	0.025
2457498.84509	17.851	0.028999999999999998
2457499.8102700002	17.87	0.026000000000000002
2457500.7513	17.791	0.034
2457507.7621	17.842	0.023
2457508.81062	17.84	0.02
2457509.90752	17.867	0.031
2457512.86233	17.83	0.022000000000000002
2457522.91383	17.867	0.037000000000000005
2457526.8392	17.811	0.026000000000000002
2457529.8963200003	17.748	0.052000000000000005
2457534.8261599997	17.865	0.026000000000000002
2457536.82517	17.823	0.027999999999999997
2457546.64672	17.793	0.028999999999999998
2457547.60248	17.917	0.032
2457548.72064	17.862000000000002	0.019
2457549.8556	17.855	0.028999999999999998
2457550.83405	17.812	0.026000000000000002
2457555.5709	17.812	0.028999999999999998
2457555.9042599997	17.852999999999998	0.027999999999999997
2457557.76702	17.852	0.031
2457557.87729	17.811	0.035
2457561.67795	17.861	0.034
2457566.53497	17.877	0.031
2457566.8558	17.781	0.040999999999999995
2457567.79977	17.866	0.028999999999999998
2457568.7985	17.887	0.034
2457569.81726	17.865	0.032
2457575.6291	17.842	0.026000000000000002
2457576.6496200003	17.835	0.02
2457579.67506	17.849	0.023
2457584.56948	17.833	0.034
2457589.56155	17.928	0.040999999999999995
2457590.57757	17.793	0.026000000000000002
2457593.54984	17.811	0.022000000000000002
2457596.50878	17.846	0.023
2457600.52482	17.787	0.032
2457602.6216700003	17.823	0.026000000000000002
2457603.67224	17.843	0.023
2457604.67944	17.851	0.026000000000000002
2457605.7204299998	17.864	0.027999999999999997
2457607.6908	17.845	0.025
2457609.50899	17.81	0.031
2457610.66723	17.814	0.023
2457612.6422599996	17.832	0.057999999999999996
2457616.7321099997	17.847	0.028999999999999998
2457618.6141	17.849	0.032
2457621.69069	17.875	0.037000000000000005
2457623.61801	17.824	0.023
2457625.5606	17.869	0.026000000000000002
2457630.58131	17.811	0.025
2457632.58835	17.828	0.025
2457635.59901	17.827	0.035
2457638.51023	17.844	0.032
2457644.5447400003	17.814	0.038
2457648.606	17.855999999999998	0.031
2457650.54646	17.846	0.026000000000000002
2457651.57615	17.805	0.025
2457652.59805	17.851	0.026000000000000002
2457654.54082	17.884	0.035
2457656.55605	17.865	0.028999999999999998
2457659.48526	17.838	0.035
2457660.58293	17.802	0.034
2457662.5430099997	17.787	0.031
2457665.49109	17.854	0.045
2457666.57002	17.811	0.028999999999999998
2457672.51817	17.822	0.035
2457681.50075	17.794	0.035
2457797.88944	17.831	0.034
2457799.88389	17.825	0.031
2457801.87603	17.852999999999998	0.035
2457803.85654	17.864	0.037000000000000005
2457807.83044	17.875	0.026000000000000002
2457808.82741	17.839000000000002	0.037000000000000005
2457809.88964	17.834	0.025
2457810.8862099997	17.825	0.026000000000000002
2457812.84253	17.828	0.025
2457813.83348	17.833	0.027999999999999997
2457815.83976	17.808	0.027999999999999997
2457816.8314400003	17.83	0.028999999999999998
2457817.828	17.848	0.025
2457818.81422	17.886	0.023
2457818.90463	17.83	0.027999999999999997
2457819.89107	17.825	0.023
2457820.89378	17.831	0.023
2457821.89139	17.826	0.031
2457822.8873	17.854	0.026000000000000002
2457823.87241	17.837	0.026000000000000002
2457824.8684099996	17.842	0.035
2457825.86022	17.85	0.031
2457826.81861	17.849	0.031
2457827.80636	17.839000000000002	0.028999999999999998
2457827.89548	17.805999999999997	0.025
2457828.86448	17.858	0.026000000000000002
2457829.8464900004	17.846	0.032
2457830.85488	17.796	0.025
2457835.7670299998	17.865	0.028999999999999998
2457836.87788	17.796	0.031
2457838.76526	17.824	0.031
2457839.83099	17.857	0.022000000000000002
2457840.89168	17.847	0.023
2457842.76249	17.863	0.028999999999999998
2457843.7948	17.855	0.027999999999999997
2457844.84639	17.854	0.032
2457845.88688	17.855	0.025
2457847.73503	17.848	0.028999999999999998
2457848.76397	17.817	0.026000000000000002
2457849.79269	17.845	0.022000000000000002
2457850.82047	17.852	0.026000000000000002
2457851.85413	17.852	0.025
2457853.9098900002	17.822	0.034
2457854.91377	17.815	0.023
2457856.7379099997	17.826	0.038
2457857.87177	17.840999999999998	0.063
2457858.81346	17.861	0.026000000000000002
2457862.85586	17.84	0.027999999999999997
2457865.67035	17.865	0.025
2457866.68114	17.877	0.025
2457867.6991	17.827	0.022000000000000002
2457868.77231	17.814	0.027999999999999997
2457869.78659	17.843	0.023
2457870.83377	17.82	0.023
2457871.85362	17.833	0.023
2457872.88089	17.845	0.022000000000000002
2457873.86117	17.795	0.022000000000000002
2457874.83536	17.844	0.032
2457875.9191	17.811	0.026000000000000002
2457876.88657	17.845	0.026000000000000002
2457877.85919	17.843	0.025
2457878.89866	17.863	0.023
2457880.65906	17.823	0.035
2457881.74123	17.902	0.054000000000000006
2457882.73946	17.832	0.028999999999999998
2457889.9232	17.857	0.043
2457893.65485	17.889	0.035
2457893.90853	17.836	0.028999999999999998
2457894.79708	17.817	0.025
2457895.78472	17.82	0.025
2457901.66147	17.889	0.034
2457902.6534700003	17.831	0.032
2457903.75942	17.873	0.031
2457904.6496	17.842	0.026000000000000002
2457904.90259	17.832	0.038
2457905.7766400003	17.835	0.022000000000000002
2457906.65875	17.81	0.022000000000000002
2457906.91433	17.838	0.031
2457907.82309	17.817	0.026000000000000002
2457908.7730900003	17.844	0.027999999999999997
2457909.63809	17.81	0.028999999999999998
2457909.87885	17.816	0.027999999999999997
2457910.67885	17.874000000000002	0.026000000000000002
2457911.56188	17.838	0.045
2457911.89924	17.855999999999998	0.048
2457916.747	17.81	0.026000000000000002
2457917.5860099997	17.843	0.035
2457917.82776	17.803	0.037000000000000005
2457923.55169	17.857	0.027999999999999997
2457923.81269	17.849	0.032
2457924.6266799998	17.82	0.025
2457924.87958	17.842	0.031
2457925.80388	17.878	0.031
2457926.7381	17.811	0.031
2457932.82748	17.819000000000003	0.034
2457933.6888900003	17.843	0.027999999999999997
2457934.61969	17.819000000000003	0.026000000000000002
2457934.85351	17.858	0.037000000000000005
2457935.72342	17.826	0.023
2457936.60058	17.858	0.025
2457936.86368	17.791	0.034
2457937.69475	17.829	0.025
2457938.61412	17.814	0.037000000000000005
2457944.53914	17.807000000000002	0.031
2457944.6515200003	17.774	0.032
2457944.76236	17.801	0.032
2457945.55685	17.802	0.028999999999999998
2457945.7953	17.825	0.031
2457946.66158	17.815	0.027999999999999997
2457947.56376	17.846	0.026000000000000002
2457948.47572	17.852999999999998	0.032
2457948.75412	17.822	0.025
2457949.68371	17.775	0.032
2457952.82358	17.884	0.035
2457953.72631	17.812	0.023
2457954.64383	17.85	0.022000000000000002
2457955.81099	17.817	0.027999999999999997
2457956.7455599997	17.814	0.025
2457958.59959	17.855999999999998	0.031
2457959.4846099997	17.864	0.025
2457959.7250599996	17.825	0.025
2457960.63263	17.847	0.023
2457961.61867	17.852	0.022000000000000002
2457962.57172	17.857	0.022000000000000002
2457964.63785	17.827	0.027999999999999997
2457965.71335	17.829	0.031
2457966.7066099998	17.877	0.034
2457967.7269200003	17.83	0.035
2457971.64616	17.828	0.031
2457972.5816200003	17.824	0.038
2457972.6998099997	17.813	0.037000000000000005
2457973.67609	17.825	0.037000000000000005
2457974.65699	17.883	0.034
2457979.5545	17.858	0.023
2457980.62106	17.784000000000002	0.032
2457982.4706099997	17.864	0.054000000000000006
2457983.54344	17.84	0.028999999999999998
2457984.60121	17.820999999999998	0.026000000000000002
2457986.50425	17.838	0.023
2457987.58929	17.827	0.023
2457990.65055	17.89	0.031
2457992.52355	17.849	0.026000000000000002
2457993.5858400003	17.843	0.027999999999999997
2457994.6469	17.828	0.034
2457998.5744	17.783	0.027999999999999997
2458000.49918	17.835	0.032
2458000.61029	17.820999999999998	0.04
2458001.61614	17.801	0.027999999999999997
2458004.49081	17.857	0.034
2458007.60241	17.825	0.032
2458012.47727	17.867	0.045
2458014.5175400004	17.822	0.026000000000000002
2458016.53904	17.855	0.028999999999999998
2458019.5233299998	17.817	0.023
2458029.52086	17.85	0.035
2458039.51139	17.839000000000002	0.038
2458046.51211	17.848	0.040999999999999995
