2455377.60565	17.323	0.023
2455377.84168	17.340999999999998	0.023
2455378.7656	17.311	0.016
2455379.60556	17.311	0.016
2455379.87498	17.331	0.032
2455380.76467	17.32	0.019
2455381.63625	17.379	0.023
2455381.8387700003	17.342	0.027999999999999997
2455382.71012	17.344	0.023
2455384.8349	17.378	0.032
2455386.73372	17.32	0.016
2455387.7160900002	17.305	0.015
2455388.53389	17.322	0.018000000000000002
2455389.4964900003	17.339000000000002	0.019
2455389.82614	17.319000000000003	0.022000000000000002
2455390.76187	17.343	0.018000000000000002
2455391.6546400003	17.317	0.019
2455392.54755	17.325	0.019
2455393.6554799997	17.32	0.022000000000000002
2455395.82094	17.352	0.023
2455397.60758	17.325	0.023
2455403.5843	17.307000000000002	0.019
2455403.7804400004	17.317999999999998	0.034
2455404.65433	17.32	0.021
2455405.67178	17.305999999999997	0.021
2455407.52459	17.314	0.022000000000000002
2455407.71874	17.343	0.022000000000000002
2455408.64748	17.333	0.022000000000000002
2455409.50965	17.332	0.019
2455410.51441	17.339000000000002	0.019
2455411.52853	17.316	0.016
2455412.58163	17.304000000000002	0.023
2455413.5208400004	17.325	0.018000000000000002
2455414.56287	17.316	0.016
2455418.5373299997	17.311	0.015
2455421.55326	17.328	0.018000000000000002
2455421.56864	17.324	0.018000000000000002
2455422.53393	17.334	0.019
2455423.69573	17.340999999999998	0.022000000000000002
2455430.4796	17.352999999999998	0.028999999999999998
2455431.48048	17.331	0.025
2455431.6778700002	17.317999999999998	0.028999999999999998
2455433.6537599997	17.305999999999997	0.026000000000000002
2455434.65588	17.311	0.021
2455435.65875	17.301	0.019
2455437.54778	17.319000000000003	0.016
2455439.4950200003	17.351	0.025
2455443.52696	17.314	0.019
2455444.53772	17.322	0.019
2455445.64407	17.31	0.019
2455446.6436400004	17.320999999999998	0.021
2455448.5116	17.317	0.019
2455449.62072	17.352999999999998	0.021
2455451.50806	17.569000000000003	0.042
2455453.50083	17.344	0.031
2455458.53713	17.352	0.027999999999999997
2455460.48811	17.301	0.023
2455461.59823	17.33	0.023
2455465.51717	17.337	0.023
2455470.54893	17.319000000000003	0.019
2455473.4941	17.369	0.026000000000000002
2455479.51427	17.347	0.025
2455487.53647	17.293	0.022000000000000002
2455490.53694	17.329	0.035
2455604.88736	17.355	0.027999999999999997
2455608.88233	17.347	0.021
2455611.87312	17.335	0.021
2455614.83187	17.347	0.022000000000000002
2455620.82403	17.332	0.023
2455623.85911	17.335	0.015
2455624.80127	17.326	0.019
2455625.79856	17.323	0.019
2455627.78755	17.295	0.019
2455629.80175	17.331	0.021
2455630.8381	17.317999999999998	0.018000000000000002
2455632.79675	17.35	0.022000000000000002
2455634.77619	17.323	0.018000000000000002
2455635.81267	17.342	0.025
2455638.7716900003	17.362000000000002	0.028999999999999998
2455639.91104	17.327	0.021
2455641.9123299997	17.320999999999998	0.023
2455643.90115	17.331	0.018000000000000002
2455647.78892	17.36	0.023
2455648.91778	17.423	0.028999999999999998
2455650.85131	17.305	0.015
2455652.84061	17.322	0.015
2455655.759	17.317	0.019
2455657.78117	17.315	0.015
2455658.90147	17.31	0.019
2455660.74939	17.32	0.018000000000000002
2455662.872	17.324	0.018000000000000002
2455665.74541	17.301	0.018000000000000002
2455668.78247	17.331	0.022000000000000002
2455670.87207	17.337	0.021
2455676.7544	17.308	0.015
2455679.71535	17.317	0.016
2455680.8861700003	17.312	0.016
2455682.76787	17.337	0.016
2455684.74738	17.32	0.015
2455686.74606	17.315	0.016
2455688.91737	17.338	0.025
2455691.66535	17.307000000000002	0.019
2455692.83691	17.3	0.019
2455693.93847	17.38	0.031
2455695.7433599997	17.358	0.025
2455696.8294900004	17.326	0.018000000000000002
2455697.9160599997	17.364	0.021
2455702.61362	17.351	0.031
2455703.7678099996	17.351	0.025
2455706.8468	17.357	0.023
2455708.59986	17.308	0.021
2455712.56715	17.309	0.027999999999999997
2455714.60343	17.334	0.021
2455714.61785	17.323	0.019
2455716.65583	17.340999999999998	0.019
2455721.83485	17.3	0.022000000000000002
2455723.6718900003	17.31	0.018000000000000002
2455724.80485	17.352	0.021
2455726.71668	17.305999999999997	0.038
2455734.67992	17.344	0.023
2455736.51292	17.324	0.022000000000000002
2455737.57908	17.327	0.016
2455738.715	17.305999999999997	0.015
2455739.86583	17.337	0.025
2455741.55097	17.314	0.018000000000000002
2455742.5690099997	17.329	0.018000000000000002
2455743.71042	17.362000000000002	0.019
2455744.75392	17.335	0.018000000000000002
2455745.7925	17.368	0.021
2455747.69442	17.307000000000002	0.023
2455749.7218400002	17.337	0.021
2455753.59279	17.442	0.048
2455760.57656	17.340999999999998	0.022000000000000002
2455763.4917200003	17.33	0.018000000000000002
2455764.58126	17.265	0.015
2455765.7426299998	17.319000000000003	0.021
2455767.56282	17.323	0.018000000000000002
2455768.70042	17.343	0.016
2455770.7283	17.358	0.021
2455777.58006	17.338	0.019
2455784.53968	17.315	0.022000000000000002
2455784.64518	17.305999999999997	0.021
2455786.60277	17.322	0.019
2455788.55999	17.314	0.019
2455790.69968	17.348	0.021
2455794.57795	17.338	0.021
2455796.64083	17.305	0.018000000000000002
2455803.52716	17.33	0.019
2455806.5021900004	17.342	0.021
2455813.53892	17.31	0.019
2455816.56582	17.292	0.018000000000000002
2455819.48619	17.335	0.021
2455823.59458	17.333	0.023
2455824.5992400004	17.29	0.019
2455825.60267	17.335	0.021
2455826.58775	17.404	0.026000000000000002
2455828.56304	17.327	0.019
2455830.53637	17.320999999999998	0.018000000000000002
2455832.55658	17.346	0.025
2455834.57715	17.358	0.021
2455839.55793	17.355999999999998	0.028999999999999998
2455841.5572599997	17.253	0.025
2455843.56053	17.361	0.025
2455845.57135	17.35	0.035
2455851.52236	17.323	0.021
2455855.5041799997	17.323	0.027999999999999997
2455971.86642	17.336	0.019
2455979.87325	17.375	0.019
2455984.85861	17.333	0.015
2455987.85127	17.309	0.016
2455990.80107	17.349	0.019
2455992.87495	17.338	0.016
2455995.78462	17.307000000000002	0.019
2455997.82235	17.338	0.019
2455999.82101	17.337	0.019
2456002.82825	17.316	0.026000000000000002
2456004.87499	17.344	0.018000000000000002
2456006.87007	17.293	0.013999999999999999
2456008.79273	17.32	0.016
2456009.91473	17.303	0.021
2456011.8544900003	17.295	0.019
2456013.78435	17.333	0.015
2456014.8991900003	17.346	0.021
2456016.79922	17.285	0.013999999999999999
2456017.90895	17.303	0.012
2456019.82309	17.331	0.018000000000000002
2456020.8795	17.304000000000002	0.015
2456022.72768	17.277	0.019
2456023.78709	17.325	0.016
2456024.77188	17.346	0.019
2456025.8511200002	17.301	0.022000000000000002
2456032.8368	17.301	0.015
2456034.8014700003	17.32	0.013999999999999999
2456037.78553	17.299	0.016
2456039.8560099998	17.325	0.016
2456041.89247	17.315	0.015
2456048.78023	17.316	0.015
2456050.68672	17.316	0.019
2456052.7803	17.347	0.021
2456053.90758	17.279	0.023
2456057.72093	17.331	0.034
2456058.9051900003	17.287	0.016
2456059.902	17.324	0.016
2456062.75118	17.339000000000002	0.021
2456064.75677	17.292	0.013999999999999999
2456066.6285	17.317999999999998	0.018000000000000002
2456067.69129	17.301	0.015
2456068.84376	17.311	0.015
2456070.60459	17.327	0.022000000000000002
2456071.65665	17.320999999999998	0.018000000000000002
2456075.71803	17.314	0.015
2456076.8568599997	17.352999999999998	0.018000000000000002
2456078.70224	17.297	0.016
2456079.79342	17.297	0.016
2456080.8273400003	17.305999999999997	0.016
2456081.86917	17.37	0.022000000000000002
2456085.63961	17.302	0.018000000000000002
2456086.62634	17.289	0.016
2456087.81012	17.351	0.022000000000000002
2456092.57589	17.323	0.018000000000000002
2456093.7688599997	17.308	0.016
2456094.87824	17.382	0.023
2456097.76753	17.288	0.018000000000000002
2456098.8191	17.3	0.019
2456100.76395	17.309	0.016
2456101.79567	17.340999999999998	0.018000000000000002
2456102.8367	17.331	0.021
2456104.5213599997	17.328	0.016
2456105.54587	17.328	0.028999999999999998
2456108.63817	17.305999999999997	0.016
2456113.60598	17.329	0.019
2456114.71031	17.349	0.018000000000000002
2456115.76607	17.305999999999997	0.021
2456117.50623	17.326	0.019
2456118.548	17.328	0.015
2456119.57732	17.345	0.015
2456120.70745	17.337	0.019
2456121.7494200002	17.334	0.013999999999999999
2456124.54234	17.329	0.018000000000000002
2456125.6747	17.325	0.016
2456127.4956400003	17.368	0.019
2456131.56945	17.313	0.015
2456133.66626	17.373	0.016
2456135.66253	17.32	0.021
2456140.64955	17.354	0.023
2456141.7543	17.348	0.023
2456147.6628799997	17.332	0.019
2456148.6287599998	17.348	0.015
2456151.63692	17.33	0.019
2456154.5435900004	17.358	0.019
2456158.6333	17.36	0.018000000000000002
2456160.64954	17.311	0.016
2456164.66985	17.301	0.023
2456167.64191	17.307000000000002	0.028999999999999998
2456168.6766	17.282	0.018000000000000002
2456169.63697	17.303	0.021
2456171.6455900003	17.359	0.022000000000000002
2456172.63695	17.337	0.018000000000000002
2456175.61212	17.34	0.019
2456181.5246200003	17.32	0.018000000000000002
2456184.4883	17.314	0.018000000000000002
2456185.62983	17.340999999999998	0.018000000000000002
2456187.54017	17.276	0.023
2456195.55167	17.305	0.018000000000000002
2456197.52428	17.305999999999997	0.022000000000000002
2456202.55772	17.337	0.031
2456205.52193	17.349	0.018000000000000002
2456209.5709700002	17.326	0.025
2456212.54843	17.355999999999998	0.019
2456216.55816	17.329	0.021
2456223.5178799997	17.278	0.027999999999999997
2456227.53436	17.314	0.031
2456343.88381	17.338	0.019
2456348.88228	17.320999999999998	0.016
2456352.87032	17.33	0.016
2456360.87435	17.307000000000002	0.013999999999999999
2456363.80225	17.335	0.018000000000000002
2456368.89209	17.355999999999998	0.015
2456370.9060299997	17.34	0.016
2456373.87239	17.322	0.018000000000000002
2456375.8224	17.303	0.015
2456375.84072	17.345	0.015
2456377.7854400002	17.282	0.015
2456378.89839	17.256	0.013999999999999999
2456380.85817	17.32	0.015
2456382.7971799998	17.352	0.022000000000000002
2456387.7212	17.363	0.019
2456388.82629	17.316	0.015
2456390.72084	17.334	0.018000000000000002
2456391.86494	17.355999999999998	0.019
2456394.91511	17.288	0.016
2456396.88018	17.344	0.015
2456398.83375	17.304000000000002	0.015
2456400.83083	17.323	0.015
2456402.78197	17.301	0.019
2456404.718	17.28	0.015
2456406.91346	17.33	0.015
2456409.78758	17.302	0.031
2456416.7432	17.322	0.015
2456417.91888	17.319000000000003	0.018000000000000002
2456419.7525400002	17.313	0.015
2456420.8665	17.357	0.015
2456423.7121900003	17.303	0.016
2456424.86622	17.29	0.013999999999999999
2456428.7250599996	17.369	0.018000000000000002
2456431.84473	17.316	0.015
2456433.5953	17.324	0.022000000000000002
2456434.78892	17.332	0.016
2456435.9075700003	17.298	0.016
2456442.58753	17.309	0.016
2456443.7826	17.404	0.018000000000000002
2456445.82347	17.334	0.018000000000000002
2456446.72877	17.317999999999998	0.012
2456447.7957599997	17.349	0.015
2456448.8259400004	17.327	0.015
2456449.86735	17.342	0.018000000000000002
2456450.90782	17.298	0.018000000000000002
2456452.6025099996	17.302	0.013999999999999999
2456454.70368	17.331	0.013999999999999999
2456456.57849	17.289	0.012
2456457.82062	17.334	0.015
2456458.87953	17.305999999999997	0.019
2456460.62805	17.325	0.016
2456461.86143	17.334	0.016
2456463.7080099997	17.322	0.018000000000000002
2456464.80854	17.293	0.021
2456469.58567	17.334	0.018000000000000002
2456472.75163	17.313	0.018000000000000002
2456474.49876	17.355999999999998	0.022000000000000002
2456475.56187	17.354	0.021
2456476.6263900003	17.325	0.015
2456477.7258099997	17.342	0.016
2456479.75082	17.347	0.018000000000000002
2456481.54573	17.345	0.016
2456484.53881	17.307000000000002	0.016
2456486.56423	17.294	0.013999999999999999
2456487.67783	17.368	0.015
2456490.47155	17.334	0.018000000000000002
2456491.606	17.325	0.018000000000000002
2456497.74487	17.361	0.022000000000000002
2456499.5309200003	17.324	0.015
2456501.7542	17.34	0.025
2456506.59153	17.383	0.023
2456508.67711	17.317999999999998	0.015
2456510.58672	17.316	0.013999999999999999
2456514.5238200002	17.354	0.018000000000000002
2456516.60564	17.357	0.016
2456519.67124	17.326	0.016
2456524.60524	17.314	0.016
2456529.5865	17.399	0.021
2456532.6767	17.363	0.021
2456536.62295	17.33	0.016
2456543.52228	17.322	0.021
2456546.54549	17.354	0.022000000000000002
2456558.54264	17.301	0.016
2456562.50209	17.285	0.018000000000000002
2456564.55823	17.342	0.019
2456568.55301	17.33	0.021
2456571.52683	17.320999999999998	0.022000000000000002
2456573.5661	17.331	0.021
2456578.5297	17.329	0.023
2456741.85489	17.308	0.018000000000000002
2456742.75845	17.304000000000002	0.016
2456742.78424	17.359	0.015
2456744.88542	17.331	0.013999999999999999
2456746.79793	17.315	0.015
2456749.77394	17.333	0.016
2456754.72997	17.335	0.018000000000000002
2456757.7927900003	17.276	0.015
2456760.85653	17.305999999999997	0.013999999999999999
2456763.84909	17.308	0.019
2456768.84373	17.334	0.015
2456771.69543	17.305999999999997	0.013999999999999999
2456773.83911	17.328	0.016
2456776.78575	17.35	0.016
2456789.69907	17.298	0.019
2456791.67882	17.322	0.025
2456796.62563	17.305999999999997	0.021
2456797.9410200003	17.31	0.034
2456804.6539	17.342	0.019
2456805.92203	17.278	0.025
2456808.79388	17.329	0.018000000000000002
2456810.69753	17.316	0.018000000000000002
2456813.6776	17.339000000000002	0.018000000000000002
2456815.64858	17.3	0.019
2456817.876	17.315	0.022000000000000002
2456819.69488	17.35	0.028999999999999998
2456824.74714	17.316	0.018000000000000002
2456826.60823	17.320999999999998	0.018000000000000002
2456827.83372	17.349	0.019
2456829.72148	17.336	0.019
2456831.73412	17.291	0.015
2456833.66697	17.294	0.018000000000000002
2456835.56827	17.335	0.021
2456836.84485	17.355	0.027999999999999997
2456838.70946	17.31	0.016
2456840.597	17.329	0.019
2456842.6120700003	17.294	0.018000000000000002
2456845.49936	17.22	0.015
2456847.695	17.268	0.019
2456852.5863900003	17.325	0.022000000000000002
2456856.5207	17.322	0.018000000000000002
2456858.47466	17.262	0.015
2456862.67733	17.311	0.019
2456864.67913	17.322	0.018000000000000002
2456872.72081	17.343	0.019
2456879.56544	17.320999999999998	0.032
2456882.55442	17.314	0.019
2456885.73147	17.303	0.026000000000000002
2456888.6288900003	17.320999999999998	0.018000000000000002
2456891.58349	17.298	0.016
2456907.53303	17.29	0.018000000000000002
2456915.53866	17.329	0.018000000000000002
2456923.50507	17.336	0.026000000000000002
2456927.61704	17.334	0.027999999999999997
2456938.53691	17.351	0.028999999999999998
2456943.5145799997	17.337	0.028999999999999998
2457064.86667	17.302	0.019
2457069.8879299997	17.342	0.019
2457072.84362	17.3	0.019
2457076.83729	17.31	0.019
2457077.89767	17.354	0.025
2457080.8187700002	17.327	0.021
2457082.85282	17.305999999999997	0.016
2457083.9024799997	17.325	0.021
2457086.86325	17.285999999999998	0.018000000000000002
2457088.9048599997	17.281	0.022000000000000002
2457091.79288	17.299	0.019
2457098.8673799997	17.287	0.015
2457100.8623	17.297	0.016
2457108.79819	17.291	0.021
2457109.74723	17.33	0.018000000000000002
2457110.8845599997	17.262999999999998	0.013999999999999999
2457112.82828	17.316	0.018000000000000002
2457114.88326	17.293	0.016
2457118.74655	17.288	0.018000000000000002
2457125.73754	17.33	0.016
2457130.7066	17.278	0.018000000000000002
2457133.81239	17.327	0.018000000000000002
2457135.91727	17.316	0.015
2457138.73206	17.31	0.016
2457140.85101	17.303	0.018000000000000002
2457142.93138	17.307000000000002	0.021
2457146.65703	17.285999999999998	0.025
2457147.86843	17.278	0.019
2457154.65558	17.278	0.015
2457156.65325	17.267	0.015
2457158.85509	17.323	0.018000000000000002
2457160.82027	17.296	0.016
2457162.79098	17.304000000000002	0.016
2457164.8182	17.299	0.016
2457169.66629	17.296	0.015
2457172.61166	17.322	0.025
2457173.887	17.323	0.021
2457178.87623	17.303	0.025
2457180.72258	17.319000000000003	0.018000000000000002
2457182.60453	17.295	0.016
2457183.84761	17.32	0.019
2457185.72559	17.336	0.022000000000000002
2457187.7549799997	17.305	0.016
2457189.7322	17.299	0.016
2457194.54116	17.320999999999998	0.016
2457198.55758	17.329	0.018000000000000002
2457199.8031599997	17.308	0.015
2457206.81239	17.303	0.025
2457209.81807	17.274	0.023
2457214.5869	17.283	0.016
2457220.48984	17.324	0.021
2457221.74565	17.313	0.016
2457223.73226	17.305999999999997	0.021
2457226.5813599997	17.331	0.018000000000000002
2457228.5197	17.31	0.019
2457233.56408	17.278	0.027999999999999997
2457249.61593	17.334	0.019
2457255.48147	17.269000000000002	0.019
2457261.65378	17.304000000000002	0.028999999999999998
2457265.6331599997	17.268	0.018000000000000002
2457269.67655	17.265	0.018000000000000002
2457275.56888	17.28	0.022000000000000002
2457283.60398	17.266	0.025
2457292.5115400003	17.215999999999998	0.031
2457295.51086	17.266	0.022000000000000002
2457440.8287400003	14.967	0.006
2457446.86956	15.126	0.006
2457452.83728	15.435	0.006
2457456.9007099997	15.658	0.006999999999999999
2457461.85127	15.89	0.006999999999999999
2457465.90571	16.028	0.008
2457471.83682	16.246	0.009000000000000001
2457474.90851	16.307000000000002	0.009000000000000001
2457484.73295	16.548	0.013999999999999999
2457486.78576	16.578	0.012
2457488.84524	16.604	0.011000000000000001
2457492.78233	16.667	0.011000000000000001
2457494.84556	16.695999999999998	0.011000000000000001
2457498.76677	16.755	0.013999999999999999
2457500.75611	16.775	0.016
2457508.75621	16.851	0.011000000000000001
2457511.7461200003	16.903	0.011000000000000001
2457522.84449	17.002	0.016
2457526.91389	17.046	0.018000000000000002
2457534.74844	17.043	0.021
2457536.91676	17.088	0.018000000000000002
2457546.89513	17.102999999999998	0.018000000000000002
2457548.79234	17.125999999999998	0.012
2457550.76525	17.13	0.015
2457555.57315	17.139	0.016
2457562.6549400003	17.165	0.016
2457567.63508	17.187	0.015
2457568.78764	17.205	0.018000000000000002
2457570.7415	17.148	0.015
2457575.79727	17.223	0.016
2457579.717	17.218	0.015
2457584.78929	17.224	0.021
2457590.6356900004	17.212	0.016
2457595.56707	17.274	0.021
2457599.52715	17.274	0.019
2457599.61064	17.24	0.016
2457599.70409	17.25	0.018000000000000002
2457600.5359400003	17.238	0.019
2457600.63123	17.23	0.018000000000000002
2457600.7118900004	17.214000000000002	0.015
2457601.70266	17.233	0.015
2457603.61113	17.259	0.015
2457605.52315	17.257	0.015
2457607.7069	17.294	0.015
2457610.50973	17.289	0.021
2457612.70657	17.291	0.026000000000000002
2457618.55749	17.261	0.019
2457622.65855	17.285999999999998	0.016
2457625.5864	17.262999999999998	0.018000000000000002
2457631.63356	17.28	0.015
2457636.5695700003	17.283	0.019
2457643.62653	17.271	0.027999999999999997
2457650.48783	17.295	0.016
2457660.54541	17.284000000000002	0.022000000000000002
