2455378.61267	18.191	0.031
2455380.64555	18.167	0.03
2455382.79588	18.121	0.055999999999999994
2455385.5334400004	18.171	0.027000000000000003
2455385.6329	18.19	0.026000000000000002
2455385.73525	18.174	0.027999999999999997
2455388.71866	18.152	0.03
2455391.8136	18.183	0.035
2455397.6814200003	18.162	0.039
2455405.63517	18.157	0.045
2455409.47504	18.184	0.037000000000000005
2455413.5112900003	18.192	0.031
2455422.55336	18.174	0.037000000000000005
2455433.68107	18.135	0.048
2455439.57304	18.258	0.042
2455447.50709	18.177	0.027999999999999997
2455457.56428	18.23	0.035
2455460.57277	18.022000000000002	0.062
2455465.5186799997	18.179000000000002	0.046
2455472.5929799997	18.13	0.040999999999999995
2455490.52586	18.134	0.062
2455602.8553400002	18.244	0.039
2455604.86323	18.226	0.039
2455605.8593900003	18.17	0.027999999999999997
2455606.85942	18.122	0.031
2455607.86253	18.173	0.034
2455608.85353	18.187	0.046
2455611.84913	18.168	0.052000000000000005
2455612.85839	18.149	0.038
2455613.8932	18.148	0.065
2455615.84993	18.147000000000002	0.034
2455616.84405	18.276	0.051
2455621.83505	18.16	0.031
2455622.82303	18.215999999999998	0.027999999999999997
2455624.77941	18.166	0.031
2455626.8382599996	18.187	0.042
2455628.77941	18.151	0.049
2455629.77486	18.173	0.039
2455631.83974	18.203	0.042
2455632.86888	18.189	0.034
2455633.76804	18.151	0.035
2455635.80093	18.194000000000003	0.046
2455637.7797	18.207	0.049
2455638.90941	18.21	0.034
2455639.76577	18.187	0.045
2455642.77764	18.151	0.044000000000000004
2455647.76423	18.165	0.034
2455649.80015	18.21	0.027000000000000003
2455654.80555	18.221	0.031
2455658.8635299997	18.191	0.031
2455662.91655	18.198	0.031
2455668.82001	18.206	0.046
2455675.80353	18.169	0.035
2455679.90118	18.17	0.027999999999999997
2455682.92774	18.182000000000002	0.032
2455686.81896	18.226	0.027999999999999997
2455692.6698	18.157	0.032
2455694.84352	18.157	0.03
2455697.70296	18.215999999999998	0.035
2455702.59209	18.151	0.052000000000000005
2455702.77092	18.204	0.084
2455706.87832	18.272000000000002	0.051
2455710.8523	18.119	0.034
2455715.8663	18.156	0.034
2455722.83738	18.206	0.035
2455726.53338	18.222	0.07400000000000001
2455735.6839900003	18.22	0.038
2455737.79594	18.123	0.027999999999999997
2455740.65308	18.184	0.034
2455742.68363	18.179000000000002	0.026000000000000002
2455745.7305	18.172	0.032
2455749.51905	18.171	0.042
2455760.5780700003	18.22	0.040999999999999995
2455765.54428	18.215999999999998	0.034
2455768.79727	18.214000000000002	0.038
2455777.67539	18.137999999999998	0.027000000000000003
2455784.4915299998	18.143	0.07
2455784.6227	18.199	0.044000000000000004
2455786.48299	18.129	0.048
2455790.5937799998	18.13	0.037000000000000005
2455794.6943099997	18.105	0.034
2455803.5287200003	18.236	0.044000000000000004
2455815.5104799997	18.204	0.031
2455819.5457900004	18.202	0.037000000000000005
2455824.56155	18.146	0.03
2455829.53885	18.167	0.035
2455833.5954400003	18.2	0.042
2455841.53274	18.183	0.053
2455845.57438	18.19	0.062
2455854.5313	18.224	0.048
2455972.88525	18.183	0.044000000000000004
2455984.8952900004	18.208	0.03
2455990.82992	18.257	0.03
2455995.77155	18.222	0.044000000000000004
2455999.82413	18.230999999999998	0.034
2456002.77424	18.352	0.067
2456002.89557	18.214000000000002	0.039
2456003.86088	18.250999999999998	0.048
2456007.8007799997	18.159000000000002	0.027000000000000003
2456010.83663	18.230999999999998	0.027000000000000003
2456013.91522	18.227	0.03
2456016.9178	18.174	0.034
2456019.90191	18.195999999999998	0.026000000000000002
2456022.79452	18.149	0.03
2456025.72063	18.180999999999997	0.051
2456032.92224	18.17	0.027999999999999997
2456037.74632	18.208	0.037000000000000005
2456040.90095	18.213	0.032
2456048.76926	18.18	0.027000000000000003
2456051.6704599997	18.180999999999997	0.032
2456057.70022	18.299	0.042
2456057.85952	18.185	0.03
2456058.6551599996	18.154	0.039
2456061.84369	18.187	0.03
2456064.8352200002	18.164	0.027000000000000003
2456067.6004	18.189	0.032
2456069.695	18.204	0.027000000000000003
2456071.67267	18.201	0.03
2456076.70676	18.160999999999998	0.026000000000000002
2456078.84596	18.186	0.027000000000000003
2456080.8064200003	18.136	0.031
2456086.60244	18.202	0.035
2456089.66022	18.177	0.027999999999999997
2456093.8353	18.206	0.039
2456096.88939	18.224	0.048
2456100.52017	18.178	0.042
2456101.84117	18.153	0.038
2456103.7412400004	18.209	0.03
2456105.6996299997	18.186	0.027000000000000003
2456113.71467	18.281	0.039
2456115.68963	18.173	0.038
2456117.69815	18.186	0.034
2456119.6362799997	18.203	0.03
2456121.64875	18.241	0.026000000000000002
2456124.71442	18.208	0.031
2456126.77628	18.203	0.035
2456132.61553	18.19	0.039
2456135.67856	18.201	0.035
2456140.6775700003	18.222	0.048
2456147.62427	18.169	0.035
2456151.6124299997	18.207	0.039
2456158.55647	18.142	0.031
2456161.63985	18.184	0.031
2456169.54863	18.183	0.035
2456175.66049	18.294	0.051
2456182.6460599997	18.2	0.040999999999999995
2456191.50477	18.207	0.049
2456198.59691	18.184	0.066
2456210.52317	18.172	0.035
2456217.51695	18.198	0.03
2456347.8749700002	18.176	0.027999999999999997
2456354.89548	18.241	0.034
2456363.80388	18.215999999999998	0.031
2456370.8936099997	18.207	0.03
2456375.82406	18.136	0.027000000000000003
2456375.84238	18.188	0.027000000000000003
2456378.90026	18.157	0.024
2456382.7859900002	18.182000000000002	0.07
2456388.79049	18.244	0.03
2456391.71978	18.2	0.042
2456395.84073	18.191	0.024
2456398.83543	18.201	0.027000000000000003
2456401.88015	18.189	0.027000000000000003
2456404.84912	18.14	0.027000000000000003
2456408.8285	18.253	0.048
2456417.74551	18.187	0.027999999999999997
2456419.85731	18.289	0.032
2456423.65172	18.169	0.032
2456426.8453900004	18.149	0.023
2456431.90043	18.235	0.037000000000000005
2456434.67451	18.237000000000002	0.034
2456436.72205	18.177	0.032
2456442.61615	18.169	0.031
2456445.69082	18.205	0.03
2456447.67928	18.159000000000002	0.026000000000000002
2456449.61499	18.09	0.027999999999999997
2456451.54538	18.185	0.044000000000000004
2456454.54274	18.213	0.037000000000000005
2456456.72521	18.171	0.024
2456458.85854	18.252	0.034
2456461.6154	18.152	0.03
2456463.7603599997	18.165	0.03
2456468.80541	18.124000000000002	0.037000000000000005
2456473.7549799997	18.153	0.024
2456475.70687	18.226	0.03
2456477.6866099997	18.244	0.032
2456480.71005	18.173	0.03
2456485.50337	18.188	0.032
2456487.60667	18.194000000000003	0.024
2456490.7144	18.156	0.027000000000000003
2456496.53226	18.169	0.046
2456498.72682	18.186	0.03
2456505.51705	18.175	0.034
2456508.66455	18.081	0.021
2456511.64372	18.180999999999997	0.027000000000000003
2456518.54647	18.183	0.027000000000000003
2456524.57431	18.205	0.032
2456531.68272	18.145	0.037000000000000005
2456538.60197	18.180999999999997	0.037000000000000005
2456545.65205	18.259	0.034
2456560.50843	18.169	0.038
2456567.55802	18.172	0.038
2456573.55086	18.133	0.034
2456741.8752	18.189	0.027000000000000003
2456742.84914	18.155	0.023
2456745.89635	18.209	0.027999999999999997
2456750.7601799998	18.131	0.027000000000000003
2456752.81874	18.19	0.026000000000000002
2456755.8841	18.186	0.027999999999999997
2456757.86406	18.233	0.03
2456759.88906	18.211	0.02
2456761.82044	18.121	0.026000000000000002
2456763.8047599997	18.124000000000002	0.027999999999999997
2456768.9323	18.222	0.039
2456770.77458	18.172	0.031
2456772.67877	18.096	0.027999999999999997
2456773.83696	18.243	0.034
2456775.77692	18.153	0.024
2456776.89594	18.207	0.03
2456777.73263	18.178	0.026000000000000002
2456784.89439	18.217	0.034
2456785.88643	18.148	0.03
2456786.9117	18.155	0.031
2456789.80217	18.2	0.031
2456790.88533	18.218	0.039
2456791.9412700003	18.202	0.059000000000000004
2456796.65357	18.151	0.035
2456797.7548599998	18.19	0.034
2456799.90729	18.23	0.052000000000000005
2456804.6054599998	18.149	0.03
2456805.65642	18.2	0.045
2456807.61588	18.164	0.040999999999999995
2456808.66393	18.187	0.031
2456809.70825	18.168	0.023
2456810.76355	18.142	0.027999999999999997
2456811.78235	18.198	0.035
2456813.89037	18.155	0.032
2456815.6148099997	18.197	0.046
2456816.70072	18.232	0.035
2456817.78339	18.17	0.034
2456819.64575	18.198	0.051
2456823.8588	18.207	0.055999999999999994
2456824.9021	18.195999999999998	0.055999999999999994
2456826.53241	18.139	0.040999999999999995
2456827.57787	18.229	0.032
2456828.62561	18.171	0.024
2456829.62201	18.225	0.039
2456830.65463	18.179000000000002	0.023
2456831.79192	18.189	0.03
2456832.82555	18.158	0.039
2456834.50068	18.219	0.051
2456835.55219	18.149	0.039
2456836.5923900004	18.167	0.038
2456837.5984900002	18.147000000000002	0.03
2456838.5983700003	18.166	0.032
2456839.60988	18.192	0.034
2456840.67546	18.195999999999998	0.040999999999999995
2456841.77991	18.172	0.039
2456842.82611	18.225	0.051
2456844.84703	18.243	0.049
2456845.83543	18.186	0.034
2456847.78039	18.144000000000002	0.037000000000000005
2456851.7891700002	18.14	0.048
2456855.51908	18.168	0.038
2456856.5482400004	18.189	0.034
2456857.59162	18.2	0.03
2456858.6732	18.187	0.027000000000000003
2456862.63172	18.19	0.034
2456863.70933	18.207	0.03
2456872.53382	18.183	0.038
2456878.5707	18.277	0.066
2456880.69302	18.062	0.055999999999999994
2456882.62848	18.168	0.031
2456885.57623	18.172	0.031
2456886.71502	18.146	0.039
2456888.64197	18.176	0.031
2456890.57969	18.248	0.032
2456895.5325	18.186	0.027999999999999997
2456912.63019	18.203	0.042
2456918.5493099997	18.221	0.046
2456922.62647	18.225	0.044000000000000004
2456926.48642	18.149	0.046
2456929.5098	18.188	0.039
2456932.55361	18.145	0.062
2456936.4933599997	18.162	0.038
2456942.51283	18.208	0.042
2457069.87628	18.25	0.034
2457074.88664	18.222	0.037000000000000005
2457075.86271	18.145	0.031
2457078.86521	18.183	0.027999999999999997
2457082.86705	18.192	0.026000000000000002
2457086.89543	18.147000000000002	0.031
2457090.82554	18.125	0.032
2457097.8947	18.125	0.021
2457100.87989	18.164	0.027999999999999997
2457110.8072200003	18.166	0.026000000000000002
2457112.91819	18.156	0.031
2457115.73226	18.222	0.037000000000000005
2457117.71417	18.230999999999998	0.045
2457119.77642	18.174	0.037000000000000005
2457126.87745	18.144000000000002	0.026000000000000002
2457130.77798	18.178	0.027999999999999997
2457132.68558	18.18	0.048
2457134.75753	18.185	0.034
2457135.91579	18.159000000000002	0.024
2457137.76039	18.176	0.023
2457138.88771	18.171	0.03
2457140.74357	18.242	0.034
2457141.8768700003	18.164	0.027000000000000003
2457143.69872	18.159000000000002	0.037000000000000005
2457144.82729	18.133	0.052000000000000005
2457146.7179400004	18.226	0.038
2457147.73765	18.124000000000002	0.040999999999999995
2457152.8958	18.215	0.038
2457154.65407	18.187	0.024
2457155.72946	18.201	0.027000000000000003
2457157.61898	18.159000000000002	0.03
2457158.7569	18.214000000000002	0.03
2457159.82499	18.205	0.027999999999999997
2457160.89555	18.142	0.027999999999999997
2457162.61936	18.222	0.037000000000000005
2457163.67336	18.233	0.040999999999999995
2457164.8166400003	18.182000000000002	0.03
2457166.60329	18.157	0.040999999999999995
2457166.78686	18.192	0.031
2457168.70497	18.187	0.037000000000000005
2457169.6927900002	18.14	0.026000000000000002
2457169.88758	18.180999999999997	0.03
2457170.6798	18.182000000000002	0.027999999999999997
2457170.86932	18.169	0.03
2457172.6820799997	18.194000000000003	0.035
2457172.87292	18.189	0.039
2457173.6589	18.183	0.038
2457173.8546	18.176	0.035
2457174.62352	18.137999999999998	0.037000000000000005
2457174.7957099997	18.174	0.040999999999999995
2457175.57956	18.226	0.049
2457175.75532	18.18	0.039
2457178.67754	18.147000000000002	0.034
2457178.84898	18.163	0.037000000000000005
2457179.62205	18.18	0.042
2457179.78662	18.173	0.039
2457180.57443	18.148	0.035
2457180.73563	18.175	0.034
2457180.9095799997	18.191	0.040999999999999995
2457181.69591	18.16	0.027999999999999997
2457181.86608	18.201	0.038
2457182.6302900002	18.177	0.027000000000000003
2457182.82259	18.180999999999997	0.03
2457183.58368	18.168	0.03
2457183.76821	18.179000000000002	0.035
2457184.5740099996	18.186	0.049
2457184.7593400003	18.179000000000002	0.034
2457184.92323	18.206	0.045
2457185.7223799997	18.199	0.034
2457185.88925	18.166	0.052000000000000005
2457186.8455	18.278	0.040999999999999995
2457187.62648	18.186	0.037000000000000005
2457187.80962	18.169	0.031
2457188.59666	18.185	0.031
2457188.7837	18.134	0.040999999999999995
2457189.64184	18.152	0.031
2457189.8226	18.257	0.034
2457190.61216	18.199	0.032
2457190.81061	18.183	0.035
2457191.63881	18.153	0.03
2457192.8472	18.195999999999998	0.032
2457192.87245	18.224	0.039
2457193.66917	18.217	0.023
2457193.8536799997	18.160999999999998	0.03
2457194.61668	18.203	0.027999999999999997
2457194.80865	18.149	0.026000000000000002
2457197.6486299997	18.177	0.027000000000000003
2457197.83542	18.166	0.039
2457198.62827	18.131	0.027000000000000003
2457198.8141099997	18.2	0.059000000000000004
2457199.5885	18.202	0.027999999999999997
2457199.77122	18.146	0.027000000000000003
2457200.52665	18.159000000000002	0.031
2457200.70639	18.145	0.026000000000000002
2457202.64437	18.180999999999997	0.044000000000000004
2457202.86611	18.195	0.055999999999999994
2457206.67782	18.219	0.046
2457206.8379900004	18.121	0.055
2457207.64671	18.155	0.032
2457207.83585	18.117	0.052000000000000005
2457209.74243	18.217	0.038
2457211.52053	18.204	0.040999999999999995
2457211.70284	18.214000000000002	0.031
2457212.57527	18.141	0.026000000000000002
2457214.6510400004	18.192	0.032
2457217.59901	18.124000000000002	0.032
2457219.51173	18.25	0.039
2457219.71971	18.176	0.027999999999999997
2457220.61146	18.206	0.027000000000000003
2457220.79138	18.173	0.03
2457221.5891	18.191	0.03
2457221.7715	18.176	0.027999999999999997
2457222.56277	18.224	0.035
2457222.77752	18.21	0.040999999999999995
2457223.6175599997	18.153	0.035
2457224.46873	18.158	0.034
2457224.6625900003	18.155	0.039
2457225.50079	18.167	0.034
2457226.51657	18.189	0.034
2457226.7014599997	18.183	0.03
2457227.48515	18.194000000000003	0.049
2457227.6600200003	18.160999999999998	0.026000000000000002
2457228.4866299997	18.174	0.035
2457228.6707	18.153	0.037000000000000005
2457229.51492	18.178	0.031
2457229.6795900003	18.172	0.034
2457233.49283	18.203	0.057999999999999996
2457233.53467	18.164	0.08
2457235.69998	18.241	0.042
2457236.5597099997	18.23	0.055
2457249.55783	18.151	0.035
2457249.70255	18.201	0.042
2457252.5364099997	18.19	0.037000000000000005
2457253.49134	18.153	0.031
2457253.68348	18.192	0.034
2457255.65107	18.15	0.035
2457256.65418	18.12	0.042
2457261.50937	18.230999999999998	0.06
2457261.67037	18.176	0.059000000000000004
2457263.63594	18.147000000000002	0.044000000000000004
2457264.58237	18.186	0.035
2457265.54566	18.177	0.031
2457267.4802	18.201	0.040999999999999995
2457268.48138	18.158	0.03
2457268.6768	18.192	0.031
2457269.66517	18.179000000000002	0.034
2457270.60894	18.17	0.027999999999999997
2457271.5648	18.152	0.037000000000000005
2457273.53563	18.127	0.046
2457275.54016	18.172	0.057999999999999996
2457277.51491	18.195999999999998	0.037000000000000005
2457278.49847	18.141	0.046
2457281.5101	18.189	0.053
2457284.54963	18.203	0.034
2457292.52764	18.211	0.055999999999999994
2457299.56817	18.268	0.045
2457318.53199	18.171	0.045
2457436.82907	18.19	0.040999999999999995
2457437.82749	18.239	0.031
2457438.89126	18.237000000000002	0.045
2457440.8239599997	18.132	0.037000000000000005
2457441.86815	18.195999999999998	0.034
2457442.89237	18.117	0.038
2457445.8670099997	18.173	0.027999999999999997
2457446.8779700003	18.172	0.026000000000000002
2457447.88568	18.157	0.031
2457448.89955	18.195999999999998	0.027000000000000003
2457451.82925	18.168	0.031
2457452.86124	18.195	0.024
2457453.86759	18.14	0.023
2457455.81853	18.182000000000002	0.032
2457456.82467	18.139	0.032
2457457.82022	18.206	0.035
2457458.81545	18.14	0.03
2457460.81603	18.165	0.027999999999999997
2457461.81523	18.195999999999998	0.027000000000000003
2457462.8022	18.215	0.027999999999999997
2457463.82912	18.15	0.027999999999999997
2457465.77112	18.227999999999998	0.035
2457465.8996099997	18.183	0.031
2457467.8338	18.175	0.031
2457470.79069	18.114	0.040999999999999995
2457470.9177599996	18.253	0.065
2457471.87456	18.198	0.042
2457472.8128299997	18.168	0.037000000000000005
2457473.78116	18.206	0.040999999999999995
2457474.81366	18.137	0.034
2457474.91872	18.128	0.044000000000000004
2457475.8494	18.077	0.057999999999999996
2457484.80529	18.208	0.032
2457485.9117099997	18.182000000000002	0.03
2457486.7220900003	18.215	0.045
2457487.82399	18.202	0.034
2457489.80141	18.163	0.03
2457492.71536	18.195	0.031
2457493.70879	18.132	0.032
2457493.92848	18.125999999999998	0.045
2457494.9169400004	18.137999999999998	0.026000000000000002
2457495.8956	18.166	0.034
2457498.7905099997	18.182000000000002	0.038
2457499.78197	18.178	0.031
2457500.72332	18.127	0.039
2457500.9249	18.143	0.039
2457508.7686099997	18.165	0.024
2457509.86502	18.195	0.03
2457512.8002299997	18.184	0.024
2457522.8711900003	18.17	0.052000000000000005
2457526.77668	18.128	0.031
2457529.8028700002	18.121	0.055999999999999994
2457534.78386	18.184	0.03
2457536.78302	18.180999999999997	0.034
2457545.9249	18.202	0.042
2457547.55895	18.186	0.039
2457547.89957	18.203	0.049
2457549.81365	18.164	0.027999999999999997
2457550.79225	18.224	0.032
2457554.89524	18.246	0.049
2457555.5178799997	18.238	0.067
2457555.84131	18.211	0.037000000000000005
2457557.82757	18.203	0.038
2457561.62651	18.199	0.034
2457562.61089	18.114	0.035
2457566.81354	18.188	0.044000000000000004
2457567.49053	18.311	0.049
2457567.75748	18.111	0.032
2457568.49189	18.137	0.052000000000000005
2457568.75633	18.227	0.042
2457569.49078	18.166	0.049
2457569.7738099997	18.178	0.035
2457570.72554	18.180999999999997	0.031
2457573.6431299997	18.168	0.032
2457575.57487	18.201	0.038
2457575.7428	18.237000000000002	0.027999999999999997
2457576.50818	18.223	0.032
2457576.70148	18.185	0.027999999999999997
2457576.8415900003	18.239	0.046
2457579.69885	18.187	0.031
2457581.82191	18.153	0.046
2457584.5293900003	18.123	0.038
2457584.6721900003	18.222	0.037000000000000005
2457589.47503	18.092	0.053
2457589.6304900004	18.145	0.039
2457589.7856	18.175	0.053
2457590.57592	18.165	0.03
2457590.72358	18.136	0.032
2457593.5005799998	18.160999999999998	0.032
2457593.6663900004	18.169	0.027000000000000003
2457595.5639299997	18.256	0.046
2457596.5931	18.15	0.023
2457599.5018700003	18.145	0.039
2457599.56934	18.164	0.038
2457599.67865	18.165	0.031
2457599.6911299997	18.180999999999997	0.031
2457600.51084	18.125	0.040999999999999995
2457600.55136	18.217	0.038
2457600.60456	18.218	0.037000000000000005
2457600.73416	18.250999999999998	0.037000000000000005
2457601.73195	18.192999999999998	0.027999999999999997
2457601.74435	18.158	0.03
2457602.57152	18.230999999999998	0.035
2457602.73253	18.242	0.057999999999999996
2457603.54708	18.142	0.027000000000000003
2457603.69546	18.187	0.026000000000000002
2457604.52391	18.224	0.038
2457604.66528	18.195999999999998	0.027000000000000003
2457605.5027099997	18.19	0.034
2457605.669	18.2	0.032
2457606.67753	18.16	0.037000000000000005
2457607.58675	18.152	0.031
2457607.74558	18.186	0.039
2457608.66707	18.207	0.027000000000000003
2457609.52215	18.122	0.038
2457609.7127900003	18.187	0.032
2457610.55766	18.107	0.032
2457611.5117	18.171	0.042
2457612.512	18.171	0.035
2457612.65305	18.141	0.034
2457616.51633	18.160999999999998	0.040999999999999995
2457616.6959	18.139	0.038
2457617.63538	18.233	0.045
2457618.52328	18.19	0.044000000000000004
2457618.68533	18.166	0.049
2457621.52442	18.169	0.032
2457621.70352	18.192	0.052000000000000005
2457622.65542	18.132	0.027000000000000003
2457623.55288	18.178	0.03
2457624.49332	18.154	0.032
2457624.68443	18.204	0.035
2457625.65675	18.176	0.034
2457626.64984	18.165	0.031
2457630.62415	18.182000000000002	0.034
2457631.60142	18.245	0.031
2457632.5866400003	18.234	0.031
2457633.6288	18.212	0.038
2457635.54532	18.316	0.049
2457636.59675	18.230999999999998	0.044000000000000004
2457637.58659	18.23	0.03
2457638.61301	18.192999999999998	0.032
2457643.5101900003	18.214000000000002	0.057999999999999996
2457644.56878	18.254	0.063
2457647.5512599996	18.066	0.037000000000000005
2457648.58985	18.159000000000002	0.039
2457649.61497	18.142	0.032
2457650.50065	18.15	0.027000000000000003
2457650.52067	18.153	0.027999999999999997
2457651.51596	18.162	0.032
2457651.55999	18.195999999999998	0.032
2457652.50315	18.165	0.027000000000000003
2457652.5800400004	18.183	0.03
2457653.50259	18.15	0.032
2457654.48803	18.142	0.039
2457654.50721	18.123	0.034
2457655.50392	18.238	0.035
2457656.5057200002	18.141	0.037000000000000005
2457656.53004	18.180999999999997	0.040999999999999995
2457657.55618	18.153	0.031
2457658.48669	18.274	0.049
2457658.51228	18.179000000000002	0.032
2457659.51431	18.159000000000002	0.038
2457660.50433	18.16	0.042
2457660.55517	18.188	0.044000000000000004
2457661.50591	18.236	0.039
2457662.50598	18.153	0.038
2457662.52667	18.159000000000002	0.042
2457664.5047	18.12	0.042
2457664.57182	18.117	0.044000000000000004
2457665.50862	18.152	0.042
2457666.5069	18.146	0.039
2457666.5533	18.105	0.034
2457667.51199	18.217	0.039
2457671.4931099997	18.144000000000002	0.046
2457672.49452	18.211	0.040999999999999995
2457673.5010599997	18.107	0.042
2457675.4998	18.245	0.06
2457682.49695	18.143	0.044000000000000004
2457683.49617	18.114	0.045
2457791.88014	17.72	0.024
2457792.88296	17.695	0.03
2457793.87443	17.69	0.023
2457794.88141	17.649	0.032
2457795.8854400003	17.704	0.032
2457798.85536	17.668	0.026000000000000002
2457800.85975	17.662	0.023
2457802.83965	17.682000000000002	0.046
2457807.8542299997	17.69	0.023
2457810.8311900003	17.745	0.024
2457812.89626	17.743	0.02
2457816.824	17.789	0.024
2457818.86706	17.820999999999998	0.021
2457820.9012	17.84	0.023
2457823.80578	17.845	0.027999999999999997
2457825.83788	17.913	0.03
2457827.81525	17.932000000000002	0.027999999999999997
2457829.80609	17.919	0.037000000000000005
2457834.80558	18.018	0.027999999999999997
2457834.9156	17.976	0.031
2457835.8823	18.034000000000002	0.027999999999999997
2457836.83497	18.01	0.03
2457837.77155	17.99	0.03
2457837.87992	18.033	0.026000000000000002
2457838.82698	18.018	0.026000000000000002
2457839.76266	18.039	0.023
2457839.88784	18.01	0.021
2457840.8151700003	18.082	0.03
2457841.75838	18.03	0.040999999999999995
2457841.8691	18.047	0.039
2457842.78469	18.059	0.027999999999999997
2457842.8939799997	18.008	0.027000000000000003
2457843.82563	18.058	0.027000000000000003
2457844.73582	18.105	0.027999999999999997
2457844.85274	18.093	0.034
2457845.76004	18.101	0.031
2457845.8776700003	18.073	0.027000000000000003
2457846.80794	18.03	0.026000000000000002
2457846.91705	18.08	0.03
2457847.81863	18.082	0.027999999999999997
2457848.72492	18.118	0.034
2457848.83182	18.051	0.027000000000000003
2457849.73749	18.105999999999998	0.032
2457849.8547799997	18.1	0.023
2457850.74965	18.114	0.035
2457850.86845	18.111	0.026000000000000002
2457851.76739	18.121	0.038
2457851.88752	18.093	0.027999999999999997
2457852.8737	18.067999999999998	0.034
2457853.92631	18.045	0.055999999999999994
2457854.80736	18.156	0.031
2457854.92038	18.117	0.03
2457855.8287400003	18.137999999999998	0.037000000000000005
2457856.72687	18.17	0.052000000000000005
2457856.8394	18.115	0.051
2457857.8667599997	18.21	0.057999999999999996
2457862.68851	18.084	0.034
2457862.79848	18.137	0.034
2457862.92264	18.065	0.03
2457863.8925799998	18.128	0.027999999999999997
2457864.85085	18.137	0.026000000000000002
2457865.70731	18.13	0.027000000000000003
2457865.82658	18.153	0.024
2457866.70303	18.132	0.027999999999999997
2457866.8305200003	18.152	0.024
2457867.70632	18.098	0.026000000000000002
2457867.83461	18.105999999999998	0.023
2457868.76242	18.094	0.035
2457868.90251	18.085	0.044000000000000004
2457869.76207	18.143	0.027000000000000003
2457869.8939	18.147000000000002	0.027000000000000003
2457870.77365	18.154	0.024
2457870.90469	18.121	0.027000000000000003
2457871.78834	18.162	0.026000000000000002
2457871.93131	18.155	0.037000000000000005
2457872.7983	18.108	0.023
2457872.93658	18.189	0.055999999999999994
2457873.76731	18.145	0.024
2457873.90287	18.162	0.03
2457874.73606	18.055999999999997	0.037000000000000005
2457874.85882	18.104	0.031
2457875.81502	18.191	0.026000000000000002
2457875.92671	18.128	0.031
2457876.74042	18.152	0.03
2457876.87743	18.15	0.037000000000000005
2457877.70101	18.142	0.027999999999999997
2457877.83319	18.111	0.027000000000000003
2457878.73894	18.136	0.026000000000000002
2457878.87417	18.147000000000002	0.026000000000000002
2457879.6984599996	18.118	0.038
2457879.85104	18.147000000000002	0.039
2457880.7272900003	18.182000000000002	0.035
2457880.84912	18.149	0.045
2457881.80525	18.158	0.037000000000000005
2457881.92602	18.187	0.048
2457882.80302	18.151	0.038
2457882.93267	18.206	0.037000000000000005
2457890.69771	18.195999999999998	0.053
2457890.8556	18.178	0.035
2457893.67639	18.215999999999998	0.037000000000000005
2457893.80512	18.155	0.032
2457893.91481	18.121	0.038
2457894.66017	18.168	0.032
2457894.78792	18.174	0.027999999999999997
2457894.89732	18.162	0.034
2457895.76167	18.142	0.027000000000000003
2457897.70136	18.182000000000002	0.037000000000000005
2457900.91582	18.156	0.049
2457901.63696	18.154	0.031
2457901.79233	18.215999999999998	0.032
2457902.62772	18.102	0.038
2457902.75043	18.183	0.027999999999999997
2457902.92576	18.125	0.055999999999999994
2457903.79653	18.195	0.039
2457903.91404	18.211	0.046
2457904.65585	18.195	0.034
2457904.78432	18.203	0.027999999999999997
2457904.89371	18.152	0.038
2457905.62271	18.2	0.031
2457905.7499599997	18.167	0.026000000000000002
2457905.8626	18.167	0.035
2457906.57118	18.186	0.038
2457906.68939	18.171	0.026000000000000002
2457906.81163	18.17	0.031
2457906.92055	18.182000000000002	0.040999999999999995
2457907.6875400003	18.18	0.031
2457907.8188	18.143	0.031
2457908.6345	18.208	0.038
2457908.76389	18.125	0.034
2457908.87376	18.192	0.037000000000000005
2457909.56548	18.202	0.051
2457909.6855599997	18.173	0.031
2457909.79659	18.136	0.034
2457909.90245	18.143	0.034
2457910.58275	18.159000000000002	0.042
2457910.70075	18.198	0.031
2457910.8229099996	18.169	0.031
2457911.55266	18.115	0.059000000000000004
2457911.65808	18.151	0.037000000000000005
2457911.8275900004	18.128	0.055999999999999994
2457916.61086	18.133	0.032
2457916.70519	18.177	0.035
2457916.80923	18.153	0.035
2457916.90448	18.094	0.07
2457917.6423	18.165	0.034
2457917.75748	18.180999999999997	0.031
2457917.8643	18.160999999999998	0.044000000000000004
2457918.61917	18.203	0.044000000000000004
2457922.6189	18.185	0.032
2457922.74897	18.19	0.039
2457923.6183599997	18.174	0.031
2457923.75547	18.204	0.045
2457923.87493	18.18	0.053
2457924.54115	18.194000000000003	0.035
2457924.6466099997	18.164	0.03
2457924.7755	18.174	0.031
2457924.8775299997	18.238	0.037000000000000005
2457925.67285	18.198	0.026000000000000002
2457925.81005	18.195	0.038
2457926.57936	18.241	0.042
2457926.7275099996	18.151	0.038
2457928.57699	18.176	0.035
2457932.60823	18.178	0.034
2457932.73287	18.146	0.031
2457933.51742	18.157	0.046
2457933.59884	18.179000000000002	0.038
2457933.72065	18.194000000000003	0.035
2457934.5344700003	18.152	0.034
2457934.65061	18.19	0.031
2457934.76482	18.227	0.035
2457935.5039	18.147000000000002	0.034
2457935.63253	18.195	0.03
2457935.7448299997	18.155	0.027000000000000003
2457935.8639599998	18.134	0.031
2457936.4902	18.146	0.037000000000000005
2457936.60673	18.176	0.031
2457936.74223	18.180999999999997	0.032
2457936.85863	18.125	0.042
2457937.54794	18.183	0.038
2457937.65861	18.125999999999998	0.031
2457937.7902900004	18.189	0.032
2457938.57063	18.160999999999998	0.040999999999999995
2457944.4687099997	18.184	0.053
2457944.52152	18.14	0.044000000000000004
2457944.56291	18.105999999999998	0.035
2457944.61334	18.141	0.035
2457944.66335	18.185	0.039
2457944.72353	18.184	0.040999999999999995
2457944.7727799998	18.169	0.037000000000000005
2457945.48038	18.183	0.040999999999999995
2457945.58002	18.174	0.034
2457945.69115	18.18	0.027999999999999997
2457945.80137	18.16	0.035
2457946.51338	18.192	0.031
2457946.6348099997	18.173	0.034
2457946.76322	18.178	0.038
2457947.51435	18.184	0.038
2457947.61792	18.215999999999998	0.037000000000000005
2457947.77864	18.2	0.037000000000000005
2457948.5072	18.171	0.032
2457948.6407	18.169	0.035
2457948.77534	18.172	0.035
2457949.56645	18.214000000000002	0.046
2457949.68982	18.230999999999998	0.048
2457952.7078299997	18.213	0.038
2457953.47796	18.149	0.039
2457953.6099900003	18.146	0.03
2457953.735	18.16	0.027999999999999997
2457954.48979	18.189	0.034
2457954.63356	18.172	0.027999999999999997
2457954.7691900004	18.203	0.031
2457955.7990599996	18.166	0.037000000000000005
2457956.6043	18.197	0.026000000000000002
2457956.73552	18.172	0.031
2457957.66063	18.173	0.034
2457958.5754400003	18.14	0.042
2457958.6661	18.125999999999998	0.040999999999999995
2457958.7840400003	18.119	0.049
2457959.53237	18.165	0.03
2457959.65014	18.212	0.027999999999999997
2457959.76626	18.192	0.035
2457960.51962	18.182000000000002	0.03
2457960.65528	18.221	0.03
2457960.78105	18.178	0.035
2457961.6009	18.169	0.027999999999999997
2457961.70762	18.146	0.027999999999999997
2457962.528	18.187	0.031
2457963.61905	18.221	0.03
2457964.5947	18.164	0.031
2457964.73446	18.134	0.035
2457965.6779400003	18.179000000000002	0.031
2457966.55163	18.08	0.039
2457966.64893	18.146	0.035
2457967.68492	18.172	0.042
2457967.7420900003	18.209	0.057999999999999996
2457971.5142200002	18.162	0.040999999999999995
2457971.60303	18.18	0.044000000000000004
2457971.64292	18.172	0.037000000000000005
2457971.6937599997	18.179000000000002	0.040999999999999995
2457971.73402	18.143	0.045
2457972.52595	18.178	0.062
2457972.56482	18.192999999999998	0.059000000000000004
2457972.6192	18.136	0.045
2457972.6669099997	18.102	0.046
2457972.72221	18.187	0.048
2457973.54133	18.157	0.055999999999999994
2457973.66637	18.199	0.044000000000000004
2457974.531	18.184	0.032
2457974.64683	18.144000000000002	0.034
2457975.47643	18.145	0.046
2457979.5268	18.173	0.03
2457979.64617	18.182000000000002	0.027000000000000003
2457980.58053	18.21	0.040999999999999995
2457981.47875	18.227	0.049
2457981.63253	18.214000000000002	0.032
2457982.54204	18.186	0.034
2457982.65297	18.176	0.034
2457983.58067	18.155	0.031
2457984.48954	18.171	0.040999999999999995
2457984.60726	18.155	0.032
2457985.53728	18.116	0.049
2457986.49283	18.219	0.027999999999999997
2457986.63272	18.162	0.027999999999999997
2457987.55994	18.194000000000003	0.027999999999999997
2457990.47892	18.188	0.038
2457990.61116	18.201	0.035
2457991.53068	18.165	0.035
2457991.65993	18.234	0.040999999999999995
2457992.5759900003	18.146	0.031
2457993.51288	18.215999999999998	0.039
2457993.62315	18.19	0.035
2457994.55711	18.142	0.048
2457998.52286	18.171	0.035
2457998.57113	18.215999999999998	0.048
2457998.6146400003	18.163	0.048
2458000.4955599997	18.175	0.042
2458000.54908	18.162	0.039
2458000.59087	18.177	0.045
2458001.48094	18.16	0.040999999999999995
2458001.5918099997	18.17	0.039
2458002.5619799998	18.172	0.086
2458003.60648	18.245	0.052000000000000005
2458004.5945900003	18.169	0.045
2458007.55888	18.211	0.046
2458008.57685	18.177	0.040999999999999995
2458011.51736	18.252	0.055
2458012.54171	18.2	0.032
2458013.54511	18.194000000000003	0.032
2458014.55412	18.213	0.035
2458015.55245	18.152	0.042
2458016.56098	18.23	0.040999999999999995
2458018.4914	18.195	0.038
2458019.52922	18.201	0.03
2458020.56318	18.187	0.035
2458026.52622	18.281	0.055
2458029.5112	18.17	0.045
2458030.51879	18.183	0.037000000000000005
2458040.4997900003	18.302	0.06
