2455377.5943400003	18.778	0.08
2455377.8300799998	18.711	0.071
2455378.76386	18.735	0.044000000000000004
2455379.59142	18.709	0.047
2455379.8634200003	18.725	0.115
2455380.75339	18.727999999999998	0.043
2455381.60455	18.79	0.073
2455381.8275	18.939	0.131
2455382.69722	18.750999999999998	0.057
2455384.80469	18.755	0.122
2455386.6962	18.734	0.042
2455387.7044900004	18.766	0.042
2455388.52252	18.863	0.064
2455389.48517	18.807000000000002	0.078
2455389.81341	18.784000000000002	0.066
2455390.7505099997	18.795	0.05
2455391.6200200003	18.753	0.05
2455392.53596	18.762	0.057
2455393.64242	18.722	0.06
2455397.59576	18.824	0.083
2455402.66575	18.752	0.095
2455403.57238	18.723	0.055
2455403.76907	18.727999999999998	0.10099999999999999
2455404.64216	18.708	0.057999999999999996
2455405.65856	18.785	0.069
2455407.5129299997	18.719	0.061
2455407.70722	18.715	0.068
2455408.6362900003	18.769000000000002	0.062
2455409.49825	18.741	0.047
2455410.5027	18.708	0.05
2455411.51716	18.761	0.043
2455412.56867	18.708	0.069
2455413.50943	18.69	0.046
2455414.52763	18.708	0.04
2455416.71522	18.721	0.075
2455421.5383900004	18.741	0.05
2455422.51965	18.753	0.054000000000000006
2455423.6797	18.820999999999998	0.065
2455430.4775099996	18.758	0.086
2455431.47841	18.787	0.078
2455431.67582	18.616	0.079
2455433.65171	18.834	0.095
2455434.65385	18.673	0.064
2455435.65669	18.692	0.057999999999999996
2455437.54569	18.766	0.044000000000000004
2455439.49275	18.76	0.083
2455443.52486	18.788	0.065
2455444.53563	18.705	0.064
2455445.6420299998	18.832	0.065
2455446.64155	18.807000000000002	0.061
2455448.50949	18.754	0.054000000000000006
2455449.61861	18.794	0.068
2455451.5059700003	18.7	0.105
2455453.54709	18.657	0.12
2455458.55107	18.587	0.079
2455460.51683	18.831	0.086
2455461.6140799997	18.929000000000002	0.14400000000000002
2455465.5429599998	18.732	0.078
2455470.59438	18.862000000000002	0.083
2455473.50794	18.766	0.07200000000000001
2455479.53039	18.768	0.08199999999999999
2455483.5306	18.589000000000002	0.11800000000000001
2455488.49818	18.636	0.07200000000000001
2455492.5240599997	18.757	0.13699999999999998
2455595.86265	18.702	0.061
2455596.8574099997	18.753	0.065
2455597.8538599997	18.736	0.055
2455598.84914	18.775	0.065
2455599.85143	18.817999999999998	0.05
2455600.84792	18.744	0.057999999999999996
2455601.8517299998	18.709	0.057
2455604.85308	18.865	0.08
2455605.84918	18.72	0.051
2455606.8483700003	18.75	0.055
2455607.85232	18.784000000000002	0.06
2455608.83641	18.805	0.087
2455611.83817	18.678	0.075
2455612.84769	18.787	0.066
2455613.85552	18.811	0.09
2455615.8374400004	18.762	0.054000000000000006
2455616.83387	18.748	0.09300000000000001
2455621.82493	18.854	0.061
2455622.78045	18.829	0.057
2455624.76928	18.844	0.057
2455626.8281099997	18.782	0.06
2455628.7688	18.718	0.073
2455629.76472	18.758	0.06
2455631.7908900003	18.709	0.083
2455632.8587599997	18.834	0.05
2455633.75708	18.795	0.053
2455634.90952	18.641	0.078
2455635.78753	18.719	0.068
2455637.76551	18.795	0.09
2455638.89789	18.722	0.048
2455641.89642	18.72	0.071
2455643.8865900002	18.762999999999998	0.06
2455647.7447900004	18.878	0.057999999999999996
2455648.90226	18.758	0.054000000000000006
2455650.8384700003	18.757	0.047
2455652.82732	18.764	0.04
2455655.74628	18.701	0.047
2455657.76901	18.78	0.04
2455658.8873099997	18.822	0.053
2455660.73272	18.71	0.053
2455662.85894	18.745	0.044000000000000004
2455665.72624	18.764	0.057
2455668.74244	18.776	0.061
2455670.84474	18.775	0.069
2455676.72914	18.807000000000002	0.043
2455679.68749	18.78	0.05
2455680.8576	18.794	0.05
2455682.7341299998	18.737000000000002	0.047
2455684.7108299998	18.736	0.042
2455686.72077	18.785	0.047
2455688.87398	18.788	0.055
2455691.6159900003	18.723	0.076
2455692.81155	18.705	0.044000000000000004
2455693.9096	18.695	0.065
2455695.68605	18.726	0.069
2455696.80204	18.738	0.054000000000000006
2455697.89118	18.767	0.068
2455702.58012	18.726	0.094
2455702.76052	18.712	0.134
2455703.7351900004	18.741	0.069
2455706.79621	18.903	0.079
2455707.93323	18.752	0.10400000000000001
2455710.84852	18.852	0.065
2455713.86339	18.735	0.065
2455716.5715400004	18.692999999999998	0.054000000000000006
2455721.80854	18.499000000000002	0.04
2455723.63704	18.725	0.051
2455724.77658	18.827	0.064
2455726.6891900003	18.744	0.1
2455729.55909	18.85	0.187
2455729.7532099998	18.833	0.12300000000000001
2455729.81204	18.616	0.17600000000000002
2455734.6164	18.75	0.057999999999999996
2455735.87047	18.816	0.09699999999999999
2455737.55182	18.719	0.043
2455738.67394	18.739	0.043
2455739.82997	18.887	0.08199999999999999
2455741.5254	18.746	0.054000000000000006
2455742.5395	18.732	0.061
2455743.67177	18.782	0.055
2455744.7053799997	18.736	0.044000000000000004
2455745.76702	18.730999999999998	0.057
2455747.6639799997	18.745	0.065
2455749.69623	18.816	0.066
2455753.55809	18.67	0.151
2455757.50069	18.886	0.151
2455760.53656	18.704	0.057999999999999996
2455762.77163	18.655	0.091
2455764.55394	18.758	0.048
2455765.70923	18.736	0.066
2455767.53281	18.724	0.057999999999999996
2455768.66642	18.698	0.037000000000000005
2455770.65774	18.852999999999998	0.066
2455777.54684	18.777	0.048
2455779.7275	18.69	0.057
2455783.6076599997	18.762	0.098
2455784.48061	18.859	0.11199999999999999
2455784.61175	18.748	0.055
2455786.57281	18.938	0.09
2455788.50841	18.762999999999998	0.06
2455790.67195	18.755	0.076
2455794.54077	18.785999999999998	0.057999999999999996
2455796.61336	18.815	0.064
2455802.64575	18.694000000000003	0.07200000000000001
2455805.6446599998	18.904	0.083
2455813.50703	18.79	0.057
2455816.53987	18.855999999999998	0.08
2455818.6135400003	18.923	0.122
2455823.57952	18.736	0.065
2455824.58618	18.735	0.057
2455825.58873	18.789	0.066
2455826.57387	18.942999999999998	0.087
2455828.54988	18.754	0.053
2455830.5230900003	18.813	0.054000000000000006
2455832.5417400002	18.675	0.06
2455834.56403	18.826	0.068
2455839.54484	18.81	0.087
2455841.5439299997	18.968	0.107
2455843.54542	18.675	0.076
2455845.55723	18.74	0.087
2455851.50899	18.621	0.095
2455855.49858	18.701	0.107
2455856.48922	18.803	0.192
2455856.50525	18.76	0.1
2455856.52015	19.095	0.14800000000000002
2455857.49521	18.889	0.162
2455858.4925700002	18.869	0.16899999999999998
2455860.51496	18.750999999999998	0.09699999999999999
2455956.87015	18.708	0.053
2455958.87469	18.834	0.066
2455959.85945	18.74	0.054000000000000006
2455960.8697099998	18.764	0.043
2455961.8555400004	18.785	0.061
2455962.85194	18.736	0.06
2455963.84651	18.877	0.086
2455964.85151	18.934	0.10400000000000001
2455965.86117	18.730999999999998	0.057
2455966.88303	18.783	0.069
2455967.86673	18.795	0.054000000000000006
2455968.86045	18.805	0.068
2455970.88124	18.808	0.051
2455979.86084	18.697	0.047
2455984.84643	18.748	0.042
2455987.83905	18.712	0.047
2455990.78991	18.74	0.044000000000000004
2455992.86234	18.744	0.043
2455995.76512	18.819000000000003	0.068
2455997.81012	18.717	0.057
2455999.80889	18.843	0.109
2456002.76407	18.846	0.069
2456002.8854099996	18.684	0.068
2456004.86295	18.789	0.065
2456006.8474	18.704	0.04
2456008.7806700002	18.840999999999998	0.048
2456009.90257	18.727999999999998	0.039
2456011.83295	18.682000000000002	0.061
2456013.77239	18.741	0.043
2456014.8863	18.89	0.068
2456016.7853900003	18.688	0.036000000000000004
2456017.89567	18.761	0.033
2456019.79243	18.687	0.048
2456020.86705	18.834	0.037000000000000005
2456022.71544	18.758	0.08
2456023.77482	18.727	0.046
2456024.7593099996	18.83	0.065
2456025.8258	18.848	0.066
2456032.81135	18.761	0.042
2456034.77298	18.769000000000002	0.035
2456037.7578	18.686	0.046
2456039.80841	18.819000000000003	0.055
2456041.86509	18.703	0.046
2456048.74252	18.762	0.042
2456050.6614099997	18.738	0.06
2456052.75484	18.855	0.06
2456053.88114	18.8	0.084
2456057.68843	18.768	0.047
2456057.84919	18.676	0.043
2456058.87843	18.765	0.05
2456059.87634	18.777	0.048
2456062.72547	18.726	0.057
2456064.7311	18.762999999999998	0.036000000000000004
2456065.84367	18.85	0.05
2456067.6661400003	18.854	0.051
2456068.80687	18.715999999999998	0.04
2456069.93546	18.737000000000002	0.05
2456071.63045	18.695999999999998	0.042
2456075.69066	18.778	0.047
2456076.82761	18.733	0.046
2456078.67673	18.817	0.053
2456079.76555	18.908	0.054000000000000006
2456080.7919400004	18.781	0.051
2456081.84196	18.705	0.062
2456085.60285	18.73	0.064
2456086.60096	18.692	0.051
2456087.77321	18.743	0.053
2456089.8564299997	18.71	0.057
2456093.70695	18.833	0.046
2456094.84468	18.748	0.06
2456097.73162	18.733	0.06
2456098.79274	18.706	0.053
2456100.7386	18.707	0.047
2456101.7697099997	18.788	0.048
2456102.8094200003	18.815	0.05
2456104.48173	18.765	0.054000000000000006
2456105.52053	18.72	0.057999999999999996
2456108.61175	18.727999999999998	0.071
2456113.58061	18.884	0.071
2456114.6743099997	18.721	0.057999999999999996
2456115.74077	18.801	0.073
2456116.8193099997	18.704	0.055
2456118.52129	18.752	0.051
2456119.55077	18.844	0.053
2456120.68079	18.695	0.039
2456121.72377	18.750999999999998	0.035
2456124.51552	18.705	0.057999999999999996
2456125.64428	18.706	0.047
2456126.77448	18.91	0.07200000000000001
2456131.53651	18.824	0.057
2456133.61968	18.725	0.047
2456135.61018	18.791	0.065
2456140.62383	18.82	0.069
2456141.7374	18.663	0.073
2456147.62241	18.964000000000002	0.073
2456148.5972700003	18.825	0.042
2456151.6105400003	18.767	0.061
2456154.51523	18.72	0.057
2456158.60617	18.782	0.054000000000000006
2456160.62162	18.775	0.046
2456164.6181900003	18.803	0.087
2456167.60849	18.77	0.054000000000000006
2456168.65095	18.691	0.05
2456169.61058	18.814	0.065
2456171.61513	18.738	0.061
2456172.61057	18.725	0.044000000000000004
2456175.58603	18.671	0.055
2456181.48213	18.887999999999998	0.075
2456183.62118	18.923	0.069
2456185.59601	18.762999999999998	0.05
2456186.59275	18.762	0.066
2456195.5372200003	18.702	0.048
2456197.50167	18.963	0.08900000000000001
2456201.5386200002	18.694000000000003	0.098
2456205.50739	18.762	0.054000000000000006
2456212.5350200003	18.69	0.055
2456216.54417	18.734	0.06
2456221.55386	18.832	0.14300000000000002
2456227.52396	18.86	0.126
2456343.86411	18.815	0.057999999999999996
2456348.86907	18.722	0.047
2456352.85627	18.766	0.053
2456360.8524	18.709	0.046
2456362.8996099997	18.725	0.044000000000000004
2456368.87903	18.721	0.046
2456370.89245	18.865	0.047
2456373.85933	18.874000000000002	0.053
2456375.8001200003	18.7	0.044000000000000004
2456377.74727	18.750999999999998	0.044000000000000004
2456378.88579	18.81	0.042
2456380.84549	18.802	0.051
2456382.78485	18.715999999999998	0.16899999999999998
2456386.9185	18.828	0.075
2456388.8138099997	18.795	0.044000000000000004
2456389.91396	18.785	0.054000000000000006
2456391.8256099997	18.628	0.057
2456394.8640099997	18.771	0.055
2456396.85337	18.801	0.035
2456398.80879	18.755	0.047
2456400.8007099996	18.76	0.047
2456402.74795	18.798	0.057
2456403.9338700003	18.805999999999997	0.095
2456406.8816400003	18.919	0.068
2456408.8272599997	18.735	0.065
2456416.69298	18.798	0.054000000000000006
2456417.89255	18.839000000000002	0.053
2456419.72733	18.829	0.051
2456420.84115	18.713	0.035
2456423.68523	18.695999999999998	0.046
2456424.83879	18.816	0.04
2456428.69822	18.844	0.065
2456431.81802	18.834	0.053
2456432.9207599997	18.773	0.061
2456434.75118	18.835	0.053
2456435.87922	18.8	0.051
2456441.93457	18.764	0.095
2456443.7388299997	18.644000000000002	0.051
2456445.79476	18.698	0.046
2456446.6993	18.742	0.037000000000000005
2456447.7689099996	18.767	0.042
2456448.7979099997	18.764	0.04
2456449.84047	18.823	0.06
2456450.89073	18.709	0.064
2456452.5622099997	18.794	0.043
2456454.6667400002	18.727	0.047
2456456.54145	18.673	0.039
2456457.79299	18.750999999999998	0.043
2456458.8568700003	18.730999999999998	0.057999999999999996
2456460.59605	18.66	0.047
2456461.82785	18.755	0.042
2456463.6638	18.739	0.054000000000000006
2456464.78116	18.811	0.078
2456469.55882	18.754	0.053
2456472.7134599998	18.813	0.051
2456473.83454	18.69	0.064
2456475.53303	18.785	0.057
2456476.59833	18.835	0.06
2456477.69848	18.852	0.053
2456479.7072799997	18.832	0.062
2456481.51607	18.819000000000003	0.064
2456484.51164	18.785999999999998	0.051
2456486.5315799997	18.741	0.051
2456487.64041	18.785999999999998	0.039
2456489.78617	18.84	0.078
2456491.56091	18.804000000000002	0.064
2456497.71704	18.674	0.062
2456499.5012	18.660999999999998	0.043
2456501.72516	18.794	0.057
2456506.5564900003	18.749000000000002	0.069
2456508.6486	18.837	0.042
2456510.5553099997	18.796	0.04
2456514.48111	18.791	0.061
2456516.55444	18.77	0.057
2456519.6344	18.754	0.066
2456524.57227	18.757	0.048
2456529.5575099997	18.738	0.055
2456532.64073	18.812	0.061
2456536.59472	18.730999999999998	0.043
2456541.62188	18.899	0.04
2456546.5065200003	18.87	0.08199999999999999
2456558.5149	18.82	0.047
2456561.55988	18.753	0.06
2456564.54367	18.698	0.06
2456568.53884	18.598	0.066
2456571.49189	18.741	0.068
2456573.5488	18.692	0.06
2456576.5018700003	18.76	0.11900000000000001
2456576.57153	18.955	0.17600000000000002
2456578.51378	18.804000000000002	0.073
2456741.84419	18.768	0.05
2456742.74936	18.91	0.054000000000000006
2456744.8713599998	18.86	0.046
2456746.78221	18.785	0.047
2456748.85324	18.769000000000002	0.039
2456752.82125	18.801	0.04
2456756.9240099997	18.777	0.053
2456760.75204	18.75	0.043
2456763.7440400003	18.779	0.055
2456768.74898	18.8	0.042
2456770.83505	18.839000000000002	0.042
2456773.73763	18.677	0.047
2456776.6672799997	18.777	0.048
2456784.8962	18.8	0.057
2456785.8882299997	18.68	0.047
2456786.91349	18.803	0.06
2456790.92569	18.809	0.076
2456797.86318	18.855999999999998	0.073
2456803.93596	18.767	0.068
2456805.83299	18.883	0.065
2456808.68157	18.782	0.048
2456810.60469	18.727	0.05
2456811.8785099997	18.769000000000002	0.087
2456814.91029	18.862000000000002	0.08900000000000001
2456817.57852	18.823	0.073
2456819.61	18.778	0.102
2456824.63425	18.753	0.069
2456826.51742	18.747	0.064
2456827.74393	18.765	0.053
2456829.60896	18.816	0.065
2456831.6222	18.741	0.037000000000000005
2456833.56072	18.814	0.08900000000000001
2456834.81894	18.698	0.086
2456836.75615	18.744	0.057
2456838.5998	18.825	0.057
2456839.85051	18.868	0.095
2456842.52432	18.85	0.083
2456844.80028	18.81	0.064
2456847.61442	18.695	0.053
2456852.48188	18.706	0.069
2456855.79014	18.765	0.06
2456857.72022	18.782	0.046
2456862.56512	18.801	0.064
2456864.56834	18.791	0.05
2456872.6038	18.750999999999998	0.051
2456878.55966	18.817	0.094
2456881.72535	18.89	0.107
2456885.6405	18.719	0.046
2456888.5202	18.789	0.046
2456890.6993299997	18.726	0.066
2456898.5181	18.666	0.053
2456912.6025799997	18.836	0.079
2456922.55904	18.839000000000002	0.073
2456927.5290200002	18.987000000000002	0.113
2456932.50811	18.840999999999998	0.098
2456938.52153	18.81	0.094
2456943.49292	18.788	0.10099999999999999
2457063.88387	18.788	0.069
2457069.87514	18.833	0.057999999999999996
2457071.89983	18.741	0.083
2457075.9006	18.822	0.10400000000000001
2457077.8856099998	18.820999999999998	0.065
2457079.90474	18.986	0.138
2457082.84081	18.709	0.039
2457083.88859	18.743	0.05
2457086.84851	18.776	0.053
2457088.89043	18.723	0.053
2457091.78229	18.789	0.055
2457098.84368	18.738	0.043
2457100.8471	18.732	0.044000000000000004
2457102.91696	18.691	0.057
2457110.8596900003	18.734	0.043
2457112.80441	18.794	0.057999999999999996
2457114.78225	18.825	0.048
2457117.81752	18.722	0.053
2457120.87084	18.695999999999998	0.06
2457129.86282	18.705	0.039
2457132.74565	18.748	0.051
2457135.80512	18.745	0.039
2457137.9328799997	18.639	0.10099999999999999
2457140.74541	18.631	0.047
2457142.83264	18.835	0.054000000000000006
2457145.87708	18.789	0.06
2457153.85464	18.792	0.046
2457155.8881099997	18.750999999999998	0.054000000000000006
2457158.7443	18.768	0.046
2457160.70926	18.789	0.048
2457162.68067	18.667	0.048
2457164.71699	18.820999999999998	0.055
2457168.84748	18.842	0.054000000000000006
2457170.8582900004	18.711	0.053
2457173.79649	18.736	0.057
2457175.63721	18.811	0.057999999999999996
2457178.6568299998	18.808	0.071
2457180.63475	18.74	0.065
2457181.8837900003	18.699	0.068
2457183.75676	18.742	0.054000000000000006
2457185.61589	18.76	0.055
2457187.64404	18.754	0.047
2457189.62131	18.715	0.054000000000000006
2457193.7919799997	18.719	0.037000000000000005
2457197.82135	18.925	0.073
2457199.7072	18.792	0.044000000000000004
2457206.72449	18.725	0.064
2457209.73094	18.756	0.053
2457212.80855	18.743	0.07200000000000001
2457219.67886	18.695	0.039
2457221.65826	18.79	0.047
2457223.63529	18.727	0.051
2457226.48991	18.858	0.069
2457227.74354	18.752	0.061
2457229.72576	18.736	0.06
2457233.48195	18.774	0.08900000000000001
2457249.51211	18.702	0.054000000000000006
2457253.6077400004	18.745	0.043
2457261.55372	18.68	0.079
2457265.5336	18.722	0.048
2457269.57533	18.713	0.044000000000000004
2457273.62662	18.617	0.057
2457281.51332	18.65	0.071
2457292.49441	18.663	0.09
2457295.48674	18.745	0.086
2457437.82482	17.982	0.024
2457440.82284	17.959	0.027999999999999997
2457443.90558	17.91	0.037000000000000005
2457446.8944	17.852999999999998	0.022000000000000002
2457451.81305	17.794	0.021
2457452.88301	17.814	0.02
2457455.83903	17.748	0.021
2457457.85649	17.779	0.025
2457460.87564	17.762999999999998	0.02
2457462.8794400003	17.742	0.02
2457465.8343599997	17.734	0.024
2457467.91293	17.727	0.022000000000000002
2457471.83423	17.828	0.027999999999999997
2457472.91975	17.858	0.031
2457474.90695	17.855	0.026000000000000002
2457480.8442	17.885	0.039
2457488.7376599996	17.995	0.025
2457491.92795	17.988	0.035
2457494.7375	18.098	0.026000000000000002
2457497.91168	18.073	0.035
2457499.93105	18.08	0.039
2457507.93101	18.213	0.039
2457509.9095900003	18.175	0.04
2457518.74573	18.278	0.037000000000000005
2457526.8167	18.316	0.04
2457530.86941	18.378	0.057
2457536.8145	18.4	0.036000000000000004
2457546.81084	18.432000000000002	0.044000000000000004
2457547.88873	18.396	0.06
2457550.6396	18.491	0.044000000000000004
2457554.66904	18.477	0.036000000000000004
2457560.76408	18.423	0.06
2457561.5052400003	18.503	0.065
2457562.55149	18.607	0.06
2457566.48072	18.688	0.066
2457566.52335	18.495	0.04
2457567.4873599997	18.498	0.051
2457567.5389400003	18.494	0.047
2457568.68828	18.493	0.039
2457569.50584	18.544	0.057999999999999996
2457570.6748900004	18.445999999999998	0.033
2457573.6452	18.537	0.043
2457575.78267	18.497	0.04
2457576.46125	18.545	0.08199999999999999
2457576.79213	18.553	0.044000000000000004
2457577.46179	18.625	0.087
2457581.80973	18.399	0.053
2457584.71163	18.619	0.06
2457589.71502	18.602999999999998	0.066
2457590.72487	18.584	0.047
2457593.70487	18.585	0.043
2457599.5192	18.57	0.06
2457599.5984900002	18.581	0.048
2457599.60223	18.547	0.044000000000000004
2457599.69614	18.514	0.043
2457600.5279900003	18.622	0.055
2457600.62324	18.57	0.053
2457600.74922	18.798	0.083
2457601.69467	18.552	0.037000000000000005
2457601.71917	18.57	0.043
2457603.54998	18.590999999999998	0.036000000000000004
2457604.75636	18.585	0.051
2457607.6483400003	18.612000000000002	0.039
2457609.71544	18.692	0.05
2457612.65579	18.565	0.10400000000000001
2457618.49558	18.597	0.062
2457622.57975	18.598	0.039
2457625.49823	18.604	0.044000000000000004
2457631.57418	18.672	0.039
2457636.50257	18.599	0.06
2457643.51718	18.675	0.078
2457649.5737099997	18.678	0.053
2457650.49126	18.714000000000002	0.05
2457650.57666	18.599	0.051
2457651.50658	18.631	0.047
2457652.49277	18.682000000000002	0.042
2457653.49322	18.604	0.042
2457653.52814	18.643	0.042
2457654.49783	18.802	0.066
2457655.49397	18.623	0.064
2457655.57871	18.676	0.064
2457656.49597	18.642	0.054000000000000006
2457657.54037	18.629	0.05
2457658.49642	18.637	0.054000000000000006
2457659.4981299997	18.599	0.05
2457660.49494	18.724	0.078
2457661.4965	18.637999999999998	0.069
2457662.48976	18.6	0.068
2457662.49664	18.703	0.066
2457663.5511	18.823	0.07200000000000001
2457664.49533	18.799	0.08
2457665.49925	18.53	0.061
2457666.4975400004	18.551	0.075
2457667.49467	18.648	0.068
2457667.50214	18.621	0.065
2457671.48379	18.569000000000003	0.107
2457672.48396	18.645	0.075
2457673.49114	18.738	0.078
2457675.4882	18.730999999999998	0.109
2457681.49001	18.686	0.11800000000000001
2457682.4876599996	18.74	0.122
2457683.4868799997	18.671	0.174
2457797.88382	18.744	0.06
2457800.8448799998	18.8	0.064
2457801.8854099996	18.726	0.064
2457807.8232	18.758	0.055
2457809.89781	18.801	0.06
2457812.8669	18.779	0.044000000000000004
2457815.89457	18.736	0.044000000000000004
2457818.83729	18.744	0.046
2457820.87158	18.705	0.043
2457822.8802099996	18.754	0.053
2457825.80854	18.675	0.053
2457826.9015200003	18.801	0.064
2457828.8889099997	18.812	0.06
2457830.9031	18.691	0.08
2457834.8861	18.787	0.051
2457836.91927	18.802	0.115
2457838.90791	18.730999999999998	0.042
2457840.91706	18.831	0.055
2457842.87934	18.711	0.047
2457844.8393900003	18.685	0.057999999999999996
2457846.79427	18.752	0.044000000000000004
2457848.7269	18.77	0.057999999999999996
2457849.85676	18.735	0.033
2457851.76938	18.767	0.07200000000000001
2457853.92825	18.726	0.115
2457855.83068	18.794	0.065
2457862.73779	18.827	0.057999999999999996
2457864.90453	18.721	0.042
2457866.75159	18.734	0.042
2457867.88637	18.755	0.043
2457869.82072	18.778	0.039
2457871.7280099997	18.76	0.04
2457872.87359	18.789	0.042
2457874.68301	18.779	0.055
2457875.8903900003	18.827	0.057
2457877.67231	18.842	0.054000000000000006
2457878.8334	18.735	0.039
2457880.69857	18.887999999999998	0.084
2457881.8886599997	18.729	0.1
2457889.93266	18.849	0.134
2457893.7811	18.865	0.057
2457894.78968	18.77	0.047
2457897.71917	18.755	0.054000000000000006
2457902.64481	18.722	0.062
2457903.81383	18.726	0.054000000000000006
2457904.8187700002	18.726	0.04
2457905.78533	18.727999999999998	0.046
2457906.74794	18.746	0.042
2457907.756	18.757	0.05
2457908.84361	18.788	0.051
2457909.76714	18.73	0.053
2457910.66209	18.796	0.053
2457911.55073	18.79	0.10099999999999999
2457916.61242	18.752	0.051
2457917.5786200003	18.714000000000002	0.062
2457918.58017	18.741	0.061
2457922.67594	18.817	0.046
2457923.82047	18.733	0.064
2457924.77703	18.801	0.051
2457925.81159	18.83	0.066
2457928.57852	18.727	0.05
2457933.5188700003	18.782	0.071
2457934.5052900002	18.798	0.061
2457935.50534	18.74	0.054000000000000006
2457936.49164	18.743	0.054000000000000006
2457937.48605	18.778	0.071
2457937.8383299997	18.846	0.08
2457944.61927	18.801	0.064
2457945.53354	18.726	0.054000000000000006
2457946.46415	18.707	0.08
2457947.5156900003	18.741	0.053
2457948.5085299998	18.733	0.048
2457949.5679200003	18.778	0.075
2457953.47928	18.7	0.057
2457954.49136	18.772000000000002	0.051
2457955.8006	18.851	0.069
2457957.66261	18.817999999999998	0.073
2457959.4819099996	18.784000000000002	0.044000000000000004
2457960.4887099997	18.778	0.057
2457961.57256	18.788	0.048
2457962.7653200002	18.733	0.062
2457965.67923	18.832	0.055
2457967.60714	18.838	0.113
2457971.67161	18.788	0.073
2457972.7025	18.895	0.094
2457974.59865	18.801	0.06
2457979.59656	18.833	0.05
2457981.58619	18.774	0.053
2457983.53388	18.799	0.065
2457984.671	18.685	0.055
2457987.51987	18.787	0.044000000000000004
2457991.49762	18.769000000000002	0.051
2457993.4810099998	18.798	0.06
2457994.6387099996	18.894000000000002	0.11800000000000001
2458000.5805200003	18.811	0.115
2458003.48727	18.949	0.113
2458007.60979	18.715	0.08
2458012.5891299997	18.778	0.057999999999999996
2458016.49914	18.737000000000002	0.065
2458020.4929299997	18.765	0.065
2458029.49676	18.703	0.073
2458040.5168	19.049	0.13
