2455377.65561	17.392	0.018000000000000002
2455377.67668	17.407	0.021
2455379.7222700003	17.39	0.019
2455381.81642	17.365	0.025
2455387.58105	17.396	0.016
2455390.72664	17.408	0.019
2455393.81823	17.375999999999998	0.028999999999999998
2455404.51267	17.387	0.022000000000000002
2455407.7724900004	17.369	0.024
2455411.71024	17.421	0.018000000000000002
2455418.65405	17.428	0.018000000000000002
2455430.59124	17.405	0.022000000000000002
2455436.65229	17.401	0.021
2455445.50392	17.391	0.018000000000000002
2455450.62405	17.382	0.021
2455457.62282	17.406	0.021
2455461.48837	17.395	0.032
2455467.49211	17.407	0.024
2455473.53913	17.393	0.019
2455494.52358	17.447	0.038
2455605.88532	17.381	0.019
2455608.8928	17.38	0.035
2455611.88442	17.399	0.021
2455614.84505	17.385	0.022000000000000002
2455620.83516	17.413	0.021
2455624.81179	17.37	0.022000000000000002
2455625.80905	17.387	0.021
2455627.79849	17.36	0.021
2455629.8122	17.396	0.019
2455630.8486	17.39	0.021
2455632.80773	17.416	0.024
2455634.78664	17.42	0.019
2455635.82474	17.383	0.024
2455638.7838	17.389	0.028999999999999998
2455640.8464900004	17.385	0.024
2455642.86367	17.410999999999998	0.022000000000000002
2455642.88352	17.373	0.024
2455644.82888	17.399	0.021
2455649.85076	17.385	0.016
2455651.7847	17.43	0.019
2455653.91163	17.405	0.016
2455655.84963	17.406	0.016
2455657.88202	17.39	0.016
2455659.7689900002	17.387999999999998	0.018000000000000002
2455660.86521	17.374000000000002	0.019
2455664.74867	17.401	0.024
2455665.86993	17.4	0.021
2455668.90538	17.405	0.024
2455675.9009700003	17.375	0.019
2455680.68946	17.397000000000002	0.021
2455683.7389	17.379	0.018000000000000002
2455686.8941900004	17.39	0.021
2455692.75992	17.410999999999998	0.019
2455694.90588	17.403	0.021
2455697.76677	17.39	0.019
2455707.6332400003	17.372	0.019
2455712.6400900004	17.378	0.022000000000000002
2455712.6526	17.372	0.019
2455716.6573	17.39	0.019
2455723.61319	17.418	0.019
2455726.61791	17.404	0.024
2455735.77888	17.424	0.019
2455737.87129	17.405	0.019
2455740.7436599997	17.381	0.018000000000000002
2455742.74808	17.398	0.016
2455745.79405	17.418	0.024
2455749.5821	17.37	0.019
2455760.6646	17.425	0.024
2455765.63835	17.407	0.018000000000000002
2455769.53215	17.408	0.016
2455778.4822	17.402	0.027999999999999997
2455786.58989	17.333	0.024
2455790.66113	17.38	0.021
2455795.61586	17.412	0.027000000000000003
2455804.5347700003	17.363	0.018000000000000002
2455815.57448	17.374000000000002	0.018000000000000002
2455819.6087599997	17.397000000000002	0.021
2455822.54559	17.409000000000002	0.024
2455827.54984	17.335	0.025
2455829.50313	17.408	0.022000000000000002
2455831.5227200002	17.416	0.018000000000000002
2455833.52914	17.372	0.019
2455840.53719	17.38	0.022000000000000002
2455844.51933	17.403	0.027000000000000003
2455846.56116	17.438	0.034
2455852.50996	17.386	0.028999999999999998
2455977.83644	17.383	0.021
2455982.85903	17.386	0.019
2455985.87929	17.392	0.016
2455988.8651799997	17.429000000000002	0.018000000000000002
2455991.8128	17.410999999999998	0.027000000000000003
2455993.8797	17.397000000000002	0.021
2455995.90057	17.392	0.018000000000000002
2455998.78563	17.397000000000002	0.022000000000000002
2456003.81379	17.410999999999998	0.025
2456005.8218099996	17.395	0.018000000000000002
2456007.79751	17.394000000000002	0.016
2456008.91341	17.404	0.024
2456010.8566400004	17.418	0.015
2456012.7886	17.412	0.018000000000000002
2456013.9117400004	17.38	0.016
2456015.8149599996	17.412	0.013000000000000001
2456017.73293	17.4	0.018000000000000002
2456018.82438	17.369	0.016
2456019.92623	17.41	0.022000000000000002
2456021.76609	17.396	0.018000000000000002
2456022.8182599996	17.395	0.016
2456023.90751	17.406	0.019
2456024.8988200002	17.351	0.019
2456033.76265	17.423	0.019
2456037.8267200002	17.427	0.018000000000000002
2456041.7459400003	17.402	0.021
2456048.8489900003	17.396	0.016
2456052.67282	17.385	0.025
2456058.7615099996	17.423	0.019
2456061.90725	17.383	0.019
2456064.90394	17.393	0.019
2456067.6675	17.415	0.018000000000000002
2456069.77602	17.387	0.015
2456071.7365099997	17.369	0.016
2456076.79044	17.406	0.018000000000000002
2456078.91541	17.37	0.018000000000000002
2456080.8890299997	17.38	0.019
2456086.67078	17.43	0.018000000000000002
2456089.7464099997	17.434	0.016
2456094.5821700003	17.387	0.025
2456097.7554599997	17.410999999999998	0.022000000000000002
2456100.6036099996	17.42	0.022000000000000002
2456102.53212	17.406	0.027000000000000003
2456103.83595	17.410999999999998	0.019
2456105.76453	17.386	0.025
2456113.77856	17.393	0.021
2456115.7946	17.426	0.027000000000000003
2456117.76334	17.398	0.019
2456119.70365	17.371	0.016
2456121.69995	17.389	0.015
2456124.78236	17.402	0.022000000000000002
2456127.5391700002	17.414	0.022000000000000002
2456132.6916	17.358	0.018000000000000002
2456135.76052	17.369	0.019
2456140.7481299997	17.363	0.031
2456147.70688	17.416	0.024
2456151.67944	17.404	0.021
2456158.63492	17.394000000000002	0.021
2456164.4969200003	17.428	0.027999999999999997
2456169.62598	17.429000000000002	0.022000000000000002
2456179.56315	17.399	0.022000000000000002
2456183.61081	17.375999999999998	0.018000000000000002
2456191.5866900003	17.39	0.021
2456196.4876599996	17.374000000000002	0.022000000000000002
2456198.5679099998	17.433	0.028999999999999998
2456210.58456	17.396	0.024
2456213.52522	17.405	0.021
2456218.5000299998	17.38	0.022000000000000002
2456340.86035	17.377	0.018000000000000002
2456345.85401	17.387	0.018000000000000002
2456350.82884	17.405	0.021
2456353.86179	17.382	0.019
2456361.87334	17.395	0.018000000000000002
2456367.84834	17.39	0.015
2456369.86941	17.366	0.015
2456371.86044	17.392	0.013000000000000001
2456372.85378	17.404	0.016
2456374.82376	17.381	0.016
2456376.76976	17.403	0.019
2456377.9008	17.402	0.015
2456379.8404099997	17.401	0.018000000000000002
2456381.8018400003	17.39	0.016
2456382.9034599997	17.438	0.035
2456387.83307	17.413	0.016
2456389.7217599996	17.374000000000002	0.021
2456390.81713	17.416	0.018000000000000002
2456391.79953	17.384	0.021
2456395.9122200003	17.4	0.016
2456398.9034	17.398	0.018000000000000002
2456402.69837	17.37	0.021
2456404.92767	17.383	0.021
2456417.81893	17.409000000000002	0.016
2456419.92967	17.39	0.019
2456423.7436900004	17.408	0.019
2456426.91358	17.415	0.016
2456432.63973	17.39	0.018000000000000002
2456434.7528	17.421	0.018000000000000002
2456436.81295	17.39	0.021
2456442.68285	17.4	0.016
2456445.76807	17.427	0.018000000000000002
2456447.7705599996	17.399	0.016
2456449.68511	17.382	0.016
2456451.62708	17.387	0.018000000000000002
2456454.62783	17.387999999999998	0.016
2456456.7938099997	17.4	0.016
2456459.5455400003	17.426	0.022000000000000002
2456461.69095	17.418	0.022000000000000002
2456463.82927	17.429000000000002	0.018000000000000002
2456469.5607	17.401	0.019
2456473.8228599997	17.371	0.019
2456475.77878	17.391	0.018000000000000002
2456477.75453	17.387999999999998	0.021
2456480.77764	17.414	0.018000000000000002
2456487.70652	17.409000000000002	0.015
2456491.4747200003	17.396	0.024
2456499.47477	17.408	0.019
2456505.62883	17.37	0.021
2456508.7527099997	17.399	0.018000000000000002
2456511.72495	17.415	0.018000000000000002
2456518.63578	17.389	0.016
2456524.6547	17.419	0.019
2456532.5671900003	17.382	0.016
2456539.5365	17.391	0.013000000000000001
2456546.58269	17.338	0.021
2456560.59723	17.37	0.025
2456565.57863	17.393	0.019
2456569.53959	17.384	0.016
2456572.50752	17.389	0.021
2456580.51544	17.384	0.024
2456584.4873	17.423	0.037000000000000005
2456700.87642	17.368	0.016
2456708.8377799997	17.398	0.019
2456716.90162	17.42	0.021
2456719.88199	17.401	0.016
2456721.89861	17.463	0.018000000000000002
2456724.8213	17.392	0.024
2456726.8244	17.392	0.019
2456728.81378	17.374000000000002	0.015
2456730.78655	17.372	0.025
2456732.8587599997	17.42	0.027999999999999997
2456734.79512	17.437	0.019
2456735.89645	17.394000000000002	0.018000000000000002
2456737.8413299997	17.387999999999998	0.016
2456744.8236	17.383	0.016
2456745.9087400003	17.401	0.016
2456750.81857	17.42	0.018000000000000002
2456752.86221	17.328	0.016
2456756.71818	17.409000000000002	0.016
2456757.91371	17.397000000000002	0.015
2456760.70097	17.387999999999998	0.018000000000000002
2456761.86695	17.39	0.018000000000000002
2456763.86205	17.414	0.019
2456765.78068	17.379	0.016
2456769.70679	17.412	0.015
2456770.8185	17.404	0.015
2456772.7242400004	17.398	0.016
2456773.8922	17.395	0.016
2456775.83017	17.413	0.016
2456777.78221	17.397000000000002	0.016
2456784.93885	17.387	0.035
2456785.93337	17.384	0.021
2456789.85707	17.387	0.019
2456790.93825	17.392	0.028999999999999998
2456792.64993	17.43	0.028999999999999998
2456796.70163	17.387999999999998	0.021
2456797.8009599997	17.378	0.024
2456803.62978	17.419	0.021
2456804.65235	17.425	0.019
2456805.7049	17.412	0.021
2456807.70249	17.424	0.024
2456808.70947	17.421	0.018000000000000002
2456809.7659400003	17.403	0.015
2456810.8080700003	17.410999999999998	0.018000000000000002
2456811.82852	17.404	0.021
2456813.9324	17.389	0.027000000000000003
2456815.66304	17.392	0.021
2456816.75788	17.381	0.019
2456817.8372	17.433	0.021
2456819.69337	17.402	0.031
2456823.9042700003	17.409000000000002	0.032
2456825.56701	17.395	0.019
2456826.57761	17.408	0.022000000000000002
2456827.62282	17.413	0.016
2456828.6796	17.421	0.016
2456829.68727	17.409000000000002	0.018000000000000002
2456830.71253	17.401	0.013000000000000001
2456831.8409700003	17.422	0.022000000000000002
2456833.52985	17.352999999999998	0.027999999999999997
2456834.54578	17.402	0.025
2456835.59723	17.395	0.019
2456836.63287	17.391	0.019
2456837.6422900003	17.41	0.018000000000000002
2456838.64169	17.405	0.018000000000000002
2456839.65643	17.403	0.019
2456840.7286900003	17.442999999999998	0.022000000000000002
2456841.82186	17.409000000000002	0.022000000000000002
2456844.50721	17.387999999999998	0.021
2456845.49791	17.413	0.019
2456847.4997900003	17.409000000000002	0.024
2456847.81787	17.409000000000002	0.022000000000000002
2456852.49826	17.342	0.022000000000000002
2456855.56673	17.427	0.021
2456856.60326	17.38	0.016
2456857.65975	17.42	0.016
2456858.7176	17.362000000000002	0.016
2456862.6759	17.381	0.019
2456863.75653	17.396	0.021
2456866.5638900003	17.410999999999998	0.021
2456872.61799	17.423	0.019
2456879.52203	17.385	0.028999999999999998
2456880.73859	17.424	0.032
2456882.6771400003	17.418	0.019
2456885.62109	17.413	0.018000000000000002
2456887.51944	17.393	0.018000000000000002
2456888.6937700002	17.396	0.021
2456890.62658	17.41	0.021
2456895.58699	17.409000000000002	0.016
2456918.5951	17.409000000000002	0.025
2456923.5205900003	17.4	0.027000000000000003
2456926.53742	17.4	0.021
2456929.56581	17.409000000000002	0.022000000000000002
2456937.56563	17.430999999999997	0.025
2456942.5244400003	17.401	0.021
2457085.90105	17.368	0.018000000000000002
2457088.8319900003	17.384	0.021
2457090.86636	17.416	0.021
2457092.86936	17.413	0.019
2457098.78337	17.399	0.019
2457100.7703299997	17.386	0.024
2457102.86081	17.407	0.021
2457110.79027	17.394000000000002	0.016
2457112.74285	17.386	0.027999999999999997
2457113.76962	17.39	0.018000000000000002
2457115.7804900003	17.389	0.019
2457117.77078	17.429000000000002	0.019
2457119.8197	17.381	0.022000000000000002
2457125.72137	17.391	0.021
2457126.92886	17.421	0.024
2457130.84073	17.43	0.021
2457132.72907	17.425	0.022000000000000002
2457134.80135	17.404	0.018000000000000002
2457136.69205	17.403	0.019
2457137.81432	17.401	0.016
2457138.93188	17.386	0.022000000000000002
2457140.7865400002	17.391	0.018000000000000002
2457141.92188	17.391	0.018000000000000002
2457143.74205	17.381	0.019
2457144.8870900003	17.409000000000002	0.022000000000000002
2457146.75493	17.384	0.021
2457147.7749400004	17.406	0.024
2457152.9396599997	17.364	0.027999999999999997
2457154.6979799997	17.413	0.016
2457155.7760900003	17.391	0.016
2457157.66295	17.447	0.015
2457158.82416	17.436	0.019
2457159.86888	17.396	0.024
2457160.93929	17.396	0.027000000000000003
2457162.6633599997	17.406	0.016
2457163.71748	17.36	0.022000000000000002
2457164.86965	17.384	0.019
2457166.8914799998	17.415	0.022000000000000002
2457169.87452	17.384	0.018000000000000002
2457170.8995	17.404	0.022000000000000002
2457172.94602	17.42	0.038
2457174.58344	17.372	0.031
2457175.5937900003	17.410999999999998	0.032
2457178.8885	17.372	0.025
2457179.92534	17.42	0.027000000000000003
2457180.9254400004	17.387999999999998	0.025
2457182.55973	17.409000000000002	0.022000000000000002
2457183.5704200002	17.43	0.022000000000000002
2457184.60693	17.441	0.022000000000000002
2457185.61423	17.394000000000002	0.019
2457186.70199	17.41	0.027000000000000003
2457187.79674	17.389	0.021
2457188.81646	17.393	0.024
2457189.89673	17.375999999999998	0.027000000000000003
2457191.64036	17.39	0.018000000000000002
2457194.58798	17.402	0.018000000000000002
2457197.6905900002	17.424	0.016
2457198.7272799998	17.412	0.019
2457199.72931	17.405	0.016
2457200.70805	17.4	0.016
2457206.57793	17.449	0.028999999999999998
2457207.60408	17.392	0.018000000000000002
2457209.74406	17.418	0.021
2457211.73358	17.403	0.018000000000000002
2457214.7072099997	17.369	0.019
2457219.63802	17.392	0.016
2457220.75895	17.395	0.016
2457221.78778	17.419	0.018000000000000002
2457223.5788	17.402	0.021
2457224.68166	17.403	0.018000000000000002
2457226.57996	17.425	0.018000000000000002
2457227.59788	17.414	0.018000000000000002
2457228.6581200003	17.391	0.021
2457229.71017	17.393	0.018000000000000002
2457235.50212	17.37	0.027999999999999997
2457248.48363	17.377	0.022000000000000002
2457249.48183	17.421	0.027000000000000003
2457252.52202	17.381	0.022000000000000002
2457255.49464	17.421	0.024
2457257.6184799997	17.397000000000002	0.019
2457261.63125	17.362000000000002	0.027999999999999997
2457264.58418	17.381	0.021
2457267.58113	17.393	0.019
2457269.57438	17.402	0.016
2457271.5809400002	17.401	0.021
2457275.61309	17.423	0.032
2457278.6009	17.39	0.021
2457291.5181	17.371	0.032
2457294.53684	17.426	0.027999999999999997
2457299.57903	17.382	0.022000000000000002
2457312.50179	17.372	0.027000000000000003
2457424.87895	17.145	0.016
2457425.87498	17.154	0.019
2457427.86318	17.124000000000002	0.022000000000000002
2457428.85413	17.104	0.016
2457429.86021	17.109	0.018000000000000002
2457431.88335	17.088	0.015
2457432.8530099997	17.083	0.016
2457433.8511799998	17.064	0.016
2457434.84331	17.061	0.021
2457435.8838299997	17.038	0.018000000000000002
2457438.86886	17.014	0.016
2457441.8310599998	16.996	0.021
2457443.85674	16.986	0.019
2457444.83615	16.954	0.016
2457445.85548	16.945	0.015
2457447.8775400002	16.926	0.013000000000000001
2457451.85447	16.91	0.016
2457453.84769	16.89	0.011000000000000001
2457456.8096	16.842	0.015
2457458.8333	16.867	0.013000000000000001
2457461.83297	16.846	0.011000000000000001
2457463.87861	16.883	0.012
2457466.8794	16.894000000000002	0.013000000000000001
2457470.8384599998	16.903	0.013000000000000001
2457472.75622	16.884	0.016
2457474.7773	16.936	0.016
2457475.80925	17.003	0.021
2457475.82361	16.952	0.022000000000000002
2457484.7576900003	17.034000000000002	0.018000000000000002
2457485.88419	17.053	0.013000000000000001
2457487.77777	17.074	0.013000000000000001
2457488.90305	17.073	0.013000000000000001
2457491.91162	17.131	0.013000000000000001
2457492.91294	17.121	0.013000000000000001
2457493.90004	17.12	0.013000000000000001
2457494.88775	17.131	0.013000000000000001
2457495.86568	17.134	0.016
2457498.75094	17.2	0.019
2457499.75307	17.192	0.018000000000000002
2457500.69515	17.167	0.021
2457500.8964400003	17.18	0.021
2457508.71569	17.239	0.013000000000000001
2457509.82072	17.247	0.016
2457511.8946599998	17.241	0.015
2457522.82412	17.287	0.025
2457526.71237	17.281	0.021
2457529.75694	17.314	0.025
2457534.72922	17.338	0.021
2457536.7396	17.328	0.018000000000000002
2457545.8840099997	17.357	0.019
2457546.90605	17.331	0.025
2457547.8576	17.346	0.018000000000000002
2457549.75156	17.365	0.015
2457550.74825	17.36	0.016
2457554.69117	17.352	0.016
2457555.79862	17.367	0.018000000000000002
2457557.75153	17.362000000000002	0.019
2457561.58012	17.386	0.028999999999999998
2457562.5625	17.385	0.027999999999999997
2457566.77082	17.36	0.019
2457567.7143	17.379	0.018000000000000002
2457568.71009	17.385	0.019
2457569.7299599997	17.415	0.019
2457575.51299	17.383	0.024
2457575.5269400002	17.374000000000002	0.022000000000000002
2457576.52245	17.42	0.019
2457576.53507	17.395	0.018000000000000002
2457577.5789400004	17.392	0.018000000000000002
2457583.77372	17.439	0.022000000000000002
2457589.47672	17.402	0.037000000000000005
2457590.50172	17.41	0.024
2457591.56203	17.374000000000002	0.035
2457595.56566	17.352999999999998	0.022000000000000002
2457599.5317599997	17.393	0.022000000000000002
2457599.61525	17.399	0.019
2457599.7087	17.408	0.019
2457599.75078	17.378	0.018000000000000002
2457600.5405599996	17.399	0.022000000000000002
2457600.63586	17.362000000000002	0.021
2457601.7072900003	17.398	0.016
2457602.53524	17.401	0.022000000000000002
2457603.59695	17.379	0.018000000000000002
2457604.60299	17.398	0.016
2457605.64542	17.409000000000002	0.018000000000000002
2457607.60345	17.396	0.021
2457608.71369	17.387	0.016
2457610.55952	17.404	0.019
2457612.56685	17.417	0.021
2457616.62811	17.372	0.019
2457618.52532	17.38	0.024
2457621.59222	17.454	0.022000000000000002
2457623.50946	17.401	0.019
2457624.67129	17.403	0.018000000000000002
2457626.68144	17.41	0.019
2457632.4826599997	17.387	0.019
2457635.48907	17.425	0.024
2457637.5883299997	17.384	0.016
2457643.5940099997	17.369	0.034
2457648.51822	17.426	0.027000000000000003
2457650.50705	17.39	0.016
2457651.5224	17.395	0.021
2457651.57767	17.373	0.018000000000000002
2457652.50962	17.355	0.018000000000000002
2457653.509	17.374000000000002	0.016
2457654.51362	17.378	0.024
2457655.5170400003	17.365	0.018000000000000002
2457656.51647	17.399	0.022000000000000002
2457656.60253	17.428	0.021
2457657.56257	17.442	0.019
2457659.52403	17.419	0.022000000000000002
2457660.4893900002	17.401	0.025
2457660.51071	17.382	0.027000000000000003
2457661.51235	17.433	0.024
2457662.51306	17.189	0.021
2457664.51114	17.394000000000002	0.027000000000000003
2457665.4945099996	17.368	0.025
2457665.52311	17.402	0.024
2457666.51339	17.386	0.027000000000000003
2457667.54267	17.434	0.024
2457671.49972	17.383	0.024
2457672.50119	17.418	0.024
2457673.50754	17.375999999999998	0.024
2457675.50635	17.425	0.025
2457682.50338	17.412	0.024
2457683.50245	17.397000000000002	0.027999999999999997
2457795.86707	17.401	0.037000000000000005
2457796.8617700003	17.396	0.025
2457798.86978	17.418	0.022000000000000002
2457800.87454	17.398	0.021
2457802.85445	17.402	0.031
2457807.88498	17.410999999999998	0.018000000000000002
2457810.86137	17.401	0.018000000000000002
2457813.82584	17.389	0.022000000000000002
2457816.85414	17.41	0.021
2457818.89701	17.408	0.016
2457821.8245099997	17.435	0.025
2457823.83507	17.403	0.021
2457825.86736	17.442	0.024
2457827.84461	17.387999999999998	0.019
2457829.8404	17.381	0.022000000000000002
2457835.75176	17.422	0.027000000000000003
2457836.8623	17.418	0.019
2457838.75001	17.398	0.025
2457839.8157	17.407	0.016
2457840.8747799997	17.383	0.018000000000000002
2457842.7472900003	17.373	0.022000000000000002
2457843.77908	17.422	0.019
2457844.8309400002	17.424	0.022000000000000002
2457845.87132	17.396	0.016
2457847.71997	17.405	0.024
2457848.74899	17.415	0.024
2457849.7776	17.387	0.016
2457850.80504	17.398	0.021
2457851.8382200003	17.399	0.018000000000000002
2457853.90036	17.382	0.022000000000000002
2457854.89815	17.398	0.019
2457856.72056	17.368	0.028999999999999998
2457857.86045	17.366	0.028999999999999998
2457858.78977	17.395	0.019
2457862.84036	17.437	0.021
2457864.91155	17.405	0.016
2457865.9175400003	17.412	0.021
2457866.92325	17.417	0.018000000000000002
2457868.75566	17.410999999999998	0.022000000000000002
2457869.77121	17.402	0.018000000000000002
2457870.8080599997	17.401	0.016
2457871.83706	17.410999999999998	0.016
2457872.85371	17.416	0.018000000000000002
2457873.83511	17.406	0.016
2457874.8185900003	17.422	0.019
2457875.9076	17.418	0.018000000000000002
2457876.87117	17.415	0.019
2457877.84296	17.409000000000002	0.018000000000000002
2457878.88335	17.419	0.016
2457879.87602	17.416	0.027999999999999997
2457880.89752	17.394000000000002	0.027999999999999997
2457882.72426	17.403	0.024
2457889.9011	17.355	0.038
2457893.63775	17.457	0.027999999999999997
2457893.89324	17.409000000000002	0.022000000000000002
2457894.78138	17.412	0.019
2457895.77145	17.407	0.018000000000000002
2457901.64595	17.43	0.021
2457902.63693	17.412	0.027000000000000003
2457903.67061	17.384	0.025
2457904.63454	17.396	0.021
2457904.88758	17.425	0.019
2457905.7606900004	17.406	0.018000000000000002
2457906.64158	17.413	0.018000000000000002
2457906.8991	17.377	0.019
2457907.77777	17.39	0.018000000000000002
2457908.75776	17.43	0.022000000000000002
2457909.62237	17.401	0.021
2457909.86179	17.427	0.019
2457910.6537599997	17.398	0.022000000000000002
2457911.55577	17.39	0.037000000000000005
2457911.84035	17.363	0.032
2457916.7316900003	17.396	0.021
2457917.57089	17.384	0.027000000000000003
2457917.81263	17.393	0.027000000000000003
2457923.53632	17.427	0.025
2457923.7974	17.393	0.021
2457924.61142	17.378	0.018000000000000002
2457924.86149	17.42	0.019
2457925.7883900004	17.384	0.018000000000000002
2457926.7214900004	17.407	0.021
2457932.81235	17.395	0.021
2457933.6723	17.418	0.022000000000000002
2457934.6044400004	17.405	0.018000000000000002
2457934.84538	17.441	0.024
2457935.70761	17.425	0.019
2457936.5844099997	17.425	0.019
2457936.85506	17.435	0.024
2457937.66897	17.412	0.019
2457938.5974	17.436	0.027000000000000003
2457944.53765	17.438	0.024
2457944.63139	17.395	0.024
2457944.76087	17.387999999999998	0.024
2457945.5417299997	17.406	0.022000000000000002
2457945.77963	17.403	0.021
2457946.62802	17.396	0.019
2457947.5469400003	17.394000000000002	0.021
2457948.46318	17.407	0.044000000000000004
2457948.73891	17.4	0.021
2457949.66585	17.392	0.024
2457952.8076400002	17.419	0.022000000000000002
2457953.70987	17.413	0.018000000000000002
2457954.6253400003	17.397000000000002	0.016
2457955.79237	17.402	0.019
2457956.7291200003	17.4	0.018000000000000002
2457958.57963	17.383	0.025
2457959.47419	17.409000000000002	0.021
2457959.70874	17.405	0.018000000000000002
2457960.61301	17.399	0.016
2457961.60633	17.383	0.016
2457962.5547700003	17.408	0.016
2457964.6211200003	17.401	0.019
2457965.70182	17.394000000000002	0.019
2457966.6913799997	17.415	0.022000000000000002
2457967.70947	17.396	0.024
2457971.54508	17.385	0.024
2457971.64464	17.351	0.021
2457971.73727	17.405	0.04
2457972.57994	17.408	0.028999999999999998
2457972.68803	17.361	0.025
2457973.66045	17.432000000000002	0.025
2457974.6409	17.402	0.021
2457979.5367900003	17.405	0.018000000000000002
2457980.60572	17.425	0.024
2457981.6735400003	17.393	0.021
2457983.52577	17.412	0.022000000000000002
2457984.5847400003	17.410999999999998	0.021
2457986.4868799997	17.426	0.018000000000000002
2457987.56942	17.421	0.018000000000000002
2457990.6355	17.407	0.021
2457992.50673	17.394000000000002	0.019
2457993.57035	17.41	0.019
2457994.63155	17.405	0.022000000000000002
2457998.56351	17.391	0.019
2458000.49738	17.4	0.024
2458000.59411	17.381	0.032
2458001.60097	17.398	0.021
2458004.47327	17.384	0.043
2458007.58377	17.374000000000002	0.025
2458011.58135	17.405	0.025
2458014.49213	17.4	0.019
2458016.52316	17.406	0.021
2458019.49681	17.410999999999998	0.019
2458029.48811	17.366	0.027999999999999997
2458036.51835	17.41	0.027000000000000003
2458039.49082	17.426	0.031
2458041.49677	17.415	0.025
