2455385.54451	18.305999999999997	0.03
2455639.84143	18.299	0.036000000000000004
2455640.84812	18.298	0.047
2455647.82234	18.36	0.046
2455648.7548700003	18.367	0.039
2455652.76634	18.407	0.033
2455657.81041	18.383	0.032
2455660.88302	18.367	0.039
2455667.7652	18.355999999999998	0.036000000000000004
2455679.67552	18.367	0.037000000000000005
2455682.66726	18.293	0.043
2455691.71408	18.397000000000002	0.039
2455694.6036400003	18.312	0.042
2455694.60495	18.362000000000002	0.046
2455698.9317400004	18.239	0.077
2455702.6707	18.410999999999998	0.079
2455708.81042	18.371	0.042
2455715.6376	18.373	0.034
2455722.5633099996	18.406	0.04
2455722.57662	18.375999999999998	0.037000000000000005
2455725.5469	18.346	0.047
2455734.69522	18.375999999999998	0.052000000000000005
2455737.5660599996	18.368	0.036000000000000004
2455745.50588	18.382	0.046
2455785.49382	18.449	0.066
2455806.48848	18.365	0.054000000000000006
2455806.50632	18.422	0.053
2455806.51786	18.391	0.047
2455807.54368	18.37	0.043
2455807.55816	18.480999999999998	0.055999999999999994
2455807.5724	18.442999999999998	0.057
2455807.6129	18.36	0.052000000000000005
2455807.61483	18.373	0.054000000000000006
2455813.56788	18.316	0.037000000000000005
2455818.56261	18.416	0.054000000000000006
2455840.5068200002	18.433	0.059000000000000004
2455844.5597	18.495	0.07400000000000001
2455989.83633	18.319000000000003	0.037000000000000005
2455994.8387599997	18.293	0.044000000000000004
2456002.85506	18.562	0.07
2456006.87157	18.326	0.03
2456009.9036	18.331	0.032
2456013.78585	18.323	0.03
2456016.78645	18.304000000000002	0.028999999999999998
2456019.7807400003	18.271	0.033
2456021.9049	18.328	0.032
2456024.8354700003	18.308	0.034
2456032.8124599997	18.297	0.028999999999999998
2456040.76747	18.326	0.037000000000000005
2456047.9031	18.387999999999998	0.037000000000000005
2456053.89638	18.372	0.047
2456061.71695	18.33	0.04
2456064.66912	18.355	0.037000000000000005
2456066.85092	18.336	0.032
2456070.92617	18.312	0.042
2456076.5929400004	18.312	0.034
2456078.72827	18.355999999999998	0.032
2456080.69814	18.362000000000002	0.033
2456085.84192	18.46	0.06
2456088.62989	18.369	0.03
2456093.69547	18.320999999999998	0.03
2456096.77972	18.338	0.04
2456098.8837200003	18.502	0.06
2456101.73282	18.399	0.033
2456103.615	18.449	0.037000000000000005
2456105.56003	18.340999999999998	0.042
2456113.6075	18.36	0.044000000000000004
2456115.5518799997	18.305999999999997	0.039
2456117.57017	18.314	0.032
2456119.5120599996	18.365	0.043
2456121.5185	18.4	0.034
2456124.56352	18.399	0.033
2456135.52376	18.323	0.043
2456140.56021	18.304000000000002	0.053
2456143.69668	18.410999999999998	0.063
2456150.68266	18.387	0.042
2456157.66625	18.329	0.039
2456161.50637	18.407	0.046
2456175.56265	18.41	0.044000000000000004
2456182.52763	18.412	0.039
2456190.52099	18.359	0.039
2456197.53854	18.313	0.047
2456205.56493	18.39	0.04
2456214.53389	18.499000000000002	0.052000000000000005
2456227.53743	18.387	0.08
2456344.89326	18.33	0.037000000000000005
2456353.8487400003	18.382	0.04
2456362.82435	18.402	0.036000000000000004
2456370.7746	18.364	0.033
2456374.86732	18.33	0.032
2456378.78327	18.329	0.036000000000000004
2456381.85375	18.322	0.028999999999999998
2456387.86251	18.317	0.03
2456390.8326	18.366	0.034
2456395.7168	18.362000000000002	0.039
2456398.70954	18.36	0.03
2456401.76134	18.317	0.028999999999999998
2456404.7341400003	18.409000000000002	0.034
2456408.72013	18.455	0.094
2456416.9109799997	18.33	0.03
2456419.74134	18.378	0.032
2456422.7543099998	18.349	0.032
2456426.6595900003	18.365	0.033
2456431.7925400003	18.358	0.034
2456433.84014	18.445	0.03
2456436.60874	18.375999999999998	0.047
2456441.87959	18.284000000000002	0.05
2456444.91573	18.404	0.047
2456447.5710400003	18.319000000000003	0.033
2456448.88185	18.438	0.046
2456450.81962	18.392	0.033
2456452.8258599997	18.398	0.03
2456456.59388	18.344	0.025
2456458.74033	18.36	0.032
2456460.80142	18.312	0.028999999999999998
2456463.62426	18.308	0.043
2456468.64612	18.333	0.037000000000000005
2456472.8074	18.399	0.039
2456473.62468	18.317999999999998	0.026000000000000002
2456475.56352	18.528	0.046
2456477.5526900003	18.343	0.036000000000000004
2456480.58029	18.41	0.039
2456484.50011	18.387	0.04
2456487.49051	18.409000000000002	0.034
2456490.5827099998	18.358	0.033
2456492.70555	18.378	0.044000000000000004
2456498.60924	18.319000000000003	0.03
2456504.67276	18.367	0.036000000000000004
2456508.5457900004	18.472	0.036000000000000004
2456510.7442400004	18.359	0.047
2456516.5784	18.428	0.037000000000000005
2456523.67632	18.383	0.055999999999999994
2456531.54163	18.419	0.037000000000000005
2456536.61027	18.307000000000002	0.034
2456545.53317	18.38	0.028999999999999998
2456558.62831	18.345	0.053
2456565.51747	18.338	0.042
2456572.51072	18.465	0.054000000000000006
2456582.5244299998	18.336	0.05
2456585.55245	18.36	0.07
2456700.86394	18.271	0.033
2456709.82945	18.345	0.036000000000000004
2456716.83469	18.378	0.033
2456720.81218	18.461	0.042
2456723.83911	18.393	0.036000000000000004
2456726.86338	18.302	0.033
2456729.82094	18.332	0.03
2456732.8623900004	18.325	0.046
2456735.7744299998	18.375999999999998	0.042
2456737.85963	18.378	0.032
2456750.7984599997	18.320999999999998	0.034
2456752.8478	18.477999999999998	0.033
2456755.91591	18.342	0.03
2456757.89895	18.312	0.026000000000000002
2456759.9193599997	18.339000000000002	0.027000000000000003
2456761.85017	18.365	0.034
2456763.84714	18.347	0.044000000000000004
2456769.69252	18.369	0.032
2456770.80328	18.374000000000002	0.032
2456772.70755	18.34	0.03
2456773.8779	18.365	0.032
2456775.8156	18.372	0.028999999999999998
2456777.76528	18.368	0.032
2456784.9256599997	18.398	0.054000000000000006
2456785.91885	18.407	0.042
2456789.8330099997	18.373	0.04
2456790.92386	18.282	0.043
2456792.63728	18.275	0.053
2456796.68555	18.340999999999998	0.043
2456797.78538	18.292	0.04
2456803.6229	18.38	0.039
2456804.63632	18.327	0.034
2456805.6885599997	18.374000000000002	0.042
2456807.68597	18.4	0.043
2456808.6943599996	18.368	0.036000000000000004
2456809.74875	18.340999999999998	0.027000000000000003
2456810.7932700003	18.355999999999998	0.033
2456811.81341	18.355999999999998	0.043
2456813.9198	18.307000000000002	0.046
2456815.64704	18.366	0.042
2456816.73295	18.43	0.052000000000000005
2456817.81242	18.361	0.052000000000000005
2456819.6729900003	18.320999999999998	0.047
2456825.55142	18.398	0.036000000000000004
2456826.56238	18.401	0.046
2456827.6079599997	18.398	0.04
2456828.65487	18.407	0.032
2456829.67133	18.406	0.036000000000000004
2456830.6974400003	18.337	0.027000000000000003
2456831.82644	18.397000000000002	0.042
2456833.51542	18.406	0.062
2456834.5312	18.38	0.047
2456835.58286	18.406	0.042
2456836.61936	18.44	0.052000000000000005
2456837.62756	18.340999999999998	0.036000000000000004
2456838.62735	18.389	0.04
2456839.63994	18.355	0.039
2456840.71415	18.41	0.06
2456841.80938	18.442	0.059000000000000004
2456844.49274	18.322	0.046
2456845.48347	18.352	0.04
2456847.48728	18.352999999999998	0.05
2456852.4805799997	18.486	0.071
2456855.5519	18.355999999999998	0.046
2456856.5778099997	18.327	0.032
2456857.64452	18.367	0.03
2456858.7025599997	18.365	0.033
2456862.66095	18.399	0.043
2456863.74163	18.395	0.04
2456865.59961	18.445	0.044000000000000004
2456872.59384	18.437	0.042
2456879.50282	18.496	0.076
2456882.65873	18.38	0.039
2456885.60635	18.368	0.034
2456887.49452	18.386	0.04
2456888.6787400004	18.44	0.05
2456890.61157	18.448	0.047
2456918.57885	18.316	0.046
2456923.50358	18.516	0.071
2456926.51763	18.479	0.062
2456929.55135	18.355	0.05
2456940.49788	18.352	0.057
2457065.8607900003	18.399	0.047
2457072.8451400003	18.354	0.044000000000000004
2457077.86174	18.378	0.042
2457080.8999400004	18.337	0.046
2457085.90265	18.344	0.036000000000000004
2457089.84417	18.342	0.042
2457092.87099	18.340999999999998	0.034
2457097.7691	18.409000000000002	0.036000000000000004
2457100.7639	18.395	0.043
2457109.8834700002	18.408	0.039
2457112.7905	18.386	0.043
2457113.75348	18.302	0.033
2457115.76625	18.392	0.044000000000000004
2457117.7560799997	18.309	0.037000000000000005
2457119.8053099997	18.413	0.052000000000000005
2457125.7067299997	18.365	0.047
2457126.91601	18.347	0.032
2457130.81628	18.434	0.042
2457132.71471	18.358	0.039
2457134.7869	18.395	0.037000000000000005
2457136.67747	18.389	0.037000000000000005
2457137.78998	18.34	0.026000000000000002
2457138.91675	18.359	0.036000000000000004
2457140.7724	18.343	0.034
2457141.90831	18.347	0.034
2457143.7272900003	18.366	0.04
2457144.8605299997	18.293	0.047
2457146.7425700002	18.369	0.043
2457147.76251	18.384	0.052000000000000005
2457152.92514	18.389	0.053
2457154.6831	18.302	0.03
2457155.75881	18.347	0.032
2457157.64831	18.379	0.032
2457158.79853	18.348	0.033
2457159.85445	18.364	0.034
2457160.9243799997	18.359	0.037000000000000005
2457162.64894	18.375999999999998	0.039
2457163.7028799998	18.385	0.046
2457164.8552	18.401	0.04
2457166.61762	18.480999999999998	0.052000000000000005
2457166.80153	18.336	0.037000000000000005
2457168.72675	18.386	0.044000000000000004
2457169.70786	18.349	0.032
2457169.90199	18.399	0.043
2457170.69463	18.398	0.043
2457170.88369	18.429000000000002	0.046
2457172.69692	18.316	0.039
2457172.88755	18.424	0.047
2457173.6737599997	18.35	0.04
2457173.8692099997	18.375999999999998	0.044000000000000004
2457174.63805	18.308	0.04
2457174.81036	18.459	0.052000000000000005
2457175.5923099997	18.489	0.076
2457178.67297	18.417	0.043
2457178.84443	18.361	0.046
2457179.63639	18.430999999999997	0.052000000000000005
2457179.80117	18.475	0.053
2457180.58885	18.387999999999998	0.043
2457180.75188	18.416	0.042
2457180.92394	18.480999999999998	0.06
2457181.71065	18.361	0.036000000000000004
2457181.88075	18.332	0.047
2457182.6447	18.346	0.033
2457182.83726	18.41	0.037000000000000005
2457183.59827	18.379	0.034
2457183.7825599997	18.464000000000002	0.042
2457184.59091	18.433	0.054000000000000006
2457184.77408	18.378	0.04
2457185.5523	18.45	0.046
2457185.7372	18.398	0.04
2457186.5885900003	18.500999999999998	0.047
2457186.86006	18.392	0.043
2457187.64079	18.315	0.034
2457187.82988	18.373	0.036000000000000004
2457188.61094	18.372	0.037000000000000005
2457188.79872	18.428	0.044000000000000004
2457189.6655200003	18.364	0.036000000000000004
2457189.83697	18.328	0.037000000000000005
2457190.62764	18.404	0.039
2457190.8254400003	18.4	0.044000000000000004
2457191.65353	18.34	0.033
2457193.55938	18.430999999999997	0.033
2457193.60793	18.4	0.032
2457193.64219	18.379	0.032
2457193.66469	18.379	0.028999999999999998
2457193.68545	18.375	0.028999999999999998
2457194.63095	18.352	0.032
2457197.66353	18.367	0.032
2457197.85024	18.459	0.055999999999999994
2457198.64316	18.436	0.037000000000000005
2457198.8305	18.391	0.06
2457199.6031	18.372	0.034
2457199.78574	18.374000000000002	0.033
2457200.54365	18.313	0.034
2457200.7212900002	18.322	0.032
2457202.69673	18.317	0.052000000000000005
2457202.88039	18.428	0.069
2457206.69466	18.339000000000002	0.052000000000000005
2457207.49719	18.303	0.043
2457207.6630700002	18.448	0.046
2457207.85055	18.453	0.069
2457209.75691	18.433	0.05
2457211.53472	18.401	0.047
2457211.71756	18.406	0.036000000000000004
2457212.8056099997	18.426	0.053
2457214.66917	18.349	0.037000000000000005
2457217.62286	18.355999999999998	0.044000000000000004
2457219.53933	18.337	0.039
2457219.73447	18.404	0.042
2457220.47477	18.402	0.046
2457220.62811	18.375	0.027000000000000003
2457220.80589	18.375999999999998	0.036000000000000004
2457221.6134200003	18.363	0.032
2457221.7862	18.352	0.033
2457222.57797	18.39	0.039
2457222.79384	18.342	0.047
2457223.63233	18.426	0.04
2457224.48365	18.344	0.042
2457224.68011	18.396	0.042
2457225.5139900004	18.355	0.043
2457226.53112	18.432000000000002	0.047
2457226.7160900002	18.385	0.033
2457227.49962	18.401	0.059000000000000004
2457227.68364	18.327	0.028999999999999998
2457228.5016799998	18.5	0.053
2457228.6948599997	18.320999999999998	0.052000000000000005
2457229.52932	18.377	0.039
2457229.6941400003	18.384	0.039
2457233.5302	18.504	0.11699999999999999
2457233.72414	18.406	0.113
2457235.71972	18.326	0.047
2457249.57361	18.299	0.042
2457252.56457	18.38	0.049
2457253.5059599997	18.361	0.039
2457255.47849	18.275	0.037000000000000005
2457255.6689299997	18.378	0.04
2457256.66872	18.436	0.054000000000000006
2457261.5277299997	18.493	0.07
2457263.48286	18.404	0.047
2457263.65043	18.38	0.049
2457264.59746	18.395	0.044000000000000004
2457265.56074	18.374000000000002	0.037000000000000005
2457267.5063099996	18.403	0.047
2457268.49735	18.359	0.032
2457269.48803	18.329	0.042
2457269.67808	18.369	0.04
2457270.6163	18.363	0.036000000000000004
2457271.57933	18.451	0.044000000000000004
2457273.55168	18.368	0.052000000000000005
2457275.56564	18.471	0.063
2457277.52966	18.329	0.042
2457278.51318	18.416	0.057
2457281.52592	18.333	0.049
2457284.56988	18.367	0.042
2457295.58691	18.387	0.049
2457318.50292	18.343	0.052000000000000005
2457415.8695099996	18.287	0.053
2457416.8679400003	18.553	0.079
2457424.859	18.340999999999998	0.033
2457425.8541099997	18.403	0.05
2457426.85553	18.326	0.057
2457427.8476400003	18.416	0.059000000000000004
2457428.84336	18.361	0.034
2457428.8835	18.36	0.044000000000000004
2457430.8688	18.419	0.034
2457432.84216	18.39	0.04
2457433.84032	18.329	0.04
2457434.8867599997	18.352	0.044000000000000004
2457436.8539	18.387	0.05
2457437.88341	18.382	0.036000000000000004
2457439.82686	18.285999999999998	0.055999999999999994
2457440.83921	18.315	0.037000000000000005
2457441.8810900003	18.403	0.044000000000000004
2457443.81683	18.442	0.071
2457443.90345	18.444000000000003	0.064
2457444.81555	18.449	0.06
2457445.87858	18.323	0.036000000000000004
2457446.89054	18.348	0.034
2457447.89854	18.381	0.046
2457451.8352	18.253	0.043
2457452.87649	18.386	0.03
2457453.88204	18.319000000000003	0.027000000000000003
2457455.8336099996	18.317999999999998	0.034
2457456.83996	18.408	0.04
2457457.83581	18.547	0.049
2457458.8303099996	18.348	0.037000000000000005
2457460.8309	18.34	0.033
2457461.82989	18.363	0.03
2457462.81677	18.344	0.033
2457463.84422	18.37	0.036000000000000004
2457465.78589	18.304000000000002	0.034
2457465.91511	18.338	0.039
2457467.84922	18.372	0.036000000000000004
2457470.80528	18.340999999999998	0.04
2457471.7584700002	18.377	0.053
2457471.88932	18.409000000000002	0.042
2457472.82738	18.355999999999998	0.046
2457473.8527599997	18.358	0.049
2457474.826	18.355999999999998	0.046
2457475.75324	18.250999999999998	0.067
2457475.86375	18.396	0.06
2457484.80673	18.367	0.039
2457485.91329	18.347	0.033
2457486.7406599997	18.355999999999998	0.049
2457487.84808	18.323	0.039
2457489.82212	18.357	0.036000000000000004
2457492.71679	18.337	0.036000000000000004
2457493.7102200002	18.413	0.043
2457493.92991	18.348	0.067
2457494.9183900002	18.292	0.032
2457495.89704	18.387	0.04
2457498.81615	18.319000000000003	0.044000000000000004
2457499.78342	18.305999999999997	0.036000000000000004
2457500.72477	18.282	0.044000000000000004
2457500.9263400002	18.39	0.054000000000000006
2457508.78098	18.295	0.027000000000000003
2457509.87755	18.313	0.034
2457512.8228	18.354	0.03
2457522.8840900003	18.392	0.057
2457526.77893	18.317999999999998	0.04
2457529.8045099997	18.371	0.069
2457534.78537	18.324	0.034
2457536.78452	18.304000000000002	0.042
2457545.92642	18.24	0.043
2457547.56048	18.338	0.049
2457547.90111	18.305	0.052000000000000005
2457549.82615	18.262	0.033
2457550.80469	18.298	0.036000000000000004
2457555.53437	18.296	0.057
2457555.86568	18.315	0.036000000000000004
2457557.8434099997	18.271	0.046
2457561.62806	18.275	0.039
2457562.61257	18.246	0.042
2457566.81511	18.268	0.047
2457567.7590400004	18.223	0.036000000000000004
2457568.75789	18.236	0.042
2457569.77539	18.285	0.042
2457570.73974	18.305	0.039
2457573.66004	18.215	0.032
2457575.58782	18.23	0.042
2457575.7557099997	18.21	0.027000000000000003
2457576.52091	18.163	0.03
2457576.5335	18.249000000000002	0.036000000000000004
2457576.71419	18.214000000000002	0.03
2457577.53191	18.249000000000002	0.039
2457579.71365	18.22	0.033
2457582.66109	18.224	0.04
2457584.54208	18.163	0.036000000000000004
2457584.68491	18.25	0.042
2457589.4879900003	18.124000000000002	0.059000000000000004
2457589.64807	18.135	0.039
2457589.79833	18.218	0.071
2457590.58908	18.164	0.03
2457590.73605	18.144000000000002	0.037000000000000005
2457593.51314	18.174	0.027000000000000003
2457593.67888	18.142	0.027000000000000003
2457595.58	18.27	0.052000000000000005
2457599.4750099997	18.232	0.052000000000000005
2457599.50347	18.179000000000002	0.04
2457599.57095	18.195	0.042
2457599.68025	18.117	0.033
2457599.7201099996	18.133	0.032
2457600.51243	18.173	0.042
2457600.5641	18.131	0.034
2457600.60618	18.187	0.039
2457600.73668	18.154	0.042
2457601.73355	18.142	0.032
2457601.7568200002	18.162	0.039
2457602.58539	18.105999999999998	0.032
2457602.7450900003	18.264	0.049
2457603.58266	18.059	0.026000000000000002
2457603.72299	18.082	0.028999999999999998
2457604.54887	18.069000000000003	0.028999999999999998
2457604.6903	18.053	0.026000000000000002
2457605.53262	18.136	0.027000000000000003
2457605.69422	18.149	0.033
2457606.70755	18.031	0.037000000000000005
2457607.61658	18.105999999999998	0.03
2457608.4917	18.125999999999998	0.032
2457608.69682	18.066	0.026000000000000002
2457609.56342	18.132	0.033
2457610.607	18.067	0.034
2457611.5712099997	18.053	0.037000000000000005
2457612.53715	18.045	0.032
2457612.6785	18.048	0.034
2457617.49928	17.971	0.04
2457617.66462	17.96	0.037000000000000005
2457618.55454	18.037	0.036000000000000004
2457618.7105400003	17.99	0.046
2457621.55549	17.967	0.027000000000000003
2457622.4911599997	17.927	0.025
2457622.68542	17.945	0.026000000000000002
2457623.60165	17.944000000000003	0.025
2457624.52599	17.877	0.025
2457625.49553	17.904	0.025
2457626.483	17.904	0.027000000000000003
2457626.67983	17.840999999999998	0.028999999999999998
2457630.65361	17.848	0.026000000000000002
2457631.63059	17.828	0.02
2457632.61598	17.796	0.025
2457633.65609	17.816	0.03
2457635.5821700003	17.75	0.027000000000000003
2457636.62634	17.744	0.026000000000000002
2457637.6158	17.742	0.028999999999999998
2457639.50446	17.737000000000002	0.032
2457643.59025	17.671	0.04
2457644.60683	17.547	0.036000000000000004
2457647.58084	17.503	0.025
2457648.61875	17.473	0.026000000000000002
2457650.50226	17.375999999999998	0.016
2457650.5448	17.404	0.019
2457651.51756	17.375999999999998	0.019
2457651.57449	17.343	0.019
2457652.50475	17.317	0.015
2457652.59639	17.340999999999998	0.019
2457653.5041900002	17.285	0.016
2457654.5088299997	17.250999999999998	0.019
2457654.53912	17.32	0.022000000000000002
2457655.5055299997	17.232	0.017
2457656.50735	17.213	0.019
2457656.55438	17.198	0.017
2457657.55779	17.155	0.016
2457658.51387	17.141	0.016
2457659.51589	17.102	0.017
2457660.50591	17.027	0.017
2457660.56981	17.05	0.017
2457661.50751	17.019000000000002	0.016
2457662.50758	16.983	0.017
2457662.54134	16.965999999999998	0.017
2457664.50629	16.895	0.017
2457665.4894	16.833	0.017
2457665.51314	16.833	0.017
2457666.50849	16.72	0.013000000000000001
2457666.56833	16.727999999999998	0.013000000000000001
2457667.51359	16.65	0.012
2457671.49495	16.4	0.012
2457672.4961	16.32	0.011000000000000001
2457673.50264	16.243	0.009000000000000001
2457675.5013900003	16.118	0.011000000000000001
2457682.49854	16.063	0.009000000000000001
2457683.49772	16.127	0.011000000000000001
2457791.88311	18.27	0.046
2457792.88588	18.355999999999998	0.055999999999999994
2457793.87736	18.208	0.036000000000000004
2457794.88435	18.212	0.054000000000000006
2457795.88838	18.275	0.059000000000000004
2457798.8683700003	18.278	0.039
2457800.86117	18.262	0.039
2457802.84105	18.292	0.052000000000000005
2457807.86936	18.24	0.033
2457810.84622	18.269000000000002	0.033
2457813.81033	18.305999999999997	0.043
2457816.839	18.255	0.036000000000000004
2457818.88198	18.336	0.032
2457821.80973	18.391	0.053
2457823.82055	18.336	0.044000000000000004
2457825.85269	18.31	0.042
2457827.8300400004	18.315	0.043
2457829.82584	18.354	0.054000000000000006
2457834.82127	18.309	0.037000000000000005
2457835.7579799998	18.428	0.049
2457835.89767	18.375	0.042
2457836.85275	18.346	0.037000000000000005
2457837.78664	18.283	0.034
2457837.89585	18.325	0.033
2457838.84212	18.346	0.036000000000000004
2457839.78169	18.324	0.028999999999999998
2457839.90517	18.305	0.026000000000000002
2457840.83543	18.358	0.037000000000000005
2457841.7754599997	18.338	0.049
2457841.88515	18.334	0.043
2457842.79984	18.342	0.036000000000000004
2457842.9076799997	18.307000000000002	0.036000000000000004
2457843.8408	18.293	0.033
2457844.75138	18.297	0.034
2457844.86773	18.335	0.04
2457845.77513	18.317999999999998	0.036000000000000004
2457845.8933200003	18.303	0.034
2457846.82285	18.325	0.033
2457847.7261	18.422	0.049
2457847.8434599997	18.339000000000002	0.036000000000000004
2457848.73991	18.382	0.047
2457848.8473	18.284000000000002	0.032
2457849.75262	18.304000000000002	0.034
2457849.8712	18.319000000000003	0.027000000000000003
2457850.76483	18.372	0.043
2457850.8846	18.302	0.03
2457851.78253	18.367	0.049
2457851.90437	18.361	0.034
2457852.89099	18.332	0.043
2457854.7008700003	18.337	0.044000000000000004
2457854.8228	18.297	0.036000000000000004
2457855.73547	18.345	0.042
2457855.84512	18.345	0.04
2457856.74419	18.34	0.06
2457856.85515	18.333	0.049
2457858.77831	18.325	0.037000000000000005
2457862.70409	18.38	0.046
2457862.814	18.352	0.042
2457863.76056	18.421	0.05
2457863.90814	18.342	0.037000000000000005
2457864.71759	18.309	0.028999999999999998
2457864.86887	18.337	0.03
2457865.7223	18.337	0.033
2457866.71848	18.337	0.032
2457867.7217599996	18.335	0.03
2457867.85158	18.332	0.032
2457868.7785900002	18.423	0.043
2457868.92473	18.41	0.054000000000000006
2457869.7774	18.335	0.03
2457869.9094599998	18.349	0.033
2457870.7985799997	18.345	0.028999999999999998
2457870.92013	18.348	0.036000000000000004
2457871.82223	18.302	0.027000000000000003
2457872.67267	18.319000000000003	0.032
2457872.82403	18.319000000000003	0.027000000000000003
2457873.67495	18.347	0.032
2457873.78287	18.308	0.028999999999999998
2457873.91821	18.333	0.034
2457874.7513900003	18.375999999999998	0.043
2457874.87483	18.342	0.037000000000000005
2457875.83167	18.364	0.033
2457875.93843	18.475	0.091
2457876.75653	18.322	0.033
2457876.8933599996	18.307000000000002	0.037000000000000005
2457877.71672	18.320999999999998	0.033
2457877.84968	18.305999999999997	0.034
2457878.75536	18.32	0.032
2457878.88961	18.294	0.03
2457879.7138799997	18.302	0.049
2457879.8665400003	18.352	0.053
2457880.74251	18.375999999999998	0.047
2457880.8714799997	18.426	0.05
2457881.82194	18.398	0.046
2457882.6998900003	18.287	0.057
2457882.83005	18.354	0.047
2457883.8001599996	18.463	0.083
2457890.71288	18.369	0.044000000000000004
2457890.87223	18.344	0.05
2457893.6915599997	18.372	0.049
2457893.82105	18.374000000000002	0.042
2457893.93	18.355	0.052000000000000005
2457894.67576	18.348	0.033
2457894.80347	18.42	0.039
2457894.91254	18.313	0.036000000000000004
2457895.78033	18.405	0.039
2457897.71741	18.339000000000002	0.039
2457901.65208	18.379	0.04
2457901.80803	18.398	0.04
2457902.64304	18.352999999999998	0.05
2457902.77569	18.355999999999998	0.034
2457903.81213	18.334	0.036000000000000004
2457904.6685200003	18.274	0.028999999999999998
2457904.80014	18.375	0.03
2457904.90885	18.365	0.047
2457905.63796	18.367	0.036000000000000004
2457905.76681	18.338	0.034
2457905.87795	18.398	0.039
2457906.58635	18.427	0.04
2457906.70458	18.328	0.03
2457906.82706	18.364	0.037000000000000005
2457907.69938	18.4	0.042
2457907.83068	18.342	0.04
2457908.65022	18.395	0.042
2457908.7798599997	18.413	0.044000000000000004
2457908.88905	18.3	0.053
2457909.5808200003	18.299	0.049
2457909.70107	18.346	0.036000000000000004
2457909.81303	18.355999999999998	0.04
2457909.91304	18.430999999999997	0.057
2457910.5980700003	18.352	0.046
2457910.71716	18.320999999999998	0.034
2457910.8516	18.4	0.05
2457911.5762099996	18.391	0.07
2457911.6739	18.372	0.047
2457911.87948	18.444000000000003	0.087
2457916.62282	18.323	0.039
2457916.7217900003	18.345	0.044000000000000004
2457916.82345	18.392	0.049
2457917.54318	18.477999999999998	0.063
2457917.6576900003	18.373	0.04
2457917.77273	18.398	0.044000000000000004
2457917.87978	18.307000000000002	0.057
2457918.6540599996	18.301	0.052000000000000005
2457922.63436	18.377	0.039
2457923.52725	18.295	0.042
2457923.63393	18.391	0.04
2457923.7708400004	18.391	0.046
2457923.88059	18.407	0.054000000000000006
2457924.5564099997	18.37	0.039
2457924.66198	18.37	0.037000000000000005
2457924.7908	18.359	0.037000000000000005
2457925.5805599997	18.319000000000003	0.043
2457925.70624	18.413	0.037000000000000005
2457925.83146	18.39	0.049
2457926.5967900003	18.372	0.04
2457926.74433	18.312	0.039
2457928.59251	18.334	0.034
2457932.62365	18.381	0.039
2457932.7576	18.335	0.043
2457933.6145599997	18.366	0.042
2457933.73687	18.344	0.039
2457934.54966	18.332	0.032
2457934.6856	18.393	0.033
2457934.78027	18.338	0.039
2457935.51914	18.351	0.036000000000000004
2457935.64854	18.369	0.033
2457935.7609	18.335	0.03
2457936.51188	18.387999999999998	0.042
2457936.62273	18.355999999999998	0.037000000000000005
2457936.7672599996	18.340999999999998	0.037000000000000005
2457937.56385	18.342	0.046
2457937.67501	18.404	0.042
2457937.80605	18.409000000000002	0.047
2457938.58773	18.492	0.063
2457944.48233	18.402	0.054000000000000006
2457944.5231	18.445	0.054000000000000006
2457944.57475	18.332	0.043
2457944.61492	18.322	0.04
2457944.67478	18.397000000000002	0.05
2457944.72511	18.333	0.042
2457944.7850900004	18.414	0.067
2457945.48988	18.452	0.059000000000000004
2457945.5953900004	18.312	0.033
2457945.70757	18.372	0.034
2457945.8172299997	18.416	0.052000000000000005
2457946.5386200002	18.343	0.037000000000000005
2457946.66785	18.414	0.039
2457946.7799299997	18.329	0.046
2457947.52441	18.362000000000002	0.046
2457948.52345	18.416	0.037000000000000005
2457948.65868	18.448	0.05
2457948.79168	18.398	0.047
2457949.58515	18.324	0.044000000000000004
2457949.70435	18.338	0.062
2457949.70775	18.413	0.062
2457952.72745	18.368	0.042
2457953.4909	18.522000000000002	0.053
2457953.6322	18.41	0.037000000000000005
2457953.75121	18.361	0.034
2457954.5076200003	18.39	0.036000000000000004
2457954.65011	18.320999999999998	0.028999999999999998
2457954.788	18.459	0.042
2457956.4908	18.386	0.042
2457956.6247400003	18.332	0.032
2457956.75206	18.386	0.042
2457957.67804	18.362000000000002	0.042
2457958.596	18.371	0.043
2457958.68447	18.366	0.047
2457958.79366	18.483	0.063
2457959.5487900004	18.351	0.032
2457959.6655599996	18.349	0.032
2457959.78309	18.402	0.05
2457960.53528	18.362000000000002	0.036000000000000004
2457960.67122	18.355999999999998	0.034
2457961.61368	18.435	0.036000000000000004
2457961.7261200002	18.4	0.042
2457962.54486	18.371	0.033
2457963.72103	18.448	0.042
2457964.6110799997	18.332	0.034
2457964.75635	18.314	0.043
2457965.68761	18.379	0.039
2457966.5616	18.375	0.047
2457966.66491	18.405	0.049
2457967.60108	18.444000000000003	0.062
2457967.68711	18.398	0.055999999999999994
2457971.4730700003	18.329	0.069
2457971.51584	18.396	0.049
2457971.5671599996	18.317999999999998	0.046
2457971.60463	18.337	0.059000000000000004
2457971.69537	18.398	0.054000000000000006
2457972.4737	18.522000000000002	0.09
2457972.52758	18.38	0.071
2457972.62084	18.314	0.055999999999999994
2457972.67828	18.374000000000002	0.064
2457972.72382	18.343	0.07
2457973.5584	18.292	0.062
2457973.68216	18.35	0.063
2457974.6630599997	18.454	0.05
2457975.49603	18.428	0.055999999999999994
2457979.5435900004	18.340999999999998	0.033
2457979.6718200003	18.362000000000002	0.034
2457981.49444	18.439	0.049
2457983.5967	18.381	0.037000000000000005
2457984.50713	18.444000000000003	0.053
2457984.62283	18.317999999999998	0.04
2457985.55915	18.386	0.055999999999999994
2457986.51042	18.319000000000003	0.032
2457986.64825	18.335	0.034
2457990.49456	18.38	0.04
2457990.62641	18.492	0.05
2457991.54645	18.412	0.049
2457992.47959	18.377	0.037000000000000005
2457992.60102	18.31	0.042
2457993.52896	18.340999999999998	0.04
2457993.63916	18.401	0.046
2457994.5729900002	18.399	0.044000000000000004
2457998.4821900004	18.288	0.069
2457998.5339099998	18.419	0.054000000000000006
2457998.57275	18.407	0.05
2457998.62629	18.438	0.066
2458000.6071	18.564	0.087
2458001.4972	18.414	0.049
2458001.6069900002	18.331	0.046
2458002.5778099997	18.559	0.161
2458004.4805799997	18.441	0.062
2458004.61004	18.348	0.053
2458007.57465	18.419	0.053
2458008.59227	18.394000000000002	0.05
2458012.55714	18.393	0.042
2458013.56098	18.41	0.043
2458014.57108	18.396	0.043
2458015.57237	18.375999999999998	0.047
2458017.48275	18.469	0.057
2458018.5079799998	18.429000000000002	0.042
2458019.545	18.363	0.039
2458021.48635	18.424	0.06
2458026.52783	18.26	0.063
2458030.53428	18.445	0.052000000000000005
2458036.54181	18.445	0.066
2458040.5157	18.447	0.067
