2455378.62695	19.127	0.066
2455380.6606099997	19.088	0.063
2455382.81391	19.046	0.126
2455385.53137	19.172	0.064
2455385.63083	19.153	0.055
2455385.73317	19.155	0.063
2455388.7560400004	19.065	0.063
2455391.82634	19.192	0.098
2455397.694	19.183	0.10099999999999999
2455405.64774	19.143	0.098
2455409.48759	19.211	0.076
2455413.52383	19.041	0.059000000000000004
2455422.56786	19.081	0.073
2455433.6995599996	19.381	0.218
2455439.5854599997	19.058	0.087
2455447.5232	19.141	0.078
2455457.58223	19.14	0.076
2455460.5865	19.308	0.245
2455465.5315	19.141	0.10099999999999999
2455473.49707	19.039	0.10099999999999999
2455490.5383900004	19.377	0.182
2455602.85382	19.214000000000002	0.099
2455604.86174	19.074	0.09
2455605.85789	19.067	0.063
2455606.85752	19.224	0.081
2455607.86102	19.143	0.078
2455608.85201	19.201	0.10800000000000001
2455611.8476400003	19.075	0.11199999999999999
2455612.8569	19.123	0.081
2455613.88962	18.994	0.133
2455615.8484099996	19.079	0.071
2455616.84256	19.075	0.109
2455621.8335599997	18.941	0.063
2455622.8215400004	19.039	0.055999999999999994
2455624.7779099997	19.175	0.083
2455626.83676	19.215	0.098
2455628.7779	18.96	0.105
2455629.77337	19.209	0.10099999999999999
2455631.83823	19.156	0.102
2455632.8673900003	19.055	0.06
2455633.76653	19.2	0.083
2455635.79896	19.000999999999998	0.084
2455637.7776099998	19.15	0.115
2455638.90791	19.238	0.078
2455639.77834	19.212	0.109
2455642.75726	19.154	0.098
2455647.76275	19.178	0.069
2455649.78672	19.111	0.055
2455654.78793	19.07	0.06
2455658.8509400003	19.107	0.055999999999999994
2455662.9039	19.155	0.07
2455668.78409	19.160999999999998	0.109
2455675.79017	19.323	0.09
2455679.88853	19.097	0.063
2455682.91511	19.004	0.069
2455686.80524	19.125	0.052000000000000005
2455692.65679	19.079	0.083
2455694.8311099997	19.111	0.067
2455697.68018	19.026	0.071
2455702.59037	19.033	0.11699999999999999
2455702.7694200003	18.871	0.154
2455706.86356	19.012	0.08800000000000001
2455709.82168	19.097	0.059000000000000004
2455715.85194	19.055999999999997	0.069
2455722.82271	19.122	0.073
2455725.7962700003	19.136	0.078
2455735.6696099997	19.153	0.092
2455737.78322	18.989	0.052000000000000005
2455740.6402	19.119	0.084
2455742.66819	19.08	0.05
2455745.7179099997	19.276	0.07400000000000001
2455749.50635	18.952	0.11199999999999999
2455760.5654599997	19.113	0.102
2455765.53052	19.238	0.083
2455768.78474	19.182000000000002	0.081
2455777.66139	19.087	0.057
2455784.49002	18.767	0.129
2455784.6212	19.022000000000002	0.102
2455785.72833	18.995	0.126
2455790.57856	19.000999999999998	0.076
2455794.6809900003	19.047	0.07400000000000001
2455803.51497	19.173	0.091
2455815.48335	19.215999999999998	0.099
2455819.52403	19.11	0.07400000000000001
2455824.54742	19.148	0.07
2455829.52622	19.049	0.071
2455833.5827099998	19.121	0.094
2455841.5191200003	19.01	0.09
2455845.56076	19.058	0.113
2455854.51633	19.127	0.113
2455971.88522	19.127	0.07
2455984.8728400003	19.077	0.053
2455990.79654	19.102999999999998	0.07400000000000001
2455995.77307	19.101	0.087
2455999.81172	19.048	0.07400000000000001
2456002.77273	19.095	0.131
2456002.89406	19.23	0.095
2456003.80745	19.087	0.105
2456007.78849	19.163	0.064
2456010.82352	19.147000000000002	0.057
2456013.9010099997	19.146	0.053
2456016.9045700002	19.099	0.049
2456019.8890299997	19.163	0.055999999999999994
2456022.78174	19.136	0.067
2456025.7080900003	19.344	0.141
2456032.9094700003	19.160999999999998	0.059000000000000004
2456037.73176	19.174	0.08
2456040.8878599997	19.097	0.063
2456048.74379	19.101	0.055
2456051.64649	19.102999999999998	0.084
2456057.69873	18.965999999999998	0.066
2456057.8580400003	19.101	0.062
2456058.66139	19.079	0.087
2456061.83101	19.090999999999998	0.063
2456064.8226	19.1	0.064
2456066.94202	18.904	0.066
2456069.6823400003	18.987000000000002	0.053
2456071.6582	19.123	0.06
2456076.6941299997	19.04	0.05
2456078.83321	19.048	0.059000000000000004
2456080.7934	19.081	0.07400000000000001
2456086.58948	19.017	0.066
2456089.6464	19.042	0.06
2456093.82252	19.048	0.08
2456096.8744799998	19.078	0.10300000000000001
2456099.84444	19.33	0.126
2456101.82791	19.223	0.091
2456103.72657	19.031	0.059000000000000004
2456103.7945	19.238	0.07
2456103.8236599998	19.245	0.094
2456104.51068	19.162	0.071
2456104.64558	19.048	0.048
2456104.77963	19.1	0.06
2456105.68688	18.989	0.067
2456113.702	19.087	0.085
2456115.67099	19.155	0.081
2456117.6855200003	19.17	0.07
2456119.613	19.147000000000002	0.067
2456121.62593	19.093	0.049
2456124.7014599997	19.146	0.06
2456126.75574	19.107	0.067
2456132.55793	19.171	0.08
2456135.6639900003	19.246	0.105
2456140.6648	19.295	0.11599999999999999
2456147.6116299997	18.998	0.073
2456151.59961	19.195999999999998	0.084
2456158.5436299997	19.145	0.063
2456161.61118	19.155	0.076
2456167.68739	19.875999999999998	0.376
2456169.53496	19.199	0.091
2456175.6457599998	19.021	0.083
2456182.63295	19.08	0.09
2456191.4922700003	19.026	0.10099999999999999
2456198.57073	19.009	0.109
2456210.5103	19.055999999999997	0.078
2456217.50435	19.065	0.066
2456347.86227	19.132	0.069
2456354.8815099997	19.04	0.066
2456362.9007	19.082	0.063
2456370.88057	19.067	0.057
2456375.80128	19.031	0.057
2456378.88696	19.06	0.052000000000000005
2456382.77321	18.979	0.129
2456388.75353	19.117	0.077
2456391.70642	19.253	0.109
2456395.82793	19.14	0.055
2456398.82265	19.092	0.053
2456401.86634	19.012	0.053
2456404.8361400003	19.000999999999998	0.053
2456408.81409	19.153	0.099
2456417.733	18.972	0.062
2456419.84472	19.062	0.064
2456422.93768	19.304000000000002	0.17600000000000002
2456426.83183	19.154	0.052000000000000005
2456431.8870200003	19.175	0.077
2456434.66097	18.986	0.077
2456436.7069599996	19.084	0.069
2456442.60261	19.084	0.059000000000000004
2456445.66365	19.129	0.055999999999999994
2456447.66499	19.090999999999998	0.06
2456449.60098	19.038	0.055999999999999994
2456450.90944	19.062	0.07400000000000001
2456454.53582	19.379	0.109
2456456.70037	19.167	0.052000000000000005
2456458.84503	19.137999999999998	0.066
2456461.6020299997	19.145	0.066
2456463.74664	19.066	0.067
2456468.78244	19.214000000000002	0.08800000000000001
2456473.74136	19.125	0.055999999999999994
2456475.68946	19.187	0.066
2456477.65961	19.132	0.071
2456480.69661	19.087	0.063
2456485.48858	18.995	0.066
2456487.59272	19.066	0.048
2456490.70112	19.076	0.055999999999999994
2456496.51906	19.25	0.10800000000000001
2456498.71257	19.115	0.07
2456505.4937299998	19.127	0.073
2456508.65058	19.062	0.052000000000000005
2456511.6203900003	19.148	0.066
2456518.5207	19.107	0.059000000000000004
2456524.55822	19.063	0.064
2456531.666	19.266	0.076
2456538.58855	19.067	0.077
2456545.63791	19.125999999999998	0.064
2456560.49161	19.063	0.077
2456567.5444900002	18.980999999999998	0.078
2456573.53648	19.174	0.085
2456741.8699	19.085	0.066
2456742.83465	19.081	0.046
2456745.88192	19.046	0.05
2456749.91613	18.991	0.06
2456752.80272	19.146	0.057
2456755.86977	18.95	0.049
2456757.84877	19.127	0.067
2456759.87351	19.026	0.040999999999999995
2456761.8064200003	18.97	0.052000000000000005
2456763.78936	18.942	0.06
2456768.9175400003	19.021	0.046
2456770.75984	19.165	0.063
2456771.93241	18.952	0.087
2456773.82208	18.95	0.067
2456775.76219	19.004	0.045
2456776.93829	19.079	0.105
2456784.8782	19.090999999999998	0.07
2456785.87161	18.955	0.059000000000000004
2456786.8955900003	19.076	0.069
2456789.78579	19.092	0.066
2456790.87043	18.847	0.078
2456791.92655	19.081	0.09
2456796.6389200003	19.018	0.069
2456797.7384900004	18.951	0.077
2456799.88296	18.951	0.098
2456804.59057	18.995	0.055999999999999994
2456805.6388	18.985	0.07
2456807.61233	19.156	0.096
2456808.64783	19.028	0.067
2456809.6833599997	18.973	0.046
2456810.73788	19.092	0.055999999999999994
2456811.7609099997	18.895	0.064
2456813.87553	19.043	0.073
2456815.60012	18.948	0.07
2456816.6844200003	19.023	0.078
2456817.7684	18.962	0.07400000000000001
2456819.63334	19.002	0.081
2456823.8462099996	19.166	0.09
2456824.88936	19.116	0.14400000000000002
2456826.5159299998	18.906	0.069
2456827.56278	18.977999999999998	0.055999999999999994
2456828.61103	19.061	0.053
2456829.60748	19.102	0.081
2456830.6301599997	18.977	0.048
2456831.77729	18.929000000000002	0.055999999999999994
2456832.81083	19.037	0.081
2456833.86619	19.125999999999998	0.131
2456835.53739	18.933	0.071
2456836.56706	19.008	0.096
2456837.58406	19.002	0.06
2456838.58395	18.947	0.071
2456839.59516	19.042	0.077
2456840.64759	18.98	0.07400000000000001
2456841.76507	18.921	0.063
2456842.80851	18.93	0.078
2456844.83941	18.874000000000002	0.07
2456845.82162	18.907	0.062
2456847.768	18.898	0.07
2456851.77453	18.877	0.081
2456855.50459	18.886	0.067
2456856.5337400003	19.017	0.069
2456857.57645	18.933	0.055999999999999994
2456858.65843	18.886	0.046
2456862.61538	18.953	0.067
2456863.69435	18.914	0.053
2456864.76157	18.996	0.077
2456872.5172	18.845	0.062
2456878.56917	18.814	0.11900000000000001
2456880.67838	18.945	0.11699999999999999
2456882.61264	18.922	0.055999999999999994
2456885.56058	18.926	0.059000000000000004
2456886.70232	18.868	0.069
2456888.62727	18.831	0.05
2456890.5649099997	18.924	0.06
2456895.50153	18.85	0.048
2456908.50119	18.809	0.07400000000000001
2456912.61601	18.802	0.077
2456918.53482	18.766	0.071
2456922.60341	18.732	0.064
2456925.6165	18.69	0.064
2456929.49474	18.655	0.07
2456932.55853	18.769000000000002	0.13
2456942.49519	18.657	0.064
2457069.86368	18.581	0.045
2457074.87399	18.563	0.048
2457075.8500900003	18.597	0.049
2457078.85256	18.698	0.049
2457082.85447	18.657	0.040999999999999995
2457086.8809599997	18.653	0.043
2457090.784	18.66	0.073
2457097.88006	18.812	0.039
2457100.86543	18.765	0.045
2457110.79202	18.791	0.038
2457112.90122	18.874000000000002	0.046
2457115.7184	18.928	0.071
2457116.92465	18.771	0.073
2457126.8492799997	18.862000000000002	0.048
2457130.76347	18.884	0.06
2457131.92262	18.88	0.05
2457134.7428099997	18.961	0.064
2457135.9010799997	18.917	0.048
2457137.74559	18.944000000000003	0.043
2457138.87217	18.952	0.049
2457140.72918	18.965999999999998	0.064
2457141.86161	18.921	0.048
2457143.68448	18.909000000000002	0.059000000000000004
2457144.79062	18.879	0.076
2457146.70565	18.884	0.066
2457147.72517	18.948	0.08800000000000001
2457152.88113	18.875999999999998	0.067
2457153.92778	18.932000000000002	0.066
2457155.71467	18.895	0.048
2457156.83142	18.985	0.046
2457158.74258	19.01	0.057
2457159.8103	18.965	0.053
2457160.8766400004	18.984	0.055
2457162.60443	19.065	0.066
2457163.6587900002	19.041	0.083
2457164.7927599996	19.027	0.055
2457165.62358	19.045	0.076
2457166.76975	18.904	0.052000000000000005
2457166.9343	18.839000000000002	0.07400000000000001
2457169.67802	19.019000000000002	0.05
2457169.87307	18.969	0.049
2457170.66505	19.125	0.062
2457170.85515	18.964000000000002	0.071
2457172.6674900004	19.108	0.08
2457172.85849	19.045	0.084
2457173.64382	19.028	0.091
2457173.84006	18.959	0.067
2457174.6091299998	18.938	0.073
2457174.7809599997	18.983	0.073
2457174.94433	18.954	0.11599999999999999
2457175.7324900003	19.154	0.07400000000000001
2457178.6760299997	19.005	0.07400000000000001
2457178.84749	18.92	0.069
2457179.60765	18.908	0.083
2457179.77208	19.026	0.07400000000000001
2457180.55994	19.028	0.077
2457180.71913	19.05	0.071
2457180.8952	19.08	0.083
2457181.67207	19.088	0.055
2457181.84857	19.088	0.085
2457182.61586	19.051	0.053
2457182.80798	18.948	0.091
2457183.56893	19.114	0.069
2457183.7536	19.003	0.067
2457183.9195	19.047	0.083
2457184.74503	19.027	0.069
2457184.9089099998	19.041	0.08
2457185.70455	18.976	0.066
2457185.87042	18.905	0.084
2457186.8309	18.977999999999998	0.07400000000000001
2457187.6121	19.07	0.071
2457187.79522	18.96	0.06
2457188.58175	19.148	0.083
2457188.76901	19.112000000000002	0.084
2457189.6182	19.102	0.073
2457189.8080599997	18.99	0.063
2457190.5891400003	18.95	0.063
2457190.78968	19.048	0.073
2457191.62454	19.019000000000002	0.069
2457192.82724	19.1	0.055999999999999994
2457192.8582	18.912	0.062
2457193.66769	18.973	0.043
2457193.83813	19.053	0.055999999999999994
2457194.6006400003	19.007	0.055999999999999994
2457194.7922	18.994	0.062
2457195.8322	19.024	0.046
2457197.634	18.973	0.053
2457197.81733	19.021	0.066
2457198.61162	19.07	0.063
2457198.79784	19.125	0.077
2457199.57411	19.058	0.059000000000000004
2457199.75683	19.079	0.06
2457200.5122700003	19.067999999999998	0.071
2457200.6910900003	19.021	0.052000000000000005
2457200.85981	19.055999999999997	0.067
2457202.85185	19.085	0.124
2457206.65197	19.149	0.109
2457206.82343	19.055999999999997	0.115
2457207.6318900003	19.104	0.07400000000000001
2457207.80031	19.012999999999998	0.11900000000000001
2457207.8207400003	18.989	0.092
2457209.7280200003	19.055	0.085
2457211.50614	18.995	0.102
2457211.67876	19.023	0.067
2457212.5292	19.1	0.071
2457214.6327400003	19.214000000000002	0.064
2457217.5842	19.134	0.084
2457219.49908	19.281	0.109
2457219.70507	19.014	0.053
2457220.5874	19.055999999999997	0.055
2457220.77666	19.012	0.062
2457221.57458	19.053	0.063
2457221.7571400004	19.095	0.057
2457222.5427200003	19.055999999999997	0.071
2457222.75556	19.035999999999998	0.076
2457223.59212	19.062	0.064
2457223.77916	19.061	0.098
2457224.6406	19.112000000000002	0.08
2457225.48558	19.015	0.067
2457226.50177	19.052	0.073
2457226.6869799998	19.017	0.053
2457227.4707	18.942999999999998	0.094
2457227.64223	19.065	0.052000000000000005
2457228.47212	18.941	0.076
2457228.65644	19.159000000000002	0.066
2457229.50057	18.965999999999998	0.07
2457229.66528	19.073	0.057
2457233.49133	19.073	0.11599999999999999
2457233.53317	19.209	0.127
2457235.68546	19.012999999999998	0.092
2457236.54489	19.038	0.091
2457249.5328	18.967	0.085
2457249.68994	19.025	0.078
2457252.51998	19.016	0.073
2457253.47654	19.155	0.083
2457253.6686400003	19.087	0.069
2457255.6366	19.018	0.063
2457256.63931	19.048	0.08800000000000001
2457261.49114	19.202	0.152
2457261.65562	19.035999999999998	0.127
2457263.6199	18.971	0.069
2457264.56759	18.941	0.067
2457265.53085	19.062	0.064
2457266.50222	19.097	0.10099999999999999
2457267.67773	18.976	0.091
2457268.6680099997	19.099	0.071
2457269.65491	18.991	0.067
2457270.59435	19.12	0.053
2457271.5504	19.086	0.071
2457272.58152	19.051	0.09
2457274.52119	18.992	0.085
2457277.4999599997	18.993	0.078
2457278.48312	18.83	0.091
2457281.4934400003	19.096	0.106
2457284.53375	19.134	0.078
2457292.513	19.259	0.166
2457299.5537900003	19.1	0.096
2457318.51738	18.929000000000002	0.087
2457436.83058	19.082	0.076
2457437.8294599997	19.069000000000003	0.06
2457438.88975	19.083	0.09
2457440.82546	19.323	0.102
2457441.86666	19.119	0.076
2457442.8908599997	18.985	0.08
2457445.86552	19.012999999999998	0.059000000000000004
2457446.87647	19.146	0.055
2457447.87468	19.124000000000002	0.069
2457448.88557	19.058	0.062
2457451.83078	19.125999999999998	0.077
2457452.8478200003	19.095	0.055999999999999994
2457453.84486	19.101	0.049
2457455.79404	19.133	0.091
2457456.80677	19.129	0.077
2457457.80687	18.988	0.066
2457458.80218	19.077	0.076
2457460.8018900002	19.057000000000002	0.064
2457461.80179	19.116	0.055
2457462.78487	19.089000000000002	0.069
2457463.80812	19.105999999999998	0.062
2457464.8783299997	19.12	0.057
2457465.88653	19.069000000000003	0.066
2457467.82059	19.204	0.08
2457470.77738	19.02	0.08800000000000001
2457470.90595	19.185	0.07
2457471.8730599997	19.184	0.10099999999999999
2457472.81133	19.065	0.085
2457473.77944	19.192999999999998	0.131
2457474.81215	19.012999999999998	0.077
2457474.9172099996	19.246	0.096
2457475.85092	19.104	0.115
2457484.78723	19.174	0.08
2457486.72059	19.125999999999998	0.10099999999999999
2457487.82247	19.108	0.077
2457489.79967	19.078	0.066
2457492.70431	19.157	0.073
2457492.93025	19.11	0.11900000000000001
2457493.91744	19.102	0.055
2457494.91544	19.104	0.059000000000000004
2457495.8839	19.078	0.084
2457498.78901	19.301	0.098
2457499.77032	19.074	0.07
2457500.71239	19.006	0.081
2457500.9138700003	19.027	0.092
2457508.76712	19.108	0.05
2457509.86352	19.155	0.071
2457512.79871	19.06	0.05
2457522.86969	19.046	0.10800000000000001
2457526.74456	19.123	0.07400000000000001
2457529.7897799998	18.807000000000002	0.10800000000000001
2457534.7684299997	19.176	0.063
2457536.77045	19.141	0.069
2457545.9137	19.034000000000002	0.073
2457547.54275	18.912	0.078
2457547.8871400002	19.035	0.10300000000000001
2457549.81214	19.229	0.067
2457550.79076	18.994	0.062
2457554.7606200003	19.153	0.11199999999999999
2457555.51963	19.129	0.145
2457555.83981	19.201	0.077
2457557.8258599997	18.996	0.081
2457561.6146400003	19.044	0.087
2457562.59644	19.125999999999998	0.10099999999999999
2457566.80094	18.988	0.078
2457567.49206	19.222	0.11900000000000001
2457567.7450599996	19.038	0.078
2457568.4934	19.365	0.13699999999999998
2457568.7401099997	19.183	0.087
2457569.4923	18.995	0.11199999999999999
2457569.7601900003	19.151	0.096
2457570.71116	19.157	0.069
2457573.6299099997	19.185	0.08
2457575.55169	19.237000000000002	0.076
2457575.72993	19.076	0.059000000000000004
2457576.49546	19.15	0.073
2457576.6885599997	19.098	0.055
2457576.82908	19.104	0.083
2457579.67332	19.172	0.07
2457581.80829	19.035999999999998	0.087
2457584.5164099997	19.149	0.10099999999999999
2457584.6595	19.067	0.076
2457584.80938	19.045	0.10800000000000001
2457589.61465	18.999000000000002	0.08
2457589.77286	18.799	0.109
2457590.5628400003	19.038	0.06
2457590.7108400003	18.779	0.09
2457593.4879900003	19.135	0.084
2457593.65363	19.044	0.055999999999999994
2457595.51549	19.194000000000003	0.11
2457596.57988	18.95	0.046
2457599.50037	19.259	0.105
2457599.56784	19.319000000000003	0.115
2457599.65942	18.988	0.067
2457599.67715	19.03	0.063
2457600.50933	19.06	0.096
2457600.52317	19.108	0.092
2457600.6030900003	18.982	0.076
2457600.73173	19.264	0.085
2457601.7179400004	19.171	0.067
2457601.7304599998	19.057000000000002	0.057
2457602.55854	19.149	0.094
2457602.71765	19.012	0.076
2457603.52561	19.11	0.062
2457603.68315	19.188	0.064
2457604.51145	19.067	0.076
2457604.65286	19.109	0.055
2457605.49027	19.095	0.071
2457605.65649	19.102	0.066
2457606.66299	19.081	0.078
2457607.5708	19.131	0.07
2457607.73275	19.304000000000002	0.083
2457608.65231	19.13	0.055
2457609.50732	19.097	0.085
2457609.69695	19.047	0.067
2457610.53703	19.205	0.10300000000000001
2457610.72431	19.101	0.07
2457612.49928	19.145	0.10300000000000001
2457612.6405599997	19.177	0.095
2457616.50105	19.118	0.09
2457616.67911	18.948	0.071
2457617.62074	19.14	0.106
2457618.50721	18.864	0.09
2457618.67063	19.024	0.11
2457621.49161	19.01	0.07400000000000001
2457621.68693	19.192	0.11599999999999999
2457622.64072	19.118	0.066
2457623.53819	19.168	0.073
2457624.47836	19.002	0.084
2457624.66959	19.19	0.073
2457625.64188	19.038	0.07
2457626.63501	19.1	0.073
2457630.6088400004	19.15	0.071
2457631.58674	19.177	0.062
2457632.57094	19.142	0.067
2457633.61393	19.017	0.07400000000000001
2457635.52123	19.442999999999998	0.122
2457636.5819900003	19.208	0.081
2457637.57212	19.077	0.06
2457638.58295	19.049	0.073
2457639.63608	19.05	0.067
2457644.55588	19.204	0.14400000000000002
2457647.53588	19.102	0.092
2457648.5753900004	18.979	0.083
2457649.60025	19.169	0.08
2457650.48305	19.19	0.07400000000000001
2457650.4991599997	19.131	0.06
2457651.5144599997	19.115	0.067
2457651.53793	19.127	0.076
2457652.50165	19.063	0.057
2457652.56618	19.112000000000002	0.07400000000000001
2457653.5010900004	19.082	0.064
2457653.60327	19.094	0.064
2457654.5057	19.11	0.085
2457655.5024200003	19.105999999999998	0.07400000000000001
2457656.48564	18.883	0.077
2457656.50422	19.13	0.084
2457657.55245	19.067	0.07
2457657.5923	19.084	0.069
2457658.51076	19.052	0.069
2457659.5108	19.124000000000002	0.08800000000000001
2457660.50283	19.108	0.099
2457660.5536599997	18.958	0.084
2457661.50441	19.079	0.091
2457662.48859	18.942999999999998	0.08800000000000001
2457662.50449	19.111	0.091
2457664.5032099998	19.223	0.12
2457664.55889	19.105999999999998	0.11
2457665.50712	19.008	0.091
2457666.50539	19.186	0.102
2457666.5286	19.209	0.098
2457667.5104799997	19.063	0.09
2457671.49163	19.18	0.115
2457672.49302	19.079	0.087
2457673.49957	19.230999999999998	0.106
2457675.4983099997	19.063	0.122
2457682.49545	18.903	0.09
2457683.49466	19.000999999999998	0.113
2457791.88169	19.032	0.078
2457792.88447	19.041	0.09
2457793.87593	19.155	0.073
2457794.8829099997	18.98	0.099
2457795.88694	19.076	0.10099999999999999
2457798.85383	19.032	0.073
2457800.84603	19.153	0.09
2457801.89825	19.347	0.179
2457807.83856	19.125999999999998	0.07
2457810.8157900004	19.144000000000002	0.078
2457812.8815	19.12	0.06
2457816.80912	19.023	0.078
2457818.85208	19.108	0.06
2457820.8862900003	19.070999999999998	0.06
2457822.89473	19.1	0.069
2457825.82297	19.149	0.081
2457827.80053	19.137	0.081
2457828.90348	19.083	0.071
2457834.8777900003	19.163	0.08
2457836.81346	19.178	0.094
2457837.8736900003	19.125	0.063
2457839.7565099997	19.159000000000002	0.063
2457840.82944	19.116	0.07
2457841.89469	19.021	0.077
2457843.73363	19.123	0.073
2457844.7757900003	19.155	0.06
2457845.82435	19.128	0.064
2457846.87855	19.149	0.059000000000000004
2457847.91765	19.09	0.071
2457849.7313	19.066	0.076
2457850.7588	19.042	0.07400000000000001
2457851.79188	19.118	0.091
2457853.79753	19.087	0.10800000000000001
2457854.84942	19.125999999999998	0.073
2457855.89848	19.074	0.069
2457856.92625	18.933	0.152
2457858.81522	18.919	0.055
2457862.79235	19.022000000000002	0.067
2457863.90215	19.125	0.076
2457864.86094	19.182000000000002	0.057
2457866.87627	19.074	0.049
2457867.89418	19.142	0.06
2457869.72524	19.184	0.067
2457870.7521	19.133	0.049
2457871.76601	19.151	0.055999999999999994
2457872.79176	19.094	0.05
2457873.77688	19.167	0.052000000000000005
2457874.76072	19.139	0.09
2457875.86277	19.114	0.066
2457876.8095400003	19.107	0.055999999999999994
2457877.79282	19.123	0.049
2457878.82362	19.245	0.062
2457879.7844700003	19.112000000000002	0.087
2457880.8429400004	18.997	0.095
2457881.9353	19.062	0.13
2457883.68304	19.127	0.129
2457890.88155	19.13	0.133
2457893.846	19.11	0.066
2457894.72468	19.04	0.053
2457895.61943	19.005	0.07
2457901.59442	19.16	0.113
2457902.59165	19.188	0.106
2457902.84867	19.034000000000002	0.091
2457904.58342	18.993	0.099
2457904.84154	19.135	0.07400000000000001
2457905.70283	19.099	0.052000000000000005
2457906.59554	19.077	0.076
2457906.85194	19.049	0.064
2457907.73644	19.1	0.055999999999999994
2457908.69953	19.115	0.064
2457909.57475	19.163	0.10800000000000001
2457909.82222	19.183	0.077
2457910.60708	19.055999999999997	0.083
2457910.8716599997	19.037	0.069
2457911.75428	19.115	0.11
2457916.68738	19.074	0.07400000000000001
2457916.90297	18.991	0.147
2457917.76665	19.124000000000002	0.073
2457918.66645	19.117	0.09
2457922.72617	19.262	0.087
2457923.7492400003	19.131	0.095
2457924.56557	18.962	0.069
2457924.8151700003	19.094	0.066
2457925.74033	19.096	0.08
2457926.64568	19.064	0.062
2457932.76668	19.034000000000002	0.07
2457933.62374	19.13	0.066
2457934.55877	19.117	0.063
2457934.80454	19.215999999999998	0.098
2457935.65853	19.057000000000002	0.057
2457936.53672	19.166	0.084
2457936.8088700003	19.186	0.07400000000000001
2457937.6206400003	19.122	0.062
2457938.54887	19.07	0.08
2457944.51332	19.107	0.10300000000000001
2457944.61641	18.991	0.071
2457944.7280900003	19.031	0.073
2457945.49407	19.115	0.098
2457945.73276	19.037	0.057
2457946.5804	19.094	0.071
2457947.5082400003	19.079	0.076
2457947.78779	19.072	0.09
2457948.66824	19.116	0.08800000000000001
2457949.6054599998	19.112000000000002	0.084
2457952.76135	19.134	0.077
2457953.66046	19.163	0.067
2457954.55237	19.147000000000002	0.057
2457955.75365	19.116	0.062
2457956.6804	19.064	0.06
2457957.7359700003	19.118	0.078
2457958.76245	19.085	0.081
2457959.65937	19.055	0.059000000000000004
2457960.54502	19.074	0.059000000000000004
2457961.56397	18.969	0.055999999999999994
2457962.5045	19.136	0.06
2457964.57008	19.124000000000002	0.069
2457965.67122	19.148	0.07
2457966.64274	19.131	0.081
2457967.6898	19.176	0.11
2457971.53026	19.215	0.10800000000000001
2457971.6203900003	19.115	0.085
2457971.7233	19.044	0.099
2457972.55381	19.094	0.122
2457972.66842	19.024	0.105
2457973.61257	19.084	0.091
2457974.5912599997	19.065	0.071
2457979.47059	19.198	0.109
2457980.55786	19.223	0.102
2457981.6263900003	19.096	0.066
2457982.66224	19.096	0.073
2457984.53486	19.15	0.09
2457985.5995	19.090999999999998	0.087
2457987.51197	19.089000000000002	0.055
2457990.58977	19.090999999999998	0.08
2457991.6538400003	19.201	0.12
2457993.5227200002	19.092	0.071
2457994.5821	19.0	0.07
2457998.55033	19.062	0.078
2457998.6438700003	19.171	0.158
2458000.5778200002	19.149	0.12300000000000001
2458001.55425	19.143	0.07400000000000001
2458003.5459	19.145	0.122
2458007.52522	19.039	0.084
2458011.50392	19.147000000000002	0.106
2458013.5547	19.065	0.07
2458016.47627	19.016	0.165
2458018.5429	19.197	0.084
2458021.55138	19.168	0.091
2458026.55842	19.259	0.126
2458048.52096	19.06	0.067
