2455377.80657	16.367	0.011000000000000001
2455379.83695	16.374000000000002	0.013000000000000001
2455382.6066799997	16.365	0.012
2455386.49299	16.381	0.011000000000000001
2455386.57521	16.367	0.009000000000000001
2455386.65925	16.375	0.009000000000000001
2455387.8012900003	16.389	0.011000000000000001
2455391.4942	16.351	0.012
2455396.6329	16.375999999999998	0.011000000000000001
2455404.6316299997	16.375999999999998	0.011000000000000001
2455408.62556	16.373	0.012
2455412.58493	16.36	0.012
2455421.5852900003	16.373	0.011000000000000001
2455431.50841	16.369	0.011000000000000001
2455438.5179	16.366	0.011000000000000001
2455446.50724	16.378	0.011000000000000001
2455451.66586	16.355999999999998	0.009000000000000001
2455458.4955700003	16.37	0.012
2455459.61132	16.358	0.011000000000000001
2455461.57113	16.374000000000002	0.015
2455463.5962	16.358	0.011000000000000001
2455464.55596	16.357	0.012
2455467.5789099997	16.368	0.011000000000000001
2455470.59369	16.375	0.011000000000000001
2455472.55605	16.355	0.012
2455476.51006	16.36	0.011000000000000001
2455479.54324	16.348	0.011000000000000001
2455481.53795	16.38	0.018000000000000002
2455486.55089	16.371	0.015
2455488.53516	16.366	0.012
2455490.54535	16.375999999999998	0.015
2455495.52442	16.355	0.011000000000000001
2455612.89127	16.365	0.012
2455616.88677	16.357	0.011000000000000001
2455620.9007900003	16.352	0.013000000000000001
2455624.88345	16.35	0.009000000000000001
2455626.85446	16.36	0.011000000000000001
2455628.81397	16.367	0.011000000000000001
2455630.8281099997	16.352999999999998	0.009000000000000001
2455632.8213400003	16.363	0.011000000000000001
2455634.80038	16.359	0.011000000000000001
2455637.83516	16.368	0.012
2455638.84029	16.365	0.009000000000000001
2455639.8851099997	16.368	0.009000000000000001
2455640.79512	16.375	0.012
2455642.79023	16.345	0.011000000000000001
2455644.7702099998	16.389	0.015
2455649.77202	16.347	0.011000000000000001
2455650.90202	16.362000000000002	0.009000000000000001
2455653.76515	16.355	0.009000000000000001
2455655.79849	16.358	0.009000000000000001
2455657.82108	16.361	0.008
2455659.71814	16.365	0.011000000000000001
2455660.79508	16.364	0.009000000000000001
2455662.9145299997	16.355999999999998	0.009000000000000001
2455665.7924099998	16.361	0.009000000000000001
2455669.88166	16.371	0.009000000000000001
2455676.7820200003	16.357	0.009000000000000001
2455680.8585599996	16.354	0.009000000000000001
2455683.9375299998	16.347	0.015
2455687.77135	16.367	0.009000000000000001
2455692.9019	16.352	0.011000000000000001
2455695.7877599997	16.349	0.009000000000000001
2455697.91737	16.364	0.011000000000000001
2455707.79431	16.367	0.009000000000000001
2455712.82256	16.352	0.009000000000000001
2455716.8314400003	16.352	0.011000000000000001
2455723.7681400003	16.257	0.009000000000000001
2455726.77758	16.345	0.018000000000000002
2455736.55746	16.347	0.011000000000000001
2455738.7292299997	16.368	0.008
2455741.51448	16.375	0.011000000000000001
2455744.5043200003	16.37	0.013000000000000001
2455746.70835	16.367	0.011000000000000001
2455749.73625	16.362000000000002	0.011000000000000001
2455760.81783	16.357	0.012
2455762.61057	16.364	0.011000000000000001
2455763.62134	16.363	0.011000000000000001
2455767.5046	16.374000000000002	0.011000000000000001
2455769.73015	16.365	0.011000000000000001
2455779.6044	16.364	0.009000000000000001
2455787.48262	16.374000000000002	0.011000000000000001
2455791.60727	16.375	0.009000000000000001
2455796.60277	16.373	0.011000000000000001
2455804.68312	16.375	0.011000000000000001
2455816.54238	16.361	0.011000000000000001
2455820.58692	16.366	0.011000000000000001
2455827.49965	16.395	0.013000000000000001
2455828.60242	16.357	0.011000000000000001
2455830.5759900003	16.366	0.011000000000000001
2455832.59816	16.351	0.012
2455835.54978	16.344	0.013000000000000001
2455839.59965	16.347	0.018000000000000002
2455843.60132	16.359	0.013000000000000001
2455846.51007	16.359	0.015
2455855.5580700003	16.374000000000002	0.012
2455976.8596799998	16.358	0.009000000000000001
2455981.88914	16.365	0.011000000000000001
2455985.82951	16.375	0.011000000000000001
2455988.81423	16.384	0.012
2455990.86774	16.375999999999998	0.009000000000000001
2455993.82713	16.369	0.012
2455995.84015	16.355	0.009000000000000001
2455997.87187	16.363	0.009000000000000001
2455999.87074	16.366	0.009000000000000001
2456005.76575	16.355	0.009000000000000001
2456006.91895	16.36	0.011000000000000001
2456008.86235	16.37	0.009000000000000001
2456010.78397	16.358	0.009000000000000001
2456011.91358	16.342	0.011000000000000001
2456013.8363	16.357	0.009000000000000001
2456015.76299	16.351	0.008
2456016.87342	16.362000000000002	0.009000000000000001
2456018.77205	16.369	0.009000000000000001
2456019.87261	16.354	0.008
2456021.71442	16.35	0.012
2456022.76698	16.386	0.009000000000000001
2456023.8286200003	16.375999999999998	0.009000000000000001
2456024.83358	16.363	0.009000000000000001
2456025.90577	16.364	0.011000000000000001
2456034.69639	16.36	0.009000000000000001
2456038.76838	16.378	0.009000000000000001
2456041.9193700003	16.375999999999998	0.009000000000000001
2456049.75193	16.389	0.009000000000000001
2456052.83501	16.39	0.011000000000000001
2456058.91929	16.386	0.011000000000000001
2456062.76546	16.368	0.011000000000000001
2456065.71649	16.367	0.008
2456067.83179	16.371	0.009000000000000001
2456069.9367	16.358	0.008
2456071.90305	16.373	0.011000000000000001
2456077.75248	16.359	0.008
2456079.70873	16.37	0.009000000000000001
2456081.648	16.39	0.011000000000000001
2456086.84901	16.367	0.009000000000000001
2456092.6024599997	16.363	0.009000000000000001
2456094.75577	16.368	0.009000000000000001
2456097.89727	16.365	0.011000000000000001
2456100.7655	16.358	0.009000000000000001
2456102.69363	16.365	0.009000000000000001
2456108.56091	16.362000000000002	0.009000000000000001
2456114.6142700003	16.359	0.011000000000000001
2456116.594	16.348	0.008
2456118.52332	16.346	0.009000000000000001
2456120.51431	16.363	0.011000000000000001
2456123.5572599997	16.363	0.009000000000000001
2456125.57685	16.372	0.009000000000000001
2456128.54685	16.351	0.008
2456133.62186	16.37	0.009000000000000001
2456136.70979	16.364	0.011000000000000001
2456141.58752	16.377	0.012
2456148.63058	16.367	0.008
2456152.5419	16.379	0.009000000000000001
2456159.55528	16.381	0.011000000000000001
2456164.69598	16.358	0.012
2456171.6050400003	16.385	0.009000000000000001
2456180.55295	16.37	0.009000000000000001
2456184.63755	16.394000000000002	0.009000000000000001
2456195.60164	16.417	0.011000000000000001
2456197.57478	16.415	0.011000000000000001
2456203.54768	16.391	0.011000000000000001
2456205.57486	16.372	0.009000000000000001
2456210.53314	16.378	0.009000000000000001
2456217.53959	16.368	0.009000000000000001
2456223.56715	16.365	0.012
2456232.50859	16.363	0.012
2456339.86736	16.385	0.008
2456344.864	16.362000000000002	0.008
2456353.8031200003	16.36	0.009000000000000001
2456361.82295	16.362000000000002	0.009000000000000001
2456363.87121	16.367	0.009000000000000001
2456369.8040400003	16.367	0.009000000000000001
2456371.79823	16.365	0.008
2456372.79091	16.363	0.009000000000000001
2456374.7611	16.348	0.011000000000000001
2456375.8919900004	16.351	0.008
2456377.84665	16.359	0.008
2456379.7779200003	16.355	0.009000000000000001
2456380.91629	16.342	0.009000000000000001
2456382.84723	16.340999999999998	0.011000000000000001
2456387.77568	16.355	0.008
2456388.90056	16.367	0.008
2456390.7620900003	16.355999999999998	0.008
2456393.77148	16.371	0.009000000000000001
2456396.83899	16.369	0.008
2456399.81172	16.358	0.008
2456402.85811	16.349	0.008
2456406.82775	16.337	0.009000000000000001
2456415.79493	16.385	0.011000000000000001
2456418.66682	16.347	0.009000000000000001
2456420.7565	16.348	0.008
2456423.91033	16.372	0.009000000000000001
2456428.74085	16.352999999999998	0.009000000000000001
2456432.81427	16.352	0.009000000000000001
2456434.94569	16.351	0.011000000000000001
2456437.7548	16.362000000000002	0.011000000000000001
2456442.85349	16.346	0.008
2456447.92001	16.359	0.009000000000000001
2456449.8555400004	16.362000000000002	0.008
2456451.79873	16.362000000000002	0.009000000000000001
2456454.79852	16.339000000000002	0.009000000000000001
2456457.7671	16.355999999999998	0.008
2456459.7204	16.361	0.008
2456461.89575	16.336	0.009000000000000001
2456464.6458799997	16.363	0.011000000000000001
2456469.73459	16.379	0.009000000000000001
2456474.60367	16.364	0.009000000000000001
2456476.53208	16.368	0.011000000000000001
2456478.59021	16.361	0.009000000000000001
2456481.5749	16.35	0.009000000000000001
2456485.79675	16.334	0.008
2456491.67395	16.344	0.009000000000000001
2456497.5753200003	16.346	0.009000000000000001
2456500.5599	16.351	0.011000000000000001
2456505.77575	16.342	0.012
2456509.64459	16.349	0.008
2456514.62923	16.373	0.008
2456519.57305	16.358	0.009000000000000001
2456525.64794	16.358	0.012
2456533.55439	16.334	0.009000000000000001
2456541.56172	16.346	0.008
2456551.58098	16.378	0.013000000000000001
2456562.5378400004	16.335	0.009000000000000001
2456565.51453	16.342	0.009000000000000001
2456568.60452	16.334	0.009000000000000001
2456571.58476	16.346	0.011000000000000001
2456579.51248	16.349	0.009000000000000001
2456583.52238	16.364	0.012
2456586.54132	16.333	0.012
2456699.85	16.342	0.009000000000000001
2456707.84392	16.352999999999998	0.012
2456710.88301	16.335	0.008
2456716.83257	16.336	0.008
2456719.8160200003	16.35	0.009000000000000001
2456721.83904	16.352999999999998	0.008
2456723.87765	16.334	0.008
2456725.89279	16.343	0.009000000000000001
2456727.8791400003	16.345	0.008
2456729.86686	16.358	0.008
2456732.79277	16.349	0.012
2456733.88743	16.349	0.008
2456735.83658	16.337	0.009000000000000001
2456736.91902	16.359	0.013000000000000001
2456744.77611	16.338	0.009000000000000001
2456745.87773	16.344	0.008
2456747.9013900002	16.346	0.008
2456750.85751	16.355999999999998	0.008
2456755.8130900003	16.358	0.009000000000000001
2456758.8977	16.351	0.009000000000000001
2456761.85159	16.352999999999998	0.008
2456764.85168	16.334	0.008
2456769.81611	16.355	0.008
2456772.68017	16.349	0.008
2456774.8258	16.355	0.011000000000000001
2456777.83097	16.34	0.008
2456790.62678	16.339000000000002	0.012
2456791.91304	16.340999999999998	0.011000000000000001
2456796.85868	16.344	0.011000000000000001
2456803.6497	16.352	0.009000000000000001
2456804.9009599998	16.337	0.011000000000000001
2456807.77023	16.348	0.013000000000000001
2456809.65232	16.340999999999998	0.009000000000000001
2456810.94712	16.345	0.021
2456813.93383	16.351	0.011000000000000001
2456815.92399	16.340999999999998	0.011000000000000001
2456817.91732	16.369	0.012
2456823.75997	16.333	0.011000000000000001
2456825.59767	16.339000000000002	0.009000000000000001
2456826.87702	16.355999999999998	0.011000000000000001
2456828.71372	16.358	0.009000000000000001
2456830.57139	16.343	0.011000000000000001
2456832.59415	16.352999999999998	0.009000000000000001
2456834.51681	16.355999999999998	0.012
2456835.81105	16.343	0.011000000000000001
2456837.7088099997	16.343	0.009000000000000001
2456839.55302	16.333	0.011000000000000001
2456841.63942	16.331	0.008
2456844.49437	16.322	0.011000000000000001
2456845.73692	16.366	0.009000000000000001
2456851.52378	16.338	0.011000000000000001
2456855.49001	16.342	0.011000000000000001
2456856.76519	16.346	0.009000000000000001
2456858.71924	16.344	0.009000000000000001
2456863.60619	16.348	0.008
2456870.5651	16.355999999999998	0.011000000000000001
2456874.73178	16.338	0.012
2456880.6082	16.34	0.015
2456883.52903	16.340999999999998	0.009000000000000001
2456886.71696	16.359	0.011000000000000001
2456889.6423299997	16.344	0.009000000000000001
2456895.60335	16.349	0.009000000000000001
2456908.56872	16.352	0.011000000000000001
2456918.61209	16.34	0.012
2456924.6217099996	16.354	0.012
2456930.49355	16.336	0.021
2456937.5227200002	16.336	0.012
2456941.5339099998	16.347	0.013000000000000001
2456951.51571	16.344	0.012
2457085.8689	16.35	0.009000000000000001
2457088.8087400002	16.357	0.011000000000000001
2457090.82347	16.348	0.011000000000000001
2457092.84119	16.348	0.009000000000000001
2457097.89262	16.346	0.008
2457099.91323	16.355	0.011000000000000001
2457102.80515	16.36	0.009000000000000001
2457110.7448	16.36	0.009000000000000001
2457111.89143	16.352	0.009000000000000001
2457115.92173	16.374000000000002	0.012
2457119.82094	16.354	0.011000000000000001
2457126.7512	16.346	0.009000000000000001
2457131.69297	16.352999999999998	0.009000000000000001
2457134.75868	16.355	0.009000000000000001
2457136.89079	16.354	0.009000000000000001
2457139.72984	16.358	0.011000000000000001
2457141.79471	16.337	0.008
2457143.87383	16.364	0.009000000000000001
2457144.71975	16.352	0.012
2457146.84772	16.382	0.011000000000000001
2457152.89704	16.367	0.011000000000000001
2457154.9083	16.36	0.009000000000000001
2457157.6992200003	16.367	0.009000000000000001
2457159.73006	16.371	0.009000000000000001
2457161.7217900003	16.355	0.008
2457163.6746799997	16.346	0.011000000000000001
2457166.69258	16.365	0.011000000000000001
2457169.91929	16.364	0.011000000000000001
2457172.86137	16.366	0.011000000000000001
2457174.71454	16.365	0.009000000000000001
2457178.70892	16.367	0.012
2457179.7453900003	16.363	0.011000000000000001
2457181.57253	16.36	0.011000000000000001
2457182.85811	16.359	0.011000000000000001
2457184.72053	16.373	0.011000000000000001
2457186.63535	16.389	0.013000000000000001
2457188.62818	16.365	0.009000000000000001
2457190.57775	16.372	0.011000000000000001
2457191.59758	16.377	0.011000000000000001
2457194.7952799997	16.361	0.009000000000000001
2457195.8349200003	16.361	0.006
2457198.80095	16.38	0.011000000000000001
2457200.64673	16.365	0.008
2457202.79347	16.352	0.012
2457207.68205	16.36	0.011000000000000001
2457211.58079	16.364	0.009000000000000001
2457217.60225	16.36	0.009000000000000001
2457220.73092	16.365	0.009000000000000001
2457222.65307	16.355999999999998	0.009000000000000001
2457222.6716299998	16.371	0.009000000000000001
2457224.6833	16.359	0.009000000000000001
2457228.7714299997	16.355	0.009000000000000001
2457235.72302	16.382	0.011000000000000001
2457252.50845	16.371	0.012
2457256.55885	16.377	0.013000000000000001
2457263.6682599997	16.379	0.011000000000000001
2457268.4848700003	16.374000000000002	0.009000000000000001
2457271.52427	16.394000000000002	0.012
2457277.5989200003	16.384	0.011000000000000001
2457293.60864	16.362000000000002	0.009000000000000001
2457299.53822	16.366	0.011000000000000001
2457311.52496	16.393	0.011000000000000001
2457322.5285099996	16.375999999999998	0.013000000000000001
2457325.51862	16.393	0.013000000000000001
2457332.51007	16.385	0.012
2457424.87245	16.369	0.009000000000000001
2457425.86797	16.347	0.011000000000000001
2457427.86117	16.383	0.011000000000000001
2457428.86618	16.355	0.009000000000000001
2457429.85379	16.363	0.011000000000000001
2457431.8535	16.375999999999998	0.009000000000000001
2457432.86707	16.372	0.009000000000000001
2457434.8525900003	16.386	0.011000000000000001
2457436.84458	16.375	0.012
2457438.89401	16.383	0.013000000000000001
2457441.88227	16.387	0.009000000000000001
2457443.8516	16.362000000000002	0.012
2457444.82913	16.368	0.011000000000000001
2457445.8926	16.378	0.009000000000000001
2457448.8094	16.379	0.013000000000000001
2457451.88092	16.377	0.012
2457453.89949	16.372	0.009000000000000001
2457454.85184	16.364	0.009000000000000001
2457456.85744	16.363	0.009000000000000001
2457458.87422	16.374000000000002	0.009000000000000001
2457461.87358	16.375999999999998	0.009000000000000001
2457463.91139	16.357	0.009000000000000001
2457466.91073	16.366	0.009000000000000001
2457470.8688	16.369	0.011000000000000001
2457472.79867	16.361	0.011000000000000001
2457474.81475	16.348	0.011000000000000001
2457475.84585	16.363	0.012
2457476.79235	16.354	0.009000000000000001
2457484.88499	16.345	0.009000000000000001
2457486.79767	16.35	0.011000000000000001
2457487.90773	16.351	0.009000000000000001
2457491.70587	16.345	0.011000000000000001
2457492.7645900003	16.345	0.008
2457493.75234	16.361	0.009000000000000001
2457494.7351	16.357	0.009000000000000001
2457495.71915	16.281	0.011000000000000001
2457497.8623599997	16.345	0.009000000000000001
2457498.8724700003	16.352999999999998	0.011000000000000001
2457499.8257299997	16.355	0.011000000000000001
2457500.76688	16.358	0.012
2457507.79041	16.334	0.009000000000000001
2457508.83992	16.336	0.008
2457511.6880799998	16.340999999999998	0.009000000000000001
2457512.8905	16.358	0.008
2457523.8538	16.342	0.009000000000000001
2457526.8673099997	16.340999999999998	0.011000000000000001
2457530.7212099996	16.342	0.011000000000000001
2457534.85734	16.345	0.009000000000000001
2457536.85345	16.34	0.009000000000000001
2457546.7046	16.332	0.009000000000000001
2457547.63069	16.338	0.009000000000000001
2457548.7796099996	16.343	0.008
2457549.88357	16.329	0.009000000000000001
2457550.86254	16.347	0.011000000000000001
2457555.60296	16.327	0.009000000000000001
2457557.90655	16.35	0.012
2457561.7108	16.343	0.012
2457566.56438	16.34	0.011000000000000001
2457567.50728	16.342	0.012
2457567.8278200002	16.342	0.011000000000000001
2457568.84967	16.352999999999998	0.013000000000000001
2457573.6872799997	16.345	0.009000000000000001
2457576.69179	16.347	0.008
2457583.73518	16.339000000000002	0.012
2457589.66653	16.331	0.012
2457593.479	16.307000000000002	0.011000000000000001
2457599.55809	16.340999999999998	0.011000000000000001
2457602.53693	16.333	0.011000000000000001
2457603.77629	16.317999999999998	0.009000000000000001
2457605.7099599997	16.315	0.009000000000000001
2457608.6557299998	16.317	0.009000000000000001
2457610.72774	16.325	0.009000000000000001
2457616.64799	16.317999999999998	0.009000000000000001
2457619.52983	16.329	0.012
2457623.60509	16.315	0.009000000000000001
2457626.59937	16.316	0.009000000000000001
2457632.64828	16.305999999999997	0.011000000000000001
2457637.5901	16.3	0.009000000000000001
2457647.49425	16.299	0.013000000000000001
2457651.60842	16.305	0.011000000000000001
2457657.59432	16.281	0.009000000000000001
2457660.55718	16.274	0.011000000000000001
2457672.54702	16.26	0.011000000000000001
2457681.50398	16.267	0.011000000000000001
2457798.89359	15.902000000000001	0.011000000000000001
2457803.8752200003	15.890999999999998	0.008
2457810.8245	15.882	0.008
2457813.83477	15.895	0.008
2457816.8931299997	15.907	0.008
2457819.82557	15.909	0.008
2457821.8927	15.925999999999998	0.008
2457824.84	15.934000000000001	0.009000000000000001
2457826.85015	15.929	0.008
2457828.8673099997	15.927	0.008
2457830.9114599996	15.939	0.008
2457836.80496	15.959000000000001	0.009000000000000001
2457838.78769	15.96	0.008
2457840.79508	15.97	0.008
2457842.76988	15.972000000000001	0.009000000000000001
2457843.91795	15.99	0.008
2457845.8631700003	16.006	0.008
2457847.8039	16.000999999999998	0.008
2457849.7386	16.003	0.008
2457850.8695400003	16.011	0.008
2457852.87482	16.006	0.009000000000000001
2457854.92151	16.033	0.008
2457856.84051	16.035	0.011000000000000001
2457863.79467	16.064	0.009000000000000001
2457864.75146	16.063	0.008
2457865.89297	16.077	0.008
2457867.7543099998	16.07	0.006
2457869.70017	16.074	0.008
2457870.84193	16.094	0.008
2457872.7271	16.096	0.008
2457873.84337	16.108	0.008
2457874.92245	16.108	0.009000000000000001
2457876.8477	16.108	0.008
2457878.66375	16.115	0.008
2457879.77658	16.137	0.009000000000000001
2457881.77977	16.156	0.011000000000000001
2457882.89435	16.131	0.009000000000000001
2457893.6624	16.164	0.011000000000000001
2457894.66151	16.175	0.009000000000000001
2457895.7820900003	16.185	0.008
2457901.8094200003	16.195999999999998	0.009000000000000001
2457902.93904	16.189	0.012
2457904.68605	16.206	0.009000000000000001
2457905.65506	16.192999999999998	0.008
2457906.61853	16.203	0.009000000000000001
2457907.6603	16.211	0.009000000000000001
2457908.72267	16.203	0.008
2457909.6461099996	16.192	0.009000000000000001
2457910.56062	16.213	0.011000000000000001
2457910.91561	16.215	0.009000000000000001
2457911.82907	16.207	0.012
2457916.81074	16.206	0.009000000000000001
2457917.61312	16.219	0.011000000000000001
2457917.80498	16.235	0.011000000000000001
2457918.67852	16.219	0.011000000000000001
2457923.71035	16.238	0.011000000000000001
2457924.6482	16.250999999999998	0.009000000000000001
2457925.67445	16.245	0.008
2457926.74587	16.236	0.009000000000000001
2457932.73452	16.261	0.009000000000000001
2457933.7223099996	16.238	0.009000000000000001
2457934.73507	16.262999999999998	0.009000000000000001
2457935.7464900003	16.262999999999998	0.009000000000000001
2457936.7439099997	16.258	0.009000000000000001
2457937.71857	16.261	0.009000000000000001
2457944.52779	16.268	0.011000000000000001
2457944.82504	16.27	0.015
2457945.75605	16.265	0.009000000000000001
2457946.7170700002	16.262	0.009000000000000001
2457947.78039	16.275	0.009000000000000001
2457948.7771099997	16.274	0.011000000000000001
2457952.70963	16.284000000000002	0.011000000000000001
2457953.7368099997	16.281	0.009000000000000001
2457954.77113	16.289	0.009000000000000001
2457956.73734	16.29	0.009000000000000001
2457958.66793	16.304000000000002	0.011000000000000001
2457959.7009799997	16.302	0.009000000000000001
2457960.74267	16.303	0.009000000000000001
2457962.50268	16.29	0.009000000000000001
2457964.73657	16.298	0.009000000000000001
2457966.6508	16.307000000000002	0.011000000000000001
2457971.5852900003	16.297	0.011000000000000001
2457972.5964599997	16.303	0.012
2457974.47811	16.295	0.012
2457975.6611599997	16.31	0.013000000000000001
2457980.64603	16.303	0.011000000000000001
2457982.60873	16.314	0.011000000000000001
2457984.56131	16.312	0.011000000000000001
2457986.60015	16.309	0.009000000000000001
2457990.5801	16.304000000000002	0.011000000000000001
2457992.54715	16.320999999999998	0.009000000000000001
2457994.5282900003	16.327	0.011000000000000001
2458000.48685	16.311	0.012
2458002.50127	16.31	0.016
2458005.55225	16.34	0.013000000000000001
2458011.58935	16.317	0.012
2458015.48251	16.323	0.011000000000000001
2458018.5511	16.332	0.011000000000000001
2458026.50605	16.332	0.012
2458036.5437	16.344	0.012
2458048.50685	16.328	0.009000000000000001
2458056.50777	16.35	0.013000000000000001
