2455377.58303	18.515	0.073
2455379.65062	18.528	0.042
2455381.74398	18.454	0.064
2455385.53758	18.458	0.038
2455385.6404	18.496	0.039
2455385.7393799997	18.512	0.038
2455386.83072	18.458	0.05
2455390.6039	18.428	0.047
2455393.75475	18.406	0.065
2455402.67053	18.465999999999998	0.07
2455403.77079	18.457	0.075
2455407.70895	18.480999999999998	0.054000000000000006
2455411.5314599997	18.52	0.043
2455418.57303	18.531	0.043
2455430.5197400004	18.379	0.065
2455436.48193	18.503	0.059000000000000004
2455444.63778	18.458	0.049
2455450.54815	18.434	0.06
2455458.4854099997	18.453	0.062
2455461.50776	18.612000000000002	0.081
2455467.5112	18.502	0.047
2455473.57655	18.495	0.064
2455483.5354299997	18.471	0.13
2455495.50476	18.576	0.064
2455602.85241	18.541	0.055
2455604.86033	18.39	0.055
2455605.85646	18.517	0.047
2455606.8561	18.482	0.047
2455607.85963	18.437	0.049
2455608.8481900003	18.401	0.064
2455611.8462400003	18.48	0.077
2455612.85549	18.528	0.055
2455613.88657	18.541	0.08199999999999999
2455615.84702	18.398	0.048
2455616.84115	18.502	0.066
2455621.8321599998	18.512999999999998	0.048
2455622.78771	18.410999999999998	0.05
2455624.7765099998	18.471	0.049
2455626.83536	18.546	0.061
2455628.77649	18.522000000000002	0.076
2455629.77197	18.588	0.06
2455631.83683	18.422	0.057999999999999996
2455632.8659900003	18.508	0.043
2455633.7651299997	18.533	0.049
2455635.79709	18.575	0.066
2455637.77564	18.46	0.07
2455638.90649	18.507	0.044000000000000004
2455641.8325	18.555999999999997	0.05
2455641.87067	18.491	0.05
2455647.76135	18.508	0.044000000000000004
2455648.92136	18.506	0.098
2455653.8997400003	18.484	0.033
2455658.78102	18.511	0.049
2455662.84915	18.452	0.045
2455667.92943	18.475	0.048
2455675.73923	18.506	0.049
2455679.82385	18.512	0.042
2455682.82262	18.458	0.045
2455686.7349099996	18.515	0.048
2455691.87048	18.332	0.044000000000000004
2455694.7719	18.519000000000002	0.051
2455697.62042	18.507	0.057999999999999996
2455702.58864	18.442999999999998	0.068
2455702.76794	18.517	0.126
2455706.7796099996	18.491	0.059000000000000004
2455709.61722	18.514	0.047
2455709.6299	18.464000000000002	0.044000000000000004
2455715.79702	18.557000000000002	0.044000000000000004
2455722.76998	18.486	0.043
2455725.74394	18.502	0.043
2455734.85299	18.448	0.07
2455737.73008	18.555999999999997	0.038
2455740.56593	18.546	0.061
2455742.59608	18.499000000000002	0.044000000000000004
2455745.6444	18.502	0.048
2455748.63622	18.581	0.044000000000000004
2455753.7587099997	18.526	0.086
2455759.8130900003	18.535	0.092
2455760.49651	18.518	0.071
2455765.47468	18.623	0.055
2455768.73115	18.558	0.04
2455777.56344	18.504	0.048
2455784.4884	18.533	0.09699999999999999
2455784.6195799997	18.489	0.054000000000000006
2455785.67336	18.544	0.071
2455790.5136599997	18.627	0.062
2455794.62053	18.54	0.054000000000000006
2455802.5677099996	18.557000000000002	0.064
2455807.6524799997	18.538	0.067
2455813.6058900002	18.601	0.053
2455818.60077	18.500999999999998	0.073
2455823.61045	18.553	0.07
2455828.59085	18.453	0.051
2455833.53038	18.5	0.047
2455840.55883	18.645	0.067
2455845.50729	18.679000000000002	0.078
2455852.5259	18.377	0.078
2455959.87573	18.582	0.062
2455962.86804	18.55	0.054000000000000006
2455963.8876099996	18.56	0.057999999999999996
2455964.88305	18.502	0.062
2455965.8903200002	18.423	0.054000000000000006
2455968.88829	18.491	0.068
2455984.81029	18.480999999999998	0.047
2455989.87841	18.348	0.043
2455994.88987	18.476	0.045
2455998.9045599997	18.516	0.039
2456002.7713200003	18.55	0.067
2456002.89265	18.499000000000002	0.049
2456006.9103099997	18.442999999999998	0.042
2456010.75014	18.455	0.047
2456013.8253599997	18.423	0.033
2456016.82682	18.48	0.037000000000000005
2456019.83839	18.485	0.038
2456022.73092	18.477	0.045
2456024.88473	18.455	0.043
2456032.85236	18.524	0.042
2456036.88436	18.472	0.034
2456040.80961	18.515	0.047
2456048.6906	18.472	0.042
2456050.8898	18.495	0.045
2456057.69725	18.49	0.054000000000000006
2456057.85658	18.464000000000002	0.039
2456061.76711	18.506	0.038
2456064.74549	18.498	0.033
2456066.89129	18.500999999999998	0.042
2456069.6094299997	18.427	0.048
2456071.6063900003	18.491	0.043
2456076.6312599997	18.487000000000002	0.045
2456078.78062	18.454	0.038
2456080.74029	18.553	0.054000000000000006
2456085.88175	18.418	0.06
2456088.6677599996	18.485	0.036000000000000004
2456093.77038	18.546	0.049
2456096.8189	18.377	0.05
2456099.71843	18.444000000000003	0.061
2456101.7713099997	18.541	0.048
2456103.67338	18.395	0.039
2456105.6083400003	18.413	0.043
2456113.64812	18.369	0.051
2456115.6019099997	18.509	0.044000000000000004
2456117.62003	18.453	0.038
2456119.55243	18.435	0.042
2456121.55618	18.477999999999998	0.034
2456124.6468700003	18.43	0.039
2456126.69498	18.476	0.044000000000000004
2456131.6822900004	18.366	0.031
2456131.75177	18.537	0.05
2456135.56773	18.477999999999998	0.051
2456140.613	18.480999999999998	0.075
2456147.5447400003	18.508	0.047
2456151.5443	18.461	0.057999999999999996
2456157.7080599996	18.515	0.068
2456161.54676	18.424	0.044000000000000004
2456167.62295	18.448	0.048
2456168.66528	18.404	0.047
2456175.60085	18.581	0.054000000000000006
2456182.572	18.375999999999998	0.04
2456190.57829	18.499000000000002	0.044000000000000004
2456197.5778200002	18.512	0.061
2456209.55815	18.493	0.076
2456216.52061	18.573	0.059000000000000004
2456345.87184	18.474	0.038
2456353.90495	18.507	0.054000000000000006
2456362.87572	18.500999999999998	0.045
2456370.8243299997	18.489	0.038
2456374.90858	18.487000000000002	0.043
2456378.83274	18.435	0.037000000000000005
2456381.8936400004	18.495	0.039
2456387.90501	18.45	0.049
2456390.87788	18.468	0.043
2456395.76559	18.472	0.036000000000000004
2456398.75801	18.430999999999997	0.033
2456401.81255	18.533	0.038
2456404.7738	18.480999999999998	0.038
2456408.76132	18.507	0.07
2456417.68248	18.432000000000002	0.055
2456419.78038	18.585	0.049
2456422.7964	18.604	0.055
2456426.7390400004	18.535999999999998	0.037000000000000005
2456431.8330599996	18.517	0.039
2456434.5934900003	18.504	0.065
2456436.65095	18.541	0.053
2456441.92217	18.448	0.077
2456445.60325	18.337	0.042
2456447.61179	18.455	0.037000000000000005
2456448.91104	18.477999999999998	0.061
2456450.86515	18.434	0.042
2456452.86722	18.467	0.038
2456456.63508	18.508	0.028999999999999998
2456458.79069	18.499000000000002	0.038
2456461.5457	18.369	0.045
2456463.66544	18.465	0.049
2456468.7162900004	18.637999999999998	0.064
2456472.84796	18.467	0.062
2456473.66613	18.51	0.034
2456475.61246	18.564	0.042
2456477.59357	18.545	0.039
2456480.62085	18.528	0.049
2456484.54035	18.566	0.045
2456487.53315	18.553	0.048
2456490.64266	18.482	0.04
2456492.7384900004	18.436	0.054000000000000006
2456498.65498	18.535999999999998	0.042
2456504.7138900002	18.648	0.062
2456508.59077	18.534000000000002	0.044000000000000004
2456511.52622	18.468	0.048
2456516.63925	18.46	0.044000000000000004
2456524.4939200003	18.479	0.044000000000000004
2456531.60305	18.454	0.043
2456538.52044	18.582	0.043
2456545.5780599997	18.455	0.04
2456559.5433400003	18.454	0.04
2456565.55812	18.442999999999998	0.045
2456572.57057	18.398	0.053
2456741.83421	18.512999999999998	0.042
2456742.7508400003	18.564	0.042
2456745.82438	18.570999999999998	0.039
2456748.86901	18.529	0.038
2456752.83541	18.534000000000002	0.039
2456757.71472	18.418	0.049
2456760.7684	18.529	0.039
2456763.76003	18.528	0.045
2456768.76387	18.545	0.044000000000000004
2456768.77954	18.49	0.033
2456770.84989	18.533	0.039
2456773.75369	18.392	0.067
2456776.68653	18.499000000000002	0.04
2456784.91466	18.487000000000002	0.045
2456785.90538	18.511	0.042
2456786.92901	18.567	0.05
2456790.9399	18.555999999999997	0.08800000000000001
2456792.8632799997	18.488	0.06
2456797.8762	18.623	0.075
2456804.5679599997	18.414	0.044000000000000004
2456805.84735	18.45	0.064
2456808.69591	18.554000000000002	0.044000000000000004
2456810.62071	18.477999999999998	0.043
2456811.89333	18.445999999999998	0.066
2456814.92286	18.522000000000002	0.064
2456817.9158400004	18.555	0.073
2456819.62245	18.487000000000002	0.066
2456824.6527400003	18.63	0.064
2456826.5339099998	18.428	0.055999999999999994
2456827.75886	18.531	0.043
2456829.62351	18.51	0.051
2456831.6348599996	18.499000000000002	0.034
2456833.57667	18.494	0.055999999999999994
2456834.83377	18.422	0.067
2456836.77093	18.497	0.057999999999999996
2456838.61424	18.502	0.05
2456840.46747	18.421	0.081
2456842.53828	18.664	0.076
2456844.81488	18.54	0.067
2456847.62865	18.472	0.042
2456855.8015099997	18.5	0.049
2456857.7384900004	18.456	0.038
2456862.58954	18.532	0.05
2456864.5946400003	18.410999999999998	0.042
2456872.61927	18.507	0.044000000000000004
2456878.56754	18.525	0.08800000000000001
2456881.73878	18.489	0.079
2456885.65595	18.477999999999998	0.047
2456888.54717	18.484	0.038
2456891.4816799997	18.419	0.053
2456900.50093	18.531	0.04
2456912.6174	18.621	0.07200000000000001
2456922.57513	18.491	0.054000000000000006
2456927.54385	18.428	0.057999999999999996
2456932.54292	18.48	0.081
2456940.5281	18.496	0.071
2457065.8863	18.422	0.055999999999999994
2457072.8706799997	18.433	0.043
2457077.8868400003	18.52	0.05
2457081.89976	18.569000000000003	0.057999999999999996
2457086.79674	18.449	0.055999999999999994
2457089.87376	18.529	0.048
2457092.89635	18.442	0.043
2457097.82156	18.474	0.033
2457100.80402	18.496	0.042
2457109.91704	18.529	0.047
2457112.83002	18.389	0.042
2457114.79679	18.498	0.044000000000000004
2457117.83307	18.473	0.043
2457120.8829099997	18.463	0.04
2457129.8764400003	18.479	0.038
2457132.75971	18.426	0.04
2457135.82864	18.437	0.028999999999999998
2457138.65495	18.425	0.064
2457140.75952	18.437	0.043
2457142.85837	18.468	0.039
2457145.893	18.488	0.051
2457147.80216	18.451	0.053
2457153.86916	18.469	0.038
2457155.9026200003	18.487000000000002	0.044000000000000004
2457158.75844	18.471	0.039
2457160.72353	18.477999999999998	0.04
2457162.69517	18.459	0.042
2457164.73137	18.498	0.044000000000000004
2457169.5915200002	18.451	0.049
2457170.87241	18.403	0.042
2457173.81105	18.509	0.05
2457175.6518599996	18.579	0.065
2457178.66437	18.500999999999998	0.049
2457180.64922	18.438	0.051
2457181.89917	18.428	0.054000000000000006
2457183.77127	18.495	0.049
2457185.63014	18.489	0.048
2457187.66786	18.531	0.043
2457189.64488	18.455	0.048
2457193.80688	18.474	0.036000000000000004
2457197.8384700003	18.408	0.055999999999999994
2457199.7307599997	18.495	0.037000000000000005
2457206.73885	18.488	0.055999999999999994
2457209.74543	18.479	0.05
2457214.5041799997	18.643	0.068
2457219.69334	18.534000000000002	0.04
2457221.6728	18.495	0.044000000000000004
2457223.65986	18.453	0.043
2457226.50468	18.422	0.049
2457227.7581	18.519000000000002	0.051
2457229.74048	18.406	0.057999999999999996
2457233.48971	18.288	0.06
2457249.53607	18.415	0.06
2457253.62288	18.494	0.043
2457261.5677	18.469	0.077
2457265.54891	18.503	0.048
2457269.5899099996	18.442999999999998	0.039
2457273.63933	18.364	0.05
2457281.52873	18.436	0.059000000000000004
2457291.52085	18.398	0.076
2457296.5803400003	18.485	0.073
2457438.82419	18.474	0.054000000000000006
2457445.80663	18.339000000000002	0.049
2457451.85896	18.342	0.04
2457455.85517	18.348	0.038
2457460.82255	18.328	0.038
2457464.85067	18.296	0.031
2457470.84192	18.334	0.048
2457474.77921	18.345	0.045
2457480.86267	18.340999999999998	0.055999999999999994
2457485.91503	18.324	0.037000000000000005
2457488.75195	18.324	0.039
2457492.70592	18.294	0.048
2457494.7517	18.336	0.033
2457497.92561	18.327	0.048
2457500.68595	18.305	0.049
2457508.66117	18.218	0.031
2457509.9261	18.262	0.044000000000000004
2457518.87792	18.29	0.047
2457526.84247	18.225	0.04
2457534.6754400004	18.207	0.037000000000000005
2457536.8284299998	18.160999999999998	0.038
2457546.82493	18.204	0.05
2457547.52889	18.176	0.05
2457547.90263	18.096	0.043
2457550.65369	18.16	0.034
2457554.69421	18.121	0.033
2457561.50835	18.062	0.053
2457562.56549	18.083	0.037000000000000005
2457567.4889599998	18.025	0.048
2457567.55306	18.086	0.038
2457568.71306	18.043	0.036000000000000004
2457569.48922	18.023	0.047
2457573.71386	17.93	0.028999999999999998
2457575.4892700003	18.059	0.044000000000000004
2457575.83387	17.965999999999998	0.034
2457576.4644	17.988	0.043
2457576.84303	18.05	0.042
2457577.46693	18.129	0.051
2457582.7343900003	17.989	0.034
2457584.77471	17.974	0.04
2457589.77428	17.907	0.044000000000000004
2457591.4913	17.885	0.028999999999999998
2457593.75622	17.842	0.025
2457599.49876	17.820999999999998	0.033
2457599.56624	17.804000000000002	0.031
2457599.6608700003	17.846	0.027999999999999997
2457599.67555	17.855999999999998	0.027999999999999997
2457600.5077400003	17.855999999999998	0.036000000000000004
2457600.6014900003	17.814	0.033
2457600.72921	17.869	0.027999999999999997
2457601.7288599997	17.759	0.027000000000000003
2457602.47672	17.805	0.034
2457603.52702	17.79	0.025
2457604.5501900003	17.788	0.022000000000000002
2457605.58615	17.779	0.027000000000000003
2457607.5307400003	17.756	0.026000000000000002
2457608.6537200003	17.764	0.021
2457610.4931	17.741	0.027999999999999997
2457612.51339	17.72	0.027000000000000003
2457616.5663400004	17.639	0.027000000000000003
2457617.70977	17.635	0.037000000000000005
2457621.5258	17.588	0.025
2457622.69925	17.542	0.022000000000000002
2457624.60915	17.551	0.022000000000000002
2457626.62158	17.535999999999998	0.022000000000000002
2457631.61748	17.485	0.017
2457634.53102	17.497	0.026000000000000002
2457637.5260799997	17.447	0.019
2457639.62308	17.408	0.019
2457647.58214	17.317	0.021
2457650.49756	17.305999999999997	0.016
2457651.51284	17.267	0.017
2457652.5000400003	17.28	0.016
2457652.60242	17.283	0.017
2457653.4994900003	17.262	0.017
2457654.5041099996	17.283	0.02
2457655.5008099996	17.212	0.017
2457656.50262	17.194000000000003	0.02
2457657.54814	17.186	0.016
2457658.50478	17.195	0.017
2457659.5071900003	17.194000000000003	0.019
2457660.50123	17.2	0.021
2457661.50281	17.163	0.02
2457662.50289	17.139	0.019
2457664.50159	17.105	0.021
2457664.5778799998	17.179000000000002	0.027999999999999997
2457665.50552	17.122	0.02
2457666.5038	17.089000000000002	0.019
2457667.50889	17.094	0.019
2457671.49005	17.082	0.023
2457672.49144	17.04	0.017
2457673.49798	17.069000000000003	0.02
2457675.4944599997	17.045	0.026000000000000002
2457682.49386	17.046	0.022000000000000002
2457683.49308	17.035999999999998	0.023
2457797.85561	18.066	0.044000000000000004
2457799.86532	18.132	0.047
2457801.85378	18.025	0.044000000000000004
2457803.83532	18.092	0.045
2457809.81676	18.154	0.039
2457814.89849	18.185	0.032
2457817.8659599996	18.171	0.028999999999999998
2457819.8837	18.139	0.028999999999999998
2457822.8054400003	18.168	0.048
2457824.8313700003	18.198	0.045
2457826.82658	18.296	0.054000000000000006
2457828.81428	18.197	0.039
2457830.8371900003	18.218	0.06
2457834.84636	18.238	0.039
2457836.7785400003	18.24	0.048
2457837.8429	18.255	0.036000000000000004
2457838.91605	18.259	0.037000000000000005
2457840.7880599997	18.235	0.037000000000000005
2457841.86105	18.257	0.053
2457842.91327	18.257	0.039
2457844.7451299997	18.271	0.034
2457845.7940599998	18.250999999999998	0.033
2457846.84724	18.262	0.036000000000000004
2457847.89317	18.243	0.034
2457848.91579	18.291	0.034
2457850.72821	18.307000000000002	0.047
2457851.76127	18.322	0.049
2457852.88349	18.329	0.048
2457854.81673	18.282	0.04
2457855.85544	18.31	0.042
2457856.89374	18.293	0.065
2457862.76063	18.31	0.05
2457863.85667	18.317	0.037000000000000005
2457864.82715	18.289	0.028999999999999998
2457865.82051	18.298	0.032
2457866.8409700003	18.340999999999998	0.032
2457867.86242	18.293	0.033
2457869.6916	18.311	0.037000000000000005
2457870.7201900003	18.299	0.031
2457871.73528	18.311	0.031
2457872.7505099997	18.32	0.031
2457873.74548	18.324	0.031
2457874.72997	18.295	0.042
2457875.82218	18.354	0.033
2457876.7756	18.338	0.037000000000000005
2457877.75151	18.319000000000003	0.031
2457878.79134	18.323	0.033
2457879.75371	18.293	0.054000000000000006
2457880.8100400004	18.343	0.064
2457881.9011	18.405	0.066
2457882.90267	18.375	0.043
2457890.84957	18.288	0.044000000000000004
2457893.8150299997	18.334	0.044000000000000004
2457894.6848299997	18.338	0.037000000000000005
2457894.9367299997	18.392	0.061
2457897.7450900003	18.362000000000002	0.045
2457901.84884	18.301	0.042
2457902.81543	18.424	0.051
2457903.89271	18.39	0.048
2457904.81092	18.340999999999998	0.036000000000000004
2457905.6628099997	18.355999999999998	0.033
2457906.56432	18.324	0.045
2457906.82098	18.296	0.037000000000000005
2457907.70363	18.424	0.044000000000000004
2457908.6593299997	18.367	0.042
2457908.9128400004	18.364	0.054000000000000006
2457909.79045	18.379	0.042
2457910.57666	18.395	0.066
2457910.83193	18.432000000000002	0.055999999999999994
2457911.6979400003	18.391	0.048
2457916.66235	18.41	0.043
2457916.8796	18.48	0.071
2457917.7344400003	18.352999999999998	0.043
2457918.61249	18.439	0.06
2457922.68383	18.351	0.038
2457923.71855	18.469	0.057999999999999996
2457924.535	18.437	0.044000000000000004
2457924.7845400004	18.375999999999998	0.039
2457925.69936	18.394000000000002	0.037000000000000005
2457926.6083299997	18.379	0.04
2457932.72672	18.37	0.05
2457933.5927	18.366	0.047
2457934.52833	18.414	0.048
2457934.77402	18.394000000000002	0.047
2457935.6263200003	18.357	0.038
2457936.50514	18.37	0.049
2457936.7767	18.429000000000002	0.048
2457937.58926	18.426	0.044000000000000004
2457938.51736	18.467	0.067
2457944.49981	18.435	0.055
2457944.60337	18.489	0.054000000000000006
2457944.71548	18.425	0.05
2457945.46533	18.533	0.077
2457945.70082	18.365	0.036000000000000004
2457946.54831	18.404	0.043
2457946.8053099997	18.439	0.053
2457947.75575	18.467	0.06
2457948.63449	18.414	0.045
2457949.57211	18.4	0.055
2457952.7211599997	18.422	0.045
2457953.62393	18.375	0.042
2457954.51796	18.395	0.039
2457955.71143	18.48	0.036000000000000004
2457956.6458	18.348	0.034
2457957.70358	18.406	0.048
2457958.72882	18.442999999999998	0.059000000000000004
2457959.62689	18.415	0.037000000000000005
2457960.5134	18.366	0.043
2457960.7844700003	18.391	0.05
2457962.48068	18.447	0.042
2457964.54399	18.511	0.049
2457965.64761	18.329	0.049
2457966.6108	18.339000000000002	0.05
2457967.66628	18.375999999999998	0.059000000000000004
2457971.51716	18.403	0.057999999999999996
2457971.6074900003	18.462	0.054000000000000006
2457971.7096	18.267	0.079
2457972.64846	18.39	0.064
2457973.5704	18.401	0.078
2457974.55688	18.427	0.049
2457975.63752	18.480999999999998	0.062
2457980.51229	18.442999999999998	0.051
2457981.59462	18.402	0.04
2457982.63119	18.435	0.05
2457984.50031	18.352	0.051
2457985.56832	18.366	0.064
2457987.47182	18.486	0.064
2457990.55549	18.451	0.045
2457991.62275	18.435	0.055
2457993.4892700003	18.458	0.053
2457994.5507799997	18.509	0.087
2457998.53673	18.505	0.059000000000000004
2457998.63069	18.419	0.066
2458000.56487	18.541	0.071
2458001.5229700003	18.444000000000003	0.044000000000000004
2458003.4764099997	18.285999999999998	0.087
2458005.56733	18.484	0.078
2458010.55959	18.409000000000002	0.045
2458013.52338	18.423	0.043
2458015.54623	18.435	0.067
2458018.50025	18.412	0.044000000000000004
2458021.49906	18.433	0.064
2458026.5442	18.348	0.055
2458032.5277299997	18.442999999999998	0.07200000000000001
2458035.54244	18.489	0.071
