2455377.72087	16.768	0.013000000000000001
2455379.7615900002	16.772000000000002	0.013000000000000001
2455381.85455	16.727	0.022000000000000002
2455387.71919	16.757	0.012
2455390.76499	16.767	0.012
2455395.82406	16.744	0.017
2455404.55055	16.744	0.013000000000000001
2455408.53787	16.779	0.016
2455411.77181	16.738	0.015
2455418.70357	16.734	0.01
2455430.6303	16.752	0.016
2455437.50592	16.764	0.013000000000000001
2455445.63341	16.762999999999998	0.012
2455451.4972	16.775	0.019
2455458.48419	16.759	0.016
2455459.60965	16.729	0.015
2455461.55967	16.777	0.023
2455463.59453	16.75	0.016
2455464.5543	16.773	0.016
2455469.6151400004	16.8	0.016
2455472.5731900004	16.759	0.015
2455478.53602	16.759	0.015
2455487.51135	16.784000000000002	0.016
2455490.51195	16.773	0.023
2455611.88925	16.761	0.013000000000000001
2455616.87286	16.752	0.013000000000000001
2455620.89184	16.743	0.013000000000000001
2455624.8744900003	16.761	0.012
2455626.84549	16.783	0.015
2455628.80504	16.78	0.016
2455630.80853	16.762999999999998	0.012
2455631.9071400003	16.755	0.017
2455632.81241	16.756	0.013000000000000001
2455634.79148	16.755	0.012
2455635.90694	16.758	0.015
2455637.82551	16.755	0.013000000000000001
2455638.8313700003	16.759	0.013000000000000001
2455640.79373	16.783	0.016
2455642.7888599997	16.759	0.013000000000000001
2455644.76775	16.745	0.016
2455649.77066	16.762	0.012
2455650.90041	16.755	0.012
2455653.7637400003	16.757	0.01
2455655.7971200002	16.771	0.012
2455657.8197	16.752	0.01
2455659.71678	16.777	0.013000000000000001
2455660.79369	16.762999999999998	0.012
2455662.91317	16.754	0.012
2455665.79104	16.762999999999998	0.013000000000000001
2455668.9037599997	16.747	0.015
2455671.74823	16.771	0.015
2455679.8083599997	16.777	0.013000000000000001
2455681.69099	16.764	0.012
2455682.89957	16.756	0.012
2455684.86845	16.762	0.012
2455686.85062	16.755	0.013000000000000001
2455689.7560400004	16.738	0.012
2455691.7792700003	16.762999999999998	0.012
2455692.91296	16.749000000000002	0.015
2455694.6746400003	16.748	0.012
2455695.84325	16.738	0.012
2455696.92925	16.834	0.016
2455698.67154	16.743	0.016
2455705.71485	16.768	0.013000000000000001
2455707.61887	16.757	0.013000000000000001
2455708.6951099997	16.743	0.012
2455712.7121900003	16.741	0.012
2455715.56697	16.767	0.012
2455716.76109	16.757	0.012
2455722.56175	16.755	0.013000000000000001
2455722.57508	16.748	0.012
2455723.7538799997	16.753	0.012
2455725.6214799997	16.754	0.012
2455726.80179	16.749000000000002	0.017
2455734.77091	16.792	0.016
2455736.59386	16.767	0.01
2455737.67446	16.755	0.01
2455740.5644	16.757	0.015
2455741.6340900003	16.769000000000002	0.012
2455742.6667400002	16.75	0.01
2455743.79577	16.745	0.013000000000000001
2455744.8426900003	16.777	0.016
2455746.61271	16.727999999999998	0.013000000000000001
2455747.78179	16.762999999999998	0.016
2455749.7997	16.761	0.016
2455753.74274	16.749000000000002	0.026000000000000002
2455760.67639	16.761	0.015
2455763.57957	16.761	0.01
2455764.67177	16.767	0.01
2455766.51165	16.765	0.012
2455767.67478	16.75	0.012
2455768.78342	16.758	0.012
2455775.5981099997	16.775	0.013000000000000001
2455777.7102099997	16.747	0.01
2455786.6998	16.736	0.017
2455788.64018	16.768	0.015
2455791.52929	16.783	0.015
2455794.66117	16.776	0.012
2455798.6784	16.749000000000002	0.016
2455804.5461	16.76	0.013000000000000001
2455807.5548900003	16.761	0.013000000000000001
2455813.6172599997	16.747	0.013000000000000001
2455817.4849799997	16.762	0.013000000000000001
2455819.58213	16.755	0.013000000000000001
2455827.48839	16.788	0.019
2455828.60073	16.776	0.015
2455830.57428	16.768	0.016
2455832.5964599997	16.752	0.017
2455835.54811	16.774	0.019
2455846.50839	16.74	0.02
2455851.56035	16.772000000000002	0.015
2455862.51186	16.762	0.016
2455976.85828	16.762999999999998	0.013000000000000001
2455980.86736	16.785	0.013000000000000001
2455985.8215099997	16.776	0.016
2455987.90102	16.757	0.012
2455990.85524	16.753	0.012
2455993.81622	16.74	0.016
2455995.8387700003	16.739	0.012
2455997.8705	16.759	0.012
2455999.86933	16.747	0.012
2456004.9125099997	16.75	0.013000000000000001
2456006.9082299997	16.762	0.01
2456008.8407799997	16.762	0.012
2456010.77245	16.767	0.012
2456011.90255	16.744	0.013000000000000001
2456013.82338	16.76	0.012
2456015.75179	16.755	0.012
2456016.83912	16.764	0.01
2456018.76122	16.77	0.013000000000000001
2456019.8616	16.753	0.01
2456020.92035	16.762	0.012
2456022.76559	16.762999999999998	0.012
2456023.82723	16.773	0.012
2456024.83219	16.775	0.012
2456025.9044	16.747	0.013000000000000001
2456032.92031	16.761	0.01
2456035.8435400003	16.69	0.01
2456037.89848	16.767	0.012
2456040.74028	16.78	0.013000000000000001
2456045.92453	16.778	0.012
2456046.93546	16.782	0.016
2456048.87426	16.774	0.012
2456050.7955	16.784000000000002	0.012
2456052.86017	16.767	0.012
2456054.9021099997	16.764	0.015
2456060.81431	16.777	0.01
2456061.70225	16.759	0.013000000000000001
2456062.85187	16.755	0.012
2456064.86058	16.767	0.01
2456066.7042900003	16.777	0.012
2456067.77979	16.753	0.01
2456068.9350799997	16.748	0.013000000000000001
2456070.68255	16.785	0.013000000000000001
2456071.7349400003	16.766	0.012
2456075.82054	16.750999999999998	0.01
2456077.75102	16.783	0.01
2456078.80612	16.761	0.01
2456079.88258	16.750999999999998	0.012
2456080.6693	16.746	0.013000000000000001
2456080.91963	16.752	0.012
2456085.72004	16.765	0.013000000000000001
2456086.71912	16.757	0.01
2456088.5899799997	16.785999999999998	0.01
2456092.654	16.755	0.009000000000000001
2456093.84634	16.767	0.015
2456096.63551	16.768	0.012
2456097.84282	16.769000000000002	0.015
2456098.89373	16.783	0.019
2456100.8522799998	16.762999999999998	0.017
2456102.50404	16.717	0.017
2456103.52003	16.752	0.013000000000000001
2456104.59688	16.762	0.01
2456105.65589	16.753	0.012
2456108.73087	16.752	0.01
2456113.6866900004	16.754	0.013000000000000001
2456114.7865	16.759	0.013000000000000001
2456116.51031	16.749000000000002	0.01
2456117.58117	16.75	0.01
2456118.64417	16.745	0.01
2456119.6767700003	16.745	0.01
2456120.79463	16.787	0.015
2456123.54315	16.777	0.012
2456124.67343	16.766	0.01
2456125.7625599997	16.76	0.01
2456127.62465	16.773	0.012
2456131.68103	16.767	0.009000000000000001
2456131.7505200002	16.753	0.013000000000000001
2456133.75814	16.75	0.013000000000000001
2456135.7590900003	16.771	0.012
2456140.73205	16.775	0.02
2456142.5819200003	16.778	0.02
2456148.71373	16.77	0.01
2456151.718	16.775	0.012
2456154.6956599997	16.788	0.013000000000000001
2456158.71235	16.748	0.012
2456161.5049799997	16.78	0.013000000000000001
2456179.50283	16.758	0.013000000000000001
2456181.6053299997	16.762	0.012
2456184.61013	16.76	0.012
2456190.57719	16.765	0.01
2456195.5901200003	16.766	0.013000000000000001
2456197.56312	16.771	0.015
2456203.52379	16.753	0.013000000000000001
2456205.56353	16.772000000000002	0.012
2456210.52185	16.767	0.012
2456217.5282099997	16.755	0.012
2456223.5553	16.777	0.019
2456339.86594	16.789	0.01
2456344.8626099997	16.785999999999998	0.01
2456349.85219	16.744	0.015
2456353.80174	16.767	0.012
2456361.81171	16.758	0.01
2456363.8448799998	16.75	0.01
2456369.7926	16.764	0.01
2456371.78693	16.78	0.01
2456372.77966	16.753	0.01
2456373.91169	16.762	0.012
2456375.88074	16.749000000000002	0.009000000000000001
2456377.83526	16.736	0.01
2456379.7667400003	16.775	0.012
2456380.90473	16.759	0.012
2456382.83624	16.750999999999998	0.012
2456387.7645900003	16.76	0.01
2456388.89915	16.75	0.01
2456390.76067	16.775	0.01
2456393.74298	16.782	0.012
2456395.76358	16.766	0.01
2456397.72627	16.758	0.01
2456398.91452	16.759	0.01
2456400.93173	16.755	0.019
2456402.86988	16.745	0.01
2456404.80786	16.743	0.01
2456407.74152	16.745	0.012
2456409.8870099997	16.749000000000002	0.015
2456416.8311799997	16.750999999999998	0.01
2456418.6904599997	16.776	0.013000000000000001
2456419.84245	16.759	0.012
2456421.80945	16.752	0.01
2456423.83208	16.755	0.01
2456426.64439	16.762	0.01
2456428.82965	16.753	0.01
2456431.9257400003	16.754	0.015
2456433.68478	16.758	0.012
2456434.8711	16.765	0.012
2456436.6219900004	16.748	0.013000000000000001
2456442.6677599996	16.753	0.01
2456444.81758	16.768	0.012
2456445.9161900003	16.735	0.015
2456446.82576	16.743	0.009000000000000001
2456447.87775	16.756	0.01
2456448.90723	16.748	0.015
2456450.55888	16.754	0.013000000000000001
2456451.62543	16.765	0.012
2456452.68451	16.746	0.009000000000000001
2456454.7969400003	16.757	0.01
2456456.66049	16.753	0.009000000000000001
2456457.9021	16.76	0.013000000000000001
2456459.58486	16.787	0.012
2456460.7790599996	16.76	0.01
2456462.65558	16.77	0.012
2456463.8003	16.756	0.012
2456464.8810799997	16.757	0.016
2456469.69011	16.761	0.013000000000000001
2456472.8328	16.761	0.015
2456474.58347	16.749000000000002	0.012
2456475.67301	16.762	0.01
2456476.73261	16.738	0.01
2456477.8075200003	16.767	0.015
2456480.54947	16.750999999999998	0.013000000000000001
2456481.6461099996	16.741	0.012
2456485.5176	16.762	0.012
2456486.6754900003	16.743	0.01
2456487.7624	16.756	0.01
2456490.5534	16.750999999999998	0.01
2456491.72003	16.750999999999998	0.01
2456496.47685	16.79	0.019
2456498.50217	16.756	0.01
2456500.5430799997	16.738	0.015
2456504.71257	16.752	0.015
2456506.72769	16.778	0.013000000000000001
2456509.5117200003	16.753	0.01
2456510.70093	16.779	0.012
2456514.6622	16.744	0.009000000000000001
2456518.4934799997	16.742	0.01
2456525.51001	16.753	0.013000000000000001
2456529.68184	16.785	0.019
2456533.59746	16.749000000000002	0.012
2456538.57173	16.784000000000002	0.012
2456543.6184900003	16.779	0.012
2456547.57161	16.782	0.028999999999999998
2456558.62689	16.788	0.016
2456562.5962799997	16.739	0.012
2456565.4991599997	16.764	0.013000000000000001
2456568.59713	16.721	0.013000000000000001
2456571.5682200002	16.721	0.015
2456579.4955	16.75	0.015
2456583.5189799997	16.768	0.02
2456699.8483700003	16.739	0.012
2456706.84716	16.744	0.012
2456707.84582	16.764	0.015
2456710.8705	16.738	0.01
2456716.83095	16.761	0.01
2456718.90833	16.738	0.015
2456721.83742	16.772000000000002	0.012
2456723.87603	16.766	0.009000000000000001
2456725.88012	16.755	0.01
2456727.87751	16.748	0.009000000000000001
2456729.85272	16.762999999999998	0.01
2456731.91239	16.735	0.016
2456733.87492	16.752	0.01
2456735.8048400003	16.771	0.015
2456736.91733	16.775	0.016
2456744.77449	16.752	0.012
2456745.86526	16.742	0.009000000000000001
2456747.89963	16.762999999999998	0.01
2456750.85591	16.777	0.01
2456752.92247	16.773	0.01
2456752.92643	16.769000000000002	0.012
2456756.7472200003	16.77	0.009000000000000001
2456758.75753	16.742	0.012
2456760.73343	16.733	0.01
2456761.90117	16.750999999999998	0.01
2456763.89264	16.73	0.01
2456765.80853	16.742	0.01
2456769.7396400003	16.755	0.01
2456770.84728	16.766	0.01
2456772.7724900004	16.769000000000002	0.01
2456773.92099	16.750999999999998	0.01
2456775.8724700003	16.756	0.01
2456777.81299	16.759	0.01
2456789.8958099997	16.744	0.013000000000000001
2456791.63303	16.75	0.016
2456792.67869	16.743	0.015
2456796.7306	16.765	0.013000000000000001
2456797.83176	16.739	0.017
2456803.6794	16.76	0.013000000000000001
2456804.6831	16.749000000000002	0.012
2456805.74567	16.756	0.012
2456807.73699	16.77	0.015
2456808.76273	16.752	0.012
2456809.79654	16.762999999999998	0.012
2456810.84728	16.741	0.012
2456811.86201	16.765	0.016
2456814.61935	16.779	0.015
2456815.69496	16.767	0.013000000000000001
2456816.79708	16.75	0.013000000000000001
2456817.6727400003	16.772000000000002	0.013000000000000001
2456819.72134	16.762999999999998	0.015
2456824.56759	16.761	0.016
2456825.59618	16.769000000000002	0.012
2456826.60672	16.764	0.013000000000000001
2456827.6526200003	16.754	0.012
2456828.71221	16.725	0.01
2456829.72001	16.762999999999998	0.013000000000000001
2456830.74283	16.765	0.01
2456831.8679	16.745	0.016
2456833.55918	16.784000000000002	0.017
2456834.5745200003	16.77	0.015
2456835.62617	16.759	0.013000000000000001
2456836.67735	16.762	0.013000000000000001
2456837.6927400003	16.743	0.012
2456838.68406	16.749000000000002	0.013000000000000001
2456839.70879	16.743	0.013000000000000001
2456840.75776	16.754	0.013000000000000001
2456842.5104900002	16.753	0.016
2456844.5377700003	16.756	0.012
2456845.52687	16.743	0.012
2456847.52457	16.759	0.013000000000000001
2456851.4747200003	16.754	0.016
2456852.528	16.736	0.017
2456855.59579	16.762	0.012
2456856.6446	16.74	0.01
2456857.68952	16.744	0.012
2456858.74895	16.758	0.013000000000000001
2456862.70487	16.749000000000002	0.015
2456863.77662	16.742	0.015
2456870.51424	16.764	0.015
2456872.6510900003	16.756	0.012
2456879.56413	16.762999999999998	0.02
2456881.5114700003	16.761	0.016
2456882.7105900003	16.743	0.015
2456885.6548200003	16.747	0.013000000000000001
2456887.5641400004	16.771	0.012
2456889.48013	16.734	0.013000000000000001
2456890.65642	16.764	0.013000000000000001
2456895.61608	16.747	0.012
2456908.58863	16.761	0.015
2456919.4893900002	16.753	0.016
2456923.55199	16.735	0.017
2456926.5667	16.755	0.015
2456929.5947	16.757	0.017
2456937.52102	16.753	0.016
2456941.53223	16.72	0.019
2456951.49989	16.745	0.016
2457065.8716599997	16.546	0.012
2457070.87382	16.508	0.009000000000000001
2457072.88121	16.496	0.01
2457076.87505	16.477	0.009000000000000001
2457078.85069	16.464000000000002	0.01
2457080.86339	16.433	0.01
2457082.89218	16.402	0.009000000000000001
2457085.85515	16.424	0.01
2457087.90523	16.387999999999998	0.01
2457090.82208	16.345	0.01
2457092.82875	16.344	0.009000000000000001
2457097.8912400003	16.307000000000002	0.008
2457099.8994400003	16.296	0.009000000000000001
2457102.80365	16.277	0.01
2457110.74655	16.227999999999998	0.008
2457111.88996	16.223	0.008
2457113.79874	16.232	0.009000000000000001
2457115.80926	16.225	0.009000000000000001
2457117.80083	16.225	0.009000000000000001
2457119.84842	16.227999999999998	0.01
2457125.7552900002	16.26	0.012
2457129.70842	16.279	0.009000000000000001
2457130.8716	16.284000000000002	0.009000000000000001
2457132.75781	16.304000000000002	0.009000000000000001
2457134.85194	16.311	0.009000000000000001
2457136.7214099998	16.346	0.009000000000000001
2457137.85658	16.340999999999998	0.009000000000000001
2457139.7162	16.374000000000002	0.01
2457140.83608	16.383	0.012
2457142.67223	16.393	0.009000000000000001
2457143.77134	16.385	0.01
2457145.7393400003	16.421	0.012
2457146.77947	16.423	0.01
2457147.8001200003	16.433	0.015
2457153.64402	16.482	0.01
2457154.7321900004	16.493	0.009000000000000001
2457155.81753	16.505	0.01
2457157.6978	16.502	0.009000000000000001
2457158.85345	16.525	0.01
2457159.8977	16.533	0.01
2457161.62843	16.532	0.01
2457162.6934700003	16.542	0.01
2457163.747	16.52	0.01
2457164.89842	16.547	0.012
2457166.92093	16.565	0.012
2457169.90344	16.582	0.01
2457172.58112	16.573	0.013000000000000001
2457173.59172	16.602999999999998	0.013000000000000001
2457174.61058	16.602999999999998	0.013000000000000001
2457175.62126	16.605999999999998	0.013000000000000001
2457178.8779700003	16.611	0.016
2457179.5794599997	16.622	0.013000000000000001
2457180.57592	16.642	0.013000000000000001
2457181.57106	16.611	0.012
2457182.58864	16.641	0.01
2457183.5998	16.636	0.01
2457184.63552	16.625999999999998	0.012
2457185.65205	16.625999999999998	0.013000000000000001
2457186.81787	16.634	0.013000000000000001
2457187.8314	16.652	0.01
2457188.85475	16.636	0.016
2457190.57628	16.645	0.012
2457191.67094	16.66	0.012
2457194.61826	16.643	0.01
2457197.7209900003	16.66	0.012
2457198.75644	16.646	0.012
2457199.75843	16.672	0.012
2457200.73781	16.66	0.01
2457206.60717	16.671	0.015
2457207.63368	16.662	0.012
2457209.7728	16.677	0.013000000000000001
2457211.76244	16.701	0.012
2457214.74652	16.713	0.012
2457219.67771	16.702	0.01
2457220.7930900003	16.686	0.012
2457222.4782	16.695999999999998	0.013000000000000001
2457223.61957	16.698	0.013000000000000001
2457224.71947	16.695	0.013000000000000001
2457226.6206400003	16.707	0.01
2457227.6290700003	16.727	0.01
2457228.6972	16.708	0.012
2457229.7392700003	16.709	0.013000000000000001
2457235.5444	16.727999999999998	0.017
2457249.51113	16.712	0.015
2457252.5663400004	16.730999999999998	0.016
2457255.53456	16.746	0.013000000000000001
2457257.65938	16.715999999999998	0.013000000000000001
2457261.6639099997	16.705	0.019
2457264.6137099997	16.721	0.013000000000000001
2457267.61073	16.730999999999998	0.012
2457269.6282099998	16.745	0.012
2457271.64366	16.738	0.012
2457275.64059	16.726	0.016
2457278.62953	16.713	0.015
2457293.59693	16.773	0.013000000000000001
2457299.53632	16.749000000000002	0.015
2457311.5233	16.732	0.013000000000000001
2457322.51551	16.754	0.019
2457425.88268	16.727999999999998	0.013000000000000001
2457427.87286	16.774	0.015
2457428.86474	16.744	0.012
2457429.86795	16.75	0.013000000000000001
2457431.8908599997	16.756	0.012
2457432.89235	16.76	0.019
2457433.8621099996	16.753	0.013000000000000001
2457434.8606	16.745	0.013000000000000001
2457436.8431700002	16.775	0.015
2457438.8799099997	16.768	0.015
2457441.85837	16.749000000000002	0.013000000000000001
2457443.86421	16.74	0.015
2457444.84358	16.756	0.013000000000000001
2457445.8701299997	16.745	0.012
2457447.88992	16.771	0.013000000000000001
2457451.87772	16.750999999999998	0.015
2457453.87183	16.747	0.009000000000000001
2457456.8289400004	16.78	0.013000000000000001
2457458.8478	16.762	0.012
2457461.84774	16.767	0.01
2457463.89385	16.773	0.012
2457466.89428	16.755	0.012
2457470.85282	16.762999999999998	0.015
2457472.7708900003	16.727999999999998	0.013000000000000001
2457474.79094	16.762999999999998	0.013000000000000001
2457475.8369	16.803	0.019
2457484.77147	16.764	0.015
2457485.8971599997	16.772000000000002	0.01
2457487.7952099997	16.759	0.013000000000000001
2457488.91756	16.719	0.01
2457491.9257	16.76	0.012
2457492.9158900003	16.757	0.01
2457493.90302	16.766	0.01
2457494.90064	16.76	0.01
2457495.86862	16.778	0.013000000000000001
2457498.76351	16.775	0.013000000000000001
2457499.75602	16.758	0.013000000000000001
2457500.6981	16.753	0.015
2457500.8994299998	16.772000000000002	0.017
2457508.74048	16.749000000000002	0.01
2457509.83596	16.77	0.013000000000000001
2457511.90863	16.765	0.012
2457522.84284	16.761	0.016
2457526.72693	16.773	0.012
2457529.77226	16.762999999999998	0.017
2457534.74412	16.76	0.013000000000000001
2457536.75421	16.759	0.012
2457545.89786	16.774	0.013000000000000001
2457546.92014	16.805999999999997	0.016
2457547.87163	16.767	0.013000000000000001
2457549.76589	16.769000000000002	0.012
2457550.7637	16.762999999999998	0.012
2457554.7395599997	16.744	0.013000000000000001
2457555.81275	16.741	0.012
2457557.7755	16.757	0.016
2457561.5970799997	16.755	0.013000000000000001
2457562.57706	16.734	0.016
2457566.78537	16.769000000000002	0.013000000000000001
2457567.72841	16.773	0.012
2457568.7241599998	16.766	0.013000000000000001
2457569.7442900003	16.77	0.013000000000000001
2457573.6107799998	16.79	0.013000000000000001
2457576.63746	16.756	0.01
2457582.67833	16.762	0.015
2457589.60453	16.743	0.016
2457591.51466	16.733	0.013000000000000001
2457599.47824	16.77	0.016
2457602.4786099996	16.762	0.015
2457603.72625	16.771	0.013000000000000001
2457605.65978	16.757	0.012
2457608.59273	16.754	0.01
2457610.6689400002	16.757	0.012
2457616.58344	16.767	0.015
2457618.68868	16.781	0.017
2457623.52676	16.750999999999998	0.012
2457626.51875	16.75	0.012
2457632.59	16.744	0.012
2457637.52809	16.746	0.012
2457645.48754	16.739	0.019
2457651.5923099997	16.755	0.013000000000000001
2457657.53416	16.762999999999998	0.015
2457660.52945	16.758	0.015
