2455378.57053	17.781	0.023
2455380.60336	17.792	0.021
2455382.7511299998	17.779	0.03
2455385.60008	17.804000000000002	0.019
2455385.69063	17.809	0.021
2455385.7887	17.831	0.021
2455388.61161	17.793	0.021
2455391.73043	17.779	0.027000000000000003
2455397.6435700003	17.828	0.034
2455404.78043	17.817999999999998	0.032
2455408.76493	17.816	0.032
2455412.7657	17.795	0.034
2455422.5087599996	17.774	0.03
2455431.6527400003	17.788	0.038
2455433.63576	17.795	0.034
2455439.52948	17.785999999999998	0.032
2455446.6589	17.782	0.023
2455457.50826	17.775	0.023
2455460.53411	17.815	0.032
2455463.5975	17.79	0.03
2455464.55728	17.779	0.03
2455472.53824	17.807000000000002	0.036000000000000004
2455481.51072	17.785999999999998	0.038
2455483.51249	17.817999999999998	0.068
2455489.54215	17.823	0.038
2455606.88139	17.812	0.027000000000000003
2455612.88528	17.783	0.032
2455615.8941099998	17.863	0.028999999999999998
2455621.86253	17.816	0.023
2455624.79011	17.757	0.027000000000000003
2455626.88141	17.804000000000002	0.025
2455628.79507	17.807000000000002	0.03
2455629.87514	17.816	0.027000000000000003
2455631.8505700002	17.798	0.027000000000000003
2455633.80553	17.801	0.023
2455634.88195	17.82	0.025
2455637.79248	17.788	0.034
2455640.8935599998	17.789	0.027000000000000003
2455643.74326	17.785	0.03
2455644.89372	17.844	0.044000000000000004
2455648.75167	17.805	0.028999999999999998
2455649.8897700002	17.798	0.021
2455651.82612	17.844	0.025
2455654.78355	17.816	0.023
2455655.89493	17.801	0.023
2455657.9245700003	17.793	0.036000000000000004
2455659.80663	17.802	0.023
2455660.92196	17.816	0.036000000000000004
2455664.79101	17.864	0.028999999999999998
2455665.91569	17.817	0.023
2455669.7658700002	17.789	0.028999999999999998
2455675.7247099997	17.795	0.025
2455676.9175400003	17.801	0.019
2455679.87371	17.78	0.023
2455681.74259	17.82	0.021
2455683.68763	17.793	0.023
2455684.92228	17.836	0.027000000000000003
2455686.90588	17.822	0.027000000000000003
2455689.81916	17.843	0.021
2455691.8286099997	17.791	0.027000000000000003
2455693.63851	17.822	0.028999999999999998
2455694.75475	17.788	0.025
2455695.89377	17.801	0.023
2455697.63105	17.803	0.032
2455698.7245099996	17.789	0.036000000000000004
2455705.7571799997	17.783	0.027000000000000003
2455707.68805	17.805999999999997	0.025
2455708.75712	17.813	0.03
2455712.76738	17.8	0.021
2455715.63582	17.797	0.023
2455716.81696	17.772000000000002	0.023
2455722.64818	17.774	0.023
2455723.80498	17.77	0.023
2455725.70148	17.797	0.021
2455734.83445	17.754	0.032
2455736.65279	17.808	0.019
2455737.74097	17.798	0.019
2455739.55813	17.812	0.025
2455740.6386599997	17.754	0.027000000000000003
2455741.70774	17.797	0.023
2455742.72053	17.795	0.021
2455743.83355	17.781	0.028999999999999998
2455745.5043200003	17.822	0.03
2455746.68108	17.815	0.025
2455748.63474	17.787	0.023
2455752.5743	17.842	0.036000000000000004
2455760.74021	17.773	0.027000000000000003
2455762.51614	17.807000000000002	0.027000000000000003
2455763.65057	17.787	0.023
2455764.73757	17.781	0.023
2455766.56586	17.803	0.023
2455767.72846	17.772000000000002	0.027000000000000003
2455769.50196	17.791	0.023
2455775.68507	17.809	0.028999999999999998
2455778.49468	17.835	0.038
2455785.52391	17.773	0.034
2455787.48083	17.797	0.028999999999999998
2455788.69446	17.81	0.044000000000000004
2455793.51918	17.808	0.023
2455795.53166	17.772000000000002	0.028999999999999998
2455801.5361599997	17.756	0.025
2455804.5991599998	17.791	0.025
2455807.61147	17.789	0.036000000000000004
2455813.65495	17.782	0.027000000000000003
2455817.5542599997	17.738	0.027000000000000003
2455819.63385	17.867	0.03
2455822.589	17.814	0.027000000000000003
2455827.57994	17.746	0.03
2455829.54856	17.757	0.025
2455831.55882	17.764	0.025
2455833.5671900003	17.781	0.025
2455840.57425	17.815	0.03
2455842.5495700003	17.785	0.036000000000000004
2455844.55677	17.789	0.042
2455847.54788	17.764	0.053
2455852.53883	17.79	0.04
2455857.53364	17.861	0.051
2455977.88355	17.817999999999998	0.027000000000000003
2455982.89523	17.82	0.025
2455986.80376	17.788	0.028999999999999998
2455988.90092	17.789	0.028999999999999998
2455991.8446400003	17.772000000000002	0.021
2455994.78858	17.77	0.032
2455996.81597	17.785	0.023
2455998.8243	17.761	0.023
2456003.87158	17.787	0.027000000000000003
2456005.85706	17.793	0.019
2456007.83348	17.798	0.023
2456009.7568	17.761	0.023
2456010.8839	17.798	0.019
2456012.81658	17.802	0.021
2456014.74866	17.78	0.025
2456017.76004	17.835	0.019
2456018.8525900003	17.812	0.019
2456020.7338	17.807000000000002	0.023
2456021.79312	17.840999999999998	0.025
2456022.87425	17.781	0.021
2456025.7047900003	17.766	0.036000000000000004
2456031.78364	17.865	0.025
2456033.72954	17.839000000000002	0.028999999999999998
2456035.92542	17.815	0.027000000000000003
2456038.72542	17.823	0.025
2456040.7947400003	17.752	0.021
2456047.72267	17.789	0.027000000000000003
2456048.93182	17.779	0.027000000000000003
2456050.84913	17.816	0.028999999999999998
2456052.91175	17.8	0.025
2456061.76529	17.796	0.021
2456062.90279	17.739	0.025
2456064.91545	17.817	0.025
2456066.76732	17.761	0.019
2456067.8429099997	17.824	0.019
2456069.66815	17.723	0.021
2456070.73344	17.783	0.021
2456071.81116	17.840999999999998	0.025
2456075.87885	17.785	0.021
2456077.77838	17.799	0.023
2456078.8621400003	17.767	0.021
2456079.93473	17.795	0.027000000000000003
2456081.58187	17.787	0.034
2456082.65228	17.858	0.04
2456085.77605	17.793	0.028999999999999998
2456086.7842200003	17.767	0.023
2456088.6409	17.778	0.019
2456092.78444	17.817	0.021
2456094.58055	17.791	0.032
2456096.6933	17.826	0.025
2456097.89567	17.741	0.028999999999999998
2456099.73965	17.789	0.036000000000000004
2456101.51546	17.823	0.027000000000000003
2456102.55547	17.789	0.032
2456103.57325	17.832	0.025
2456104.65626	17.787	0.021
2456105.71052	17.814	0.023
2456108.78397	17.758	0.023
2456109.6682	17.820999999999998	0.038
2456113.73915	17.772000000000002	0.03
2456114.84094	17.748	0.036000000000000004
2456116.56596	17.805	0.019
2456117.65754	17.817999999999998	0.023
2456118.70998	17.79	0.021
2456121.4796	17.803	0.023
2456123.6026	17.817	0.023
2456124.7259400003	17.808	0.021
2456125.81756	17.814	0.027000000000000003
2456127.7414	17.772000000000002	0.027000000000000003
2456132.54375	17.826	0.027000000000000003
2456134.54014	17.814	0.032
2456136.4898900003	17.802	0.038
2456141.4837700003	17.747	0.032
2456149.6079599997	17.783	0.027000000000000003
2456152.4875	17.831	0.027000000000000003
2456157.6647900003	17.836	0.027000000000000003
2456159.52641	17.755	0.025
2456161.55912	17.807000000000002	0.028999999999999998
2456179.57415	17.824	0.036000000000000004
2456182.48382	17.777	0.028999999999999998
2456191.49098	17.758	0.036000000000000004
2456196.53417	17.805	0.034
2456199.5222400003	17.814	0.036000000000000004
2456204.50841	17.750999999999998	0.025
2456211.49739	17.814	0.027000000000000003
2456213.5520099998	17.837	0.028999999999999998
2456218.5270700003	17.798	0.028999999999999998
2456219.55706	17.787	0.025
2456340.8892099997	17.777	0.021
2456347.83172	17.795	0.027000000000000003
2456350.8739	17.758	0.023
2456354.78541	17.762	0.03
2456361.90515	17.779	0.023
2456367.8752900003	17.803	0.019
2456369.9037200003	17.83	0.021
2456371.88963	17.814	0.019
2456372.8816	17.813	0.021
2456374.85274	17.855999999999998	0.023
2456376.80059	17.784000000000002	0.021
2456378.7428	17.81	0.03
2456379.8683700003	17.855999999999998	0.027000000000000003
2456381.83899	17.815	0.021
2456386.76448	17.817999999999998	0.023
2456387.8607400004	17.809	0.021
2456389.79392	17.77	0.021
2456390.86002	17.796	0.021
2456393.80896	17.798	0.023
2456395.82612	17.831	0.021
2456397.7897799998	17.843	0.019
2456399.71438	17.823	0.023
2456401.74716	17.8	0.019
2456402.92831	17.767	0.042
2456404.86058	17.778	0.021
2456405.8516700002	17.748	0.017
2456407.79225	17.84	0.027000000000000003
2456415.71438	17.827	0.034
2456416.90931	17.775	0.019
2456418.74042	17.785999999999998	0.019
2456419.90268	17.785999999999998	0.023
2456421.88233	17.745	0.027000000000000003
2456423.88322	17.789	0.025
2456426.73717	17.822	0.019
2456428.88631	17.817999999999998	0.025
2456432.6545700002	17.864	0.027000000000000003
2456433.74799	17.840999999999998	0.025
2456434.93725	17.78	0.036000000000000004
2456435.58465	17.777	0.036000000000000004
2456436.67853	17.739	0.023
2456437.89507	17.836	0.045
2456442.73065	17.833	0.021
2456444.87175	17.788	0.025
2456446.90515	17.782	0.023
2456447.9317099997	17.787	0.023
2456449.5699	17.804000000000002	0.025
2456450.62005	17.832	0.023
2456451.67915	17.795	0.023
2456452.80922	17.78	0.017
2456454.8513700003	17.765	0.027000000000000003
2456456.73697	17.805	0.017
2456458.58981	17.799	0.025
2456459.6398099996	17.824	0.019
2456460.89373	17.76	0.023
2456462.80736	17.775	0.023
2456463.8545	17.796	0.025
2456468.5767200002	17.741	0.025
2456469.7461599996	17.807000000000002	0.027000000000000003
2456473.56768	17.812	0.023
2456474.64231	17.792	0.023
2456475.73668	17.817	0.023
2456478.54806	17.789	0.028999999999999998
2456480.60549	17.75	0.025
2456481.7595	17.777	0.025
2456485.57851	17.788	0.021
2456486.74156	17.836	0.021
2456487.82272	17.747	0.025
2456490.6252599997	17.788	0.021
2456496.53075	17.77	0.03
2456498.5616	17.752	0.019
2456500.6531700003	17.851	0.034
2456505.4785599997	17.808	0.028999999999999998
2456507.62928	17.820999999999998	0.027000000000000003
2456509.58667	17.804000000000002	0.017
2456510.752	17.794	0.03
2456514.7332900004	17.813	0.021
2456518.58197	17.81	0.021
2456523.55767	17.791	0.025
2456525.57475	17.824	0.032
2456531.54002	17.862000000000002	0.023
2456534.51177	17.8	0.023
2456539.48358	17.801	0.025
2456544.5236299997	17.843	0.028999999999999998
2456559.55533	17.794	0.023
2456563.55152	17.802	0.028999999999999998
2456565.61093	17.771	0.025
2456569.56875	17.783	0.023
2456572.54633	17.842	0.027000000000000003
2456581.5255299998	17.813	0.03
2456584.5268599996	17.82	0.038
2456701.86215	17.797	0.023
2456708.8700200003	17.817999999999998	0.025
2456711.89273	17.837	0.025
2456717.83335	17.828	0.027000000000000003
2456719.89825	17.82	0.021
2456722.8320400002	17.8	0.027000000000000003
2456724.8541	17.761	0.023
2456726.84305	17.828	0.023
2456728.84795	17.803	0.017
2456730.81813	17.756	0.027000000000000003
2456732.87514	17.805	0.03
2456734.82831	17.785999999999998	0.021
2456735.91269	17.799	0.027000000000000003
2456737.77822	17.781	0.023
2456741.86614	17.781	0.023
2456742.81483	17.8	0.017
2456744.9128	17.79	0.017
2456746.81565	17.843	0.021
2456748.85072	17.8	0.021
2456751.72639	17.793	0.028999999999999998
2456751.74253	17.782	0.03
2456754.76358	17.785999999999998	0.025
2456756.7053099996	17.807000000000002	0.021
2456758.8585099997	17.847	0.025
2456760.80868	17.815	0.019
2456762.7538799997	17.747	0.023
2456764.7197	17.745	0.023
2456765.87878	17.828	0.025
2456769.79998	17.757	0.019
2456770.9079299998	17.785	0.023
2456772.8303799997	17.819000000000003	0.017
2456774.717	17.789	0.028999999999999998
2456775.9315	17.772000000000002	0.023
2456777.91145	17.771	0.023
2456790.64052	17.791	0.032
2456791.6937	17.801	0.03
2456792.74415	17.81	0.027000000000000003
2456796.7971200002	17.771	0.025
2456797.8870900003	17.74	0.038
2456803.7434	17.79	0.019
2456804.7546900003	17.822	0.025
2456805.81666	17.794	0.027000000000000003
2456807.7996099996	17.794	0.028999999999999998
2456808.82273	17.838	0.023
2456809.87563	17.789	0.027000000000000003
2456810.90736	17.767	0.027000000000000003
2456811.92013	17.744	0.034
2456814.71196	17.787	0.021
2456815.78815	17.797	0.023
2456816.86204	17.804000000000002	0.032
2456817.92708	17.734	0.03
2456819.77519	17.749000000000002	0.032
2456824.63268	17.768	0.032
2456825.65542	17.78	0.023
2456826.6655900003	17.816	0.023
2456827.75731	17.783	0.021
2456828.80345	17.814	0.023
2456829.7776200003	17.807000000000002	0.025
2456830.80223	17.79	0.023
2456832.5592900002	17.774	0.023
2456833.6252900003	17.771	0.028999999999999998
2456834.63232	17.787	0.027000000000000003
2456835.70646	17.768	0.025
2456836.7398	17.835	0.03
2456837.75093	17.822	0.027000000000000003
2456838.7513	17.796	0.025
2456839.76714	17.769000000000002	0.027000000000000003
2456840.81562	17.783	0.034
2456842.56698	17.789	0.03
2456844.59571	17.787	0.021
2456845.58413	17.782	0.023
2456847.5757	17.772000000000002	0.025
2456851.53966	17.8	0.03
2456852.46438	17.839000000000002	0.051
2456852.6011900003	17.774	0.028999999999999998
2456855.678	17.774	0.021
2456856.70296	17.796	0.023
2456857.7536400002	17.813	0.023
2456859.5764200003	17.779	0.027000000000000003
2456862.76401	17.79	0.027000000000000003
2456864.52072	17.803	0.025
2456870.5847400003	17.752	0.023
2456872.734	17.804000000000002	0.03
2456879.6502400003	17.788	0.034
2456881.60303	17.756	0.028999999999999998
2456883.51244	17.791	0.025
2456885.71708	17.815	0.03
2456887.62679	17.807000000000002	0.021
2456889.5613	17.796	0.023
2456890.71089	17.77	0.027000000000000003
2456895.67948	17.764	0.025
2456909.52942	17.78	0.038
2456919.56324	17.794	0.025
2456924.51656	17.779	0.034
2456927.5139599997	17.777	0.038
2456930.54222	17.838	0.047
2456932.55084	17.769000000000002	0.047
2456938.56479	17.802	0.038
2456943.54489	17.782	0.038
2457066.86475	17.422	0.023
2457070.8993	17.351	0.028999999999999998
2457074.85976	17.326	0.021
2457075.83561	17.29	0.021
2457076.9015200003	17.284000000000002	0.025
2457078.8760900004	17.272000000000002	0.015
2457080.89831	17.22	0.017
2457083.80943	17.191	0.017
2457084.80265	17.176	0.025
2457086.8791900002	17.197	0.015
2457089.79012	17.164	0.017
2457091.82125	17.124000000000002	0.015
2457098.89538	17.061	0.012
2457100.87813	17.057000000000002	0.013999999999999999
2457108.8287299997	17.073	0.017
2457109.77673	17.067999999999998	0.013999999999999999
2457110.90161	17.072	0.012
2457112.86584	17.114	0.015
2457113.86908	17.086	0.012
2457115.86737	17.113	0.013999999999999999
2457116.88256	17.116	0.015
2457117.86925	17.115	0.013999999999999999
2457119.91237	17.17	0.017
2457120.84509	17.15	0.015
2457125.75368	17.192999999999998	0.021
2457129.76771	17.257	0.015
2457130.92788	17.319000000000003	0.019
2457131.78181	17.298	0.015
2457132.84306	17.305999999999997	0.015
2457134.9134400003	17.334	0.015
2457136.77923	17.365	0.015
2457137.91634	17.409000000000002	0.025
2457139.76883	17.389	0.017
2457140.89561	17.392	0.017
2457142.7302900003	17.422	0.015
2457143.84084	17.444000000000003	0.017
2457145.79881	17.455	0.021
2457146.83275	17.469	0.021
2457147.8541900003	17.479	0.025
2457153.70296	17.51	0.015
2457154.79248	17.534000000000002	0.017
2457155.8862099997	17.532	0.021
2457157.81093	17.547	0.019
2457158.91169	17.529	0.023
2457160.63167	17.57	0.021
2457161.70573	17.552	0.015
2457162.76094	17.56	0.019
2457163.82657	17.588	0.019
2457165.62493	17.621	0.023
2457168.79568	17.608	0.019
2457170.59326	17.590999999999998	0.021
2457172.63934	17.625999999999998	0.023
2457173.6603	17.593	0.023
2457174.66916	17.649	0.023
2457175.68295	17.631	0.023
2457178.64554	17.624000000000002	0.021
2457179.6378	17.637999999999998	0.027000000000000003
2457180.63305	17.656	0.027000000000000003
2457181.62869	17.675	0.019
2457182.64612	17.671	0.019
2457183.65818	17.673	0.023
2457184.6938400003	17.708	0.023
2457185.72381	17.677	0.025
2457186.87582	17.675	0.027000000000000003
2457187.88885	17.702	0.025
2457189.58793	17.712	0.023
2457190.64503	17.692	0.023
2457191.8259799997	17.67	0.027000000000000003
2457194.70239	17.712	0.019
2457197.78932	17.732	0.025
2457198.8156	17.709	0.032
2457199.8157599997	17.713	0.019
2457200.8007900002	17.755	0.025
2457206.67935	17.69	0.028999999999999998
2457207.6958	17.757	0.025
2457209.83068	17.735	0.036000000000000004
2457211.82084	17.733	0.03
2457217.57139	17.676	0.023
2457219.736	17.742	0.023
2457221.48893	17.8	0.028999999999999998
2457222.54439	17.762999999999998	0.023
2457223.68765	17.755	0.025
2457224.77757	17.721	0.025
2457226.68857	17.801	0.023
2457227.6995	17.724	0.021
2457228.75696	17.787	0.021
2457229.79623	17.762	0.025
2457235.68711	17.764	0.034
2457249.58882	17.805999999999997	0.025
2457252.65352	17.771	0.025
2457255.60911	17.813	0.025
2457263.51714	17.785	0.023
2457264.69639	17.746	0.028999999999999998
2457267.6866	17.789	0.03
2457269.67971	17.774	0.025
2457272.5334099997	17.819000000000003	0.028999999999999998
2457277.48337	17.744	0.027000000000000003
2457281.5118400003	17.773	0.036000000000000004
2457292.56683	17.820999999999998	0.051
2457295.53652	17.803	0.028999999999999998
2457299.5826	17.796	0.032
2457317.51536	17.820999999999998	0.034
2457435.85215	17.798	0.034
2457438.8335700002	17.84	0.03
2457441.82553	17.838	0.04
2457445.83596	17.785999999999998	0.027000000000000003
2457447.86332	17.774	0.021
2457451.8738700002	17.809	0.028999999999999998
2457453.83115	17.784000000000002	0.019
2457456.79483	17.836	0.032
2457458.80501	17.794	0.027000000000000003
2457461.80468	17.75	0.021
2457463.83362	17.817999999999998	0.023
2457465.90395	17.82	0.023
2457470.8097900003	17.785999999999998	0.025
2457471.90831	17.827	0.027000000000000003
2457474.76298	17.784000000000002	0.028999999999999998
2457475.7952099997	17.845	0.04
2457484.83458	17.82	0.025
2457486.76849	17.785	0.025
2457487.8766	17.78	0.023
2457489.90979	17.805	0.025
2457492.73318	17.782	0.021
2457493.72568	17.808	0.027000000000000003
2457494.71808	17.796	0.021
2457495.6923700003	17.783	0.028999999999999998
2457495.91301	17.795	0.025
2457498.8436	17.814	0.03
2457499.79908	17.843	0.023
2457500.74032	17.791	0.03
2457507.7606200003	17.781	0.023
2457508.80913	17.761	0.017
2457509.90601	17.826	0.027000000000000003
2457512.86083	17.744	0.019
2457522.9123299997	17.788	0.032
2457526.81475	17.777	0.025
2457529.88309	17.785999999999998	0.042
2457534.8133900003	17.782	0.023
2457536.81267	17.795	0.023
2457546.62928	17.787	0.028999999999999998
2457547.58984	17.759	0.03
2457548.68579	17.796	0.017
2457549.8541	17.813	0.027000000000000003
2457550.83256	17.765	0.023
2457555.56883	17.816	0.028999999999999998
2457555.90278	17.812	0.027000000000000003
2457557.8755900003	17.767	0.032
2457561.66232	17.82	0.036000000000000004
2457562.65285	17.822	0.028999999999999998
2457566.84322	17.799	0.04
2457567.78707	17.794	0.028999999999999998
2457568.78603	17.789	0.03
2457569.8035	17.819000000000003	0.025
2457570.65068	17.745	0.019
2457575.6420400003	17.81	0.021
2457576.66406	17.795	0.021
2457579.70057	17.793	0.023
2457584.58226	17.797	0.03
2457589.57435	17.804000000000002	0.034
2457590.5906	17.822	0.023
2457593.5715	17.817	0.023
2457596.52172	17.773	0.019
2457600.55305	17.798	0.028999999999999998
2457602.64422	17.815	0.027000000000000003
2457603.6848	17.796	0.023
2457604.6918599997	17.795	0.021
2457605.7329599997	17.79	0.025
2457607.70543	17.804000000000002	0.023
2457609.52386	17.808	0.028999999999999998
2457610.68203	17.804000000000002	0.023
2457612.65476	17.82	0.045
2457617.50085	17.794	0.032
2457618.6287	17.798	0.032
2457621.70521	17.808	0.032
2457623.6326	17.825	0.021
2457625.58497	17.817	0.025
2457630.59595	17.782	0.023
2457632.60298	17.758	0.021
2457636.48401	17.789	0.032
2457638.5262	17.769000000000002	0.028999999999999998
2457644.55766	17.738	0.042
2457648.62037	17.803	0.03
2457651.54125	17.827	0.025
2457653.60659	17.791	0.025
2457656.58653	17.764	0.03
2457659.5899900002	17.785999999999998	0.025
2457662.57521	17.742	0.028999999999999998
2457664.57513	17.793	0.034
2457796.8779	17.778	0.027000000000000003
2457799.8507	17.820999999999998	0.04
2457800.8909400003	17.793	0.028999999999999998
2457802.8821900003	17.754	0.034
2457808.82892	17.796	0.028999999999999998
2457808.84501	17.798	0.028999999999999998
2457811.8198599997	17.784000000000002	0.027000000000000003
2457814.83542	17.795	0.025
2457817.80529	17.799	0.025
2457819.83167	17.811	0.025
2457821.86889	17.808	0.028999999999999998
2457823.8796099997	17.8	0.025
2457826.78114	17.78	0.03
2457827.88934	17.788	0.023
2457830.79585	17.816	0.044000000000000004
2457835.8683599997	17.774	0.03
2457837.8656200003	17.79	0.021
2457839.87256	17.777	0.021
2457841.8704	17.797	0.032
2457843.82692	17.792	0.025
2457845.76133	17.808	0.027000000000000003
2457846.9183400003	17.766	0.025
2457848.84871	17.792	0.021
2457850.7662299997	17.808	0.028999999999999998
2457851.90598	17.845	0.025
2457854.82419	17.773	0.023
2457856.74559	17.814	0.04
2457858.86259	17.825	0.028999999999999998
2457862.86416	17.779	0.028999999999999998
2457865.76964	17.799	0.021
2457866.89951	17.798	0.021
2457868.84018	17.750999999999998	0.028999999999999998
2457870.72816	17.805	0.019
2457871.88318	17.788	0.021
2457873.73759	17.82	0.021
2457874.82666	17.781	0.027000000000000003
2457876.72505	17.753	0.025
2457877.8174	17.788	0.021
2457879.68436	17.793	0.028999999999999998
2457880.835	17.78	0.03
2457882.78882	17.792	0.03
2457890.8569799997	17.796	0.028999999999999998
2457893.9162	17.784000000000002	0.03
2457894.91397	17.777	0.025
2457901.66915	17.816	0.025
2457902.79258	17.822	0.025
2457904.58872	17.795	0.03
2457904.9443599996	17.815	0.045
2457905.9272	17.775	0.03
2457906.8757	17.789	0.025
2457908.62079	17.775	0.028999999999999998
2457908.9380099997	17.817	0.036000000000000004
2457909.88746	17.785999999999998	0.025
2457910.80904	17.792	0.023
2457911.67535	17.815	0.028999999999999998
2457917.7083900003	17.781	0.027000000000000003
2457923.5893200003	17.774	0.028999999999999998
2457924.5578900003	17.805999999999997	0.025
2457925.5820299997	17.761	0.028999999999999998
2457926.61655	17.773	0.027000000000000003
2457932.62514	17.832	0.028999999999999998
2457933.61606	17.782	0.025
2457934.62739	17.792	0.025
2457935.6501700003	17.803	0.025
2457936.6242400003	17.787	0.023
2457937.61276	17.793	0.027000000000000003
2457938.6417799997	17.840999999999998	0.034
2457944.75126	17.775	0.03
2457945.66093	17.791	0.025
2457946.60414	17.787	0.027000000000000003
2457947.6366	17.775	0.025
2457948.66021	17.834	0.03
2457949.7058900003	17.791	0.034
2457949.70929	17.753	0.036000000000000004
2457953.63375	17.791	0.023
2457954.65174	17.801	0.019
2457956.62628	17.801	0.023
2457958.59775	17.762	0.028999999999999998
2457959.60067	17.77	0.021
2457960.64091	17.791	0.023
2457961.68505	17.736	0.019
2457964.6128	17.767	0.025
2457966.56319	17.767	0.027000000000000003
2457971.50751	17.802	0.032
2457972.51959	17.769000000000002	0.044000000000000004
2457973.63634	17.796	0.032
2457974.7308900002	17.764	0.03
2457980.54936	17.785	0.028999999999999998
2457982.49372	17.784000000000002	0.027000000000000003
2457983.66388	17.782	0.021
2457985.62257	17.773	0.032
2457987.66493	17.794	0.023
2457991.64629	17.791	0.032
2457993.60959	17.817	0.025
2457998.56507	17.769000000000002	0.025
2458001.5467	17.775	0.023
2458004.54895	17.768	0.03
2458010.5518799997	17.819000000000003	0.027000000000000003
2458014.49992	17.817999999999998	0.028999999999999998
2458017.54058	17.805	0.025
2458021.5594	17.814	0.028999999999999998
2458032.56636	17.733	0.036000000000000004
2458048.50361	17.742	0.023
