2455385.5745900003	17.707	0.019
2455385.6647200002	17.679000000000002	0.02
2455385.76309	17.705	0.019
2455640.80993	17.689	0.03
2455644.89976	17.680999999999997	0.049
2455647.81043	17.671	0.026000000000000002
2455651.90611	17.7	0.018000000000000002
2455657.77176	17.684	0.019
2455660.82601	17.699	0.02
2455665.9315400003	17.730999999999998	0.042
2455677.89854	17.66	0.019
2455681.90514	17.7	0.02
2455685.79819	17.715	0.019
2455691.65278	17.695	0.022000000000000002
2455693.91082	17.718	0.026000000000000002
2455696.7609099997	17.67	0.02
2455698.8870200003	17.688	0.031
2455703.7368	17.69	0.03
2455708.7593	17.678	0.026000000000000002
2455715.57195	17.682000000000002	0.024
2455715.59655	17.685	0.021
2455721.8882299997	17.692999999999998	0.026000000000000002
2455724.79094	17.662	0.024
2455729.7130299998	17.704	0.055
2455729.72423	17.701	0.042
2455734.61812	17.707	0.027000000000000003
2455737.52783	17.677	0.022000000000000002
2455739.75793	17.734	0.02
2455741.82738	17.654	0.024
2455744.85726	17.69	0.027000000000000003
2455747.739	17.708	0.031
2455764.583	17.71	0.02
2455768.5183099997	17.698	0.022000000000000002
2455776.6271599997	17.735	0.025
2455784.55574	17.713	0.040999999999999995
2455784.65195	17.655	0.024
2455788.57454	17.727	0.027000000000000003
2455794.5123099997	17.675	0.024
2455801.65601	17.726	0.028999999999999998
2455807.57045	17.692	0.026000000000000002
2455813.52581	17.704	0.03
2455818.52442	17.724	0.026000000000000002
2455823.52361	17.691	0.031
2455828.51346	17.708	0.022000000000000002
2455832.5326099996	17.674	0.02
2455839.55945	17.691	0.028999999999999998
2455844.5208099997	17.707	0.032
2455851.52392	17.724	0.027000000000000003
2455862.5065900004	17.719	0.028999999999999998
2455959.8692400004	17.719	0.025
2455961.8652	17.723	0.024
2455962.86149	17.67	0.025
2455963.85622	17.658	0.037000000000000005
2455964.86585	17.663	0.035
2455965.87315	17.721	0.025
2455967.876	17.697	0.024
2455968.86969	17.684	0.026000000000000002
2455983.8181	17.695	0.025
2455988.9027400003	17.67	0.027000000000000003
2455994.78581	17.721	0.03
2455998.81421	17.726	0.024
2456002.8458	17.662	0.024
2456002.90364	17.669	0.022000000000000002
2456006.81215	17.701	0.018000000000000002
2456009.86623	17.676	0.018000000000000002
2456012.91483	17.669	0.016
2456016.7469599997	17.697	0.018000000000000002
2456019.74125	17.78	0.024
2456021.8470900003	17.688	0.018000000000000002
2456024.7749900003	17.669	0.021
2456032.75445	17.688	0.019
2456036.76198	17.695999999999998	0.018000000000000002
2456039.92687	17.711	0.025
2456047.85028	17.688	0.021
2456050.8108599996	17.718	0.021
2456053.8549599997	17.684	0.027000000000000003
2456057.74651	17.684	0.053
2456057.88575	17.64	0.026000000000000002
2456060.7858	17.697	0.02
2456061.6779	17.665	0.025
2456063.90585	17.695	0.022000000000000002
2456066.8100099997	17.721	0.02
2456068.85954	17.683	0.019
2456070.88667	17.680999999999997	0.02
2456075.8650599997	17.712	0.019
2456078.67808	17.705	0.02
2456080.65132	17.724	0.025
2456085.80295	17.725	0.027000000000000003
2456088.59146	17.701	0.019
2456093.64739	17.712	0.022000000000000002
2456096.7275400003	17.675	0.024
2456096.74033	17.715	0.025
2456098.84572	17.737000000000002	0.025
2456101.67052	17.719	0.019
2456103.57466	17.656	0.021
2456105.52206	17.707	0.021
2456113.56947	17.711	0.03
2456115.51437	17.727999999999998	0.022000000000000002
2456117.53258	17.673	0.021
2456118.83775	17.697	0.024
2456121.48096	17.697	0.019
2456124.51719	17.743	0.024
2456126.57918	17.704	0.025
2456131.57106	17.742	0.019
2456140.51177	17.684	0.028999999999999998
2456150.64263	17.729	0.02
2456154.69687	17.695	0.022000000000000002
2456160.6894900003	17.719	0.022000000000000002
2456160.70221	17.702	0.022000000000000002
2456167.52967	17.712	0.027000000000000003
2456168.54561	17.695999999999998	0.02
2456175.52424	17.677	0.022000000000000002
2456181.6447	17.691	0.025
2456197.48948	17.646	0.031
2456205.5265900004	17.687	0.021
2456213.5657900004	17.729	0.031
2456220.4931799998	17.666	0.043
2456226.5260099997	17.702	0.040999999999999995
2456344.85293	17.692999999999998	0.019
2456353.79347	17.668	0.024
2456361.89239	17.697	0.025
2456369.8728	17.694000000000003	0.016
2456374.82714	17.704	0.02
2456377.91958	17.692999999999998	0.028999999999999998
2456381.80519	17.664	0.018000000000000002
2456387.8236700003	17.704	0.02
2456390.79321	17.714000000000002	0.021
2456394.91688	17.683	0.02
2456397.91747	17.701	0.018000000000000002
2456401.71441	17.709	0.02
2456403.92114	17.691	0.02
2456407.90633	17.677	0.025
2456416.86118	17.666	0.019
2456419.70323	17.699	0.019
2456422.71641	17.713	0.019
2456426.61885	17.706	0.018000000000000002
2456431.73913	17.713	0.02
2456433.78783	17.71	0.026000000000000002
2456435.92253	17.687	0.021
2456441.83605	17.668	0.026000000000000002
2456444.87338	17.711	0.022000000000000002
2456446.90678	17.706	0.021
2456448.84119	17.719	0.02
2456450.7784599997	17.686	0.018000000000000002
2456452.7634400004	17.711	0.015
2456456.5528700002	17.685	0.018000000000000002
2456458.68748	17.727	0.02
2456460.73126	17.665	0.021
2456463.58296	17.698	0.026000000000000002
2456468.60493	17.684	0.026000000000000002
2456472.76672	17.689	0.021
2456473.58242	17.727	0.021
2456475.52023	17.701	0.024
2456477.5117	17.705	0.024
2456480.5366700003	17.668	0.025
2456483.81839	17.711	0.026000000000000002
2456486.78985	17.671	0.022000000000000002
2456490.54125	17.709	0.021
2456492.6682599997	17.675	0.026000000000000002
2456498.5633	17.695999999999998	0.016
2456501.74143	17.706	0.027000000000000003
2456508.48668	17.686	0.022000000000000002
2456510.7022599997	17.7	0.019
2456516.50206	17.707	0.022000000000000002
2456523.63558	17.674	0.025
2456531.48217	17.721	0.026000000000000002
2456536.51448	17.680999999999997	0.019
2456545.48797	17.708	0.024
2456558.588	17.708	0.021
2456564.57352	17.708	0.022000000000000002
2456571.56965	17.683	0.025
2456576.48319	17.73	0.06
2456576.5534200002	17.7	0.025
2456581.55637	17.671	0.03
2456741.89547	17.694000000000003	0.016
2456743.89849	17.692999999999998	0.016
2456746.8015400004	17.706	0.018000000000000002
2456748.8115	17.672	0.016
2456752.78592	17.663	0.016
2456756.89335	17.689	0.018000000000000002
2456760.71719	17.706	0.019
2456763.71222	17.676	0.02
2456765.88286	17.675	0.024
2456770.80512	17.694000000000003	0.019
2456773.70367	17.692999999999998	0.026000000000000002
2456775.91899	17.719	0.02
2456784.86393	17.733	0.024
2456785.8487299997	17.687	0.02
2456786.88144	17.687	0.021
2456790.8867900004	17.704	0.025
2456792.8235	17.687	0.026000000000000002
2456797.83368	17.747	0.036000000000000004
2456803.91046	17.709	0.024
2456805.8036599997	17.715	0.025
2456808.64924	17.679000000000002	0.022000000000000002
2456810.57492	17.701	0.027000000000000003
2456811.84474	17.71	0.027000000000000003
2456814.87759	17.691	0.022000000000000002
2456816.8783400003	17.704	0.027000000000000003
2456819.58495	17.685	0.031
2456824.59968	17.715	0.03
2456825.87942	17.665	0.028999999999999998
2456827.6689299997	17.691	0.019
2456829.58003	17.673	0.028999999999999998
2456830.85586	17.701	0.02
2456833.53127	17.680999999999997	0.03
2456834.78881	17.733	0.03
2456836.72523	17.67	0.025
2456838.56895	17.682000000000002	0.024
2456839.8257400002	17.688	0.027000000000000003
2456841.8357	17.719	0.028999999999999998
2456841.8366900003	17.682000000000002	0.03
2456844.7713900004	17.702	0.022000000000000002
2456847.58934	17.688	0.022000000000000002
2456851.7905900003	17.71	0.031
2456855.76994	17.65	0.021
2456857.6908	17.712	0.018000000000000002
2456859.77168	17.678	0.03
2456864.53774	17.705	0.021
2456872.53533	17.711	0.024
2456881.67563	17.669	0.026000000000000002
2456885.60772	17.689	0.019
2456888.47947	17.683	0.02
2456890.6722	17.699	0.026000000000000002
2456898.48012	17.7	0.026000000000000002
2456912.57414	17.679000000000002	0.022000000000000002
2456922.53009	17.675	0.025
2456926.61137	17.672	0.024
2456931.48757	17.685	0.040999999999999995
2456932.50697	17.675	0.03
2456937.49443	17.769000000000002	0.032
2456943.53309	17.71	0.03
2457064.88176	17.646	0.022000000000000002
2457071.88809	17.687	0.021
2457077.83682	17.699	0.025
2457080.86564	17.701	0.021
2457083.90423	17.709	0.03
2457087.87761	17.642	0.022000000000000002
2457091.78351	17.715999999999998	0.026000000000000002
2457098.84482	17.673	0.019
2457101.86361	17.67	0.025
2457102.82493	17.665	0.024
2457110.91895	17.654	0.021
2457114.7497	17.703	0.027000000000000003
2457117.78676	17.672	0.02
2457120.84376	17.654	0.02
2457129.82246	17.666	0.018000000000000002
2457132.71627	17.686	0.021
2457135.77518	17.66	0.019
2457137.90341	17.657	0.022000000000000002
2457140.71591	17.676	0.024
2457142.79157	17.656	0.019
2457145.84765	17.655	0.024
2457147.7640400003	17.678	0.025
2457153.82485	17.631	0.018000000000000002
2457155.8588400004	17.619	0.02
2457158.71476	17.656	0.018000000000000002
2457160.67986	17.654	0.02
2457162.65041	17.648	0.021
2457164.6104	17.7	0.021
2457168.72977	17.647000000000002	0.02
2457170.82915	17.625	0.019
2457173.75654	17.634	0.025
2457175.6082	17.63	0.025
2457178.6537599997	17.658	0.031
2457180.60604	17.602999999999998	0.024
2457181.85146	17.657	0.024
2457183.71405	17.623	0.021
2457185.58718	17.642	0.021
2457187.6151400004	17.62	0.02
2457189.58937	17.64	0.021
2457190.87338	17.6	0.024
2457197.79073	17.646	0.02
2457199.66519	17.635	0.019
2457206.69754	17.572	0.027000000000000003
2457209.70181	17.566	0.024
2457212.53217	17.613	0.018000000000000002
2457219.63955	17.567	0.018000000000000002
2457221.61655	17.57	0.019
2457223.5951900003	17.58	0.024
2457225.615	17.573	0.018000000000000002
2457227.7149900002	17.54	0.02
2457229.697	17.546	0.02
2457233.69066	17.586	0.037000000000000005
2457248.48496	17.506	0.021
2457249.48317	17.447	0.025
2457253.57729	17.49	0.018000000000000002
2457261.52575	17.456	0.025
2457265.5014	17.415	0.018000000000000002
2457269.54651	17.404	0.016
2457273.58453	17.398	0.021
2457278.64895	17.382	0.019
2457293.52727	17.369	0.02
2457311.49584	17.319000000000003	0.016
2457438.8834599997	17.618	0.025
2457445.87215	17.629	0.019
2457449.88415	17.627	0.031
2457451.89707	17.659000000000002	0.024
2457455.90887	17.639	0.024
2457460.87839	17.636	0.018000000000000002
2457465.79238	17.660999999999998	0.022000000000000002
2457470.89568	17.676	0.021
2457474.81832	17.702	0.025
2457480.78632	17.66	0.031
2457485.88217	17.659000000000002	0.019
2457487.92386	17.656	0.022000000000000002
2457491.899	17.639	0.016
2457494.70871	17.702	0.02
2457497.88245	17.687	0.021
2457499.90209	17.689	0.021
2457507.89777	17.641	0.02
2457509.88066	17.677	0.02
2457516.70017	17.666	0.024
2457526.78077	17.678	0.025
2457530.82851	17.674	0.027000000000000003
2457536.7861200003	17.704	0.022000000000000002
2457546.78208	17.69	0.021
2457547.86062	17.69	0.021
2457550.61122	17.705	0.021
2457554.6307900003	17.714000000000002	0.025
2457560.78156	17.663	0.027000000000000003
2457561.84817	17.676	0.027000000000000003
2457567.51024	17.667	0.027000000000000003
2457568.64718	17.702	0.02
2457569.83413	17.703	0.025
2457575.7329700002	17.68	0.02
2457579.62164	17.678	0.019
2457584.71327	17.682000000000002	0.037000000000000005
2457590.56581	17.675	0.022000000000000002
2457593.74532	17.683	0.019
2457600.59225	17.715999999999998	0.025
2457603.5036	17.711	0.022000000000000002
2457604.71819	17.704	0.019
2457607.6047900002	17.707	0.022000000000000002
2457609.666	17.694000000000003	0.019
2457612.61851	17.682000000000002	0.04
2457617.69671	17.749000000000002	0.032
2457622.53226	17.674	0.02
2457624.67256	17.707	0.02
2457631.5298200003	17.691	0.018000000000000002
2457639.61026	17.7	0.02
2457649.5290599996	17.707	0.02
2457653.564	17.686	0.019
