2455378.61267	16.783	0.011000000000000001
2455380.64555	16.803	0.011000000000000001
2455382.79588	16.820999999999998	0.018000000000000002
2455385.5334400004	16.802	0.011000000000000001
2455385.6329	16.785999999999998	0.01
2455397.6814200003	16.789	0.013999999999999999
2455405.63517	16.78	0.015
2455409.47504	16.787	0.013999999999999999
2455413.5112900003	16.792	0.011000000000000001
2455422.55336	16.796	0.013000000000000001
2455433.68107	16.791	0.015
2455439.57304	16.796	0.013999999999999999
2455447.50709	16.799	0.011000000000000001
2455457.56428	16.808	0.013000000000000001
2455460.57277	16.745	0.019
2455465.5186799997	16.752	0.015
2455472.5929799997	16.788	0.013999999999999999
2455490.52586	16.789	0.019
2455602.8553400002	16.805	0.013000000000000001
2455604.86323	16.813	0.013999999999999999
2455605.8593900003	16.787	0.011000000000000001
2455606.85942	16.803	0.013000000000000001
2455607.86253	16.798	0.013000000000000001
2455608.85353	16.809	0.015
2455611.84913	16.798	0.017
2455612.85839	16.782	0.013999999999999999
2455613.8932	16.81	0.019
2455615.84993	16.799	0.013000000000000001
2455616.84405	16.791	0.015
2455621.83505	16.797	0.011000000000000001
2455622.82303	16.804000000000002	0.011000000000000001
2455624.77941	16.8	0.011000000000000001
2455626.8382599996	16.781	0.013999999999999999
2455628.77941	16.8	0.015
2455629.77486	16.814	0.013999999999999999
2455631.83974	16.774	0.013999999999999999
2455632.86888	16.794	0.013000000000000001
2455633.76804	16.782	0.013000000000000001
2455635.80093	16.794	0.015
2455637.7797	16.804000000000002	0.015
2455638.90941	16.789	0.011000000000000001
2455639.76577	16.799	0.015
2455642.77764	16.813	0.015
2455647.76423	16.789	0.013000000000000001
2455649.80015	16.79	0.01
2455654.80555	16.79	0.011000000000000001
2455658.8635299997	16.787	0.011000000000000001
2455662.91655	16.808	0.011000000000000001
2455668.82001	16.791	0.015
2455675.80353	16.777	0.013000000000000001
2455679.90118	16.798	0.011000000000000001
2455682.92774	16.805999999999997	0.013000000000000001
2455686.81896	16.795	0.01
2455692.6698	16.798	0.011000000000000001
2455694.84352	16.783	0.011000000000000001
2455697.70296	16.775	0.011000000000000001
2455702.59209	16.824	0.017
2455702.77092	16.82	0.023
2455706.87832	16.791	0.015
2455710.8523	16.811	0.013000000000000001
2455715.8663	16.804000000000002	0.013000000000000001
2455722.83738	16.817	0.013000000000000001
2455726.53338	16.793	0.021
2455735.6839900003	16.8	0.013000000000000001
2455737.79594	16.81	0.011000000000000001
2455740.65308	16.799	0.011000000000000001
2455742.68363	16.792	0.01
2455745.7305	16.794	0.013000000000000001
2455749.51905	16.813	0.013999999999999999
2455760.5780700003	16.792	0.013999999999999999
2455765.54428	16.785	0.011000000000000001
2455768.79727	16.813	0.013999999999999999
2455777.67539	16.8	0.011000000000000001
2455784.4915299998	16.792	0.022000000000000002
2455784.6227	16.807000000000002	0.015
2455786.48299	16.801	0.015
2455790.5937799998	16.799	0.013000000000000001
2455794.6943099997	16.808	0.013000000000000001
2455803.5287200003	16.816	0.013999999999999999
2455815.5104799997	16.804000000000002	0.011000000000000001
2455819.5457900004	16.808	0.013000000000000001
2455824.56155	16.805	0.011000000000000001
2455829.53885	16.816	0.013000000000000001
2455833.5954400003	16.824	0.015
2455841.53274	16.801	0.015
2455845.57438	16.81	0.018000000000000002
2455854.5313	16.791	0.015
2455972.88525	16.8	0.015
2455984.8952900004	16.801	0.011000000000000001
2455990.82992	16.795	0.01
2455995.77155	16.795	0.013999999999999999
2456002.77424	16.827	0.018000000000000002
2456002.89557	16.828	0.013999999999999999
2456003.86088	16.794	0.015
2456010.83663	16.789	0.01
2456013.91522	16.813	0.01
2456016.9178	16.778	0.011000000000000001
2456019.90191	16.802	0.01
2456022.79452	16.805999999999997	0.011000000000000001
2456025.72063	16.805	0.015
2456032.92224	16.798	0.01
2456037.74632	16.8	0.013000000000000001
2456040.90095	16.803	0.011000000000000001
2456048.76926	16.826	0.01
2456051.6704599997	16.785999999999998	0.011000000000000001
2456057.70022	16.831	0.013999999999999999
2456057.85952	16.782	0.011000000000000001
2456058.6551599996	16.785999999999998	0.013999999999999999
2456061.84369	16.787	0.01
2456064.8352200002	16.788	0.01
2456067.6004	16.789	0.011000000000000001
2456069.695	16.846	0.009000000000000001
2456071.67267	16.799	0.01
2456076.70676	16.804000000000002	0.01
2456078.84596	16.797	0.01
2456080.8064200003	16.795	0.011000000000000001
2456086.60244	16.788	0.013000000000000001
2456089.66022	16.789	0.01
2456093.8353	16.808	0.013000000000000001
2456096.88939	16.788	0.015
2456100.52017	16.804000000000002	0.013999999999999999
2456101.84117	16.779	0.013999999999999999
2456103.7412400004	16.791	0.01
2456105.6996299997	16.766	0.01
2456113.71467	16.785999999999998	0.013000000000000001
2456115.68963	16.792	0.013000000000000001
2456117.69815	16.804000000000002	0.011000000000000001
2456119.6362799997	16.825	0.01
2456121.64875	16.796	0.009000000000000001
2456124.71442	16.805	0.011000000000000001
2456126.77628	16.795	0.013000000000000001
2456132.61553	16.809	0.013000000000000001
2456135.67856	16.775	0.011000000000000001
2456140.6775700003	16.812	0.015
2456147.62427	16.787	0.013000000000000001
2456151.6124299997	16.799	0.013000000000000001
2456158.55647	16.792	0.011000000000000001
2456161.63985	16.79	0.011000000000000001
2456169.54863	16.805	0.013000000000000001
2456175.66049	16.804000000000002	0.015
2456182.6460599997	16.828	0.013999999999999999
2456191.50477	16.768	0.015
2456198.59691	16.774	0.019
2456210.52317	16.804000000000002	0.013000000000000001
2456217.51695	16.785	0.01
2456347.8749700002	16.784000000000002	0.01
2456363.80388	16.801	0.011000000000000001
2456375.82406	16.797	0.01
2456375.84238	16.813	0.01
2456382.7859900002	16.736	0.019
2456388.79049	16.794	0.01
2456391.71978	16.778	0.013000000000000001
2456408.8285	16.746	0.013999999999999999
2456423.65172	16.789	0.011000000000000001
2456434.67451	16.768	0.011000000000000001
2456442.61615	16.785999999999998	0.01
2456449.61499	16.783	0.01
2456451.54538	16.798	0.013999999999999999
2456454.54274	16.817	0.013000000000000001
2456458.85854	16.813	0.011000000000000001
2456461.6154	16.784000000000002	0.011000000000000001
2456475.70687	16.792	0.01
2456477.6866099997	16.808	0.011000000000000001
2456485.50337	16.797	0.01
2456487.60667	16.784000000000002	0.009000000000000001
2456496.53226	16.772000000000002	0.013999999999999999
2456505.51705	16.791	0.011000000000000001
2456511.64372	16.774	0.01
2456518.54647	16.784000000000002	0.01
2456531.68272	16.819000000000003	0.013000000000000001
2456560.50843	16.796	0.013000000000000001
2456742.84914	16.789	0.009000000000000001
2456750.7601799998	16.797	0.01
2456752.81874	16.795	0.009000000000000001
2456759.88906	16.785999999999998	0.008
2456763.8047599997	16.801	0.01
2456770.77458	16.767	0.01
2456772.67877	16.805999999999997	0.01
2456777.73263	16.796	0.009000000000000001
2456789.80217	16.782	0.011000000000000001
2456790.88533	16.779	0.013000000000000001
2456791.9412700003	16.791	0.018000000000000002
2456796.65357	16.807000000000002	0.013000000000000001
2456797.7548599998	16.801	0.011000000000000001
2456799.90729	16.784000000000002	0.017
2456804.6054599998	16.785	0.011000000000000001
2456805.65642	16.799	0.015
2456807.61588	16.791	0.013999999999999999
2456808.66393	16.795	0.011000000000000001
2456809.70825	16.783	0.01
2456810.76355	16.795	0.011000000000000001
2456811.78235	16.8	0.013000000000000001
2456813.89037	16.789	0.013000000000000001
2456815.6148099997	16.813	0.015
2456816.70072	16.785999999999998	0.011000000000000001
2456817.78339	16.803	0.013000000000000001
2456819.64575	16.822	0.015
2456823.8588	16.791	0.017
2456824.9021	16.817	0.018000000000000002
2456826.53241	16.778	0.013999999999999999
2456827.57787	16.793	0.011000000000000001
2456828.62561	16.797	0.009000000000000001
2456829.62201	16.802	0.013000000000000001
2456830.65463	16.813	0.01
2456831.79192	16.797	0.011000000000000001
2456832.82555	16.796	0.013999999999999999
2456834.50068	16.803	0.015
2456835.55219	16.804000000000002	0.013999999999999999
2456836.5923900004	16.807000000000002	0.013000000000000001
2456837.5984900002	16.794	0.011000000000000001
2456838.5983700003	16.804000000000002	0.011000000000000001
2456839.60988	16.793	0.011000000000000001
2456841.77991	16.795	0.013999999999999999
2456842.82611	16.804000000000002	0.015
2456844.84703	16.805999999999997	0.015
2456845.83543	16.804000000000002	0.013000000000000001
2456847.78039	16.799	0.013999999999999999
2456851.7891700002	16.799	0.017
2456855.51908	16.795	0.013000000000000001
2456856.5482400004	16.783	0.011000000000000001
2456857.59162	16.791	0.011000000000000001
2456858.6732	16.8	0.01
2456862.63172	16.809	0.013000000000000001
2456863.70933	16.797	0.011000000000000001
2456872.53382	16.777	0.013000000000000001
2456878.5707	16.787	0.018000000000000002
2456880.69302	16.8	0.019
2456882.62848	16.792	0.011000000000000001
2456885.57623	16.779	0.011000000000000001
2456886.71502	16.805	0.013999999999999999
2456888.64197	16.792	0.011000000000000001
2456890.57969	16.793	0.011000000000000001
2456895.5325	16.802	0.011000000000000001
2456912.63019	16.773	0.013999999999999999
2456918.5493099997	16.785	0.013999999999999999
2456922.62647	16.805	0.013999999999999999
2456926.48642	16.805999999999997	0.015
2456929.5098	16.805	0.013000000000000001
2456932.55361	16.789	0.021
2456936.4933599997	16.809	0.013999999999999999
2456942.51283	16.779	0.013999999999999999
2457069.87628	16.778	0.011000000000000001
2457074.88664	16.785	0.013000000000000001
2457075.86271	16.788	0.011000000000000001
2457078.86521	16.803	0.011000000000000001
2457082.86705	16.779	0.01
2457086.89543	16.784000000000002	0.011000000000000001
2457090.82554	16.791	0.011000000000000001
2457097.8947	16.789	0.009000000000000001
2457100.87989	16.78	0.01
2457110.8072200003	16.779	0.01
2457112.91819	16.793	0.011000000000000001
2457115.73226	16.77	0.011000000000000001
2457117.71417	16.813	0.013999999999999999
2457119.77642	16.785999999999998	0.013000000000000001
2457126.87745	16.775	0.01
2457130.77798	16.797	0.01
2457132.68558	16.811	0.015
2457134.75753	16.791	0.011000000000000001
2457135.91579	16.797	0.01
2457137.76039	16.788	0.009000000000000001
2457138.88771	16.798	0.011000000000000001
2457140.74357	16.782	0.011000000000000001
2457141.8768700003	16.793	0.01
2457143.69872	16.793	0.013000000000000001
2457146.7179400004	16.796	0.013000000000000001
2457147.73765	16.788	0.013999999999999999
2457152.8958	16.797	0.013000000000000001
2457154.65407	16.778	0.009000000000000001
2457155.72946	16.794	0.01
2457157.61898	16.777	0.011000000000000001
2457158.7569	16.807000000000002	0.011000000000000001
2457159.82499	16.8	0.01
2457160.89555	16.8	0.011000000000000001
2457162.61936	16.776	0.011000000000000001
2457163.67336	16.783	0.013000000000000001
2457164.8166400003	16.784000000000002	0.01
2457166.60329	16.794	0.013999999999999999
2457166.78686	16.795	0.011000000000000001
2457168.70497	16.785	0.013000000000000001
2457169.6927900002	16.783	0.01
2457169.88758	16.794	0.011000000000000001
2457170.6798	16.782	0.01
2457170.86932	16.788	0.011000000000000001
2457172.6820799997	16.789	0.011000000000000001
2457172.87292	16.81	0.013000000000000001
2457173.6589	16.805999999999997	0.013000000000000001
2457173.8546	16.8	0.011000000000000001
2457174.62352	16.793	0.013000000000000001
2457174.7957099997	16.794	0.013000000000000001
2457175.57956	16.785999999999998	0.013999999999999999
2457175.75532	16.779	0.013000000000000001
2457178.67754	16.792	0.011000000000000001
2457178.84898	16.811	0.013000000000000001
2457179.62205	16.803	0.013999999999999999
2457179.78662	16.775	0.013000000000000001
2457180.57443	16.785	0.013000000000000001
2457180.73563	16.785999999999998	0.011000000000000001
2457180.9095799997	16.799	0.013000000000000001
2457181.69591	16.809	0.011000000000000001
2457181.86608	16.788	0.013000000000000001
2457182.6302900002	16.789	0.01
2457182.82259	16.805999999999997	0.011000000000000001
2457183.58368	16.797	0.011000000000000001
2457183.76821	16.797	0.011000000000000001
2457184.5740099996	16.784000000000002	0.013999999999999999
2457184.7593400003	16.797	0.011000000000000001
2457184.92323	16.794	0.013999999999999999
2457185.88925	16.797	0.015
2457186.8455	16.791	0.013000000000000001
2457187.62648	16.797	0.013000000000000001
2457187.80962	16.807000000000002	0.011000000000000001
2457188.59666	16.79	0.011000000000000001
2457188.7837	16.811	0.013999999999999999
2457189.64184	16.789	0.011000000000000001
2457189.8226	16.787	0.011000000000000001
2457190.81061	16.805	0.013000000000000001
2457191.63881	16.805999999999997	0.011000000000000001
2457192.8472	16.789	0.011000000000000001
2457192.87245	16.811	0.013000000000000001
2457193.66917	16.809	0.009000000000000001
2457193.8536799997	16.792	0.011000000000000001
2457194.61668	16.777	0.01
2457194.80865	16.778	0.009000000000000001
2457197.6486299997	16.79	0.01
2457197.83542	16.801	0.013999999999999999
2457198.62827	16.787	0.01
2457198.8141099997	16.787	0.017
2457199.5885	16.778	0.01
2457199.77122	16.805999999999997	0.011000000000000001
2457200.52665	16.797	0.011000000000000001
2457200.70639	16.797	0.01
2457202.64437	16.795	0.013999999999999999
2457202.86611	16.795	0.017
2457206.67782	16.789	0.013999999999999999
2457206.8379900004	16.815	0.018000000000000002
2457207.64671	16.791	0.011000000000000001
2457207.83585	16.79	0.015
2457209.74243	16.817999999999998	0.013000000000000001
2457211.52053	16.8	0.013000000000000001
2457211.70284	16.794	0.011000000000000001
2457212.57527	16.794	0.009000000000000001
2457214.6510400004	16.826	0.01
2457217.59901	16.808	0.011000000000000001
2457219.51173	16.804000000000002	0.013000000000000001
2457219.71971	16.792	0.011000000000000001
2457220.61146	16.801	0.01
2457220.79138	16.809	0.011000000000000001
2457221.5891	16.785999999999998	0.011000000000000001
2457221.7715	16.8	0.01
2457222.56277	16.79	0.011000000000000001
2457222.77752	16.805	0.013000000000000001
2457223.6175599997	16.8	0.013000000000000001
2457224.46873	16.8	0.011000000000000001
2457224.6625900003	16.793	0.013000000000000001
2457225.50079	16.791	0.011000000000000001
2457226.51657	16.798	0.011000000000000001
2457226.7014599997	16.807000000000002	0.011000000000000001
2457227.48515	16.785999999999998	0.015
2457227.6600200003	16.798	0.01
2457228.4866299997	16.793	0.013000000000000001
2457228.6707	16.799	0.013000000000000001
2457229.51492	16.791	0.011000000000000001
2457229.6795900003	16.792	0.011000000000000001
2457233.49283	16.784000000000002	0.017
2457233.53467	16.775	0.022000000000000002
2457235.69998	16.795	0.013999999999999999
2457249.55783	16.795	0.013000000000000001
2457249.70255	16.813	0.013999999999999999
2457252.5364099997	16.808	0.013000000000000001
2457253.49134	16.798	0.011000000000000001
2457253.68348	16.79	0.011000000000000001
2457255.65107	16.791	0.013000000000000001
2457256.65418	16.797	0.013999999999999999
2457261.50937	16.799	0.018000000000000002
2457261.67037	16.803	0.018000000000000002
2457263.63594	16.772000000000002	0.013999999999999999
2457264.58237	16.79	0.011000000000000001
2457265.54566	16.793	0.011000000000000001
2457267.4802	16.784000000000002	0.013000000000000001
2457268.48138	16.804000000000002	0.011000000000000001
2457268.6768	16.775	0.01
2457269.66517	16.785999999999998	0.011000000000000001
2457270.60894	16.796	0.01
2457271.5648	16.799	0.013000000000000001
2457273.53563	16.803	0.015
2457275.54016	16.801	0.017
2457277.51491	16.784000000000002	0.013000000000000001
2457278.49847	16.797	0.015
2457281.5101	16.801	0.017
2457284.54963	16.808	0.011000000000000001
2457292.52764	16.809	0.018000000000000002
2457299.56817	16.772000000000002	0.013000000000000001
2457318.53199	16.809	0.013999999999999999
2457436.82907	16.777	0.013000000000000001
2457437.82749	16.795	0.01
2457438.89126	16.792	0.013999999999999999
2457440.8239599997	16.795	0.013000000000000001
2457441.86815	16.794	0.013000000000000001
2457442.89237	16.803	0.013999999999999999
2457445.8670099997	16.784000000000002	0.01
2457446.8779700003	16.781	0.01
2457447.88568	16.785	0.011000000000000001
2457448.89955	16.805	0.01
2457451.82925	16.785999999999998	0.011000000000000001
2457452.86124	16.784000000000002	0.01
2457453.86759	16.779	0.009000000000000001
2457455.81853	16.811	0.011000000000000001
2457456.82467	16.805	0.011000000000000001
2457457.82022	16.804000000000002	0.013000000000000001
2457458.81545	16.797	0.011000000000000001
2457460.81603	16.796	0.011000000000000001
2457461.81523	16.774	0.01
2457462.8022	16.785999999999998	0.01
2457463.82912	16.792	0.01
2457465.77112	16.814	0.011000000000000001
2457465.8996099997	16.8	0.011000000000000001
2457470.79069	16.78	0.013999999999999999
2457471.87456	16.776	0.013000000000000001
2457472.8128299997	16.804000000000002	0.013000000000000001
2457473.78116	16.809	0.013000000000000001
2457474.81366	16.776	0.013000000000000001
2457475.8494	16.793	0.018000000000000002
2457484.80529	16.78	0.011000000000000001
2457486.7220900003	16.797	0.013999999999999999
2457489.80141	16.807000000000002	0.011000000000000001
2457492.71536	16.802	0.011000000000000001
2457493.70879	16.798	0.011000000000000001
2457495.8956	16.792	0.011000000000000001
2457500.72332	16.785	0.013999999999999999
2457509.86502	16.808	0.011000000000000001
2457512.8002299997	16.77	0.009000000000000001
2457522.8711900003	16.782	0.015
2457526.77668	16.801	0.011000000000000001
2457529.8028700002	16.764	0.017
2457534.78386	16.785	0.01
2457536.78302	16.78	0.011000000000000001
2457545.9249	16.805	0.013000000000000001
2457547.55895	16.805999999999997	0.013000000000000001
2457549.81365	16.799	0.01
2457550.79225	16.782	0.011000000000000001
2457554.89524	16.809	0.013999999999999999
2457555.5178799997	16.799	0.018000000000000002
2457555.84131	16.8	0.013000000000000001
2457557.82757	16.791	0.013000000000000001
2457561.62651	16.807000000000002	0.011000000000000001
2457562.61089	16.778	0.011000000000000001
2457566.81354	16.764	0.013999999999999999
2457567.49053	16.765	0.013999999999999999
2457567.75748	16.799	0.013000000000000001
2457568.49189	16.83	0.017
2457568.75633	16.79	0.013999999999999999
2457569.49078	16.793	0.013999999999999999
2457569.7738099997	16.792	0.013000000000000001
2457570.72554	16.791	0.011000000000000001
2457573.6431299997	16.782	0.011000000000000001
2457575.57487	16.81	0.013000000000000001
2457576.50818	16.797	0.01
2457576.70148	16.793	0.01
2457576.8415900003	16.793	0.013999999999999999
2457579.69885	16.795	0.011000000000000001
2457581.82191	16.832	0.013999999999999999
2457584.5293900003	16.785999999999998	0.013000000000000001
2457584.6721900003	16.805999999999997	0.013000000000000001
2457589.47503	16.805	0.018000000000000002
2457589.7856	16.798	0.017
2457590.72358	16.805999999999997	0.011000000000000001
2457593.5005799998	16.792	0.011000000000000001
2457593.6663900004	16.792	0.01
2457595.5639299997	16.791	0.013999999999999999
2457596.5931	16.783	0.009000000000000001
2457599.5018700003	16.81	0.013000000000000001
2457599.56934	16.82	0.013000000000000001
2457599.67865	16.804000000000002	0.011000000000000001
2457599.6911299997	16.78	0.011000000000000001
2457600.51084	16.77	0.013000000000000001
2457600.55136	16.816	0.013000000000000001
2457600.60456	16.797	0.013000000000000001
2457600.73416	16.803	0.011000000000000001
2457601.73195	16.803	0.01
2457601.74435	16.794	0.011000000000000001
2457602.57152	16.788	0.011000000000000001
2457602.73253	16.835	0.017
2457603.54708	16.803	0.01
2457604.52391	16.792	0.013000000000000001
2457604.66528	16.793	0.01
2457605.5027099997	16.797	0.011000000000000001
2457605.669	16.8	0.011000000000000001
2457606.67753	16.792	0.013000000000000001
2457608.66707	16.794	0.01
2457609.52215	16.793	0.013000000000000001
2457609.7127900003	16.798	0.011000000000000001
2457611.5117	16.802	0.013999999999999999
2457612.512	16.796	0.011000000000000001
2457616.6959	16.785	0.013000000000000001
2457618.52328	16.807000000000002	0.013999999999999999
2457621.52442	16.820999999999998	0.011000000000000001
2457621.70352	16.823	0.015
2457622.65542	16.795	0.01
2457623.55288	16.785999999999998	0.011000000000000001
2457624.49332	16.814	0.011000000000000001
2457624.68443	16.787	0.011000000000000001
2457625.65675	16.794	0.011000000000000001
2457626.64984	16.803	0.011000000000000001
2457630.62415	16.809	0.011000000000000001
2457631.60142	16.795	0.01
2457632.5866400003	16.792	0.011000000000000001
2457633.6288	16.783	0.013000000000000001
2457635.54532	16.794	0.013999999999999999
2457636.59675	16.801	0.013999999999999999
2457637.58659	16.789	0.01
2457638.61301	16.759	0.01
2457643.5101900003	16.844	0.018000000000000002
2457644.56878	16.812	0.018000000000000002
2457647.5512599996	16.788	0.013000000000000001
2457648.58985	16.793	0.013000000000000001
2457649.61497	16.79	0.011000000000000001
2457650.50065	16.791	0.01
2457650.52067	16.777	0.01
2457651.51596	16.793	0.011000000000000001
2457651.55999	16.787	0.011000000000000001
2457652.50315	16.799	0.01
2457652.5800400004	16.778	0.01
2457653.50259	16.805999999999997	0.011000000000000001
2457654.48803	16.795	0.013000000000000001
2457654.50721	16.787	0.013000000000000001
2457655.50392	16.816	0.011000000000000001
2457656.5057200002	16.809	0.013000000000000001
2457656.53004	16.787	0.013000000000000001
2457657.55618	16.785999999999998	0.011000000000000001
2457658.48669	16.794	0.013999999999999999
2457658.51228	16.805999999999997	0.011000000000000001
2457659.51431	16.779	0.013000000000000001
2457660.50433	16.798	0.013999999999999999
2457660.55517	16.79	0.013999999999999999
2457661.50591	16.779	0.013000000000000001
2457662.50598	16.798	0.013000000000000001
2457662.52667	16.796	0.013999999999999999
2457664.5047	16.823	0.015
2457664.57182	16.823	0.015
2457665.50862	16.766	0.013999999999999999
2457666.5069	16.785999999999998	0.013999999999999999
2457666.5533	16.791	0.013000000000000001
2457667.51199	16.793	0.013000000000000001
2457671.4931099997	16.789	0.015
2457672.49452	16.784000000000002	0.013000000000000001
2457673.5010599997	16.795	0.013999999999999999
2457675.4998	16.773	0.017
2457682.49695	16.776	0.013999999999999999
2457683.49617	16.785	0.015
2457791.88014	16.717	0.011000000000000001
2457792.88296	16.71	0.013000000000000001
2457793.87443	16.72	0.011000000000000001
2457794.88141	16.72	0.015
2457795.8854400003	16.711	0.013999999999999999
2457798.85536	16.702	0.013000000000000001
2457800.85975	16.697	0.011000000000000001
2457802.83965	16.697	0.019
2457807.8542299997	16.684	0.011000000000000001
2457810.8311900003	16.673	0.011000000000000001
2457816.824	16.676	0.011000000000000001
2457818.86706	16.676	0.01
2457820.9012	16.667	0.01
2457823.80578	16.683	0.011000000000000001
2457825.83788	16.663	0.011000000000000001
2457827.81525	16.67	0.011000000000000001
2457829.80609	16.680999999999997	0.013999999999999999
2457834.80558	16.68	0.011000000000000001
2457834.9156	16.671	0.011000000000000001
2457835.8823	16.665	0.011000000000000001
2457836.83497	16.668	0.011000000000000001
2457837.77155	16.672	0.011000000000000001
2457837.87992	16.67	0.01
2457838.82698	16.665	0.01
2457839.76266	16.676	0.01
2457839.88784	16.673	0.01
2457840.8151700003	16.673	0.011000000000000001
2457841.75838	16.679000000000002	0.013999999999999999
2457842.78469	16.686	0.011000000000000001
2457842.8939799997	16.677	0.01
2457843.82563	16.673	0.01
2457844.73582	16.669	0.01
2457845.76004	16.675	0.011000000000000001
2457845.8776700003	16.679000000000002	0.01
2457846.80794	16.675	0.01
2457846.91705	16.675	0.011000000000000001
2457848.72492	16.667	0.011000000000000001
2457849.73749	16.674	0.011000000000000001
2457849.8547799997	16.687	0.01
2457850.74965	16.692999999999998	0.013000000000000001
2457850.86845	16.686	0.01
2457851.76739	16.673	0.013000000000000001
2457852.8737	16.665	0.011000000000000001
2457854.80736	16.7	0.011000000000000001
2457854.92038	16.69	0.011000000000000001
2457855.8287400003	16.695999999999998	0.011000000000000001
2457856.72687	16.683	0.015
2457857.8667599997	16.694000000000003	0.015
2457862.68851	16.7	0.011000000000000001
2457862.79848	16.706	0.011000000000000001
2457862.92264	16.705	0.011000000000000001
2457864.85085	16.708	0.01
2457865.70731	16.7	0.01
2457866.70303	16.711	0.01
2457867.70632	16.708	0.01
2457867.83461	16.726	0.01
2457868.76242	16.702	0.013000000000000001
2457868.90251	16.698	0.013999999999999999
2457869.76207	16.707	0.01
2457869.8939	16.715999999999998	0.01
2457870.77365	16.713	0.01
2457870.90469	16.725	0.01
2457871.78834	16.722	0.01
2457871.93131	16.717	0.013000000000000001
2457872.7983	16.727999999999998	0.01
2457872.93658	16.718	0.017
2457873.76731	16.733	0.01
2457873.90287	16.726	0.011000000000000001
2457874.73606	16.707	0.013000000000000001
2457874.85882	16.732	0.011000000000000001
2457875.81502	16.718	0.009000000000000001
2457875.92671	16.730999999999998	0.011000000000000001
2457876.74042	16.718	0.011000000000000001
2457876.87743	16.717	0.013000000000000001
2457877.70101	16.722	0.01
2457877.83319	16.727999999999998	0.01
2457878.73894	16.741	0.01
2457878.87417	16.727999999999998	0.01
2457879.6984599996	16.718	0.013000000000000001
2457879.85104	16.72	0.013000000000000001
2457880.7272900003	16.730999999999998	0.011000000000000001
2457880.84912	16.735	0.013999999999999999
2457881.80525	16.758	0.013000000000000001
2457881.92602	16.730999999999998	0.015
2457882.80302	16.743	0.013000000000000001
2457882.93267	16.727999999999998	0.013000000000000001
2457890.69771	16.765	0.017
2457890.8556	16.725	0.013000000000000001
2457893.67639	16.734	0.011000000000000001
2457893.80512	16.756	0.011000000000000001
2457893.91481	16.743	0.013000000000000001
2457894.66017	16.749000000000002	0.011000000000000001
2457894.78792	16.746	0.01
2457894.89732	16.743	0.011000000000000001
2457895.76167	16.765	0.01
2457897.70136	16.754	0.013000000000000001
2457900.91582	16.750999999999998	0.015
2457901.63696	16.752	0.011000000000000001
2457901.79233	16.752	0.011000000000000001
2457902.62772	16.752	0.013000000000000001
2457902.75043	16.753	0.011000000000000001
2457902.92576	16.792	0.018000000000000002
2457903.79653	16.754	0.013000000000000001
2457903.91404	16.732	0.013999999999999999
2457904.65585	16.761	0.011000000000000001
2457904.78432	16.762999999999998	0.011000000000000001
2457904.89371	16.772000000000002	0.013000000000000001
2457905.62271	16.771	0.011000000000000001
2457905.7499599997	16.76	0.01
2457905.8626	16.762	0.013000000000000001
2457906.57118	16.755	0.013000000000000001
2457906.68939	16.768	0.01
2457906.81163	16.757	0.011000000000000001
2457906.92055	16.764	0.013000000000000001
2457907.6875400003	16.761	0.011000000000000001
2457907.8188	16.773	0.011000000000000001
2457908.6345	16.764	0.013000000000000001
2457908.76389	16.758	0.013000000000000001
2457908.87376	16.768	0.013000000000000001
2457909.56548	16.74	0.015
2457909.6855599997	16.757	0.011000000000000001
2457909.79659	16.749000000000002	0.011000000000000001
2457909.90245	16.761	0.011000000000000001
2457910.58275	16.754	0.013999999999999999
2457910.70075	16.75	0.011000000000000001
2457910.8229099996	16.753	0.011000000000000001
2457911.55266	16.746	0.018000000000000002
2457911.65808	16.758	0.013000000000000001
2457911.8275900004	16.773	0.018000000000000002
2457916.61086	16.771	0.011000000000000001
2457916.70519	16.761	0.013000000000000001
2457916.80923	16.772000000000002	0.013000000000000001
2457916.90448	16.783	0.021
2457917.6423	16.776	0.013000000000000001
2457917.75748	16.747	0.011000000000000001
2457917.8643	16.773	0.015
2457918.61917	16.77	0.013999999999999999
2457922.6189	16.784000000000002	0.011000000000000001
2457922.74897	16.782	0.013000000000000001
2457923.6183599997	16.77	0.011000000000000001
2457923.75547	16.773	0.013999999999999999
2457923.87493	16.769000000000002	0.017
2457924.54115	16.779	0.011000000000000001
2457924.6466099997	16.783	0.01
2457924.7755	16.771	0.011000000000000001
2457924.8775299997	16.771	0.013000000000000001
2457925.67285	16.776	0.01
2457925.81005	16.76	0.013000000000000001
2457926.57936	16.784000000000002	0.013000000000000001
2457926.7275099996	16.79	0.013999999999999999
2457928.57699	16.782	0.013000000000000001
2457932.60823	16.78	0.013000000000000001
2457932.73287	16.792	0.011000000000000001
2457933.51742	16.779	0.013999999999999999
2457933.59884	16.77	0.013000000000000001
2457933.72065	16.773	0.011000000000000001
2457934.5344700003	16.779	0.011000000000000001
2457934.65061	16.76	0.011000000000000001
2457934.76482	16.782	0.013000000000000001
2457935.5039	16.774	0.011000000000000001
2457935.63253	16.778	0.011000000000000001
2457935.7448299997	16.779	0.011000000000000001
2457935.8639599998	16.757	0.011000000000000001
2457936.4902	16.782	0.013000000000000001
2457936.60673	16.767	0.011000000000000001
2457936.74223	16.773	0.011000000000000001
2457936.85863	16.753	0.013999999999999999
2457937.54794	16.768	0.013000000000000001
2457937.65861	16.777	0.011000000000000001
2457937.7902900004	16.775	0.011000000000000001
2457938.57063	16.779	0.013999999999999999
2457944.4687099997	16.78	0.015
2457944.52152	16.761	0.013999999999999999
2457944.56291	16.788	0.013000000000000001
2457944.61334	16.793	0.013000000000000001
2457944.66335	16.797	0.013000000000000001
2457944.72353	16.776	0.013999999999999999
2457944.7727799998	16.784000000000002	0.013000000000000001
2457945.48038	16.783	0.013999999999999999
2457945.58002	16.778	0.013000000000000001
2457945.69115	16.778	0.011000000000000001
2457945.80137	16.774	0.013000000000000001
2457946.51338	16.784000000000002	0.011000000000000001
2457946.6348099997	16.785	0.011000000000000001
2457946.76322	16.783	0.013000000000000001
2457947.51435	16.757	0.013000000000000001
2457947.61792	16.771	0.013000000000000001
2457947.77864	16.778	0.013000000000000001
2457948.5072	16.762999999999998	0.011000000000000001
2457948.6407	16.791	0.013000000000000001
2457948.77534	16.785999999999998	0.013000000000000001
2457949.56645	16.795	0.013999999999999999
2457949.68982	16.79	0.013999999999999999
2457952.7078299997	16.77	0.013000000000000001
2457953.47796	16.78	0.013999999999999999
2457953.6099900003	16.787	0.011000000000000001
2457953.735	16.785999999999998	0.011000000000000001
2457954.48979	16.781	0.011000000000000001
2457954.63356	16.787	0.011000000000000001
2457954.7691900004	16.779	0.011000000000000001
2457955.7990599996	16.785999999999998	0.013000000000000001
2457956.6043	16.804000000000002	0.01
2457956.73552	16.78	0.011000000000000001
2457957.66063	16.784000000000002	0.013000000000000001
2457958.5754400003	16.792	0.013999999999999999
2457958.6661	16.782	0.013999999999999999
2457958.7840400003	16.805	0.017
2457959.53237	16.776	0.011000000000000001
2457959.65014	16.77	0.01
2457959.76626	16.778	0.013000000000000001
2457960.51962	16.789	0.011000000000000001
2457960.65528	16.804000000000002	0.01
2457960.78105	16.79	0.013000000000000001
2457961.6009	16.773	0.01
2457961.70762	16.792	0.01
2457962.528	16.78	0.011000000000000001
2457963.61905	16.777	0.011000000000000001
2457964.5947	16.799	0.011000000000000001
2457964.73446	16.759	0.013000000000000001
2457965.6779400003	16.773	0.011000000000000001
2457966.55163	16.804000000000002	0.013999999999999999
2457966.64893	16.783	0.013000000000000001
2457967.68492	16.776	0.013999999999999999
2457967.7420900003	16.78	0.017
2457971.5142200002	16.762	0.013999999999999999
2457971.60303	16.761	0.013999999999999999
2457971.64292	16.762999999999998	0.013000000000000001
2457971.6937599997	16.796	0.013999999999999999
2457971.73402	16.771	0.015
2457972.52595	16.789	0.018000000000000002
2457972.56482	16.76	0.017
2457972.6192	16.799	0.015
2457972.6669099997	16.792	0.015
2457972.72221	16.799	0.015
2457973.54133	16.796	0.018000000000000002
2457973.66637	16.791	0.013999999999999999
2457974.531	16.792	0.013000000000000001
2457974.64683	16.787	0.013000000000000001
2457975.47643	16.772000000000002	0.015
2457979.5268	16.782	0.011000000000000001
2457979.64617	16.778	0.01
2457980.58053	16.799	0.013999999999999999
2457981.47875	16.797	0.015
2457981.63253	16.793	0.011000000000000001
2457982.54204	16.802	0.013000000000000001
2457982.65297	16.79	0.013000000000000001
2457983.58067	16.776	0.011000000000000001
2457984.48954	16.789	0.013999999999999999
2457984.60726	16.798	0.013000000000000001
2457985.53728	16.785	0.015
2457986.49283	16.775	0.011000000000000001
2457986.63272	16.778	0.011000000000000001
2457987.55994	16.785	0.011000000000000001
2457990.47892	16.785999999999998	0.013000000000000001
2457990.61116	16.789	0.013000000000000001
2457991.53068	16.791	0.013000000000000001
2457991.65993	16.795	0.013999999999999999
2457992.5759900003	16.776	0.011000000000000001
2457993.51288	16.792	0.013000000000000001
2457993.62315	16.785	0.013000000000000001
2457994.55711	16.781	0.015
2457998.52286	16.778	0.013000000000000001
2457998.57113	16.783	0.015
2457998.6146400003	16.785	0.015
2458000.4955599997	16.788	0.013999999999999999
2458000.54908	16.785	0.013000000000000001
2458000.59087	16.809	0.015
2458001.48094	16.776	0.013999999999999999
2458001.5918099997	16.772000000000002	0.013999999999999999
2458002.5619799998	16.792	0.025
2458003.60648	16.79	0.015
2458004.5945900003	16.775	0.013999999999999999
2458007.55888	16.794	0.015
2458008.57685	16.791	0.013999999999999999
2458011.51736	16.703	0.015
2458012.54171	16.789	0.011000000000000001
2458013.54511	16.814	0.011000000000000001
2458014.55412	16.795	0.013000000000000001
2458015.55245	16.782	0.013999999999999999
2458016.56098	16.809	0.013000000000000001
2458018.4914	16.793	0.013000000000000001
2458019.52922	16.794	0.011000000000000001
2458020.56318	16.803	0.013000000000000001
2458026.52622	16.789	0.015
2458029.5112	16.785999999999998	0.015
2458030.51879	16.793	0.013000000000000001
2458040.4997900003	16.805999999999997	0.017
