2455378.5844900003	18.114	0.03
2455380.6173799997	18.158	0.03
2455382.76365	18.017	0.046
2455385.5507400003	18.097	0.027000000000000003
2455385.65405	18.114	0.028999999999999998
2455385.75238	18.105999999999998	0.027000000000000003
2455388.6462	18.093	0.028999999999999998
2455391.76465	18.136	0.034
2455397.6562200002	18.15	0.043
2455404.79295	18.092	0.052000000000000005
2455408.7773599997	18.087	0.051
2455413.48455	18.148	0.039
2455422.5217	18.121	0.031
2455431.66667	18.099	0.046
2455433.65532	18.064	0.05
2455439.54805	18.1	0.044000000000000004
2455447.4797799997	18.108	0.037000000000000005
2455457.52269	18.107	0.027000000000000003
2455460.54703	18.101	0.046
2455464.60579	18.083	0.051
2455472.56062	18.159000000000002	0.039
2455481.52456	18.104	0.057999999999999996
2455483.5139	18.073	0.079
2455490.5008	18.192999999999998	0.065
2455606.88302	18.122	0.034
2455612.88691	18.1	0.037000000000000005
2455615.89573	18.135	0.036000000000000004
2455621.86418	18.141	0.027000000000000003
2455624.79175	18.137	0.032
2455626.88305	18.128	0.033
2455628.7967	18.125999999999998	0.036000000000000004
2455629.87678	18.097	0.033
2455631.85219	18.07	0.033
2455633.80716	18.131	0.027000000000000003
2455634.88361	18.093	0.032
2455637.7943599997	18.104	0.039
2455642.80496	18.101	0.034
2455649.85239	18.082	0.026000000000000002
2455654.83524	18.123	0.027000000000000003
2455658.89096	18.095	0.032
2455663.7617	18.13	0.042
2455668.87924	18.009	0.045
2455675.86305	18.102999999999998	0.032
2455680.66352	18.11	0.036000000000000004
2455683.70269	18.093	0.027000000000000003
2455686.8681799998	18.113	0.032
2455692.7252	18.113	0.03
2455694.88069	18.08	0.033
2455697.7401799997	18.147000000000002	0.039
2455702.67937	18.195	0.149
2455707.60783	18.098	0.032
2455712.6041099997	18.113	0.039
2455716.57293	18.123	0.034
2455723.57765	18.146	0.034
2455726.58336	18.062	0.049
2455729.7439	18.2	0.085
2455735.7487	18.133	0.033
2455737.84301	18.079	0.031
2455740.71658	18.098	0.03
2455742.7220099997	18.13	0.026000000000000002
2455745.7686799997	18.160999999999998	0.038
2455749.5566	18.119	0.039
2455760.6342599997	18.119	0.042
2455765.6072	18.160999999999998	0.028999999999999998
2455769.50339	18.105	0.033
2455777.7502099997	18.137999999999998	0.032
2455784.57629	18.128	0.04
2455784.6808700003	18.139	0.08800000000000001
2455786.56033	18.1	0.045
2455790.63284	18.125999999999998	0.042
2455795.57288	18.086	0.044000000000000004
2455804.4840700002	18.102	0.031
2455815.54865	18.078	0.028999999999999998
2455819.58347	18.085	0.034
2455824.5882599996	18.074	0.032
2455829.56415	18.109	0.031
2455834.5173	18.102	0.028999999999999998
2455841.5589099997	18.194000000000003	0.049
2455846.49511	18.124000000000002	0.057999999999999996
2455855.5006	18.171	0.057999999999999996
2455976.87505	18.129	0.026000000000000002
2455985.80915	18.089000000000002	0.032
2455990.85704	18.163	0.03
2455995.76992	18.148	0.038
2455999.8599	18.097	0.031
2456002.8626099997	18.023	0.036000000000000004
2456003.89502	18.102	0.033
2456007.83512	18.117	0.027000000000000003
2456010.87316	18.105	0.022000000000000002
2456014.7502900003	18.112000000000002	0.032
2456017.74888	18.116	0.024
2456019.92946	18.097	0.057999999999999996
2456022.8198599997	18.049	0.028999999999999998
2456025.74823	18.107	0.042
2456033.7311400003	18.155	0.034
2456037.78705	18.13	0.027000000000000003
2456041.7155299997	18.123	0.033
2456048.819	18.119	0.026000000000000002
2456051.75974	18.122	0.027000000000000003
2456057.79282	18.117	0.037000000000000005
2456058.73645	18.146	0.034
2456061.88146	18.13	0.032
2456064.87512	18.117	0.027000000000000003
2456067.63949	18.137999999999998	0.027000000000000003
2456069.73666	18.072	0.023
2456071.71117	18.156	0.028999999999999998
2456076.76425	18.118	0.027000000000000003
2456078.8900200003	18.125	0.032
2456080.8636	18.113	0.034
2456086.64557	18.115	0.028999999999999998
2456089.6978	18.105	0.025
2456093.8797299997	18.093	0.043
2456097.72057	18.18	0.037000000000000005
2456100.57608	18.102999999999998	0.037000000000000005
2456102.4948299997	18.135	0.062
2456103.80668	18.082	0.027000000000000003
2456105.73892	18.043	0.028999999999999998
2456113.7530900002	18.144000000000002	0.039
2456115.75483	18.159000000000002	0.036000000000000004
2456117.7365900003	18.155	0.033
2456119.67828	18.12	0.026000000000000002
2456121.6867	18.116	0.022000000000000002
2456124.75502	18.112000000000002	0.03
2456127.51008	18.059	0.028999999999999998
2456132.66	18.109	0.032
2456135.7311299997	18.105999999999998	0.031
2456140.7207400003	18.058	0.051
2456147.68157	17.99	0.034
2456151.65094	18.097	0.037000000000000005
2456158.60816	18.187	0.032
2456161.69661	18.132	0.043
2456169.59992	18.119	0.034
2456183.57284	18.093	0.025
2456191.56067	18.197	0.033
2456199.54349	18.014	0.049
2456210.54891	18.08	0.032
2456217.54236	18.1	0.028999999999999998
2456347.90061	18.114	0.033
2456363.83267	18.15	0.03
2456371.77556	18.166	0.028999999999999998
2456372.76846	18.095	0.027000000000000003
2456375.8692900003	18.107	0.025
2456379.74411	18.088	0.033
2456382.81154	18.077	0.034
2456388.81651	18.122	0.026000000000000002
2456391.77086	18.165	0.033
2456395.88087	18.093	0.023
2456398.87765	18.096	0.026000000000000002
2456401.91788	18.129	0.024
2456404.8982	18.148	0.03
2456409.8202	18.085	0.046
2456417.78302	18.131	0.027000000000000003
2456419.9042599997	18.087	0.028999999999999998
2456423.69936	18.163	0.033
2456426.88639	18.102999999999998	0.025
2456431.9435400004	18.041	0.07200000000000001
2456434.71637	18.136	0.032
2456436.7858	18.089000000000002	0.032
2456442.6561	18.105	0.028999999999999998
2456445.73582	18.067999999999998	0.03
2456447.7398200002	18.077	0.024
2456449.6582	18.18	0.03
2456451.6002599997	18.054000000000002	0.032
2456454.60035	18.092	0.026000000000000002
2456456.76662	18.139	0.025
2456458.89469	18.125999999999998	0.039
2456461.65944	18.158	0.033
2456463.8018799997	18.142	0.031
2456469.53334	18.101	0.034
2456473.79597	18.111	0.032
2456475.75167	18.09	0.031
2456477.72744	18.122	0.028999999999999998
2456480.75041	18.089000000000002	0.03
2456485.55	18.06	0.032
2456487.6795099997	18.12	0.023
2456490.7552	18.096	0.028999999999999998
2456496.57235	18.09	0.046
2456498.76918	18.07	0.04
2456505.5686	18.08	0.028999999999999998
2456508.7062	18.086	0.026000000000000002
2456511.69342	18.059	0.027000000000000003
2456518.60392	18.146	0.025
2456524.62241	18.137999999999998	0.033
2456532.51431	18.083	0.027000000000000003
2456539.50512	18.093	0.027000000000000003
2456546.54765	18.094	0.036000000000000004
2456560.56131	18.108	0.032
2456567.58621	18.098	0.039
2456576.5125700003	18.15	0.068
2456576.5798400003	17.926	0.076
2456741.88462	18.157	0.044000000000000004
2456742.87765	18.108	0.024
2456745.9270900004	18.223	0.064
2456748.83469	18.156	0.026000000000000002
2456750.9035099996	18.121	0.022000000000000002
2456754.70515	18.151	0.039
2456756.7015400003	18.084	0.026000000000000002
2456758.8384	18.187	0.037000000000000005
2456760.79269	18.085	0.026000000000000002
2456762.73716	18.101	0.034
2456764.7056299997	18.113	0.036000000000000004
2456765.85435	18.064	0.028999999999999998
2456769.78585	18.086	0.026000000000000002
2456770.89376	18.165	0.028999999999999998
2456772.81591	18.145	0.024
2456774.7021	18.122	0.03
2456775.91719	18.127	0.027000000000000003
2456777.8879400003	18.132	0.03
2456790.62539	18.04	0.043
2456791.67716	18.1	0.043
2456792.71932	18.155	0.038
2456796.77678	18.101	0.037000000000000005
2456797.87456	18.197	0.045
2456803.72782	18.124000000000002	0.025
2456804.73911	18.117	0.025
2456805.8021400003	18.125	0.031
2456807.78375	18.087	0.037000000000000005
2456808.80728	18.102	0.027000000000000003
2456809.86075	18.128	0.032
2456810.89247	18.151	0.039
2456811.90638	18.067999999999998	0.05
2456814.67797	18.093	0.026000000000000002
2456815.77357	18.102	0.03
2456816.84702	18.145	0.033
2456817.59343	18.116	0.043
2456819.76109	18.107	0.04
2456824.61842	18.128	0.046
2456825.6405	18.097	0.033
2456826.65082	18.105	0.028999999999999998
2456827.74235	18.092	0.03
2456828.78877	18.088	0.03
2456829.76327	18.086	0.032
2456830.78688	18.086	0.025
2456832.54305	18.081	0.028999999999999998
2456833.61087	18.098	0.031
2456834.6179299997	18.062	0.034
2456835.69197	18.124000000000002	0.036000000000000004
2456836.72382	18.115	0.039
2456837.7361	18.102	0.032
2456838.73682	18.127	0.032
2456839.75234	18.067	0.036000000000000004
2456840.80149	18.173	0.047
2456842.5526900003	18.090999999999998	0.044000000000000004
2456844.58105	18.111	0.03
2456845.56977	18.079	0.03
2456847.5617299997	18.066	0.033
2456851.52204	18.067	0.038
2456852.58476	18.144000000000002	0.044000000000000004
2456855.65298	18.102999999999998	0.03
2456856.68857	18.105999999999998	0.03
2456857.7370599997	18.135	0.028999999999999998
2456859.56431	18.046	0.038
2456862.7515	18.113	0.036000000000000004
2456864.50592	18.131	0.037000000000000005
2456870.56307	18.066	0.038
2456872.71922	18.171	0.04
2456879.61626	18.037	0.043
2456881.58303	18.097	0.042
2456883.49684	18.129	0.032
2456885.70215	18.099	0.036000000000000004
2456887.61142	18.085	0.025
2456889.54614	18.122	0.031
2456890.69825	18.081	0.033
2456895.66482	18.125999999999998	0.033
2456909.5054200003	18.048	0.049
2456919.54832	18.146	0.038
2456924.50205	18.095	0.037000000000000005
2456926.6099799997	18.167	0.04
2456932.53054	18.067999999999998	0.055999999999999994
2456936.5263900002	18.086	0.043
2456942.5417299997	18.108	0.043
2457070.85035	18.105	0.028999999999999998
2457075.88913	18.1	0.033
2457078.8903099997	18.1	0.027000000000000003
2457082.89396	18.15	0.03
2457087.79233	18.09	0.042
2457090.85511	18.059	0.031
2457098.77385	18.026	0.028999999999999998
2457100.91395	18.127	0.033
2457110.8368	18.108	0.026000000000000002
2457113.8431700002	18.114	0.025
2457115.8912299997	18.115	0.027000000000000003
2457117.84578	18.104	0.028999999999999998
2457119.89461	18.123	0.038
2457125.80128	18.095	0.026000000000000002
2457129.75298	18.076	0.028999999999999998
2457130.9166099997	18.149	0.038
2457132.81039	18.115	0.028999999999999998
2457134.89883	18.116	0.028999999999999998
2457136.7648099996	18.099	0.03
2457137.90183	18.146	0.038
2457139.7565099997	18.12	0.028999999999999998
2457140.88091	18.114	0.033
2457142.7154099997	18.124000000000002	0.027000000000000003
2457143.82222	18.125	0.03
2457145.78425	18.081	0.032
2457146.81885	18.152	0.038
2457147.84003	18.09	0.043
2457153.6883099996	18.1	0.027000000000000003
2457154.777	18.083	0.027000000000000003
2457155.87172	18.146	0.034
2457157.75785	18.079	0.027000000000000003
2457158.897	18.117	0.034
2457160.61694	18.06	0.038
2457161.69111	18.088	0.026000000000000002
2457162.73699	18.118	0.031
2457163.81175	18.112000000000002	0.031
2457164.942	17.986	0.064
2457168.72818	18.093	0.032
2457169.94577	18.168	0.047
2457172.6244900003	18.087	0.04
2457173.64525	18.12	0.044000000000000004
2457174.65447	18.127	0.04
2457175.66833	18.182000000000002	0.038
2457178.64404	18.097	0.036000000000000004
2457179.62348	18.098	0.044000000000000004
2457180.61875	18.127	0.04
2457181.61428	18.1	0.027000000000000003
2457182.63172	18.124000000000002	0.027000000000000003
2457183.6434400002	18.11	0.033
2457184.67908	18.145	0.037000000000000005
2457185.70612	18.08	0.034
2457186.8615	18.033	0.032
2457187.8744200002	18.098	0.031
2457189.57235	18.075	0.034
2457190.6306	18.070999999999998	0.028999999999999998
2457191.80919	18.136	0.04
2457194.67587	18.142	0.024
2457197.77438	18.079	0.031
2457198.7993	18.172	0.034
2457199.8015400004	18.111	0.026000000000000002
2457200.78483	18.043	0.03
2457206.65365	18.141	0.049
2457207.68012	18.101	0.038
2457209.81644	18.184	0.062
2457211.80602	18.089000000000002	0.04
2457217.55848	18.076	0.043
2457219.72123	18.090999999999998	0.03
2457221.47406	18.11	0.042
2457222.53102	18.057000000000002	0.037000000000000005
2457223.67323	18.055	0.028999999999999998
2457224.7631200003	18.097	0.038
2457226.67395	18.07	0.025
2457227.6851	18.098	0.025
2457228.74203	18.11	0.028999999999999998
2457229.78193	18.119	0.037000000000000005
2457235.6718599997	18.035999999999998	0.037000000000000005
2457249.57524	18.1	0.036000000000000004
2457252.63336	18.102999999999998	0.03
2457255.59387	18.101	0.033
2457263.50079	18.105	0.034
2457264.68176	18.134	0.046
2457267.67937	18.047	0.039
2457269.66678	18.096	0.032
2457272.51877	18.12	0.045
2457275.6754799997	18.085	0.049
2457281.49528	18.119	0.047
2457292.5850400003	18.145	0.063
2457300.51675	18.172	0.05
2457320.52612	18.035999999999998	0.061
2457439.83025	18.133	0.044000000000000004
2457446.80725	18.09	0.03
2457451.9048200003	18.089000000000002	0.037000000000000005
2457456.83073	18.078	0.031
2457461.79154	18.046	0.026000000000000002
2457465.83692	18.095	0.031
2457471.77786	18.087	0.042
2457474.85622	18.112000000000002	0.033
2457484.83318	18.119	0.032
2457486.75613	18.096	0.047
2457487.86389	18.083	0.032
2457489.8519599997	18.123	0.03
2457492.73176	18.077	0.026000000000000002
2457493.72427	18.081	0.028999999999999998
2457494.7071	18.113	0.027000000000000003
2457495.69095	18.064	0.034
2457495.91159	18.081	0.032
2457498.84218	18.166	0.046
2457499.79767	18.065	0.03
2457500.73889	18.143	0.043
2457507.74827	18.042	0.028999999999999998
2457508.7966400003	18.087	0.024
2457509.8934299997	18.042	0.03
2457512.8390900004	18.158	0.025
2457522.89982	18.083	0.039
2457526.8133	18.049	0.033
2457529.864	18.232	0.069
2457534.8119099997	18.12	0.027000000000000003
2457536.8112	18.09	0.028999999999999998
2457546.6277799997	18.085	0.037000000000000005
2457547.5883400002	18.104	0.044000000000000004
2457548.6710200002	18.111	0.023
2457549.8415599996	18.137	0.031
2457550.8201099997	18.092	0.034
2457555.55263	18.118	0.043
2457555.89018	18.116	0.036000000000000004
2457557.86128	18.083	0.045
2457561.66081	18.149	0.049
2457562.65107	18.045	0.036000000000000004
2457566.84168	18.204	0.059000000000000004
2457567.78552	18.067999999999998	0.036000000000000004
2457568.78449	18.087	0.038
2457569.80195	18.118	0.031
2457575.58927	18.178	0.045
2457575.6033	18.041	0.033
2457576.61296	18.101	0.026000000000000002
2457579.63398	18.141	0.032
2457584.54357	18.121	0.036000000000000004
2457589.53175	18.172	0.057
2457590.5520599997	18.108	0.031
2457593.5146	18.102999999999998	0.03
2457596.47686	18.104	0.024
2457600.48558	18.155	0.044000000000000004
2457602.5871099997	18.158	0.034
2457603.6472099996	18.07	0.025
2457604.65444	18.07	0.024
2457605.69572	18.117	0.033
2457607.6617099997	18.052	0.028999999999999998
2457609.47947	18.125	0.038
2457610.63774	18.163	0.033
2457612.61714	18.102	0.053
2457616.69746	18.13	0.038
2457618.58489	18.12	0.036000000000000004
2457621.65656	18.152	0.044000000000000004
2457623.57887	18.096	0.027000000000000003
2457625.51395	18.119	0.03
2457630.55125	18.122	0.03
2457632.55795	18.123	0.031
2457635.56171	18.176	0.045
2457637.6446	18.09	0.037000000000000005
2457644.51965	18.042	0.044000000000000004
2457648.57702	18.072	0.039
2457653.608	18.073	0.031
2457659.56688	18.067	0.036000000000000004
2457797.8797299997	17.482	0.023
2457802.87764	17.29	0.028999999999999998
2457809.85952	16.878	0.015
2457812.8757	16.704	0.011000000000000001
2457816.83307	16.437	0.011000000000000001
2457818.87623	16.368	0.008
2457821.83375	16.409000000000002	0.01
2457823.87405	16.516	0.011000000000000001
2457826.79058	16.692999999999998	0.015
2457828.80838	16.843	0.015
2457830.8580400003	16.964000000000002	0.015
2457835.83722	17.272000000000002	0.022000000000000002
2457837.8344900003	17.347	0.018000000000000002
2457839.83875	17.429000000000002	0.016
2457841.83811	17.506	0.023
2457843.78684	17.516	0.02
2457845.72928	17.62	0.026000000000000002
2457846.88627	17.64	0.02
2457848.8177799997	17.688	0.02
2457850.73585	17.692	0.028999999999999998
2457851.8621	17.743	0.024
2457854.78837	17.781	0.025
2457856.71294	17.752	0.037000000000000005
2457858.84905	17.846	0.028999999999999998
2457862.83142	17.898	0.028999999999999998
2457865.73911	17.942999999999998	0.024
2457866.86808	17.912	0.022000000000000002
2457868.79591	17.961	0.033
2457869.92637	17.968	0.025
2457871.84609	17.948	0.024
2457873.70697	17.977999999999998	0.025
2457874.79391	17.982	0.031
2457876.6943200002	17.974	0.03
2457877.78425	17.98	0.023
2457878.9372	17.976	0.043
2457880.7924099998	18.009	0.036000000000000004
2457882.7472200003	17.973	0.032
2457890.81573	18.087	0.053
2457893.88547	18.053	0.032
2457894.8829099997	18.04	0.031
2457901.63839	18.092	0.034
2457902.75227	18.105	0.028999999999999998
2457903.91549	18.023	0.038
2457904.9103200003	18.105	0.037000000000000005
2457905.8794299997	18.053	0.03
2457906.84421	18.067999999999998	0.031
2457908.59027	18.048	0.042
2457908.92216	18.012	0.043
2457909.85326	18.059	0.028999999999999998
2457910.77834	18.105999999999998	0.031
2457911.64414	18.065	0.038
2457916.6935099997	18.084	0.045
2457917.6752400002	18.061	0.033
2457923.5599	18.134	0.037000000000000005
2457924.52716	18.099	0.034
2457924.8692400004	18.083	0.036000000000000004
2457926.58084	18.093	0.033
2457928.67682	18.063	0.031
2457933.5852200002	18.081	0.037000000000000005
2457934.59678	18.088	0.028999999999999998
2457935.6088	18.094	0.027000000000000003
2457936.59199	18.152	0.033
2457937.58105	18.055999999999997	0.032
2457938.6049200003	18.111	0.044000000000000004
2457944.7170700002	18.073	0.036000000000000004
2457945.6281	18.111	0.028999999999999998
2457946.57194	18.102999999999998	0.033
2457947.60355	18.13	0.034
2457948.6247	18.09	0.028999999999999998
2457949.67396	18.09	0.04
2457953.59534	18.105999999999998	0.027000000000000003
2457954.60468	18.059	0.025
2457956.58784	18.089000000000002	0.026000000000000002
2457957.79261	18.05	0.039
2457959.56697	18.082	0.026000000000000002
2457960.60223	18.09	0.025
2457961.65034	18.151	0.03
2457964.57845	18.147000000000002	0.046
2457966.5430900003	18.116	0.046
2457971.4792299997	18.079	0.05
2457973.6039	18.11	0.051
2457974.69859	18.092	0.044000000000000004
2457980.49519	18.059	0.042
2457981.68103	18.134	0.038
2457983.6283299997	18.133	0.031
2457985.59153	18.074	0.037000000000000005
2457987.63364	18.099	0.028999999999999998
2457991.6152	18.121	0.045
2457993.57792	18.127	0.034
2457998.54002	18.069000000000003	0.033
2458001.5147599997	18.11	0.034
2458004.4986099997	18.089000000000002	0.04
2458010.50727	18.081	0.04
2458013.5787400003	18.077	0.033
2458017.49954	18.111	0.037000000000000005
2458021.5068900003	18.128	0.045
2458030.52045	18.104	0.038
