2455377.56873	16.705	0.013999999999999999
2455379.63582	16.695	0.012
2455381.73128	16.695999999999998	0.013999999999999999
2455385.52922	16.682000000000002	0.011000000000000001
2455385.6287	16.674	0.011000000000000001
2455385.73104	16.69	0.011000000000000001
2455386.81424	16.682000000000002	0.012
2455390.59111	16.706	0.013999999999999999
2455393.73471	16.718	0.015
2455402.6599	16.704	0.02
2455403.7579900003	16.687	0.017
2455407.69631	16.673	0.013999999999999999
2455411.5189099996	16.68	0.011000000000000001
2455418.55428	16.676	0.011000000000000001
2455430.50645	16.683	0.015
2455435.70058	16.686	0.013999999999999999
2455444.625	16.680999999999997	0.013999999999999999
2455450.53555	16.683	0.013999999999999999
2455458.5663799997	16.702	0.017
2455461.57417	16.726	0.021
2455468.5847099996	16.692999999999998	0.017
2455476.5578400004	16.672	0.024
2455483.52476	16.657	0.027999999999999997
2455486.5184400002	16.683	0.017
2455602.8509	16.684	0.013999999999999999
2455604.85882	16.688	0.013999999999999999
2455605.8549599997	16.688	0.012
2455606.8541200003	16.675	0.012
2455607.85811	16.692999999999998	0.012
2455608.84668	16.699	0.015
2455611.84473	16.685	0.018000000000000002
2455612.85399	16.715999999999998	0.013999999999999999
2455613.88506	16.692	0.017
2455615.84552	16.668	0.012
2455616.83965	16.645	0.015
2455621.83067	16.673	0.012
2455622.78622	16.66	0.012
2455624.77501	16.701	0.011000000000000001
2455626.8338599997	16.682000000000002	0.013999999999999999
2455628.77455	16.722	0.017
2455629.77047	16.708	0.013999999999999999
2455631.83534	16.697	0.013999999999999999
2455632.86449	16.692999999999998	0.012
2455633.76363	16.678	0.012
2455635.7951	16.689	0.013999999999999999
2455637.7735599997	16.718	0.017
2455638.905	16.671	0.012
2455639.78815	16.692	0.012
2455641.88034	16.687	0.012
2455643.87323	16.679000000000002	0.011000000000000001
2455647.75985	16.683	0.011000000000000001
2455648.8863	16.672	0.011000000000000001
2455650.82545	16.689	0.011000000000000001
2455652.8121700003	16.695999999999998	0.01
2455654.903	16.692999999999998	0.012
2455656.87815	16.680999999999997	0.011000000000000001
2455658.8733200002	16.7	0.012
2455659.92393	16.701	0.012
2455662.84613	16.686	0.012
2455664.92171	16.697	0.012
2455667.92793	16.679000000000002	0.012
2455670.80611	16.687	0.013999999999999999
2455676.70274	16.695	0.008
2455677.9244	16.678	0.011000000000000001
2455680.82876	16.68	0.011000000000000001
2455682.7067	16.697	0.012
2455684.68377	16.685	0.011000000000000001
2455686.67396	16.704	0.012
2455688.83377	16.722	0.012
2455690.89106	16.66	0.012
2455692.7838	16.676	0.011000000000000001
2455693.88423	16.7	0.012
2455695.65008	16.676	0.012
2455696.77285	16.672	0.012
2455697.85955	16.683	0.012
2455698.94273	16.735	0.034
2455702.5869	16.706	0.017
2455702.76646	16.732	0.024
2455706.75873	16.691	0.013999999999999999
2455707.90032	16.707	0.015
2455709.67423	16.715	0.01
2455713.83562	16.67	0.011000000000000001
2455715.89294	16.717	0.015
2455721.78273	16.695	0.011000000000000001
2455723.61167	16.669	0.012
2455724.74089	16.680999999999997	0.012
2455726.65433	16.689	0.017
2455729.7599400003	16.709	0.036000000000000004
2455729.81813	16.737000000000002	0.039
2455735.8405400002	16.686	0.013999999999999999
2455737.5264	16.697	0.012
2455738.63472	16.688	0.011000000000000001
2455739.79523	16.687	0.012
2455741.5	16.695	0.013999999999999999
2455742.51039	16.695	0.013999999999999999
2455743.64413	16.695999999999998	0.012
2455744.6643	16.689	0.012
2455745.74152	16.675	0.011000000000000001
2455747.6336	16.688	0.013999999999999999
2455749.67012	16.694000000000003	0.013999999999999999
2455753.52676	16.637	0.025
2455759.81159	16.698	0.021
2455760.50746	16.71	0.017
2455762.72327	16.688	0.013999999999999999
2455764.52767	16.679000000000002	0.011000000000000001
2455765.67995	16.698	0.012
2455767.50268	16.702	0.013999999999999999
2455768.63807	16.688	0.011000000000000001
2455769.7744	16.678	0.013999999999999999
2455777.51084	16.679000000000002	0.011000000000000001
2455779.70081	16.701	0.012
2455784.4868900003	16.708	0.017
2455784.61808	16.684	0.013999999999999999
2455786.52564	16.7	0.017
2455788.4765	16.69	0.017
2455790.6437	16.71	0.013999999999999999
2455794.4964900003	16.705	0.012
2455796.58773	16.685	0.012
2455802.58159	16.709	0.013999999999999999
2455805.61436	16.685	0.013999999999999999
2455812.64902	16.695999999999998	0.017
2455816.50556	16.694000000000003	0.011000000000000001
2455818.5860599997	16.671	0.017
2455823.56535	16.694000000000003	0.013999999999999999
2455824.57238	16.668	0.012
2455825.57644	16.684	0.012
2455826.5614	16.649	0.013999999999999999
2455828.53761	16.683	0.012
2455830.51072	16.685	0.011000000000000001
2455832.52943	16.667	0.011000000000000001
2455834.55162	16.686	0.012
2455839.53138	16.711	0.015
2455841.53113	16.705	0.017
2455843.53109	16.689	0.015
2455845.54405	16.665	0.015
2455851.49638	16.671	0.012
2455854.5428299997	16.679000000000002	0.017
2455860.5013900003	16.685	0.015
2455959.8772400003	16.683	0.013999999999999999
2455962.86991	16.67	0.012
2455963.88911	16.692999999999998	0.013999999999999999
2455964.8845599997	16.691	0.015
2455965.89181	16.692999999999998	0.013999999999999999
2455968.8898	16.721	0.018000000000000002
2455969.87942	16.695	0.012
2455979.8365	16.675	0.011000000000000001
2455984.81519	16.680999999999997	0.011000000000000001
2455987.8054299997	16.707	0.013999999999999999
2455989.90267	16.703	0.015
2455992.8473400003	16.686	0.011000000000000001
2455995.7684	16.709	0.013999999999999999
2455997.7900799997	16.695	0.012
2456002.76982	16.694000000000003	0.015
2456002.89114	16.701	0.012
2456004.8409599997	16.692999999999998	0.011000000000000001
2456006.8325	16.692	0.01
2456008.76718	16.683	0.011000000000000001
2456009.88978	16.680999999999997	0.011000000000000001
2456011.80207	16.694000000000003	0.011000000000000001
2456013.75955	16.68	0.011000000000000001
2456014.87315	16.689	0.011000000000000001
2456016.77243	16.677	0.01
2456017.88255	16.695999999999998	0.01
2456019.77831	16.669	0.012
2456020.8533799998	16.685	0.01
2456021.91817	16.698	0.011000000000000001
2456023.76138	16.698	0.011000000000000001
2456024.74462	16.694000000000003	0.012
2456025.81092	16.68	0.015
2456032.77552	16.688	0.01
2456034.74207	16.692	0.01
2456037.73035	16.676	0.012
2456039.77842	16.698	0.013999999999999999
2456041.8254400003	16.671	0.011000000000000001
2456048.71563	16.678	0.011000000000000001
2456049.9179700003	16.675	0.011000000000000001
2456052.7096700002	16.689	0.012
2456053.85353	16.688	0.012
2456057.69575	16.694000000000003	0.011000000000000001
2456057.8551	16.69	0.011000000000000001
2456058.8509299997	16.697	0.011000000000000001
2456059.85016	16.711	0.011000000000000001
2456062.69881	16.689	0.011000000000000001
2456064.6677	16.684	0.011000000000000001
2456065.81743	16.695	0.011000000000000001
2456066.6034	16.698	0.012
2456066.61784	16.708	0.011000000000000001
2456066.74378	16.7	0.011000000000000001
2456067.6381	16.697	0.01
2456068.7461900003	16.680999999999997	0.01
2456069.91008	16.679000000000002	0.01
2456071.60488	16.680999999999997	0.011000000000000001
2456075.66397	16.71	0.011000000000000001
2456076.8017700003	16.682000000000002	0.011000000000000001
2456078.65103	16.679000000000002	0.011000000000000001
2456079.7198799998	16.674	0.01
2456080.76598	16.671	0.011000000000000001
2456081.81298	16.698	0.012
2456085.57702	16.708	0.013999999999999999
2456086.5731	16.718	0.012
2456087.73366	16.663	0.012
2456089.80779	16.702	0.011000000000000001
2456093.67135	16.701	0.011000000000000001
2456094.81832	16.707	0.012
2456097.68122	16.691	0.012
2456098.76508	16.694000000000003	0.011000000000000001
2456100.71256	16.684	0.011000000000000001
2456101.7437	16.680999999999997	0.01
2456102.78227	16.692	0.011000000000000001
2456103.83432	16.692999999999998	0.012
2456105.47896	16.707	0.017
2456108.57195	16.730999999999998	0.013999999999999999
2456113.55107	16.684	0.013999999999999999
2456114.63996	16.692	0.012
2456115.6880900003	16.680999999999997	0.012
2456116.80144	16.679000000000002	0.011000000000000001
2456118.4962400002	16.7	0.012
2456119.52368	16.680999999999997	0.012
2456120.6551	16.691	0.01
2456121.6982299997	16.705	0.01
2456124.48836	16.694000000000003	0.012
2456125.59279	16.663	0.011000000000000001
2456126.7383	16.689	0.011000000000000001
2456131.50701	16.680999999999997	0.012
2456133.586	16.682000000000002	0.012
2456135.56622	16.706	0.012
2456140.58608	16.67	0.015
2456141.71196	16.69	0.013999999999999999
2456147.59446	16.695	0.011000000000000001
2456148.562	16.712	0.01
2456151.58347	16.69	0.012
2456154.4882400003	16.705	0.011000000000000001
2456158.5770799997	16.678	0.011000000000000001
2456160.59338	16.692999999999998	0.011000000000000001
2456164.6616700003	16.709	0.013999999999999999
2456167.5777	16.675	0.012
2456168.60737	16.692	0.011000000000000001
2456169.58371	16.680999999999997	0.011000000000000001
2456171.5865599997	16.695999999999998	0.012
2456172.57313	16.702	0.011000000000000001
2456175.56088	16.664	0.011000000000000001
2456180.61718	16.659000000000002	0.015
2456183.59632	16.689	0.011000000000000001
2456185.56965	16.679000000000002	0.011000000000000001
2456186.5663099997	16.69	0.012
2456195.52335	16.701	0.011000000000000001
2456197.48779	16.695	0.015
2456201.5181	16.691	0.018000000000000002
2456205.49456	16.686	0.011000000000000001
2456209.55664	16.717	0.015
2456212.52261	16.678	0.011000000000000001
2456216.53175	16.675	0.012
2456221.54438	16.686	0.018000000000000002
2456226.52062	16.685	0.018000000000000002
2456343.8484799997	16.684	0.012
2456348.85345	16.68	0.011000000000000001
2456352.8397	16.671	0.011000000000000001
2456358.87865	16.685	0.01
2456360.83949	16.678	0.01
2456362.8867200003	16.695	0.011000000000000001
2456368.8655	16.704	0.011000000000000001
2456370.8791400003	16.695999999999998	0.011000000000000001
2456373.84576	16.684	0.011000000000000001
2456375.78689	16.683	0.01
2456376.91866	16.665	0.011000000000000001
2456378.87218	16.704	0.01
2456380.8081799997	16.688	0.01
2456380.8318	16.691	0.011000000000000001
2456382.77177	16.679000000000002	0.021
2456386.89766	16.682000000000002	0.012
2456388.80028	16.685	0.01
2456389.89965	16.706	0.011000000000000001
2456391.79826	16.717	0.012
2456394.83747	16.698	0.012
2456396.8231200003	16.694000000000003	0.01
2456398.77165	16.692	0.01
2456400.74888	16.678	0.01
2456402.7223400003	16.679000000000002	0.011000000000000001
2456406.84361	16.642	0.015
2456408.79936	16.699	0.015
2456416.6606900003	16.688	0.011000000000000001
2456419.70183	16.683	0.01
2456420.81438	16.69	0.01
2456423.6502799997	16.687	0.011000000000000001
2456424.81016	16.667	0.01
2456428.66205	16.672	0.012
2456431.79101	16.705	0.011000000000000001
2456432.8936900003	16.69	0.015
2456434.71488	16.695999999999998	0.011000000000000001
2456435.85102	16.692999999999998	0.011000000000000001
2456436.92146	16.66	0.012
2456441.90506	16.688	0.015
2456443.679	16.699	0.01
2456445.75028	16.679000000000002	0.011000000000000001
2456446.66299	16.679000000000002	0.01
2456447.73803	16.706	0.01
2456448.77031	16.697	0.01
2456449.8130799998	16.683	0.01
2456450.8635299997	16.699	0.011000000000000001
2456452.53405	16.69	0.01
2456454.63971	16.686	0.01
2456455.80838	16.654	0.01
2456457.76544	16.687	0.01
2456458.82989	16.697	0.011000000000000001
2456459.87452	16.705	0.012
2456461.7925299997	16.705	0.011000000000000001
2456463.63597	16.684	0.012
2456464.74372	16.678	0.012
2456469.53174	16.712	0.012
2456475.50367	16.691	0.011000000000000001
2456476.57111	16.683	0.011000000000000001
2456481.48878	16.688	0.011000000000000001
2456484.48481	16.688	0.011000000000000001
2456486.50404	16.688	0.011000000000000001
2456487.59103	16.673	0.01
2456491.52963	16.692	0.012
2456497.68979	16.679000000000002	0.012
2456499.47258	16.697	0.011000000000000001
2456501.69624	16.662	0.01
2456505.75155	16.687	0.013999999999999999
2456508.62063	16.694000000000003	0.01
2456510.5180900004	16.680999999999997	0.01
2456512.72553	16.686	0.012
2456516.50025	16.707	0.012
2456519.60243	16.685	0.011000000000000001
2456524.54094	16.676	0.011000000000000001
2456528.58124	16.698	0.011000000000000001
2456532.59741	16.683	0.011000000000000001
2456536.51266	16.683	0.011000000000000001
2456541.59403	16.669	0.01
2456545.6361599998	16.686	0.011000000000000001
2456561.5332299997	16.715999999999998	0.012
2456564.53006	16.675	0.011000000000000001
2456568.52526	16.717	0.013999999999999999
2456570.57809	16.654	0.015
2456573.53473	16.666	0.011000000000000001
2456578.4972099997	16.675	0.013999999999999999
2456697.85028	16.675	0.012
2456741.83248	16.698	0.011000000000000001
2456741.92108	16.663	0.012
2456744.85651	16.664	0.01
2456746.76583	16.68	0.011000000000000001
2456752.78432	16.676	0.01
2456755.84443	16.657	0.01
2456757.8341200002	16.71	0.011000000000000001
2456759.85928	16.654	0.008
2456761.79153	16.613	0.01
2456763.77519	16.674	0.011000000000000001
2456768.90228	16.686	0.01
2456770.74551	16.68	0.01
2456771.91782	16.664	0.01
2456773.8075099997	16.658	0.012
2456775.73119	16.666	0.01
2456776.91998	16.671	0.011000000000000001
2456789.7702200003	16.662	0.011000000000000001
2456790.8555099997	16.658	0.013999999999999999
2456791.91182	16.648	0.012
2456796.6241900004	16.660999999999998	0.012
2456797.72188	16.624000000000002	0.012
2456799.8621900002	16.66	0.015
2456804.56983	16.647000000000002	0.011000000000000001
2456805.62393	16.652	0.012
2456806.91319	16.624000000000002	0.017
2456808.63177	16.673	0.012
2456809.66846	16.652	0.011000000000000001
2456810.71099	16.647000000000002	0.011000000000000001
2456811.73503	16.660999999999998	0.012
2456813.85777	16.657	0.012
2456815.5855799997	16.673	0.013999999999999999
2456816.65063	16.675	0.015
2456817.75344	16.653	0.012
2456819.62097	16.656	0.013999999999999999
2456823.83308	16.644000000000002	0.013999999999999999
2456824.87472	16.655	0.018000000000000002
2456825.8922099997	16.658	0.013999999999999999
2456827.5478	16.653	0.012
2456828.59475	16.659000000000002	0.011000000000000001
2456829.59304	16.647000000000002	0.012
2456830.61535	16.632	0.011000000000000001
2456831.7625700003	16.642	0.011000000000000001
2456832.79514	16.629	0.012
2456833.85384	16.645	0.013999999999999999
2456835.52023	16.659000000000002	0.015
2456836.55245	16.633	0.013999999999999999
2456837.56967	16.628	0.011000000000000001
2456838.56751	16.649	0.013999999999999999
2456839.58061	16.634	0.012
2456840.63512	16.639	0.013999999999999999
2456841.75028	16.625	0.012
2456842.7939400002	16.637	0.015
2456844.82555	16.625	0.013999999999999999
2456845.80889	16.625	0.012
2456847.7556	16.625999999999998	0.012
2456851.75809	16.634	0.013999999999999999
2456855.4881700003	16.64	0.012
2456856.51904	16.619	0.011000000000000001
2456857.5616	16.61	0.011000000000000001
2456858.64363	16.624000000000002	0.01
2456862.5880400003	16.624000000000002	0.012
2456863.6793299997	16.605	0.011000000000000001
2456864.75815	16.609	0.012
2456871.73426	16.599	0.013999999999999999
2456874.7297900002	16.581	0.013999999999999999
2456878.5660200003	16.601	0.017
2456880.6608700003	16.566	0.018000000000000002
2456882.5978099997	16.596	0.012
2456885.5331599996	16.575	0.011000000000000001
2456886.68683	16.567	0.013999999999999999
2456888.61081	16.555999999999997	0.011000000000000001
2456890.54672	16.569000000000003	0.011000000000000001
2456895.48392	16.528	0.011000000000000001
2456898.51684	16.553	0.011000000000000001
2456907.64763	16.507	0.013999999999999999
2456912.60138	16.483	0.012
2456918.50708	16.462	0.012
2456922.5884700003	16.45	0.012
2456925.6020400003	16.433	0.012
2456928.60566	16.445	0.013999999999999999
2456932.54745	16.377	0.017
2456938.50712	16.363	0.012
2456942.55461	16.336	0.012
2457063.87096	16.589000000000002	0.012
2457069.86227	16.619	0.011000000000000001
2457071.88657	16.605999999999998	0.011000000000000001
2457075.88773	16.632	0.012
2457077.8728400003	16.622	0.012
2457079.8169400003	16.651	0.013999999999999999
2457082.8061	16.644000000000002	0.012
2457083.87324	16.63	0.011000000000000001
2457086.83308	16.619	0.011000000000000001
2457088.8753299997	16.647000000000002	0.011000000000000001
2457090.89792	16.636	0.011000000000000001
2457092.90584	16.627	0.012
2457098.82845	16.656	0.011000000000000001
2457100.83206	16.656	0.011000000000000001
2457102.89983	16.653	0.011000000000000001
2457110.83392	16.647000000000002	0.01
2457112.78921	16.680999999999997	0.012
2457114.9153	16.667	0.011000000000000001
2457116.91334	16.639	0.012
2457118.91465	16.635	0.011000000000000001
2457120.88142	16.637	0.011000000000000001
2457126.83237	16.652	0.01
2457130.7489099996	16.668	0.011000000000000001
2457131.90776	16.660999999999998	0.011000000000000001
2457134.7281	16.660999999999998	0.011000000000000001
2457135.8865900002	16.651	0.01
2457137.73091	16.665	0.01
2457138.85763	16.689	0.011000000000000001
2457140.71454	16.675	0.011000000000000001
2457141.84195	16.646	0.01
2457143.66775	16.705	0.012
2457144.7734	16.668	0.013999999999999999
2457146.69337	16.679000000000002	0.012
2457147.7126700003	16.668	0.015
2457152.86615	16.668	0.012
2457153.91323	16.649	0.011000000000000001
2457155.69982	16.664	0.011000000000000001
2457156.80412	16.676	0.01
2457158.72782	16.686	0.011000000000000001
2457159.78453	16.673	0.011000000000000001
2457160.86222	16.692	0.011000000000000001
2457161.93547	16.687	0.013999999999999999
2457163.6436	16.687	0.012
2457164.77765	16.66	0.01
2457166.8475200003	16.662	0.012
2457169.8201599997	16.678	0.01
2457170.85667	16.665	0.012
2457172.90388	16.673	0.012
2457173.92967	16.675	0.013999999999999999
2457174.91684	16.653	0.015
2457178.66286	16.675	0.012
2457179.88085	16.663	0.013999999999999999
2457180.88187	16.694000000000003	0.012
2457181.8977	16.682000000000002	0.013999999999999999
2457182.91622	16.695	0.013999999999999999
2457183.921	16.703	0.015
2457185.57145	16.679000000000002	0.012
2457186.6338400003	16.692	0.015
2457187.7534	16.669	0.011000000000000001
2457188.7705	16.692999999999998	0.013999999999999999
2457189.8531	16.695	0.012
2457191.59601	16.683	0.013999999999999999
2457194.53959	16.68	0.011000000000000001
2457197.63547	16.685	0.011000000000000001
2457198.66865	16.687	0.011000000000000001
2457199.66356	16.673	0.01
2457200.66004	16.689	0.01
2457206.53229	16.67	0.015
2457207.56068	16.677	0.013999999999999999
2457209.7003599997	16.688	0.012
2457211.68021	16.685	0.011000000000000001
2457214.65283	16.7	0.01
2457219.5802	16.678	0.011000000000000001
2457220.71462	16.688	0.01
2457221.74401	16.699	0.012
2457223.53559	16.695	0.013999999999999999
2457224.60242	16.704	0.015
2457226.53247	16.694000000000003	0.013999999999999999
2457227.54432	16.678	0.011000000000000001
2457228.6011900003	16.665	0.011000000000000001
2457229.66668	16.675	0.012
2457233.48822	16.686	0.015
2457236.61484	16.669	0.012
2457250.64216	16.657	0.011000000000000001
2457253.67001	16.695	0.012
2457257.5565299997	16.702	0.013999999999999999
2457261.58257	16.671	0.015
2457264.53904	16.676	0.012
2457267.52395	16.678	0.012
2457269.52037	16.683	0.011000000000000001
2457271.53686	16.695	0.012
2457275.56715	16.677	0.015
2457278.52886	16.668	0.017
2457291.55088	16.721	0.021
2457294.58815	16.714000000000002	0.023
2457437.8977200002	16.677	0.013999999999999999
2457440.8694	16.691	0.012
2457444.90143	16.689	0.015
2457447.82606	16.691	0.011000000000000001
2457451.83242	16.691	0.011000000000000001
2457452.91223	16.678	0.012
2457455.86821	16.668	0.011000000000000001
2457457.89573	16.684	0.011000000000000001
2457460.90496	16.682000000000002	0.011000000000000001
2457462.91051	16.695999999999998	0.012
2457465.87265	16.663	0.011000000000000001
2457470.77899	16.686	0.013999999999999999
2457471.87621	16.702	0.012
2457475.76714	16.715	0.021
2457480.9219	16.707	0.018000000000000002
2457485.8405299997	16.695999999999998	0.011000000000000001
2457487.74583	16.679000000000002	0.011000000000000001
2457488.87175	16.689	0.011000000000000001
2457493.8726	16.685	0.01
2457494.8588799997	16.685	0.011000000000000001
2457498.73393	16.709	0.013999999999999999
2457499.72656	16.699	0.013999999999999999
2457508.6723	16.679000000000002	0.011000000000000001
2457511.8645	16.708	0.011000000000000001
2457522.7777	16.694000000000003	0.012
2457526.66868	16.683	0.012
2457528.90413	16.688	0.015
2457534.68787	16.703	0.011000000000000001
2457536.68037	16.675	0.011000000000000001
2457545.84167	16.717	0.012
2457546.86565	16.689	0.015
2457547.53043	16.685	0.013999999999999999
2457547.81673	16.706	0.011000000000000001
2457554.6291400003	16.708	0.012
2457555.76842	16.687	0.011000000000000001
2457557.7140200003	16.718	0.013999999999999999
2457560.7770700003	16.713	0.02
2457561.86333	16.704	0.018000000000000002
2457562.5089	16.695999999999998	0.013999999999999999
2457566.72997	16.71	0.012
2457567.67225	16.688	0.011000000000000001
2457568.48213	16.680999999999997	0.015
2457568.6455599996	16.691	0.011000000000000001
2457569.51047	16.702	0.015
2457569.6860599997	16.69	0.011000000000000001
2457573.60744	16.673	0.012
2457575.53852	16.684	0.012
2457576.48285	16.677	0.012
2457576.6754900003	16.7	0.011000000000000001
2457576.81636	16.692	0.012
2457579.64824	16.683	0.011000000000000001
2457581.79391	16.707	0.012
2457584.5037	16.686	0.013999999999999999
2457584.64653	16.683	0.013999999999999999
2457584.7987900004	16.680999999999997	0.013999999999999999
2457589.60068	16.668	0.012
2457589.7599	16.687	0.02
2457590.55045	16.69	0.011000000000000001
2457590.69825	16.686	0.012
2457593.47523	16.712	0.012
2457593.64081	16.699	0.011000000000000001
2457593.77954	16.697	0.011000000000000001
2457596.55838	16.692	0.01
2457599.49725	16.665	0.013999999999999999
2457599.56476	16.677	0.013999999999999999
2457599.63905	16.677	0.011000000000000001
2457599.67362	16.7	0.012
2457600.49663	16.692	0.013999999999999999
2457600.5062599997	16.686	0.013999999999999999
2457600.6000099997	16.708	0.012
2457600.72677	16.679000000000002	0.011000000000000001
2457601.68984	16.691	0.011000000000000001
2457601.72737	16.689	0.011000000000000001
2457602.5459	16.673	0.013999999999999999
2457602.70505	16.711	0.012
2457603.51461	16.692999999999998	0.011000000000000001
2457604.5378099997	16.682000000000002	0.011000000000000001
2457605.56929	16.715999999999998	0.011000000000000001
2457607.50696	16.7	0.012
2457608.6389900004	16.698	0.011000000000000001
2457610.47777	16.695	0.013999999999999999
2457612.50067	16.695999999999998	0.013999999999999999
2457616.5512099997	16.691	0.012
2457617.69517	16.701	0.017
2457621.49299	16.668	0.012
2457622.68672	16.687	0.011000000000000001
2457624.591	16.704	0.012
2457626.59728	16.686	0.012
2457631.6028	16.68	0.011000000000000001
2457634.51618	16.692	0.013999999999999999
2457637.50991	16.692	0.012
2457639.60865	16.701	0.011000000000000001
2457647.5676599997	16.689	0.013999999999999999
2457650.49607	16.69	0.011000000000000001
2457650.60641	16.69	0.013999999999999999
2457651.51134	16.707	0.012
2457652.49855	16.691	0.011000000000000001
2457653.49797	16.704	0.011000000000000001
2457653.5753599997	16.715	0.012
2457654.5026	16.672	0.013999999999999999
2457655.49932	16.699	0.012
2457656.50073	16.682000000000002	0.012
2457656.5344599998	16.706	0.013999999999999999
2457657.5466400003	16.695999999999998	0.012
2457658.50327	16.701	0.012
2457659.50383	16.679000000000002	0.013999999999999999
2457660.49973	16.698	0.015
2457661.5013099997	16.699	0.013999999999999999
2457662.5013900003	16.703	0.013999999999999999
2457662.5441799997	16.685	0.013999999999999999
2457664.5001	16.718	0.015
2457664.52941	16.689	0.017
2457665.50402	16.71	0.015
2457666.5023	16.698	0.015
2457667.50739	16.701	0.013999999999999999
2457671.48855	16.668	0.017
2457672.48993	16.668	0.013999999999999999
2457673.4964900003	16.703	0.013999999999999999
2457675.49295	16.712	0.02
2457682.49237	16.683	0.017
2457683.49158	16.715999999999998	0.02
2457791.87874	16.698	0.012
2457792.88154	16.689	0.013999999999999999
2457793.8730099997	16.686	0.011000000000000001
2457794.8799900003	16.682000000000002	0.015
2457795.86121	16.7	0.017
2457797.8704	16.672	0.015
2457799.89115	16.687	0.017
2457801.8701400002	16.711	0.013999999999999999
2457803.88196	16.688	0.015
2457809.86675	16.706	0.013999999999999999
2457812.83515	16.671	0.011000000000000001
2457815.8645900004	16.68	0.011000000000000001
2457818.80692	16.684	0.011000000000000001
2457820.8407400004	16.674	0.011000000000000001
2457822.85008	16.694000000000003	0.013999999999999999
2457824.8761400003	16.694000000000003	0.013999999999999999
2457826.87127	16.684	0.013999999999999999
2457828.85872	16.686	0.012
2457830.87554	16.675	0.017
2457834.83061	16.691	0.012
2457836.7546200003	16.703	0.015
2457837.827	16.680999999999997	0.012
2457838.89971	16.689	0.011000000000000001
2457840.7724200003	16.676	0.012
2457841.84596	16.713	0.013999999999999999
2457842.8879	16.68	0.011000000000000001
2457844.72984	16.685	0.011000000000000001
2457845.76925	16.692999999999998	0.011000000000000001
2457846.8321	16.679000000000002	0.011000000000000001
2457847.8684900003	16.688	0.012
2457848.89953	16.702	0.011000000000000001
2457850.713	16.692999999999998	0.012
2457851.7458599997	16.680999999999997	0.012
2457852.8676400003	16.683	0.013999999999999999
2457854.8013299997	16.695	0.012
2457855.8392	16.695	0.012
2457856.86749	16.699	0.017
2457862.7453099997	16.682000000000002	0.012
2457863.83049	16.688	0.011000000000000001
2457864.80933	16.680999999999997	0.011000000000000001
2457865.80385	16.691	0.011000000000000001
2457866.82449	16.707	0.01
2457867.84444	16.683	0.011000000000000001
2457869.66904	16.69	0.012
2457870.69899	16.698	0.011000000000000001
2457871.71947	16.695	0.011000000000000001
2457872.73528	16.699	0.011000000000000001
2457873.73017	16.699	0.011000000000000001
2457874.70555	16.712	0.012
2457875.8012900003	16.684	0.01
2457876.7505799998	16.706	0.011000000000000001
2457877.73615	16.683	0.011000000000000001
2457878.77453	16.663	0.011000000000000001
2457879.73855	16.689	0.013999999999999999
2457880.78325	16.714000000000002	0.015
2457881.8805299997	16.667	0.017
2457882.88693	16.692999999999998	0.013999999999999999
2457890.8333900003	16.691	0.012
2457893.79903	16.692	0.012
2457894.66964	16.69	0.011000000000000001
2457894.9215599997	16.698	0.013999999999999999
2457897.72712	16.686	0.012
2457901.83399	16.688	0.012
2457902.80027	16.7	0.012
2457903.8774	16.679000000000002	0.013999999999999999
2457904.79365	16.685	0.011000000000000001
2457905.64755	16.7	0.011000000000000001
2457905.91942	16.7	0.012
2457906.80547	16.702	0.012
2457907.69282	16.685	0.012
2457908.6441200003	16.679000000000002	0.012
2457908.89836	16.703	0.013999999999999999
2457909.775	16.694000000000003	0.012
2457910.55285	16.687	0.015
2457910.8168200003	16.694000000000003	0.012
2457911.68351	16.691	0.013999999999999999
2457916.64713	16.694000000000003	0.012
2457916.86436	16.692999999999998	0.017
2457917.71674	16.687	0.012
2457918.59043	16.689	0.013999999999999999
2457922.6682	16.699	0.012
2457923.70133	16.704	0.015
2457924.5194900003	16.688	0.012
2457924.76934	16.707	0.011000000000000001
2457925.66659	16.682000000000002	0.011000000000000001
2457926.59007	16.671	0.012
2457928.6688	16.697	0.012
2457932.70693	16.685	0.015
2457933.56755	16.708	0.015
2457934.51292	16.691	0.012
2457934.75863	16.698	0.012
2457935.60113	16.692	0.011000000000000001
2457936.48405	16.662	0.013999999999999999
2457936.76071	16.694000000000003	0.012
2457937.57343	16.695	0.012
2457937.83032	16.688	0.015
2457944.4983	16.686	0.013999999999999999
2457944.592	16.689	0.012
2457944.71395	16.683	0.012
2457945.46369	16.679000000000002	0.018000000000000002
2457945.6849599998	16.694000000000003	0.011000000000000001
2457946.5323900003	16.699	0.012
2457946.79017	16.691	0.013999999999999999
2457947.74034	16.698	0.013999999999999999
2457948.61658	16.695	0.012
2457949.5598	16.711	0.013999999999999999
2457952.70163	16.677	0.012
2457953.60353	16.685	0.011000000000000001
2457953.61888	16.695999999999998	0.012
2457954.50091	16.660999999999998	0.011000000000000001
2457954.79932	16.691	0.012
2457956.6178599996	16.704	0.011000000000000001
2457957.68789	16.692	0.012
2457958.71251	16.702	0.013999999999999999
2457959.60934	16.688	0.011000000000000001
2457960.49662	16.678	0.012
2457960.77405	16.687	0.012
2457961.76998	16.703	0.013999999999999999
2457964.53208	16.703	0.012
2457965.6357299997	16.676	0.012
2457966.59425	16.695999999999998	0.013999999999999999
2457967.63829	16.684	0.017
2457971.50573	16.705	0.015
2457971.60598	16.686	0.015
2457971.6982	16.691	0.013999999999999999
2457972.63641	16.703	0.015
2457973.5520599997	16.717	0.018000000000000002
2457974.54055	16.692	0.012
2457975.62104	16.67	0.015
2457980.48741	16.689	0.015
2457981.57867	16.697	0.012
2457982.6159	16.683	0.012
2457984.48282	16.689	0.015
2457985.5528	16.689	0.015
2457986.65719	16.695999999999998	0.012
2457990.53023	16.687	0.012
2457991.60737	16.698	0.013999999999999999
2457993.47354	16.721	0.015
2457994.53552	16.689	0.013999999999999999
2457998.52581	16.7	0.017
2457998.62915	16.684	0.018000000000000002
2458000.55353	16.722	0.015
2458001.50691	16.715	0.012
2458002.6391	16.703	0.023
2458005.50781	16.694000000000003	0.017
2458010.53622	16.711	0.015
2458013.49808	16.69	0.012
2458015.52317	16.703	0.018000000000000002
2458018.4836	16.695999999999998	0.015
2458021.4799599997	16.692	0.018000000000000002
2458026.54266	16.679000000000002	0.013999999999999999
2458032.543	16.703	0.018000000000000002
2458035.52705	16.713	0.017
