2455377.59603	16.814	0.017
2455379.66545	16.804000000000002	0.011000000000000001
2455381.7568599996	16.776	0.019
2455386.84362	16.802	0.013000000000000001
2455390.6641700002	16.811	0.013999999999999999
2455393.76744	16.798	0.015
2455403.78337	16.822	0.021
2455407.72169	16.789	0.015
2455411.56697	16.79	0.011000000000000001
2455418.5866799997	16.8	0.011000000000000001
2455430.5343400002	16.817999999999998	0.015
2455436.4951299997	16.803	0.013999999999999999
2455444.65057	16.805	0.013000000000000001
2455450.56071	16.789	0.015
2455459.48591	16.78	0.015
2455461.61602	16.797	0.019
2455469.55934	16.787	0.013000000000000001
2455478.50239	16.816	0.013999999999999999
2455487.50147	16.801	0.013999999999999999
2455602.8742400003	16.812	0.017
2455604.88294	16.839000000000002	0.013999999999999999
2455608.87794	16.832	0.013000000000000001
2455611.86279	16.831	0.018000000000000002
2455614.82702	16.831	0.015
2455620.81923	16.838	0.015
2455623.85428	16.805	0.011000000000000001
2455624.79685	16.801	0.013999999999999999
2455625.79416	16.831	0.013999999999999999
2455627.7831599996	16.814	0.015
2455629.79734	16.825	0.017
2455630.83367	16.815	0.011000000000000001
2455632.7891599997	16.824	0.017
2455634.77146	16.83	0.013999999999999999
2455635.80699	16.823	0.015
2455638.76658	16.804000000000002	0.018000000000000002
2455639.80216	16.816	0.013999999999999999
2455641.88333	16.796	0.013999999999999999
2455649.73783	16.804000000000002	0.013999999999999999
2455653.91345	16.811	0.01
2455658.7939400002	16.827	0.013000000000000001
2455662.86192	16.822	0.011000000000000001
2455668.72707	16.819000000000003	0.013999999999999999
2455675.7524200003	16.797	0.013000000000000001
2455679.84812	16.802	0.011000000000000001
2455682.83763	16.795	0.013000000000000001
2455682.86303	16.815	0.013000000000000001
2455686.74764	16.814	0.011000000000000001
2455691.88365	16.839000000000002	0.011000000000000001
2455694.78948	16.805999999999997	0.013000000000000001
2455697.63281	16.791	0.013999999999999999
2455706.7980400003	16.781	0.013999999999999999
2455709.64227	16.811	0.013000000000000001
2455715.8098	16.804000000000002	0.011000000000000001
2455722.7831900003	16.796	0.011000000000000001
2455725.75655	16.805999999999997	0.013000000000000001
2455737.74258	16.796	0.01
2455740.57896	16.805999999999997	0.013999999999999999
2455742.60878	16.805999999999997	0.011000000000000001
2455745.6693599997	16.804000000000002	0.011000000000000001
2455748.66207	16.768	0.011000000000000001
2455753.7776	16.803	0.021
2455760.50907	16.812	0.017
2455765.4877299997	16.793	0.013000000000000001
2455768.7444	16.795	0.013999999999999999
2455777.58146	16.815	0.013999999999999999
2455785.68655	16.816	0.015
2455790.52702	16.807000000000002	0.013999999999999999
2455794.63337	16.815	0.013999999999999999
2455802.58332	16.815	0.015
2455813.61845	16.803	0.013999999999999999
2455818.61547	16.812	0.018000000000000002
2455824.49108	16.771	0.015
2455828.60347	16.781	0.013999999999999999
2455833.5430799997	16.79	0.013000000000000001
2455840.57558	16.796	0.013999999999999999
2455845.52018	16.840999999999998	0.017
2455852.54016	16.819000000000003	0.019
2455969.88241	16.795	0.015
2455984.83482	16.813	0.011000000000000001
2455989.891	16.837	0.013000000000000001
2455994.90245	16.797	0.011000000000000001
2455998.91692	16.79	0.018000000000000002
2456006.9228	16.796	0.017
2456010.77434	16.805	0.011000000000000001
2456013.83992	16.811	0.011000000000000001
2456016.84099	16.793	0.011000000000000001
2456019.8508599997	16.796	0.01
2456022.74347	16.812	0.013000000000000001
2456024.9006	16.817	0.013000000000000001
2456032.86636	16.809	0.01
2456036.9073099997	16.804000000000002	0.011000000000000001
2456040.82348	16.805	0.011000000000000001
2456048.70352	16.811	0.013999999999999999
2456050.9027	16.808	0.011000000000000001
2456061.79043	16.801	0.011000000000000001
2456064.75834	16.822	0.01
2456066.90389	16.81	0.011000000000000001
2456069.62388	16.803	0.011000000000000001
2456071.61906	16.811	0.01
2456076.64735	16.825	0.013999999999999999
2456078.79504	16.814	0.01
2456080.75433	16.787	0.013000000000000001
2456085.89304	16.814	0.017
2456088.68052	16.798	0.01
2456093.7828599997	16.787	0.013000000000000001
2456096.8345	16.789	0.013999999999999999
2456099.74132	16.805	0.015
2456101.78408	16.813	0.013000000000000001
2456103.68659	16.8	0.011000000000000001
2456105.63066	16.807000000000002	0.01
2456113.6618	16.82	0.015
2456115.6145599997	16.794	0.011000000000000001
2456117.63535	16.8	0.011000000000000001
2456119.5654	16.791	0.011000000000000001
2456121.56878	16.813	0.01
2456124.66093	16.796	0.011000000000000001
2456126.71151	16.772000000000002	0.011000000000000001
2456131.69932	16.784000000000002	0.01
2456131.77264	16.782	0.01
2456135.5975099998	16.784000000000002	0.013999999999999999
2456140.62571	16.817999999999998	0.015
2456147.57014	16.788	0.013000000000000001
2456151.5593	16.809	0.013999999999999999
2456158.49199	16.784000000000002	0.011000000000000001
2456161.56049	16.833	0.015
2456167.6433099997	16.812	0.013000000000000001
2456168.67799	16.803	0.013000000000000001
2456175.61351	16.81	0.013000000000000001
2456182.58835	16.798	0.011000000000000001
2456190.59281	16.823	0.011000000000000001
2456197.5918099997	16.838	0.018000000000000002
2456216.53336	16.805999999999997	0.013999999999999999
2456345.88527	16.822	0.011000000000000001
2456362.84942	16.813	0.011000000000000001
2456370.83782	16.823	0.01
2456375.75128	16.804000000000002	0.011000000000000001
2456378.8456200003	16.829	0.011000000000000001
2456381.9073799998	16.81	0.011000000000000001
2456387.92006	16.811	0.017
2456390.8973	16.825	0.011000000000000001
2456395.77838	16.814	0.011000000000000001
2456398.77322	16.803	0.01
2456401.82524	16.801	0.01
2456404.79724	16.833	0.011000000000000001
2456408.7742	16.734	0.015
2456417.69497	16.811	0.013000000000000001
2456419.79313	16.781	0.011000000000000001
2456422.85781	16.782	0.017
2456426.7685	16.803	0.01
2456431.8464200003	16.796	0.01
2456434.6206900002	16.811	0.013000000000000001
2456436.66502	16.789	0.011000000000000001
2456441.93616	16.8	0.017
2456445.6174	16.803	0.011000000000000001
2456447.6253	16.799	0.01
2456449.5529400003	16.817	0.013000000000000001
2456450.87882	16.817999999999998	0.011000000000000001
2456452.8807	16.82	0.01
2456456.64858	16.777	0.009000000000000001
2456458.80423	16.794	0.01
2456461.55975	16.811	0.013000000000000001
2456463.6911	16.81	0.013999999999999999
2456468.73205	16.807000000000002	0.013999999999999999
2456473.69098	16.8	0.01
2456475.63817	16.797	0.01
2456477.60707	16.794	0.011000000000000001
2456480.6349	16.812	0.011000000000000001
2456484.55416	16.832	0.011000000000000001
2456487.5468200003	16.805	0.011000000000000001
2456490.65672	16.8	0.011000000000000001
2456496.47828	16.81	0.018000000000000002
2456498.6693700003	16.822	0.011000000000000001
2456504.72859	16.808	0.013000000000000001
2456508.60879	16.787	0.011000000000000001
2456511.55022	16.788	0.01
2456516.6590400003	16.813	0.011000000000000001
2456524.5095900004	16.8	0.013000000000000001
2456531.6189	16.785	0.011000000000000001
2456538.53387	16.817	0.011000000000000001
2456545.5923	16.835	0.011000000000000001
2456559.5567400004	16.8	0.011000000000000001
2456565.58168	16.817999999999998	0.013000000000000001
2456573.49177	16.777	0.013000000000000001
2456741.8456200003	16.82	0.011000000000000001
2456742.76033	16.808	0.011000000000000001
2456742.7861099998	16.832	0.011000000000000001
2456745.83872	16.793	0.01
2456748.90773	16.801	0.01
2456752.8642	16.836	0.011000000000000001
2456757.7439099997	16.827	0.011000000000000001
2456760.81079	16.8	0.009000000000000001
2456763.79117	16.804000000000002	0.011000000000000001
2456768.797	16.78	0.01
2456770.88084	16.797	0.011000000000000001
2456773.79467	16.826	0.013000000000000001
2456776.7269099997	16.799	0.01
2456785.9350900003	16.812	0.015
2456789.65514	16.815	0.017
2456791.63474	16.811	0.017
2456792.88804	16.815	0.015
2456797.90133	16.808	0.015
2456804.60704	16.808	0.013000000000000001
2456805.8764299997	16.820999999999998	0.013999999999999999
2456808.73724	16.814	0.011000000000000001
2456810.6537099998	16.805999999999997	0.013000000000000001
2456811.92185	16.808	0.018000000000000002
2456815.6016700002	16.671	0.013000000000000001
2456817.62429	16.807000000000002	0.013000000000000001
2456819.64738	16.805999999999997	0.015
2456824.68334	16.802	0.013999999999999999
2456826.56392	16.819000000000003	0.013999999999999999
2456827.7889900003	16.804000000000002	0.011000000000000001
2456829.67316	16.826	0.013000000000000001
2456831.66561	16.801	0.01
2456833.61248	16.803	0.013000000000000001
2456835.52213	16.81	0.015
2456836.80047	16.815	0.015
2456838.6431400003	16.813	0.011000000000000001
2456840.5512900003	16.805	0.013999999999999999
2456842.56853	16.819000000000003	0.015
2456844.83634	16.803	0.013999999999999999
2456847.6572	16.771	0.017
2456852.5309	16.8	0.017
2456856.47548	16.808	0.013999999999999999
2456857.75942	16.805	0.013000000000000001
2456862.63332	16.802	0.013999999999999999
2456864.6343	16.793	0.013000000000000001
2456872.65235	16.811	0.013000000000000001
2456879.50427	16.785	0.019
2456882.49576	16.793	0.013000000000000001
2456885.6883900003	16.791	0.013999999999999999
2456888.57749	16.8	0.013000000000000001
2456891.53799	16.803	0.011000000000000001
2456907.48367	16.795	0.013000000000000001
2456915.48587	16.811	0.013999999999999999
2456922.60488	16.8	0.013999999999999999
2456927.57328	16.822	0.015
2456940.54306	16.801	0.017
2457066.8665299998	16.784000000000002	0.019
2457072.88308	16.817999999999998	0.013000000000000001
2457077.89932	16.819000000000003	0.018000000000000002
2457082.8106	16.829	0.015
2457086.8361400003	16.823	0.013999999999999999
2457089.88821	16.8	0.013000000000000001
2457092.90885	16.805999999999997	0.013999999999999999
2457097.83615	16.798	0.011000000000000001
2457100.82044	16.824	0.013000000000000001
2457110.7376900003	16.819000000000003	0.013000000000000001
2457112.84494	16.809	0.011000000000000001
2457114.82872	16.811	0.011000000000000001
2457117.87126	16.803	0.011000000000000001
2457120.91077	16.817	0.019
2457129.90743	16.816	0.013000000000000001
2457132.79761	16.812	0.011000000000000001
2457135.87325	16.805999999999997	0.01
2457138.6900400002	16.816	0.013999999999999999
2457140.78822	16.8	0.013000000000000001
2457142.8875599997	16.808	0.011000000000000001
2457145.92239	16.801	0.015
2457153.89984	16.785999999999998	0.013000000000000001
2457155.9315299997	16.79	0.013000000000000001
2457158.80031	16.805999999999997	0.011000000000000001
2457160.7525299997	16.796	0.011000000000000001
2457162.72408	16.805	0.013000000000000001
2457164.76254	16.809	0.01
2457169.62187	16.815	0.011000000000000001
2457170.9011	16.798	0.015
2457173.84328	16.807000000000002	0.013999999999999999
2457175.68463	16.801	0.013999999999999999
2457178.8602299998	16.804000000000002	0.017
2457180.67821	16.805999999999997	0.013000000000000001
2457182.56129	16.814	0.013000000000000001
2457183.8001099997	16.8	0.013000000000000001
2457185.6683400003	16.816	0.013999999999999999
2457187.70891	16.793	0.011000000000000001
2457189.68379	16.782	0.011000000000000001
2457193.84117	16.803	0.011000000000000001
2457197.86855	16.798	0.017
2457199.7598900003	16.816	0.011000000000000001
2457206.76773	16.788	0.017
2457209.77423	16.793	0.013999999999999999
2457214.53326	16.805	0.013999999999999999
2457219.7228099997	16.828	0.013000000000000001
2457221.70187	16.815	0.013000000000000001
2457223.68917	16.807000000000002	0.013000000000000001
2457226.53408	16.798	0.013000000000000001
2457228.4752	16.82	0.015
2457229.7693	16.815	0.013999999999999999
2457249.57681	16.807000000000002	0.013999999999999999
2457253.65671	16.831	0.013000000000000001
2457261.59626	16.809	0.019
2457265.57904	16.816	0.011000000000000001
2457269.6436	16.814	0.013000000000000001
2457273.6650900003	16.813	0.015
2457281.57406	16.801	0.013000000000000001
2457291.5375099997	16.828	0.021
2457299.5051700003	16.789	0.013000000000000001
2457438.89608	16.817	0.021
2457445.88338	16.839000000000002	0.011000000000000001
2457451.89867	16.797	0.013999999999999999
2457456.79815	16.805	0.013999999999999999
2457460.89324	16.808	0.011000000000000001
2457465.8072200003	16.820999999999998	0.013000000000000001
2457470.91095	16.809	0.013000000000000001
2457474.8308200003	16.804000000000002	0.013999999999999999
2457480.89484	16.831	0.013999999999999999
2457486.7439099997	16.82	0.015
2457488.7806	16.819000000000003	0.011000000000000001
2457492.73503	16.809	0.011000000000000001
2457494.78332	16.812	0.011000000000000001
2457498.7243	16.837	0.013999999999999999
2457500.71399	16.828	0.015
2457508.6893700003	16.814	0.011000000000000001
2457508.70348	16.798	0.01
2457511.7041599997	16.804000000000002	0.011000000000000001
2457522.7829	16.796	0.013000000000000001
2457526.87074	16.803	0.013999999999999999
2457534.70439	16.812	0.013999999999999999
2457536.85678	16.814	0.013000000000000001
2457546.85318	16.8	0.013999999999999999
2457547.53353	16.777	0.015
2457548.6882700003	16.803	0.009000000000000001
2457550.68224	16.805	0.013000000000000001
2457554.76288	16.807000000000002	0.015
2457557.65188	16.805999999999997	0.013000000000000001
2457562.5981400004	16.802	0.018000000000000002
2457567.58197	16.792	0.013000000000000001
2457568.74166	16.8	0.013999999999999999
2457570.70033	16.805	0.011000000000000001
2457575.75887	16.807000000000002	0.011000000000000001
2457579.65215	16.816	0.011000000000000001
2457584.739	16.824	0.015
2457590.59237	16.812	0.011000000000000001
2457593.77023	16.805999999999997	0.011000000000000001
2457599.52105	16.8	0.015
2457599.6041	16.81	0.013000000000000001
2457599.6979900002	16.812	0.013000000000000001
2457600.52985	16.785	0.013999999999999999
2457600.62512	16.795	0.013999999999999999
2457600.66213	16.815	0.011000000000000001
2457600.752	16.817	0.013999999999999999
2457601.69653	16.820999999999998	0.011000000000000001
2457603.56312	16.823	0.011000000000000001
2457605.48082	16.805	0.013000000000000001
2457607.66319	16.803	0.011000000000000001
2457609.72852	16.812	0.013000000000000001
2457612.66884	16.785	0.022000000000000002
2457618.51035	16.778	0.015
2457622.59564	16.802	0.011000000000000001
2457625.51597	16.799	0.011000000000000001
2457631.58973	16.801	0.011000000000000001
2457636.51764	16.801	0.013999999999999999
2457643.5679099998	16.787	0.018000000000000002
2457649.58875	16.76	0.011000000000000001
2457650.50382	16.750999999999998	0.01
2457651.51915	16.764	0.013000000000000001
2457652.50637	16.742	0.011000000000000001
2457653.5057200002	16.750999999999998	0.011000000000000001
2457653.57851	16.726	0.011000000000000001
2457654.5103599997	16.747	0.013999999999999999
2457655.50717	16.733	0.011000000000000001
2457656.51322	16.729	0.013000000000000001
2457657.55933	16.697	0.011000000000000001
2457658.52178	16.726	0.011000000000000001
2457659.51952	16.727	0.013000000000000001
2457660.50748	16.72	0.015
2457661.50911	16.680999999999997	0.013000000000000001
2457662.5093	16.67	0.013999999999999999
2457664.5079	16.657	0.013999999999999999
2457665.5194099997	16.655	0.013999999999999999
2457666.51017	16.646	0.013000000000000001
2457667.5373299997	16.619	0.013999999999999999
2457671.49651	16.538	0.013000000000000001
2457672.49794	16.514	0.011000000000000001
2457673.5043200003	16.517	0.013000000000000001
2457675.50315	16.469	0.013000000000000001
2457682.50018	16.486	0.011000000000000001
2457683.49925	16.500999999999998	0.013000000000000001
2457795.86421	16.831	0.018000000000000002
2457796.85825	16.801	0.017
2457801.8489200003	16.829	0.019
2457808.8810900003	16.832	0.013000000000000001
2457815.8565599998	16.817999999999998	0.013000000000000001
2457817.9053700003	16.812	0.013999999999999999
2457820.85042	16.848	0.013999999999999999
2457822.90395	16.825	0.013000000000000001
2457825.84719	16.820999999999998	0.013999999999999999
2457827.85407	16.811	0.013000000000000001
2457830.78554	16.816	0.018000000000000002
2457834.91743	16.820999999999998	0.015
2457837.77315	16.832	0.013999999999999999
2457839.7642900003	16.815	0.011000000000000001
2457841.7771400004	16.802	0.017
2457842.90979	16.819000000000003	0.013000000000000001
2457844.86948	16.828	0.013999999999999999
2457846.82455	16.816	0.011000000000000001
2457848.7568900003	16.815	0.015
2457849.88913	16.804000000000002	0.011000000000000001
2457851.7995700003	16.84	0.013999999999999999
2457854.72268	16.814	0.015
2457855.86339	16.789	0.013000000000000001
2457858.7915	16.826	0.011000000000000001
2457862.76828	16.822	0.013999999999999999
2457865.67827	16.811	0.013000000000000001
2457866.78216	16.81	0.011000000000000001
2457867.9174099998	16.81	0.011000000000000001
2457869.8628	16.805	0.011000000000000001
2457871.75835	16.817	0.011000000000000001
2457872.90687	16.81	0.011000000000000001
2457874.7132099997	16.817	0.013999999999999999
2457875.9166	16.805999999999997	0.013000000000000001
2457877.70261	16.803	0.011000000000000001
2457878.87579	16.809	0.011000000000000001
2457880.72891	16.82	0.013999999999999999
2457881.92762	16.822	0.018000000000000002
2457890.71452	16.81	0.015
2457893.8226799998	16.809	0.013000000000000001
2457894.8206599997	16.809	0.013000000000000001
2457897.7565	16.805	0.011000000000000001
2457902.67656	16.813	0.011000000000000001
2457903.85418	16.823	0.013999999999999999
2457904.8492900003	16.819000000000003	0.013000000000000001
2457905.8162700003	16.808	0.013000000000000001
2457906.7814700003	16.804000000000002	0.011000000000000001
2457907.82089	16.802	0.013000000000000001
2457908.87536	16.706	0.015
2457909.7982099997	16.788	0.013999999999999999
2457910.70248	16.822	0.013000000000000001
2457911.5881	16.858	0.022000000000000002
2457916.6397700002	16.805999999999997	0.015
2457918.6208900004	16.825	0.017
2457922.71807	16.817999999999998	0.013999999999999999
2457923.85054	16.805	0.015
2457924.80762	16.820999999999998	0.013000000000000001
2457925.84831	16.816	0.013999999999999999
2457928.61084	16.805999999999997	0.013999999999999999
2457934.53605	16.798	0.013000000000000001
2457935.5366700003	16.798	0.013000000000000001
2457936.52894	16.796	0.013000000000000001
2457937.51768	16.819000000000003	0.015
2457938.54093	16.805999999999997	0.015
2457944.65518	16.796	0.013999999999999999
2457945.56453	16.805	0.013999999999999999
2457946.49882	16.801	0.013000000000000001
2457947.53864	16.820999999999998	0.013000000000000001
2457948.55064	16.817	0.011000000000000001
2457949.59723	16.814	0.013000000000000001
2457953.5093900003	16.801	0.013000000000000001
2457954.5262599997	16.808	0.011000000000000001
2457956.51216	16.817	0.013000000000000001
2457957.69624	16.819000000000003	0.013000000000000001
2457959.5024200003	16.824	0.013000000000000001
2457960.52118	16.831	0.013000000000000001
2457961.60307	16.796	0.011000000000000001
2457964.52976	16.798	0.013000000000000001
2457965.69915	16.801	0.013000000000000001
2457967.672	16.796	0.017
2457971.6998400004	16.798	0.013999999999999999
2457972.7294799997	16.787	0.018000000000000002
2457974.63264	16.828	0.013999999999999999
2457979.63128	16.793	0.011000000000000001
2457981.61886	16.799	0.013000000000000001
2457983.56692	16.794	0.013000000000000001
2457985.52319	16.811	0.017
2457987.56152	16.796	0.011000000000000001
2457991.53221	16.793	0.013999999999999999
2457993.51448	16.797	0.013000000000000001
2457998.48755	16.82	0.013999999999999999
2458000.61314	16.802	0.018000000000000002
2458003.55372	16.79	0.018000000000000002
2458008.53709	16.816	0.013999999999999999
2458013.50599	16.801	0.011000000000000001
2458016.5307	16.802	0.015
2458020.5337099996	16.803	0.013000000000000001
2458029.54402	16.811	0.017
2458040.55017	16.809	0.018000000000000002
