2455377.63267	16.135	0.009000000000000001
2455381.66455	16.143	0.01
2455382.5304099997	16.131	0.01
2455382.73694	16.128	0.009000000000000001
2455385.48889	16.118	0.009000000000000001
2455389.52339	16.142	0.009000000000000001
2455390.53116	16.14	0.01
2455393.68238	16.153	0.009000000000000001
2455396.54202	16.156	0.01
2455404.48565	16.131	0.009000000000000001
2455404.68194	16.133	0.009000000000000001
2455407.74552	16.155	0.009000000000000001
2455408.67513	16.135	0.009000000000000001
2455412.60868	16.137	0.01
2455413.59387	16.137999999999998	0.008
2455414.63767	16.14	0.008
2455418.57157	16.139	0.008
2455421.59791	16.139	0.009000000000000001
2455431.51794	16.143	0.009000000000000001
2455433.6904700003	16.154	0.013999999999999999
2455443.57139	16.162	0.009000000000000001
2455447.48961	16.137	0.009000000000000001
2455450.5076599997	16.143	0.009000000000000001
2455462.48447	16.133	0.01
2455463.59127	16.125999999999998	0.009000000000000001
2455464.55101	16.14	0.01
2455465.48545	16.144000000000002	0.011000000000000001
2455468.5553599996	16.142	0.01
2455471.53702	16.146	0.009000000000000001
2455476.5515799997	16.147000000000002	0.011000000000000001
2455480.50958	16.145	0.01
2455483.50787	16.124000000000002	0.013999999999999999
2455487.49552	16.132	0.009000000000000001
2455489.4944	16.137	0.011000000000000001
2455492.5196700003	16.145	0.013000000000000001
2455497.49823	16.137999999999998	0.013000000000000001
2455596.86013	16.148	0.009000000000000001
2455598.85029	16.132	0.009000000000000001
2455599.85257	16.131	0.009000000000000001
2455600.84905	16.146	0.009000000000000001
2455606.88455	16.15	0.009000000000000001
2455621.8656900004	16.135	0.008
2455624.7932599997	16.142	0.008
2455626.8845599997	16.148	0.009000000000000001
2455628.79822	16.148	0.009000000000000001
2455629.8783	16.146	0.009000000000000001
2455631.8537	16.144000000000002	0.009000000000000001
2455633.80867	16.122	0.008
2455637.7961	16.137999999999998	0.009000000000000001
2455639.7974	16.123	0.009000000000000001
2455640.8799400004	16.142	0.009000000000000001
2455642.91117	16.139	0.01
2455644.8809700003	16.124000000000002	0.013000000000000001
2455647.83527	16.129	0.009000000000000001
2455648.73023	16.142	0.01
2455649.87725	16.145	0.008
2455651.8130799998	16.136	0.008
2455654.7677	16.147000000000002	0.008
2455655.88191	16.137	0.008
2455659.7930400004	16.135	0.008
2455660.9076400003	16.154	0.009000000000000001
2455664.7774799997	16.146	0.009000000000000001
2455671.7754	16.139	0.009000000000000001
2455679.84586	16.133	0.008
2455681.71655	16.137999999999998	0.008
2455682.92609	16.125999999999998	0.008
2455684.89486	16.132	0.008
2455686.87984	16.144000000000002	0.009000000000000001
2455689.7918	16.137999999999998	0.008
2455691.8119799998	16.139	0.008
2455694.71572	16.12	0.008
2455695.86886	16.124000000000002	0.008
2455697.59887	16.136	0.01
2455698.69935	16.128	0.01
2455702.6811	16.144000000000002	0.018000000000000002
2455705.7425	16.148	0.009000000000000001
2455707.65349	16.131	0.008
2455708.7316900003	16.139	0.008
2455712.73889	16.133	0.008
2455716.79078	16.144000000000002	0.009000000000000001
2455722.60725	16.127	0.009000000000000001
2455722.6208599997	16.136	0.009000000000000001
2455725.64847	16.136	0.008
2455725.66271	16.134	0.008
2455729.74233	16.141	0.011000000000000001
2455729.7999400003	16.125	0.018000000000000002
2455734.79857	16.132	0.009000000000000001
2455739.5326400003	16.143	0.009000000000000001
2455740.59154	16.142	0.01
2455744.8683	16.148	0.009000000000000001
2455748.60923	16.122	0.009000000000000001
2455752.5490599996	16.114	0.01
2455753.79031	16.141	0.011000000000000001
2455762.4882900002	16.145	0.009000000000000001
2455766.5381400003	16.137999999999998	0.008
2455769.4750599996	16.118	0.009000000000000001
2455783.6018	15.523	0.026000000000000002
2455785.47846	16.136	0.01
2455786.73177	16.134	0.01
2455793.4788900004	16.139	0.009000000000000001
2455801.4844	16.141	0.009000000000000001
2455807.58318	16.151	0.01
2455817.51964	16.131	0.008
2455831.49677	16.141	0.008
2455832.4929299997	16.137999999999998	0.008
2455833.48856	16.132	0.009000000000000001
2455834.48895	16.142	0.008
2455844.5435099998	16.125999999999998	0.01
2455852.52459	16.137	0.011000000000000001
2455857.51602	16.144000000000002	0.013000000000000001
2455977.8708599997	16.13	0.008
2455982.87338	16.13	0.008
2455985.89886	16.136	0.009000000000000001
2455991.8300400004	16.145	0.008
2455993.90993	16.152	0.01
2455996.80364	16.12	0.008
2455998.81103	16.131	0.008
2456002.86412	16.136	0.009000000000000001
2456003.85922	16.127	0.009000000000000001
2456005.83637	16.129	0.008
2456007.82084	16.137	0.008
2456009.74615	16.143	0.009000000000000001
2456010.87165	16.139	0.008
2456012.8036599997	16.139	0.008
2456014.73538	16.129	0.008
2456015.82922	16.134	0.006
2456017.74738	16.137999999999998	0.008
2456018.83958	16.127	0.008
2456020.72021	16.139	0.01
2456021.78054	16.118	0.008
2456022.8615599996	16.13	0.008
2456024.92332	16.124000000000002	0.009000000000000001
2456031.75795	16.127	0.008
2456033.69947	16.123	0.009000000000000001
2456035.87462	16.133	0.008
2456040.7658599997	16.132	0.008
2456047.69758	16.139	0.008
2456061.72796	16.134	0.008
2456064.88953	16.131	0.008
2456066.72963	16.114	0.008
2456069.62213	16.135	0.008
2456070.7080900003	16.134	0.008
2456071.77048	16.154	0.008
2456075.84694	16.131	0.008
2456077.74735	16.142	0.008
2456079.90967	16.125999999999998	0.008
2456085.74998	16.131	0.009000000000000001
2456086.75864	16.134	0.008
2456088.61515	16.127	0.008
2456092.67928	16.134	0.008
2456093.87819	16.137	0.009000000000000001
2456096.66418	16.136	0.008
2456097.87036	16.144000000000002	0.009000000000000001
2456099.64645	16.134	0.009000000000000001
2456100.8771599997	16.14	0.009000000000000001
2456103.54679	16.131	0.008
2456104.62037	16.141	0.008
2456105.6850900003	16.137999999999998	0.009000000000000001
2456108.75771	16.124000000000002	0.008
2456113.71308	16.125	0.009000000000000001
2456114.81194	16.124000000000002	0.009000000000000001
2456116.53847	16.121	0.008
2456117.61847	16.141	0.008
2456118.68071	16.129	0.008
2456119.70192	16.13	0.008
2456120.81256	16.14	0.008
2456123.56794	16.143	0.008
2456124.6998900003	16.14	0.008
2456125.78859	16.151	0.008
2456131.78441	16.145	0.006
2456134.50868	16.142	0.01
2456135.78405	16.125	0.008
2456142.67344	16.13	0.01
2456149.58225	16.156	0.008
2456151.74291	16.137	0.009000000000000001
2456154.72401	16.151	0.009000000000000001
2456159.49796	16.139	0.009000000000000001
2456179.54888	16.135	0.009000000000000001
2456184.63563	16.15	0.008
2456198.59551	16.137999999999998	0.011000000000000001
2456204.49574	16.143	0.009000000000000001
2456210.599	16.135	0.009000000000000001
2456213.53935	16.133	0.009000000000000001
2456218.51419	16.146	0.009000000000000001
2456345.88209	16.124000000000002	0.008
2456350.8527900004	16.132	0.008
2456353.90169	16.135	0.008
2456361.89074	16.14	0.008
2456367.86277	16.133	0.006
2456369.8873	16.131	0.008
2456371.87494	16.143	0.006
2456372.86846	16.133	0.008
2456374.83879	16.136	0.008
2456376.78436	16.124000000000002	0.008
2456377.91789	16.118	0.008
2456379.85505	16.136	0.008
2456381.8261599997	16.117	0.008
2456386.75189	16.141	0.009000000000000001
2456387.84766	16.125	0.008
2456389.77674	16.131	0.008
2456390.84711	16.125	0.008
2456393.78298	16.146	0.008
2456395.80003	16.127	0.008
2456397.76449	16.143	0.006
2456399.6880900003	16.137	0.008
2456401.71281	16.141	0.008
2456402.89773	16.169	0.009000000000000001
2456404.8344400004	16.147000000000002	0.006
2456405.85349	16.119	0.006
2456407.7670299998	16.124000000000002	0.008
2456409.91245	16.148	0.009000000000000001
2456416.87235	16.135	0.008
2456418.71539	16.13	0.008
2456419.86831	16.116	0.008
2456421.83643	16.134	0.008
2456423.85764	16.135	0.008
2456426.67145	16.125	0.008
2456428.85861	16.135	0.008
2456432.5877900003	16.136	0.01
2456433.71149	16.14	0.008
2456434.90608	16.12	0.008
2456436.64915	16.13	0.008
2456442.6945	16.125999999999998	0.008
2456444.84498	16.125	0.008
2456445.94472	16.149	0.011000000000000001
2456446.85293	16.125	0.008
2456447.9045700002	16.133	0.008
2456448.93107	16.137	0.009000000000000001
2456450.59248	16.121	0.008
2456451.6523700003	16.143	0.008
2456452.76182	16.132	0.006
2456454.82453	16.129	0.008
2456456.6986	16.135	0.006
2456458.56258	16.141	0.009000000000000001
2456459.61252	16.143	0.008
2456460.84351	16.123	0.008
2456462.69313	16.134	0.008
2456463.82747	16.135	0.008
2456468.5487	16.121	0.009000000000000001
2456469.71905	16.139	0.008
2456473.53976	16.143	0.009000000000000001
2456474.61527	16.144000000000002	0.009000000000000001
2456475.70516	16.125	0.008
2456476.75966	16.132	0.008
2456478.51858	16.118	0.009000000000000001
2456480.57853	16.157	0.008
2456481.73183	16.143	0.009000000000000001
2456485.54837	16.127	0.008
2456486.71285	16.155	0.008
2456487.79375	16.13	0.006
2456490.58088	16.136	0.008
2456491.74833	16.13	0.008
2456496.50393	16.141	0.009000000000000001
2456498.53075	16.133	0.006
2456500.57279	16.141	0.009000000000000001
2456504.7407	16.131	0.009000000000000001
2456506.7547299997	16.144000000000002	0.009000000000000001
2456509.54888	16.143	0.006
2456510.72881	16.142	0.008
2456514.70027	16.129	0.008
2456518.54489	16.136	0.008
2456523.53223	16.123	0.008
2456525.54299	16.137999999999998	0.009000000000000001
2456531.4959299997	16.137999999999998	0.009000000000000001
2456533.63817	16.135	0.008
2456538.60044	16.137999999999998	0.009000000000000001
2456543.6452900004	16.133	0.008
2456547.60511	16.145	0.01
2456559.5149	16.141	0.008
2456562.62282	16.137	0.008
2456565.59702	16.141	0.008
2456569.5547599997	16.13	0.008
2456572.52757	16.13	0.009000000000000001
2456576.49737	16.151	0.011000000000000001
2456576.56703	16.131	0.008
2456581.50945	16.144000000000002	0.008
2456741.8195599997	16.144000000000002	0.008
2456741.90689	16.137	0.006
2456744.84162	16.152	0.008
2456746.7494200002	16.152	0.008
2456748.79358	16.139	0.008
2456754.70342	16.141	0.008
2456756.76522	16.145	0.006
2456758.77578	16.131	0.008
2456760.7497099997	16.127	0.006
2456762.70796	16.116	0.008
2456763.90766	16.12	0.008
2456765.8234	16.109	0.008
2456769.7558	16.131	0.008
2456770.86417	16.128	0.006
2456772.7869	16.137	0.006
2456773.9352599997	16.137	0.013000000000000001
2456775.88773	16.125	0.006
2456777.8289799998	16.146	0.008
2456789.9118	16.12	0.009000000000000001
2456791.64761	16.13	0.01
2456792.69148	16.118	0.009000000000000001
2456796.74525	16.129	0.008
2456797.84638	16.151	0.009000000000000001
2456803.69517	16.133	0.008
2456804.70679	16.125999999999998	0.008
2456805.76168	16.134	0.008
2456807.75248	16.143	0.01
2456808.77729	16.128	0.008
2456809.82132	16.134	0.008
2456810.86249	16.122	0.009000000000000001
2456811.87676	16.15	0.01
2456814.6344	16.14	0.009000000000000001
2456815.71065	16.145	0.009000000000000001
2456816.81203	16.137	0.009000000000000001
2456817.89076	16.144000000000002	0.01
2456819.73551	16.135	0.009000000000000001
2456824.58183	16.131	0.011000000000000001
2456825.61072	16.139	0.009000000000000001
2456826.6212299997	16.15	0.009000000000000001
2456827.66747	16.125999999999998	0.008
2456828.73919	16.131	0.008
2456829.7341400003	16.143	0.009000000000000001
2456830.75734	16.143	0.008
2456832.50795	16.14	0.009000000000000001
2456833.5751099996	16.123	0.009000000000000001
2456834.58895	16.156	0.009000000000000001
2456835.64088	16.146	0.009000000000000001
2456836.69308	16.149	0.009000000000000001
2456837.70707	16.139	0.008
2456838.7077	16.146	0.009000000000000001
2456839.7232	16.137	0.009000000000000001
2456840.77205	16.145	0.009000000000000001
2456842.52283	16.137	0.01
2456844.55203	16.145	0.009000000000000001
2456845.54105	16.136	0.008
2456847.53687	16.134	0.009000000000000001
2456851.48961	16.147000000000002	0.01
2456852.54392	16.145	0.01
2456855.61083	16.14	0.008
2456856.65918	16.136	0.008
2456857.70364	16.137999999999998	0.008
2456862.722	16.123	0.009000000000000001
2456864.47288	16.129	0.01
2456870.53057	16.129	0.009000000000000001
2456872.67433	16.145	0.009000000000000001
2456879.58132	16.125	0.01
2456881.54066	16.137	0.009000000000000001
2456885.6715	16.125999999999998	0.008
2456887.57994	16.14	0.008
2456889.49464	16.146	0.009000000000000001
2456908.60679	16.136	0.01
2456919.50402	16.129	0.01
2456923.56597	16.135	0.01
2456926.5808	16.141	0.009000000000000001
2456930.49166	16.145	0.011000000000000001
2456931.4975099997	16.133	0.009000000000000001
2456932.51622	16.139	0.01
2456938.49265	16.143	0.01
2457065.88461	16.131	0.009000000000000001
2457070.8867900004	16.148	0.008
2457072.8941900004	16.144000000000002	0.009000000000000001
2457076.88776	16.136	0.008
2457078.86359	16.151	0.008
2457080.88597	16.134	0.008
2457082.90513	16.113	0.009000000000000001
2457086.80166	16.135	0.009000000000000001
2457088.86017	16.133	0.008
2457090.8827299997	16.13	0.008
2457092.89307	16.144000000000002	0.008
2457098.8130200002	16.151	0.008
2457100.8152799997	16.135	0.008
2457102.88462	16.154	0.009000000000000001
2457110.8187	16.136	0.008
2457112.77403	16.137	0.009000000000000001
2457113.8135900004	16.125	0.008
2457115.82381	16.146	0.008
2457117.81545	16.139	0.008
2457119.86368	16.149	0.009000000000000001
2457125.76866	16.137	0.009000000000000001
2457129.7235	16.133	0.008
2457130.88707	16.144000000000002	0.008
2457132.7724	16.148	0.008
2457134.86856	16.143	0.008
2457136.73598	16.145	0.009000000000000001
2457137.8721	16.147000000000002	0.008
2457139.72852	16.141	0.008
2457140.84907	16.127	0.008
2457142.6844900004	16.124000000000002	0.008
2457143.78628	16.143	0.009000000000000001
2457145.75416	16.134	0.009000000000000001
2457146.7922799997	16.135	0.009000000000000001
2457147.81392	16.136	0.009000000000000001
2457153.65912	16.134	0.008
2457154.7467900002	16.139	0.008
2457155.84304	16.127	0.008
2457157.71238	16.122	0.008
2457158.86784	16.135	0.008
2457159.9128	16.127	0.008
2457161.6431400003	16.132	0.009000000000000001
2457162.70785	16.135	0.008
2457163.77203	16.154	0.009000000000000001
2457164.91285	16.137999999999998	0.009000000000000001
2457166.93569	16.137999999999998	0.01
2457169.9177900003	16.143	0.009000000000000001
2457172.5954	16.13	0.009000000000000001
2457173.6082099997	16.141	0.01
2457174.62491	16.125999999999998	0.009000000000000001
2457175.6355	16.125	0.008
2457178.63928	16.125999999999998	0.008
2457179.5937099997	16.159000000000002	0.01
2457180.59026	16.134	0.009000000000000001
2457181.5854700003	16.135	0.008
2457182.60288	16.134	0.008
2457183.61436	16.137	0.009000000000000001
2457184.6499400004	16.135	0.009000000000000001
2457185.66655	16.134	0.009000000000000001
2457186.83232	16.133	0.009000000000000001
2457187.84575	16.132	0.008
2457189.54238	16.142	0.009000000000000001
2457190.59058	16.142	0.009000000000000001
2457191.68584	16.125999999999998	0.008
2457194.6323599997	16.142	0.008
2457197.74464	16.141	0.008
2457198.77065	16.143	0.008
2457199.77268	16.121	0.008
2457200.75425	16.132	0.008
2457206.62176	16.125	0.011000000000000001
2457207.64837	16.144000000000002	0.009000000000000001
2457209.78775	16.127	0.009000000000000001
2457211.77704	16.142	0.009000000000000001
2457214.76411	16.153	0.009000000000000001
2457219.6918900004	16.152	0.008
2457220.8073299997	16.149	0.008
2457222.49755	16.137999999999998	0.009000000000000001
2457223.63393	16.148	0.009000000000000001
2457224.73456	16.154	0.009000000000000001
2457226.63525	16.144000000000002	0.008
2457227.64376	16.139	0.008
2457228.71238	16.153	0.009000000000000001
2457229.75335	16.142	0.009000000000000001
2457235.63779	16.15	0.009000000000000001
2457249.53472	16.157	0.01
2457252.5865599997	16.144000000000002	0.009000000000000001
2457257.67254	16.137999999999998	0.009000000000000001
2457261.66857	16.147000000000002	0.011000000000000001
2457264.62837	16.135	0.009000000000000001
2457267.62562	16.135	0.008
2457269.64216	16.145	0.008
2457272.48446	16.134	0.01
2457275.65455	16.144000000000002	0.009000000000000001
2457278.64378	16.163	0.01
2457291.53608	16.146	0.011000000000000001
2457294.57356	16.131	0.01
2457312.52979	16.155	0.01
2457439.85979	16.14	0.009000000000000001
2457446.80501	16.133	0.008
2457451.90634	16.125	0.009000000000000001
2457456.84609	16.14	0.008
2457461.80632	16.13	0.008
2457465.86075	16.156	0.008
2457471.7925299997	16.156	0.009000000000000001
2457474.86927	16.132	0.008
2457484.81915	16.135	0.008
2457486.74216	16.154	0.01
2457487.8496	16.151	0.008
2457489.82435	16.133	0.008
2457492.71828	16.143	0.008
2457493.71172	16.146	0.009000000000000001
2457494.70403	16.139	0.008
2457494.9294	16.118	0.01
2457495.8985900003	16.143	0.008
2457498.8177	16.144000000000002	0.009000000000000001
2457499.78492	16.136	0.008
2457500.72626	16.167	0.009000000000000001
2457500.92784	16.146	0.01
2457508.78249	16.125	0.008
2457509.8790700003	16.133	0.008
2457512.82439	16.147000000000002	0.008
2457522.88564	16.128	0.01
2457526.7921700003	16.137	0.009000000000000001
2457529.817	16.15	0.011000000000000001
2457534.79789	16.125	0.008
2457536.79698	16.131	0.008
2457545.93872	16.15	0.009000000000000001
2457547.57437	16.154	0.009000000000000001
2457548.61026	16.137999999999998	0.006
2457549.8275900004	16.134	0.008
2457550.80613	16.14	0.008
2457555.53604	16.133	0.009000000000000001
2457555.86712	16.146	0.008
2457557.84499	16.134	0.009000000000000001
2457562.63313	16.123	0.009000000000000001
2457566.82758	16.147000000000002	0.009000000000000001
2457567.7714299997	16.134	0.009000000000000001
2457568.77031	16.149	0.009000000000000001
2457569.7878900003	16.135	0.009000000000000001
2457575.57637	16.147000000000002	0.009000000000000001
2457576.59047	16.134	0.008
2457579.62011	16.141	0.008
2457584.53089	16.162	0.009000000000000001
2457589.5180200003	16.149	0.01
2457590.5394	16.137999999999998	0.008
2457593.50212	16.148	0.009000000000000001
2457595.70147	16.153	0.009000000000000001
2457599.7880700002	16.144000000000002	0.008
2457602.57343	16.148	0.009000000000000001
2457603.6347	16.137999999999998	0.008
2457604.64097	16.135	0.008
2457605.68323	16.137	0.008
2457607.6471599997	16.147000000000002	0.008
2457608.75585	16.139	0.009000000000000001
2457610.6231400003	16.142	0.008
2457612.6046	16.152	0.011000000000000001
2457616.6806900003	16.128	0.008
2457618.5704200002	16.142	0.009000000000000001
2457621.64181	16.157	0.01
2457623.55444	16.137	0.008
2457625.49719	16.135	0.008
2457630.53648	16.136	0.008
2457632.54294	16.143	0.008
2457635.5469299997	16.144000000000002	0.009000000000000001
2457637.63235	16.14	0.009000000000000001
2457644.50703	16.166	0.013000000000000001
2457648.56206	16.142	0.009000000000000001
2457654.49433	16.121	0.009000000000000001
2457659.59301	16.137	0.009000000000000001
2457797.8926	15.725	0.008
2457802.89744	15.767999999999999	0.009000000000000001
2457809.87575	15.815999999999999	0.008
2457812.89059	15.839	0.006
2457816.8481799997	15.868	0.008
2457818.89135	15.895	0.008
2457821.84846	15.919	0.008
2457823.8889200003	15.915999999999999	0.008
2457826.80537	15.94	0.008
2457828.8232400003	15.96	0.008
2457830.87262	15.949000000000002	0.008
2457835.8526	16.003	0.009000000000000001
2457837.85035	16.011	0.008
2457839.85728	16.022000000000002	0.008
2457841.85341	16.035999999999998	0.01
2457843.80259	16.035999999999998	0.009000000000000001
2457845.74625	16.049	0.009000000000000001
2457846.90124	16.044	0.008
2457848.83322	16.057000000000002	0.008
2457850.75104	16.055999999999997	0.009000000000000001
2457851.88906	16.064	0.008
2457854.80878	16.065	0.008
2457856.72826	16.084	0.01
2457858.82643	16.077	0.008
2457862.84826	16.083	0.009000000000000001
2457866.8838	16.104	0.008
2457868.82029	16.123	0.01
2457870.70638	16.096	0.008
2457871.86131	16.090999999999998	0.008
2457873.7223799997	16.099	0.008
2457874.81003	16.099	0.009000000000000001
2457876.70993	16.111	0.009000000000000001
2457877.80097	16.105999999999998	0.008
2457879.66672	16.105999999999998	0.009000000000000001
2457880.81974	16.114	0.009000000000000001
2457882.76244	16.111	0.009000000000000001
2457890.84163	16.119	0.009000000000000001
2457893.90099	16.12	0.009000000000000001
2457894.89874	16.111	0.009000000000000001
2457901.65353	16.131	0.009000000000000001
2457902.77728	16.134	0.009000000000000001
2457903.93811	16.118	0.009000000000000001
2457904.93576	16.136	0.01
2457905.8950799997	16.131	0.009000000000000001
2457906.86001	16.123	0.009000000000000001
2457908.60537	16.119	0.009000000000000001
2457908.93018	16.13	0.01
2457909.86998	16.107	0.008
2457910.79378	16.109	0.008
2457911.6595400004	16.125999999999998	0.009000000000000001
2457916.7069099997	16.123	0.009000000000000001
2457917.69141	16.121	0.009000000000000001
2457923.57394	16.132	0.01
2457924.54262	16.125	0.009000000000000001
2457924.88454	16.144000000000002	0.009000000000000001
2457926.5983700003	16.133	0.009000000000000001
2457932.60973	16.141	0.009000000000000001
2457933.60032	16.135	0.01
2457934.61199	16.151	0.009000000000000001
2457935.6341	16.15	0.009000000000000001
2457936.60824	16.137999999999998	0.008
2457937.5969	16.145	0.009000000000000001
2457938.62252	16.145	0.01
2457944.72963	16.136	0.009000000000000001
2457945.6441099998	16.144000000000002	0.008
2457946.58798	16.14	0.009000000000000001
2457948.6422900003	16.143	0.009000000000000001
2457949.69136	16.129	0.01
2457953.61172	16.15	0.009000000000000001
2457954.63517	16.136	0.008
2457956.6069099996	16.143	0.008
2457958.57711	16.152	0.01
2457959.5830200003	16.145	0.008
2457960.62182	16.143	0.008
2457961.66707	16.137999999999998	0.008
2457964.59648	16.148	0.008
2457966.55334	16.135	0.01
2457971.49409	16.131	0.013000000000000001
2457972.50683	16.142	0.011000000000000001
2457973.6206400003	16.141	0.01
2457974.71458	16.143	0.009000000000000001
2457980.52023	16.157	0.009000000000000001
2457982.47812	16.137999999999998	0.009000000000000001
2457983.64348	16.149	0.008
2457985.6072	16.157	0.01
2457987.6490599997	16.147000000000002	0.008
2457991.63074	16.143	0.009000000000000001
2457993.59411	16.159000000000002	0.009000000000000001
2457998.55351	16.137	0.009000000000000001
2458001.5308	16.137999999999998	0.009000000000000001
2458004.52343	16.15	0.009000000000000001
2458010.52401	16.148	0.009000000000000001
2458014.48447	16.137999999999998	0.009000000000000001
2458017.52496	16.139	0.009000000000000001
2458021.52481	16.15	0.01
2458030.5358599997	16.148	0.009000000000000001
2458046.51852	16.146	0.011000000000000001
2458048.50815	16.144000000000002	0.008
2458049.5165	16.12	0.008
2458053.51498	16.147000000000002	0.011000000000000001
2458055.50472	16.149	0.011000000000000001
