2455378.57053	15.584000000000001	0.006999999999999999
2455380.60336	15.604000000000001	0.006999999999999999
2455382.7511299998	15.603	0.008
2455385.60008	15.592	0.006999999999999999
2455385.69063	15.597000000000001	0.006999999999999999
2455385.7887	15.597999999999999	0.006999999999999999
2455388.61161	15.594000000000001	0.006999999999999999
2455391.73043	15.595	0.006999999999999999
2455397.6435700003	15.6	0.008
2455404.78043	15.59	0.006999999999999999
2455408.76493	15.59	0.006999999999999999
2455412.7657	15.593	0.008
2455422.5087599996	15.585999999999999	0.008
2455431.6527400003	15.584000000000001	0.008
2455433.63576	15.593	0.008
2455439.52948	15.603	0.008
2455446.6589	15.594000000000001	0.006999999999999999
2455457.50826	15.584000000000001	0.006999999999999999
2455460.53411	15.585	0.006999999999999999
2455463.5975	15.584000000000001	0.006999999999999999
2455464.55728	15.593	0.006999999999999999
2455472.53824	15.588	0.008
2455481.51072	15.594000000000001	0.008
2455483.51249	15.603	0.012
2455489.54215	15.592	0.008
2455606.88139	15.607999999999999	0.006999999999999999
2455612.88528	15.597999999999999	0.008
2455615.8941099998	15.595999999999998	0.006999999999999999
2455621.86253	15.603	0.006999999999999999
2455624.79011	15.597999999999999	0.006999999999999999
2455626.88141	15.597999999999999	0.006999999999999999
2455628.79507	15.607999999999999	0.006999999999999999
2455629.87514	15.602	0.006999999999999999
2455631.8505700002	15.6	0.006999999999999999
2455633.80553	15.602	0.006999999999999999
2455634.88195	15.607000000000001	0.006999999999999999
2455637.79248	15.594000000000001	0.008
2455640.8935599998	15.594000000000001	0.006999999999999999
2455643.74326	15.609000000000002	0.006999999999999999
2455644.89372	15.602	0.008
2455648.75167	15.604000000000001	0.006999999999999999
2455649.8897700002	15.594000000000001	0.006999999999999999
2455651.82612	15.6	0.006999999999999999
2455654.78355	15.591	0.006999999999999999
2455655.89493	15.602	0.006999999999999999
2455657.9245700003	15.612	0.008
2455659.80663	15.604000000000001	0.006999999999999999
2455660.92196	15.595999999999998	0.008
2455664.79101	15.606	0.006999999999999999
2455665.91569	15.597000000000001	0.006999999999999999
2455669.7658700002	15.595999999999998	0.006999999999999999
2455675.7247099997	15.606	0.006999999999999999
2455676.9175400003	15.594000000000001	0.006999999999999999
2455679.87371	15.595	0.006999999999999999
2455681.74259	15.604000000000001	0.006999999999999999
2455683.68763	15.605	0.006999999999999999
2455684.92228	15.599	0.006999999999999999
2455686.90588	15.585	0.006999999999999999
2455689.81916	15.593	0.006999999999999999
2455691.8286099997	15.605	0.006999999999999999
2455693.63851	15.599	0.006999999999999999
2455694.75475	15.6	0.006999999999999999
2455695.89377	15.595	0.006999999999999999
2455697.63105	15.593	0.006999999999999999
2455698.7245099996	15.597999999999999	0.008
2455705.7571799997	15.595999999999998	0.006999999999999999
2455707.68805	15.597000000000001	0.006999999999999999
2455708.75712	15.602	0.008
2455712.76738	15.600999999999999	0.006999999999999999
2455715.63582	15.600999999999999	0.006999999999999999
2455716.81696	15.593	0.006999999999999999
2455722.64818	15.597999999999999	0.006999999999999999
2455723.80498	15.595999999999998	0.006999999999999999
2455725.70148	15.603	0.006999999999999999
2455734.83445	15.604000000000001	0.008
2455736.65279	15.597000000000001	0.006999999999999999
2455737.74097	15.597999999999999	0.006999999999999999
2455739.55813	15.600999999999999	0.006999999999999999
2455740.6386599997	15.595	0.006999999999999999
2455741.70774	15.592	0.006999999999999999
2455742.72053	15.599	0.006999999999999999
2455743.83355	15.591	0.006999999999999999
2455745.5043200003	15.603	0.006999999999999999
2455746.68108	15.591	0.006999999999999999
2455748.63474	15.602	0.006999999999999999
2455752.5743	15.599	0.008
2455760.74021	15.599	0.006999999999999999
2455762.51614	15.61	0.006999999999999999
2455763.65057	15.606	0.006999999999999999
2455764.73757	15.594000000000001	0.006999999999999999
2455766.56586	15.61	0.006999999999999999
2455767.72846	15.595999999999998	0.006999999999999999
2455769.50196	15.595	0.006999999999999999
2455775.68507	15.594000000000001	0.006999999999999999
2455778.49468	15.593	0.008
2455785.52391	15.592	0.008
2455787.48083	15.591	0.006999999999999999
2455788.69446	15.582	0.008
2455793.51918	15.581	0.006999999999999999
2455795.53166	15.592	0.006999999999999999
2455801.5361599997	15.585999999999999	0.006999999999999999
2455804.5991599998	15.592	0.006999999999999999
2455807.61147	15.592	0.008
2455813.65495	15.592	0.006999999999999999
2455817.5542599997	15.589	0.006999999999999999
2455819.63385	15.589	0.006999999999999999
2455822.589	15.585999999999999	0.006999999999999999
2455827.57994	15.597999999999999	0.006999999999999999
2455829.54856	15.591	0.006999999999999999
2455831.55882	15.589	0.006999999999999999
2455833.5671900003	15.593	0.006999999999999999
2455840.57425	15.6	0.006999999999999999
2455842.5495700003	15.595999999999998	0.008
2455844.55677	15.582	0.008
2455847.54788	15.594000000000001	0.01
2455852.53883	15.599	0.008
2455857.53364	15.618	0.008
2455977.88355	15.595999999999998	0.006999999999999999
2455982.89523	15.597000000000001	0.006999999999999999
2455986.80376	15.604000000000001	0.006999999999999999
2455988.90092	15.604000000000001	0.006999999999999999
2455991.8446400003	15.597999999999999	0.006999999999999999
2455994.78858	15.6	0.006999999999999999
2455996.81597	15.606	0.006999999999999999
2455998.8243	15.585	0.006999999999999999
2456003.87158	15.597000000000001	0.006999999999999999
2456005.85706	15.591	0.006999999999999999
2456007.83348	15.607000000000001	0.006999999999999999
2456009.7568	15.593	0.006999999999999999
2456010.8839	15.599	0.006999999999999999
2456012.81658	15.595	0.006999999999999999
2456014.74866	15.595	0.006999999999999999
2456017.76004	15.595	0.006999999999999999
2456018.8525900003	15.602	0.006999999999999999
2456020.7338	15.606	0.006999999999999999
2456021.79312	15.594000000000001	0.006999999999999999
2456022.87425	15.6	0.006999999999999999
2456025.7047900003	15.606	0.008
2456031.78364	15.588	0.006999999999999999
2456033.72954	15.591	0.006999999999999999
2456035.92542	15.597999999999999	0.006999999999999999
2456038.72542	15.593	0.006999999999999999
2456040.7947400003	15.602	0.006999999999999999
2456047.72267	15.59	0.006999999999999999
2456048.93182	15.597999999999999	0.006999999999999999
2456050.84913	15.589	0.006999999999999999
2456052.91175	15.587	0.006999999999999999
2456061.76529	15.589	0.006999999999999999
2456062.90279	15.584000000000001	0.006999999999999999
2456064.91545	15.599	0.006999999999999999
2456066.76732	15.597000000000001	0.006999999999999999
2456067.8429099997	15.599	0.006999999999999999
2456069.66815	15.599	0.006999999999999999
2456070.73344	15.592	0.006999999999999999
2456071.81116	15.591	0.006999999999999999
2456075.87885	15.6	0.006999999999999999
2456077.77838	15.607999999999999	0.006999999999999999
2456078.8621400003	15.6	0.006999999999999999
2456079.93473	15.600999999999999	0.006999999999999999
2456081.58187	15.603	0.006999999999999999
2456082.65228	15.59	0.006999999999999999
2456085.77605	15.602	0.006999999999999999
2456086.7842200003	15.597999999999999	0.006999999999999999
2456088.6409	15.593	0.006999999999999999
2456092.78444	15.600999999999999	0.006999999999999999
2456094.58055	15.609000000000002	0.006999999999999999
2456096.6933	15.6	0.006999999999999999
2456097.89567	15.600999999999999	0.006999999999999999
2456099.73965	15.588	0.008
2456101.51546	15.591	0.006999999999999999
2456102.55547	15.583	0.006999999999999999
2456103.57325	15.592	0.006999999999999999
2456104.65626	15.591	0.006999999999999999
2456105.71052	15.589	0.006999999999999999
2456108.78397	15.595999999999998	0.006999999999999999
2456109.6682	15.587	0.006999999999999999
2456113.73915	15.592	0.006999999999999999
2456114.84094	15.591	0.008
2456116.56596	15.588	0.006999999999999999
2456117.65754	15.595	0.006999999999999999
2456118.70998	15.589	0.006999999999999999
2456121.4796	15.605	0.006999999999999999
2456123.6026	15.597000000000001	0.006999999999999999
2456124.7259400003	15.602	0.006999999999999999
2456125.81756	15.603	0.006999999999999999
2456127.7414	15.599	0.006999999999999999
2456132.54375	15.597999999999999	0.006999999999999999
2456134.54014	15.595999999999998	0.006999999999999999
2456136.4898900003	15.588	0.008
2456141.4837700003	15.605	0.006999999999999999
2456149.6079599997	15.6	0.006999999999999999
2456152.4875	15.609000000000002	0.006999999999999999
2456157.6647900003	15.597000000000001	0.006999999999999999
2456159.52641	15.589	0.006999999999999999
2456161.55912	15.595	0.006999999999999999
2456179.57415	15.592	0.008
2456182.48382	15.604000000000001	0.006999999999999999
2456191.49098	15.606	0.008
2456196.53417	15.59	0.006999999999999999
2456199.5222400003	15.604000000000001	0.008
2456204.50841	15.599	0.006999999999999999
2456211.49739	15.610999999999999	0.006999999999999999
2456213.5520099998	15.589	0.006999999999999999
2456218.5270700003	15.606	0.006999999999999999
2456219.55706	15.6	0.006999999999999999
2456340.8892099997	15.597999999999999	0.006999999999999999
2456347.83172	15.593	0.006999999999999999
2456350.8739	15.592	0.006999999999999999
2456354.78541	15.597999999999999	0.006999999999999999
2456361.90515	15.597000000000001	0.006999999999999999
2456367.8752900003	15.591	0.006999999999999999
2456369.9037200003	15.595999999999998	0.006999999999999999
2456371.88963	15.593	0.006999999999999999
2456372.8816	15.606	0.006999999999999999
2456374.85274	15.589	0.006999999999999999
2456376.80059	15.600999999999999	0.006999999999999999
2456378.7428	15.600999999999999	0.006999999999999999
2456379.8683700003	15.592	0.006999999999999999
2456381.83899	15.600999999999999	0.006999999999999999
2456386.76448	15.595	0.006999999999999999
2456387.8607400004	15.585999999999999	0.006999999999999999
2456389.79392	15.606	0.006999999999999999
2456390.86002	15.592	0.006999999999999999
2456393.80896	15.595	0.006999999999999999
2456395.82612	15.604000000000001	0.006999999999999999
2456397.7897799998	15.6	0.006999999999999999
2456399.71438	15.597000000000001	0.006999999999999999
2456401.74716	15.597000000000001	0.006999999999999999
2456402.92831	15.595	0.008
2456404.86058	15.587	0.006999999999999999
2456405.8516700002	15.597000000000001	0.006999999999999999
2456407.79225	15.600999999999999	0.006999999999999999
2456415.71438	15.597000000000001	0.006999999999999999
2456416.90931	15.597999999999999	0.006999999999999999
2456418.74042	15.597999999999999	0.006999999999999999
2456419.90268	15.597999999999999	0.006999999999999999
2456421.88233	15.592	0.006999999999999999
2456423.88322	15.595	0.006999999999999999
2456426.73717	15.594000000000001	0.006999999999999999
2456428.88631	15.592	0.006999999999999999
2456432.6545700002	15.585	0.006999999999999999
2456433.74799	15.599	0.006999999999999999
2456434.93725	15.603	0.006999999999999999
2456435.58465	15.597000000000001	0.008
2456436.67853	15.599	0.006999999999999999
2456437.89507	15.597000000000001	0.008
2456442.73065	15.606	0.006999999999999999
2456444.87175	15.600999999999999	0.006999999999999999
2456446.90515	15.587	0.006999999999999999
2456447.9317099997	15.587	0.006999999999999999
2456449.5699	15.592	0.006999999999999999
2456450.62005	15.607000000000001	0.006999999999999999
2456451.67915	15.6	0.006999999999999999
2456452.80922	15.603	0.006999999999999999
2456454.8513700003	15.6	0.006999999999999999
2456456.73697	15.597999999999999	0.006999999999999999
2456458.58981	15.595999999999998	0.006999999999999999
2456459.6398099996	15.59	0.006999999999999999
2456460.89373	15.585999999999999	0.006999999999999999
2456462.80736	15.599	0.006999999999999999
2456463.8545	15.591	0.006999999999999999
2456468.5767200002	15.597000000000001	0.006999999999999999
2456469.7461599996	15.593	0.006999999999999999
2456473.56768	15.599	0.006999999999999999
2456474.64231	15.595999999999998	0.006999999999999999
2456475.73668	15.607999999999999	0.006999999999999999
2456476.7867400004	15.599	0.006999999999999999
2456478.54806	15.600999999999999	0.006999999999999999
2456480.60549	15.588	0.006999999999999999
2456481.7595	15.594000000000001	0.006999999999999999
2456485.57851	15.597000000000001	0.006999999999999999
2456486.74156	15.59	0.006999999999999999
2456487.82272	15.593	0.006999999999999999
2456490.6252599997	15.605	0.006999999999999999
2456491.77724	15.599	0.006999999999999999
2456496.53075	15.604000000000001	0.006999999999999999
2456498.5616	15.599	0.006999999999999999
2456500.6531700003	15.599	0.006999999999999999
2456505.4785599997	15.605	0.006999999999999999
2456507.62928	15.599	0.006999999999999999
2456509.58667	15.599	0.006999999999999999
2456510.752	15.593	0.006999999999999999
2456514.7332900004	15.600999999999999	0.006999999999999999
2456518.58197	15.593	0.006999999999999999
2456523.55767	15.602	0.006999999999999999
2456525.57475	15.592	0.006999999999999999
2456531.54002	15.591	0.006999999999999999
2456534.51177	15.600999999999999	0.006999999999999999
2456539.48358	15.593	0.006999999999999999
2456544.5236299997	15.604000000000001	0.006999999999999999
2456559.55533	15.597999999999999	0.006999999999999999
2456563.55152	15.6	0.006999999999999999
2456565.61093	15.599	0.006999999999999999
2456569.56875	15.59	0.006999999999999999
2456572.54633	15.597000000000001	0.006999999999999999
2456581.5255299998	15.593	0.006999999999999999
2456584.5268599996	15.602	0.006999999999999999
2456701.86215	15.593	0.006999999999999999
2456708.8700200003	15.597000000000001	0.006999999999999999
2456711.89273	15.6	0.006999999999999999
2456717.83335	15.605	0.006999999999999999
2456719.89825	15.599	0.006999999999999999
2456722.8320400002	15.597000000000001	0.006999999999999999
2456724.8541	15.597999999999999	0.006999999999999999
2456726.84305	15.594000000000001	0.006999999999999999
2456728.84795	15.605	0.006999999999999999
2456730.81813	15.595	0.006999999999999999
2456732.87514	15.606	0.006999999999999999
2456734.82831	15.593	0.006999999999999999
2456735.91269	15.591	0.006999999999999999
2456737.77822	15.595999999999998	0.006999999999999999
2456741.86614	15.595999999999998	0.006999999999999999
2456742.81483	15.594000000000001	0.006999999999999999
2456744.9128	15.599	0.006999999999999999
2456746.81565	15.597999999999999	0.006999999999999999
2456748.85072	15.606	0.006999999999999999
2456751.72639	15.607000000000001	0.006999999999999999
2456751.74253	15.607999999999999	0.006999999999999999
2456754.76358	15.603	0.006999999999999999
2456756.7053099996	15.597999999999999	0.006999999999999999
2456758.8585099997	15.603	0.006999999999999999
2456760.80868	15.592	0.006999999999999999
2456762.7538799997	15.602	0.006999999999999999
2456764.7197	15.593	0.006999999999999999
2456765.87878	15.597000000000001	0.006999999999999999
2456769.79998	15.594000000000001	0.006999999999999999
2456770.9079299998	15.607999999999999	0.006999999999999999
2456772.8303799997	15.607000000000001	0.006999999999999999
2456774.717	15.607000000000001	0.006999999999999999
2456775.9315	15.597999999999999	0.006999999999999999
2456777.91145	15.604000000000001	0.006999999999999999
2456790.64052	15.603	0.008
2456791.6937	15.605	0.006999999999999999
2456792.74415	15.593	0.006999999999999999
2456796.7971200002	15.593	0.006999999999999999
2456797.8870900003	15.604000000000001	0.008
2456803.7434	15.595	0.006999999999999999
2456804.7546900003	15.588	0.006999999999999999
2456805.81666	15.597999999999999	0.006999999999999999
2456807.7996099996	15.6	0.006999999999999999
2456808.82273	15.609000000000002	0.006999999999999999
2456809.87563	15.6	0.006999999999999999
2456810.90736	15.597000000000001	0.006999999999999999
2456811.92013	15.597000000000001	0.008
2456814.71196	15.588	0.006999999999999999
2456815.78815	15.595999999999998	0.006999999999999999
2456816.86204	15.6	0.008
2456817.92708	15.585	0.006999999999999999
2456819.77519	15.58	0.008
2456824.63268	15.600999999999999	0.006999999999999999
2456825.65542	15.589	0.006999999999999999
2456826.6655900003	15.593	0.006999999999999999
2456827.75731	15.592	0.006999999999999999
2456828.80345	15.59	0.006999999999999999
2456829.7776200003	15.595999999999998	0.006999999999999999
2456830.80223	15.597000000000001	0.006999999999999999
2456832.5592900002	15.594000000000001	0.006999999999999999
2456833.6252900003	15.597000000000001	0.006999999999999999
2456834.63232	15.589	0.006999999999999999
2456835.70646	15.597999999999999	0.006999999999999999
2456836.7398	15.593	0.006999999999999999
2456837.75093	15.605	0.006999999999999999
2456838.7513	15.597999999999999	0.006999999999999999
2456839.76714	15.595	0.006999999999999999
2456840.81562	15.595	0.008
2456842.56698	15.595	0.008
2456844.59571	15.595999999999998	0.006999999999999999
2456845.58413	15.599	0.006999999999999999
2456847.5757	15.600999999999999	0.006999999999999999
2456851.53966	15.6	0.006999999999999999
2456852.46438	15.599	0.01
2456852.6011900003	15.597999999999999	0.006999999999999999
2456855.678	15.597999999999999	0.006999999999999999
2456856.70296	15.613	0.006999999999999999
2456857.7536400002	15.607000000000001	0.006999999999999999
2456859.5764200003	15.603	0.006999999999999999
2456862.76401	15.595	0.006999999999999999
2456864.52072	15.589	0.006999999999999999
2456870.5847400003	15.591	0.006999999999999999
2456872.734	15.585999999999999	0.006999999999999999
2456879.6502400003	15.593	0.008
2456881.60303	15.585999999999999	0.006999999999999999
2456883.51244	15.606	0.006999999999999999
2456885.71708	15.587	0.006999999999999999
2456887.62679	15.597000000000001	0.006999999999999999
2456889.5613	15.592	0.006999999999999999
2456890.71089	15.585	0.006999999999999999
2456895.67948	15.591	0.006999999999999999
2456909.52942	15.59	0.008
2456919.56324	15.597000000000001	0.006999999999999999
2456924.51656	15.591	0.008
2456927.5139599997	15.587	0.008
2456930.54222	15.605	0.008
2456932.55084	15.582	0.008
2456938.56479	15.591	0.008
2456943.54489	15.591	0.008
2457066.86475	15.602	0.006999999999999999
2457070.8993	15.594000000000001	0.008
2457074.85976	15.592	0.006999999999999999
2457075.83561	15.597000000000001	0.008
2457076.9015200003	15.602	0.008
2457078.8760900004	15.59	0.006999999999999999
2457080.89831	15.597999999999999	0.006999999999999999
2457083.80943	15.595999999999998	0.006999999999999999
2457084.80265	15.595999999999998	0.008
2457086.8791900002	15.606	0.006999999999999999
2457089.79012	15.609000000000002	0.006999999999999999
2457091.82125	15.604000000000001	0.006999999999999999
2457098.89538	15.597999999999999	0.006999999999999999
2457100.87813	15.592	0.006999999999999999
2457108.8287299997	15.600999999999999	0.006999999999999999
2457109.77673	15.594000000000001	0.006999999999999999
2457110.90161	15.602	0.006999999999999999
2457112.86584	15.610999999999999	0.006999999999999999
2457113.86908	15.602	0.006999999999999999
2457115.86737	15.595999999999998	0.006999999999999999
2457116.88256	15.614	0.006999999999999999
2457117.86925	15.597999999999999	0.006999999999999999
2457119.91237	15.595999999999998	0.006999999999999999
2457120.84509	15.6	0.006999999999999999
2457125.75368	15.6	0.008
2457129.76771	15.595999999999998	0.006999999999999999
2457130.92788	15.602	0.006999999999999999
2457131.78181	15.597999999999999	0.006999999999999999
2457132.84306	15.602	0.006999999999999999
2457134.9134400003	15.607000000000001	0.006999999999999999
2457136.77923	15.602	0.006999999999999999
2457137.91634	15.597999999999999	0.008
2457139.76883	15.6	0.006999999999999999
2457140.89561	15.606	0.006999999999999999
2457142.7302900003	15.6	0.006999999999999999
2457143.84084	15.599	0.006999999999999999
2457145.79881	15.600999999999999	0.006999999999999999
2457146.83275	15.605	0.006999999999999999
2457147.8541900003	15.605	0.006999999999999999
2457153.70296	15.602	0.006999999999999999
2457154.79248	15.616	0.006999999999999999
2457155.8862099997	15.610999999999999	0.006999999999999999
2457157.81093	15.597000000000001	0.006999999999999999
2457158.91169	15.595	0.006999999999999999
2457160.63167	15.605	0.006999999999999999
2457161.70573	15.607000000000001	0.006999999999999999
2457162.76094	15.602	0.006999999999999999
2457163.82657	15.6	0.006999999999999999
2457165.62493	15.585999999999999	0.006999999999999999
2457168.79568	15.593	0.006999999999999999
2457170.59326	15.603	0.006999999999999999
2457172.63934	15.597999999999999	0.006999999999999999
2457173.6603	15.593	0.006999999999999999
2457174.66916	15.597999999999999	0.006999999999999999
2457175.68295	15.594000000000001	0.006999999999999999
2457178.64554	15.59	0.006999999999999999
2457179.6378	15.599	0.006999999999999999
2457180.63305	15.599	0.006999999999999999
2457181.62869	15.597999999999999	0.006999999999999999
2457182.64612	15.59	0.006999999999999999
2457183.65818	15.597000000000001	0.006999999999999999
2457184.6938400003	15.595	0.006999999999999999
2457185.72381	15.593	0.006999999999999999
2457186.87582	15.597999999999999	0.006999999999999999
2457187.88885	15.589	0.006999999999999999
2457189.58793	15.592	0.006999999999999999
2457190.64503	15.6	0.006999999999999999
2457191.8259799997	15.585999999999999	0.006999999999999999
2457194.70239	15.595	0.006999999999999999
2457197.78932	15.595999999999998	0.006999999999999999
2457198.8156	15.594000000000001	0.008
2457199.8157599997	15.599	0.006999999999999999
2457200.8007900002	15.597999999999999	0.006999999999999999
2457206.67935	15.604000000000001	0.006999999999999999
2457207.6958	15.599	0.006999999999999999
2457209.83068	15.612	0.006999999999999999
2457211.82084	15.592	0.006999999999999999
2457217.57139	15.599	0.006999999999999999
2457219.736	15.595999999999998	0.006999999999999999
2457221.48893	15.593	0.006999999999999999
2457222.54439	15.599	0.006999999999999999
2457223.68765	15.597000000000001	0.006999999999999999
2457224.77757	15.591	0.006999999999999999
2457226.68857	15.587	0.006999999999999999
2457227.6995	15.588	0.006999999999999999
2457228.75696	15.585999999999999	0.006999999999999999
2457229.79623	15.59	0.006999999999999999
2457235.68711	15.585999999999999	0.008
2457249.58882	15.594000000000001	0.006999999999999999
2457252.65352	15.594000000000001	0.006999999999999999
2457255.60911	15.58	0.006999999999999999
2457263.51714	15.597000000000001	0.006999999999999999
2457264.69639	15.597000000000001	0.006999999999999999
2457267.6866	15.597000000000001	0.006999999999999999
2457269.67971	15.585	0.006999999999999999
2457272.5334099997	15.584000000000001	0.006999999999999999
2457277.48337	15.59	0.006999999999999999
2457281.5118400003	15.595999999999998	0.008
2457292.56683	15.595999999999998	0.008
2457295.53652	15.584000000000001	0.006999999999999999
2457299.5826	15.593	0.006999999999999999
2457317.51536	15.592	0.006999999999999999
2457435.85215	15.607999999999999	0.008
2457438.8335700002	15.607000000000001	0.006999999999999999
2457441.82553	15.594000000000001	0.008
2457445.83596	15.593	0.006999999999999999
2457447.86332	15.6	0.006999999999999999
2457451.8738700002	15.606	0.006999999999999999
2457453.83115	15.61	0.006999999999999999
2457456.79483	15.599	0.006999999999999999
2457458.80501	15.594000000000001	0.006999999999999999
2457461.80468	15.6	0.006999999999999999
2457463.83362	15.607999999999999	0.006999999999999999
2457465.90395	15.591	0.006999999999999999
2457470.8097900003	15.599	0.006999999999999999
2457471.90831	15.604000000000001	0.006999999999999999
2457474.76298	15.604000000000001	0.006999999999999999
2457475.7952099997	15.600999999999999	0.008
2457484.83458	15.599	0.006999999999999999
2457486.76849	15.604000000000001	0.006999999999999999
2457487.8766	15.597000000000001	0.006999999999999999
2457489.90979	15.599	0.006999999999999999
2457492.73318	15.609000000000002	0.006999999999999999
2457493.72568	15.607000000000001	0.006999999999999999
2457494.71808	15.609000000000002	0.006999999999999999
2457495.6923700003	15.604000000000001	0.006999999999999999
2457495.91301	15.603	0.006999999999999999
2457498.8436	15.600999999999999	0.006999999999999999
2457499.79908	15.592	0.006999999999999999
2457500.74032	15.600999999999999	0.006999999999999999
2457507.7606200003	15.605	0.006999999999999999
2457508.80913	15.599	0.006999999999999999
2457509.90601	15.59	0.006999999999999999
2457512.86083	15.599	0.006999999999999999
2457522.9123299997	15.603	0.006999999999999999
2457526.81475	15.595999999999998	0.006999999999999999
2457529.88309	15.604000000000001	0.008
2457534.8133900003	15.597999999999999	0.006999999999999999
2457536.81267	15.599	0.006999999999999999
2457546.62928	15.603	0.006999999999999999
2457547.58984	15.595	0.006999999999999999
2457548.68579	15.607999999999999	0.006999999999999999
2457549.8541	15.600999999999999	0.006999999999999999
2457550.83256	15.600999999999999	0.006999999999999999
2457555.56883	15.605	0.006999999999999999
2457555.90278	15.599	0.006999999999999999
2457557.8755900003	15.600999999999999	0.006999999999999999
2457561.66232	15.613	0.006999999999999999
2457562.65285	15.602	0.006999999999999999
2457566.84322	15.603	0.008
2457567.78707	15.61	0.006999999999999999
2457568.78603	15.61	0.006999999999999999
2457569.8035	15.622	0.006999999999999999
2457570.65068	15.612	0.006999999999999999
2457575.6420400003	15.607000000000001	0.006999999999999999
2457576.66406	15.603	0.006999999999999999
2457579.70057	15.604000000000001	0.006999999999999999
2457584.58226	15.595	0.006999999999999999
2457589.57435	15.600999999999999	0.006999999999999999
2457590.5906	15.595999999999998	0.006999999999999999
2457593.5715	15.593	0.006999999999999999
2457596.52172	15.605	0.006999999999999999
2457600.55305	15.599	0.006999999999999999
2457602.64422	15.595999999999998	0.006999999999999999
2457603.6848	15.59	0.006999999999999999
2457604.6918599997	15.603	0.006999999999999999
2457605.7329599997	15.602	0.006999999999999999
2457607.70543	15.595999999999998	0.006999999999999999
2457609.52386	15.604000000000001	0.006999999999999999
2457610.68203	15.599	0.006999999999999999
2457612.65476	15.602	0.008
2457617.50085	15.612	0.006999999999999999
2457618.6287	15.609000000000002	0.006999999999999999
2457621.70521	15.589	0.006999999999999999
2457623.6326	15.595	0.006999999999999999
2457625.58497	15.592	0.006999999999999999
2457630.59595	15.600999999999999	0.006999999999999999
2457632.60298	15.605	0.006999999999999999
2457636.48401	15.595999999999998	0.008
2457638.5262	15.592	0.006999999999999999
2457644.55766	15.591	0.008
2457648.62037	15.597999999999999	0.006999999999999999
2457651.54125	15.602	0.006999999999999999
2457653.60659	15.602	0.006999999999999999
2457656.58653	15.606	0.006999999999999999
2457659.5899900002	15.595999999999998	0.006999999999999999
2457662.57521	15.585999999999999	0.006999999999999999
2457664.57513	15.505999999999998	0.006999999999999999
2457796.8779	15.345	0.006
2457799.8507	15.318	0.006
2457800.8909400003	15.315	0.006
2457802.8821900003	15.306	0.006
2457808.82892	15.243	0.006
2457808.84501	15.259	0.006
2457811.8198599997	15.252	0.006
2457814.83542	15.220999999999998	0.006
2457817.80529	15.217	0.006
2457819.83167	15.219000000000001	0.006
2457821.86889	15.206	0.006
2457823.8796099997	15.198	0.006
2457826.78114	15.192	0.006
2457827.88934	15.205	0.006
2457830.79585	15.196	0.006
2457835.8683599997	15.210999999999999	0.006
2457837.8656200003	15.234000000000002	0.006
2457839.87256	15.252	0.006
2457841.8704	15.249	0.006
2457843.82692	15.255	0.006
2457845.76133	15.262	0.006
2457846.9183400003	15.277999999999999	0.006
2457848.84871	15.302	0.006
2457850.7662299997	15.305	0.006
2457851.90598	15.311	0.006
2457854.82419	15.335	0.006
2457856.74559	15.337	0.006
2457858.86259	15.355	0.006
2457862.86416	15.387	0.006
2457865.76964	15.395999999999999	0.006
2457866.89951	15.413	0.006
2457868.84018	15.436	0.006
2457870.72816	15.442	0.006
2457871.88318	15.459000000000001	0.006
2457873.73759	15.432	0.006
2457874.82666	15.450999999999999	0.006
2457876.72505	15.444	0.006
2457877.8174	15.484000000000002	0.006999999999999999
2457879.68436	15.477	0.006
2457880.835	15.472999999999999	0.006
2457882.78882	15.482000000000001	0.006999999999999999
2457890.8569799997	15.501	0.006999999999999999
2457893.9162	15.508	0.006999999999999999
2457894.91397	15.509	0.006999999999999999
2457901.66915	15.505999999999998	0.006999999999999999
2457902.79258	15.535	0.006999999999999999
2457904.58872	15.527999999999999	0.008
2457904.9443599996	15.544	0.008
2457905.9272	15.533	0.006999999999999999
2457906.8757	15.543	0.006999999999999999
2457908.62079	15.537	0.006999999999999999
2457908.9380099997	15.533	0.006999999999999999
2457909.88746	15.54	0.006999999999999999
2457910.80904	15.547	0.006999999999999999
2457911.67535	15.543	0.006999999999999999
2457917.7083900003	15.550999999999998	0.006999999999999999
2457923.5893200003	15.559000000000001	0.006999999999999999
2457924.5578900003	15.58	0.006999999999999999
2457925.5820299997	15.564	0.008
2457926.61655	15.562000000000001	0.006999999999999999
2457932.62514	15.573	0.006999999999999999
2457933.61606	15.574000000000002	0.006999999999999999
2457934.62739	15.575999999999999	0.006999999999999999
2457935.6501700003	15.588	0.006999999999999999
2457936.6242400003	15.575999999999999	0.006999999999999999
2457937.61276	15.588	0.006999999999999999
2457938.6417799997	15.574000000000002	0.008
2457944.75126	15.58	0.006999999999999999
2457945.66093	15.575	0.006999999999999999
2457946.60414	15.575	0.006999999999999999
2457947.6366	15.582	0.006999999999999999
2457948.66021	15.565	0.006999999999999999
2457949.7058900003	15.584000000000001	0.006999999999999999
2457949.70929	15.589	0.008
2457953.63375	15.578	0.006999999999999999
2457954.65174	15.589	0.006999999999999999
2457956.62628	15.585999999999999	0.006999999999999999
2457958.59775	15.589	0.006999999999999999
2457959.60067	15.588	0.006999999999999999
2457960.64091	15.582	0.006999999999999999
2457961.68505	15.573	0.006999999999999999
2457964.6128	15.587	0.006999999999999999
2457966.56319	15.597000000000001	0.006999999999999999
2457971.50751	15.591	0.006999999999999999
2457972.51959	15.585	0.008
2457973.63634	15.597999999999999	0.008
2457974.7308900002	15.583	0.006999999999999999
2457980.54936	15.592	0.006999999999999999
2457982.49372	15.595	0.006999999999999999
2457983.66388	15.605	0.006999999999999999
2457985.62257	15.585999999999999	0.008
2457987.66493	15.599	0.006999999999999999
2457991.64629	15.595999999999998	0.008
2457993.60959	15.595999999999998	0.006999999999999999
2457998.56507	15.6	0.006999999999999999
2458001.5467	15.595999999999998	0.006999999999999999
2458004.54895	15.603	0.006999999999999999
2458010.5518799997	15.602	0.006999999999999999
2458014.49992	15.607000000000001	0.006999999999999999
2458017.54058	15.604000000000001	0.006999999999999999
2458021.5594	15.599	0.006999999999999999
2458032.56636	15.595	0.008
2458048.50361	15.607000000000001	0.006999999999999999
