2455393.75475	17.125	0.022000000000000002
2455402.67053	17.112000000000002	0.022000000000000002
2455403.77079	17.098	0.022000000000000002
2455407.70895	17.109	0.017
2455436.48193	17.13	0.019
2455458.4854099997	17.095	0.02
2455461.50776	17.093	0.022000000000000002
2455467.5112	17.093	0.015
2455483.5354299997	17.076	0.037000000000000005
2455495.50476	17.09	0.019
2455602.85241	17.074	0.016
2455604.86033	17.13	0.019
2455605.85646	17.074	0.015
2455606.8561	17.116	0.016
2455607.85963	17.137999999999998	0.017
2455608.8481900003	17.079	0.021
2455611.8462400003	17.151	0.023
2455612.85549	17.136	0.017
2455613.88657	17.145	0.025
2455615.84702	17.102	0.016
2455616.84115	17.195	0.021
2455621.8321599998	17.09	0.015
2455622.78771	17.076	0.016
2455624.7765099998	17.098	0.015
2455626.83536	17.102999999999998	0.019
2455628.77649	17.084	0.022000000000000002
2455629.77197	17.086	0.017
2455631.83683	17.095	0.019
2455633.7651299997	17.118	0.016
2455635.79709	17.11	0.019
2455637.77564	17.090999999999998	0.021
2455641.8325	17.099	0.015
2455647.76135	17.089000000000002	0.013999999999999999
2455653.8997400003	17.125999999999998	0.013000000000000001
2455658.78102	17.088	0.016
2455662.84915	17.095	0.015
2455667.92943	17.077	0.015
2455675.73923	17.105	0.016
2455682.82262	17.098	0.015
2455691.87048	17.11	0.015
2455697.62042	17.090999999999998	0.017
2455702.58864	17.094	0.021
2455702.76794	17.129	0.037000000000000005
2455706.7796099996	17.124000000000002	0.019
2455709.61722	17.128	0.015
2455715.79702	17.096	0.013999999999999999
2455734.85299	17.136	0.022000000000000002
2455740.56593	17.105	0.017
2455742.59608	17.081	0.015
2455748.63622	17.084	0.013999999999999999
2455753.7587099997	17.142	0.025
2455759.8130900003	17.082	0.026000000000000002
2455760.49651	17.114	0.021
2455784.4884	17.117	0.027000000000000003
2455784.6195799997	17.107	0.017
2455790.5136599997	17.12	0.017
2455794.62053	17.108	0.016
2455802.5677099996	17.095	0.019
2455807.6524799997	17.142	0.021
2455813.6058900002	17.108	0.015
2455818.60077	17.144000000000002	0.022000000000000002
2455823.61045	17.148	0.02
2455828.59085	17.122	0.017
2455833.53038	17.089000000000002	0.015
2455840.55883	17.112000000000002	0.019
2455845.50729	17.083	0.02
2455852.5259	17.09	0.025
2455959.87573	17.102999999999998	0.017
2455962.86804	17.102	0.016
2455963.8876099996	17.093	0.017
2455964.88305	17.076	0.019
2455965.8903200002	17.092	0.017
2455968.88829	17.129	0.021
2455984.81029	17.079	0.015
2455989.87841	17.125	0.016
2456002.7713200003	17.086	0.019
2456006.9103099997	17.098	0.013999999999999999
2456010.75014	17.084	0.015
2456013.8253599997	17.124000000000002	0.013000000000000001
2456019.83839	17.093	0.013000000000000001
2456022.73092	17.088	0.015
2456024.88473	17.083	0.013999999999999999
2456032.85236	17.102999999999998	0.013999999999999999
2456040.80961	17.104	0.015
2456048.6906	17.109	0.013999999999999999
2456057.69725	17.102	0.017
2456057.85658	17.102	0.015
2456061.76711	17.095	0.013000000000000001
2456064.74549	17.089000000000002	0.011000000000000001
2456066.89129	17.094	0.013999999999999999
2456069.6094299997	17.088	0.015
2456071.6063900003	17.096	0.013999999999999999
2456076.6312599997	17.09	0.015
2456085.88175	17.087	0.019
2456088.6677599996	17.070999999999998	0.013000000000000001
2456093.77038	17.109	0.015
2456096.8189	17.125999999999998	0.017
2456099.71843	17.070999999999998	0.019
2456101.7713099997	17.123	0.015
2456103.67338	17.076	0.013999999999999999
2456113.64812	17.090999999999998	0.017
2456115.6019099997	17.098	0.013999999999999999
2456117.62003	17.142	0.013999999999999999
2456119.55243	17.095	0.013999999999999999
2456121.55618	17.092	0.013000000000000001
2456126.69498	17.104	0.015
2456131.6822900004	17.108	0.01
2456131.75177	17.119	0.015
2456135.56773	17.111	0.016
2456140.613	17.065	0.021
2456147.5447400003	17.1	0.015
2456151.5443	17.101	0.017
2456157.7080599996	17.067999999999998	0.02
2456161.54676	17.11	0.015
2456167.62295	17.115	0.016
2456168.66528	17.097	0.016
2456175.60085	17.111	0.016
2456182.572	17.097	0.013999999999999999
2456190.57829	17.067	0.013999999999999999
2456197.5778200002	17.11	0.019
2456209.55815	17.124000000000002	0.022000000000000002
2456216.52061	17.108	0.017
2456353.90495	17.113	0.016
2456401.81255	17.092	0.013000000000000001
2456431.8330599996	17.067999999999998	0.013000000000000001
2456434.5934900003	17.109	0.02
2456441.92217	17.095	0.022000000000000002
2456448.91104	17.12	0.019
2456450.86515	17.102999999999998	0.013999999999999999
2456452.86722	17.11	0.013000000000000001
2456456.63508	17.116	0.011000000000000001
2456458.79069	17.102	0.013000000000000001
2456461.5457	17.134	0.016
2456463.66544	17.092	0.015
2456468.7162900004	17.088	0.017
2456472.84796	17.084	0.019
2456473.66613	17.087	0.011000000000000001
2456490.64266	17.083	0.013000000000000001
2456492.7384900004	17.143	0.017
2456498.65498	17.09	0.013000000000000001
2456504.7138900002	17.093	0.016
2456508.59077	17.074	0.013999999999999999
2456516.63925	17.083	0.013999999999999999
2456524.4939200003	17.12	0.015
2456531.60305	17.115	0.013999999999999999
2456538.52044	17.090999999999998	0.013000000000000001
2456545.5780599997	17.141	0.013999999999999999
2456559.5433400003	17.097	0.013999999999999999
2456565.55812	17.079	0.015
2456572.57057	17.107	0.017
2456741.83421	17.099	0.013999999999999999
2456742.7508400003	17.107	0.013000000000000001
2456757.71472	17.092	0.016
2456770.84989	17.102999999999998	0.013000000000000001
2456784.91466	17.089000000000002	0.015
2456786.92901	17.108	0.016
2456792.8632799997	17.102999999999998	0.019
2456797.8762	17.086	0.02
2456804.5679599997	17.094	0.015
2456805.84735	17.1	0.02
2456814.92286	17.090999999999998	0.02
2456817.9158400004	17.107	0.021
2456831.6348599996	17.098	0.013000000000000001
2456834.83377	17.128	0.022000000000000002
2456836.77093	17.11	0.019
2456840.46747	17.122	0.026000000000000002
2456844.81488	17.105	0.02
2456855.8015099997	17.101	0.016
2456862.58954	17.109	0.016
2456872.61927	17.108	0.015
2456878.56754	17.127	0.026000000000000002
2456881.73878	17.115	0.023
2456885.65595	17.119	0.016
2456888.54717	17.096	0.013999999999999999
2456891.4816799997	17.089000000000002	0.017
2456900.50093	17.102	0.013999999999999999
2456912.6174	17.137	0.021
2456922.57513	17.112000000000002	0.02
2456927.54385	17.085	0.019
2456932.54292	17.107	0.025
2456940.5281	17.105999999999998	0.021
2457081.89976	17.093	0.02
2457086.79674	17.086	0.017
2457138.65495	17.108	0.02
2457142.85837	17.104	0.013999999999999999
2457145.893	17.098	0.017
2457153.86916	17.109	0.013999999999999999
2457169.5915200002	17.14	0.017
2457178.66437	17.077	0.015
2457181.89917	17.125999999999998	0.017
2457193.80688	17.075	0.013000000000000001
2457197.8384700003	17.078	0.019
2457199.7307599997	17.067	0.013000000000000001
2457206.73885	17.08	0.017
2457209.74543	17.081	0.016
2457219.69334	17.051	0.013000000000000001
2457221.6728	17.053	0.013999999999999999
2457223.65986	17.039	0.013999999999999999
2457226.50468	17.018	0.016
2457227.7581	17.012999999999998	0.015
2457229.74048	17.035999999999998	0.017
2457253.62288	16.464000000000002	0.01
2457261.5677	15.618	0.008
2457265.54891	14.094000000000001	0.004
2457269.5899099996	14.985999999999999	0.005
2457273.63933	15.9	0.008
2457281.52873	16.576	0.013000000000000001
2457291.52085	16.86	0.02
2457296.5803400003	16.975	0.019
2457438.82419	17.087	0.017
2457445.80663	17.093	0.017
2457451.85896	17.097	0.015
2457455.85517	17.109	0.013999999999999999
2457460.82255	17.090999999999998	0.013999999999999999
2457464.85067	17.09	0.013000000000000001
2457470.84192	17.111	0.017
2457497.92561	17.101	0.017
2457509.9261	17.117	0.017
2457518.87792	17.074	0.017
2457526.84247	17.09	0.016
2457536.8284299998	17.107	0.016
2457546.82493	17.105999999999998	0.02
2457547.52889	17.097	0.02
2457547.90263	17.102	0.019
2457554.69421	17.099	0.016
2457561.50835	17.098	0.022000000000000002
2457567.4889599998	17.084	0.021
2457568.71306	17.096	0.016
2457569.48922	17.147000000000002	0.021
2457573.71386	17.1	0.015
2457575.4892700003	17.109	0.02
2457575.83387	17.089000000000002	0.016
2457576.4644	17.13	0.021
2457576.84303	17.122	0.019
2457577.46693	17.139	0.021
2457582.7343900003	17.089000000000002	0.016
2457584.77471	17.098	0.02
2457589.77428	17.133	0.022000000000000002
2457593.75622	17.105	0.013999999999999999
2457599.56624	17.11	0.017
2457599.6608700003	17.109	0.015
2457599.67555	17.090999999999998	0.015
2457600.6014900003	17.115	0.019
2457600.72921	17.096	0.015
2457601.7288599997	17.125999999999998	0.016
2457608.6537200003	17.102999999999998	0.013000000000000001
2457617.70977	17.134	0.023
2457622.69925	17.105999999999998	0.015
2457624.60915	17.117	0.015
2457626.62158	17.129	0.016
2457631.61748	17.112000000000002	0.013000000000000001
2457634.53102	17.148	0.019
2457637.5260799997	17.094	0.013999999999999999
2457639.62308	17.112000000000002	0.015
2457647.58214	17.088	0.017
2457650.49756	17.109	0.013999999999999999
2457651.51284	17.098	0.015
2457652.5000400003	17.102	0.013999999999999999
2457652.60242	17.094	0.015
2457653.4994900003	17.117	0.015
2457654.5041099996	17.076	0.017
2457655.5008099996	17.1	0.016
2457656.50262	17.127	0.017
2457657.54814	17.124000000000002	0.015
2457658.50478	17.109	0.016
2457659.5071900003	17.119	0.017
2457660.50123	17.131	0.019
2457661.50281	17.128	0.019
2457662.50289	17.115	0.017
2457664.50159	17.105999999999998	0.021
2457664.5778799998	17.105999999999998	0.026000000000000002
2457665.50552	17.105	0.019
2457666.5038	17.105999999999998	0.019
2457667.50889	17.105999999999998	0.019
2457671.49005	17.12	0.023
2457672.49144	17.113	0.017
2457673.49798	17.096	0.02
2457675.4944599997	17.145	0.027000000000000003
2457682.49386	17.095	0.022000000000000002
2457683.49308	17.108	0.023
2457797.85561	17.079	0.019
2457799.86532	17.104	0.02
2457801.85378	17.09	0.021
2457803.83532	17.09	0.02
2457809.81676	17.105999999999998	0.016
2457811.86555	17.117	0.015
2457822.8054400003	17.107	0.02
2457826.82658	17.105999999999998	0.02
2457828.81428	17.101	0.016
2457837.8429	17.09	0.015
2457838.91605	17.070999999999998	0.015
2457840.7880599997	17.101	0.015
2457842.91327	17.105999999999998	0.016
2457845.7940599998	17.098	0.013999999999999999
2457848.91579	17.082	0.013999999999999999
2457852.88349	17.087	0.017
2457854.81673	17.101	0.016
2457855.85544	17.069000000000003	0.016
2457869.6916	17.111	0.015
2457870.7201900003	17.096	0.013000000000000001
2457871.73528	17.079	0.013000000000000001
2457872.7505099997	17.115	0.013000000000000001
2457873.74548	17.092	0.013000000000000001
2457874.72997	17.09	0.016
2457875.82218	17.09	0.013000000000000001
2457876.7756	17.083	0.013999999999999999
2457877.75151	17.098	0.013000000000000001
2457878.79134	17.104	0.013999999999999999
2457880.8100400004	17.094	0.022000000000000002
2457881.9011	17.131	0.022000000000000002
2457882.90267	17.076	0.015
2457890.84957	17.087	0.016
2457893.8150299997	17.090999999999998	0.016
2457894.6848299997	17.083	0.013999999999999999
2457894.9367299997	17.096	0.021
2457897.7450900003	17.092	0.015
2457901.84884	17.115	0.015
2457902.81543	17.111	0.017
2457903.89271	17.105999999999998	0.017
2457904.81092	17.089000000000002	0.013999999999999999
2457905.6628099997	17.096	0.013999999999999999
2457906.56432	17.111	0.016
2457906.82098	17.092	0.015
2457907.70363	17.086	0.015
2457908.6593299997	17.088	0.015
2457908.9128400004	17.095	0.019
2457909.79045	17.084	0.015
2457910.57666	17.121	0.022000000000000002
2457910.83193	17.114	0.019
2457911.6979400003	17.088	0.017
2457916.8796	17.089000000000002	0.021
2457917.7344400003	17.090999999999998	0.016
2457918.61249	17.115	0.02
2457922.68383	17.083	0.015
2457923.71855	17.116	0.019
2457924.535	17.107	0.015
2457924.7845400004	17.089000000000002	0.015
2457925.69936	17.086	0.013999999999999999
2457932.72672	17.112000000000002	0.017
2457933.5927	17.105	0.017
2457934.52833	17.109	0.016
2457934.77402	17.105	0.016
2457935.6263200003	17.098	0.015
2457936.7767	17.096	0.016
2457937.58926	17.112000000000002	0.016
2457938.51736	16.877	0.017
2457944.49981	17.122	0.019
2457944.60337	17.092	0.017
2457944.71548	17.102	0.017
2457945.46533	17.105	0.022000000000000002
2457945.70082	17.096	0.013999999999999999
2457946.54831	17.090999999999998	0.015
2457946.8053099997	17.099	0.017
2457947.75575	17.137	0.02
2457948.63449	17.08	0.015
2457949.57211	17.118	0.019
2457952.7211599997	17.102999999999998	0.016
2457953.62393	17.083	0.015
2457955.71143	17.084	0.013000000000000001
2457956.6458	17.104	0.013999999999999999
2457957.70358	17.107	0.017
2457958.72882	17.108	0.02
2457959.62689	17.097	0.013999999999999999
2457960.5134	17.098	0.016
2457960.7844700003	17.090999999999998	0.017
2457962.48068	17.104	0.015
2457965.64761	17.105	0.017
2457966.6108	17.116	0.019
2457967.66628	17.115	0.02
2457971.51716	17.111	0.02
2457971.6074900003	17.092	0.017
2457971.7096	17.111	0.027999999999999997
2457972.64846	17.093	0.021
2457973.5704	17.123	0.025
2457975.63752	17.095	0.02
2457980.51229	17.114	0.017
2457981.59462	17.101	0.015
2457982.63119	17.112000000000002	0.017
2457985.56832	17.105	0.022000000000000002
2457987.47182	17.112000000000002	0.02
2457990.55549	17.094	0.016
2457991.62275	17.133	0.019
2457993.4892700003	17.078	0.017
2457994.5507799997	17.096	0.025
2457998.53673	17.097	0.019
2457998.63069	17.118	0.022000000000000002
2458000.56487	17.074	0.02
2458001.5229700003	17.098	0.015
2458003.4764099997	17.09	0.028999999999999998
2458005.56733	17.136	0.025
2458010.55959	17.087	0.016
2458013.52338	17.104	0.015
2458015.54623	17.125	0.022000000000000002
2458018.50025	17.107	0.016
2458021.49906	17.158	0.021
2458026.5442	17.1	0.019
2458032.5277299997	17.1	0.022000000000000002
2458035.54244	17.164	0.022000000000000002
