2455377.63267	17.511	0.021
2455377.86828	17.503	0.032
2455378.80248	17.515	0.02
2455379.67781	17.548	0.02
2455380.79135	17.498	0.021
2455381.66455	17.5	0.023
2455382.5304099997	17.535999999999998	0.025
2455382.73694	17.498	0.023
2455385.48889	17.528	0.021
2455385.55491	17.52	0.018000000000000002
2455385.65822	17.514	0.018000000000000002
2455385.75654	17.514	0.018000000000000002
2455386.7606599997	17.537	0.018000000000000002
2455387.7429299997	17.529	0.018000000000000002
2455388.61001	17.518	0.016
2455389.52339	17.528	0.021
2455390.53116	17.489	0.023
2455390.78848	17.492	0.018000000000000002
2455391.72883	17.519000000000002	0.019
2455392.59771	17.516	0.019
2455393.68238	17.51	0.02
2455396.54202	17.503	0.026000000000000002
2455397.6419599997	17.549	0.025
2455403.6132900002	17.493	0.021
2455404.48565	17.511	0.021
2455404.68194	17.502	0.023
2455405.69862	17.524	0.023
2455407.55141	17.551	0.021
2455407.74552	17.509	0.024
2455408.67513	17.525	0.02
2455409.56288	17.511	0.018000000000000002
2455410.56537	17.521	0.018000000000000002
2455411.6005700002	17.508	0.016
2455412.60868	17.517	0.024
2455413.59387	17.535999999999998	0.018000000000000002
2455414.63767	17.494	0.018000000000000002
2455418.57157	17.47	0.016
2455421.59791	17.532	0.02
2455422.56628	17.531	0.019
2455425.51192	17.497	0.019
2455430.51688	17.512999999999998	0.028999999999999998
2455431.51794	17.514	0.021
2455433.6904700003	17.49	0.040999999999999995
2455434.6945	17.535999999999998	0.025
2455435.69772	17.521	0.021
2455437.67708	17.494	0.021
2455439.55761	17.49	0.024
2455443.57139	17.500999999999998	0.021
2455444.59274	17.49	0.02
2455445.6817	17.502	0.02
2455447.48961	17.502	0.019
2455448.5487	17.506	0.02
2455448.56345	17.504	0.02
2455450.5076599997	17.522000000000002	0.023
2455451.63419	17.462	0.02
2455457.51632	17.498	0.019
2455458.56025	17.51	0.024
2455459.5937799998	17.517	0.023
2455460.60646	17.456	0.036000000000000004
2455462.48447	17.483	0.025
2455463.59127	17.494	0.021
2455464.55101	17.515	0.024
2455465.48545	17.465	0.028999999999999998
2455468.5553599996	17.488	0.025
2455471.53702	17.52	0.021
2455472.58691	17.504	0.023
2455476.5515799997	17.463	0.031
2455480.50958	17.569000000000003	0.026000000000000002
2455483.50787	17.527	0.043
2455487.49552	17.523	0.021
2455489.4944	17.5	0.031
2455492.5196700003	17.453	0.037000000000000005
2455497.49823	17.505	0.036000000000000004
2455596.86013	17.519000000000002	0.025
2455597.85502	17.512999999999998	0.02
2455598.85029	17.525	0.024
2455599.85257	17.535999999999998	0.019
2455600.84905	17.515	0.021
2455606.88455	17.53	0.021
2455612.8884400004	17.511	0.024
2455615.8972400003	17.500999999999998	0.021
2455621.8656900004	17.516	0.016
2455624.7932599997	17.49	0.019
2455626.8845599997	17.485	0.019
2455628.79822	17.52	0.02
2455629.8783	17.493	0.019
2455631.8537	17.534000000000002	0.019
2455633.80867	17.506	0.016
2455634.88513	17.487000000000002	0.019
2455637.7961	17.516	0.024
2455639.7974	17.519000000000002	0.021
2455640.8799400004	17.486	0.021
2455642.91117	17.53	0.03
2455644.8809700003	17.529	0.034
2455647.83527	17.535	0.024
2455648.73023	17.518	0.024
2455649.87725	17.52	0.018000000000000002
2455651.8130799998	17.518	0.018000000000000002
2455654.7677	17.528	0.018000000000000002
2455655.88191	17.51	0.016
2455657.91059	17.524	0.015
2455659.7930400004	17.537	0.019
2455660.9076400003	17.528	0.019
2455664.7774799997	17.503	0.02
2455665.90315	17.517	0.018000000000000002
2455668.92998	17.518	0.031
2455671.7754	17.519000000000002	0.02
2455676.88142	17.500999999999998	0.015
2455679.84586	17.518	0.019
2455681.71655	17.522000000000002	0.018000000000000002
2455682.92609	17.52	0.019
2455684.89486	17.496	0.018000000000000002
2455686.87984	17.526	0.02
2455689.7918	17.494	0.016
2455691.8119799998	17.522000000000002	0.019
2455692.94261	17.509	0.035
2455694.71572	17.512	0.02
2455695.86886	17.534000000000002	0.018000000000000002
2455697.59887	17.523	0.026000000000000002
2455698.69935	17.5	0.031
2455705.7425	17.542	0.025
2455707.65349	17.506	0.019
2455708.7316900003	17.526	0.018000000000000002
2455712.73889	17.521	0.018000000000000002
2455716.79078	17.496	0.019
2455722.60725	17.54	0.02
2455722.6208599997	17.503	0.019
2455723.7791	17.517	0.016
2455725.64847	17.528	0.02
2455725.66271	17.523	0.02
2455729.74233	17.527	0.035
2455729.7999400003	17.502	0.06
2455734.79857	17.477999999999998	0.021
2455736.62326	17.499000000000002	0.015
2455737.71442	17.494	0.015
2455739.5326400003	17.538	0.021
2455740.59154	17.544	0.028999999999999998
2455741.65943	17.522000000000002	0.018000000000000002
2455742.69484	17.521	0.016
2455743.82102	17.518	0.02
2455744.8683	17.509	0.024
2455746.63804	17.508	0.018000000000000002
2455748.60923	17.542	0.021
2455752.5490599996	17.5	0.027000000000000003
2455753.79031	17.521	0.036000000000000004
2455760.70418	17.538	0.023
2455762.4882900002	17.532	0.021
2455763.61925	17.514	0.019
2455764.70583	17.512	0.016
2455766.5381400003	17.542	0.019
2455767.7154900003	17.5	0.021
2455769.4750599996	17.543	0.023
2455775.6239	17.515	0.021
2455777.762	17.467	0.018000000000000002
2455783.6018	17.528	0.042
2455784.57778	17.532	0.021
2455784.68236	17.521	0.040999999999999995
2455785.47846	17.525	0.028999999999999998
2455786.73177	17.509	0.027000000000000003
2455788.66711	17.579	0.032
2455793.4788900004	17.524	0.024
2455794.69283	17.484	0.023
2455801.4844	17.533	0.02
2455804.57136	17.505	0.019
2455807.58318	17.497	0.026000000000000002
2455813.64228	17.496	0.019
2455817.51964	17.528	0.019
2455819.60708	17.538	0.023
2455822.5746	17.49	0.021
2455827.56697	17.522000000000002	0.025
2455829.5359400003	17.509	0.019
2455831.49677	17.493	0.016
2455831.54625	17.517	0.02
2455832.4929299997	17.505	0.016
2455832.5438200003	17.546	0.021
2455832.58502	17.506	0.024
2455833.48856	17.573	0.024
2455833.5545900003	17.517	0.019
2455834.48895	17.500999999999998	0.019
2455836.54507	17.504	0.028999999999999998
2455840.5575200003	17.524	0.023
2455842.53686	17.512999999999998	0.031
2455844.5435099998	17.469	0.026000000000000002
2455852.52459	17.547	0.032
2455857.51602	17.548	0.037000000000000005
2455977.8708599997	17.543	0.019
2455982.87338	17.512999999999998	0.016
2455985.89886	17.528	0.021
2455988.88868	17.479	0.016
2455991.8300400004	17.524	0.018000000000000002
2455993.90993	17.488	0.025
2455996.80364	17.486	0.019
2455998.81103	17.489	0.021
2456002.86412	17.519000000000002	0.023
2456003.85922	17.498	0.025
2456005.83637	17.496	0.019
2456007.82084	17.529	0.016
2456009.74615	17.537	0.02
2456010.87165	17.497	0.013999999999999999
2456012.8036599997	17.526	0.015
2456014.73538	17.517	0.018000000000000002
2456015.82922	17.525	0.013999999999999999
2456017.74738	17.528	0.015
2456018.83958	17.515	0.016
2456020.72021	17.474	0.025
2456021.78054	17.487000000000002	0.016
2456022.8615599996	17.497	0.018000000000000002
2456024.92332	17.534000000000002	0.026000000000000002
2456031.75795	17.489	0.019
2456033.69947	17.518	0.021
2456035.87462	17.538	0.019
2456037.92535	17.505	0.023
2456040.7658599997	17.543	0.019
2456047.69758	17.521	0.018000000000000002
2456048.83652	17.51	0.018000000000000002
2456048.90584	17.506	0.018000000000000002
2456050.82273	17.523	0.019
2456052.88625	17.469	0.019
2456057.79432	17.514	0.024
2456061.72796	17.479	0.019
2456062.87744	17.48	0.018000000000000002
2456064.88953	17.505	0.018000000000000002
2456066.72963	17.515	0.018000000000000002
2456067.81747	17.516	0.016
2456069.62213	17.504	0.018000000000000002
2456070.7080900003	17.496	0.018000000000000002
2456071.77048	17.504	0.019
2456075.84694	17.5	0.015
2456077.74735	17.502	0.016
2456078.83155	17.518	0.018000000000000002
2456079.90967	17.515	0.019
2456080.9446799997	17.465999999999998	0.025
2456085.74998	17.47	0.021
2456086.75864	17.521	0.018000000000000002
2456088.61515	17.528	0.016
2456092.67928	17.502	0.018000000000000002
2456093.87819	17.497	0.023
2456096.66418	17.521	0.018000000000000002
2456097.87036	17.544	0.024
2456099.64645	17.54	0.025
2456100.8771599997	17.499000000000002	0.023
2456102.53043	17.503	0.024
2456103.54679	17.505	0.019
2456104.62037	17.5	0.016
2456105.6850900003	17.521	0.02
2456108.75771	17.488	0.019
2456113.71308	17.518	0.023
2456114.81194	17.555	0.023
2456116.53847	17.537	0.018000000000000002
2456117.61847	17.524	0.018000000000000002
2456118.68071	17.524	0.016
2456119.70192	17.528	0.015
2456120.81256	17.524	0.02
2456123.56794	17.511	0.019
2456124.6998900003	17.516	0.016
2456125.78859	17.488	0.019
2456127.66022	17.522000000000002	0.018000000000000002
2456131.78441	17.578	0.019
2456134.50868	17.502	0.025
2456135.78405	17.511	0.02
2456140.75886	17.538	0.036000000000000004
2456142.67344	17.585	0.031
2456149.58225	17.522000000000002	0.019
2456151.74291	17.56	0.025
2456154.72401	17.471	0.023
2456159.49796	17.516	0.024
2456161.53226	17.533	0.021
2456179.54888	17.545	0.023
2456181.63081	17.524	0.02
2456184.63563	17.51	0.018000000000000002
2456190.60382	17.529	0.019
2456196.52112	17.542	0.023
2456198.59551	17.512	0.034
2456204.49574	17.500999999999998	0.021
2456210.599	17.558	0.024
2456213.53935	17.570999999999998	0.023
2456218.51419	17.575	0.025
2456345.88209	17.529	0.016
2456350.8527900004	17.532	0.019
2456353.90169	17.512999999999998	0.02
2456361.89074	17.515	0.019
2456367.86277	17.541	0.015
2456369.8873	17.505	0.016
2456371.87494	17.519000000000002	0.013999999999999999
2456372.86846	17.522000000000002	0.015
2456374.83879	17.516	0.018000000000000002
2456376.78436	17.499000000000002	0.018000000000000002
2456377.91789	17.511	0.02
2456379.85505	17.533	0.019
2456381.8261599997	17.507	0.015
2456386.75189	17.547	0.021
2456387.84766	17.517	0.016
2456389.77674	17.499000000000002	0.016
2456390.84711	17.54	0.016
2456393.78298	17.512	0.019
2456395.80003	17.491	0.016
2456397.76449	17.503	0.013999999999999999
2456399.6880900003	17.528	0.018000000000000002
2456401.71281	17.514	0.016
2456402.89773	17.538	0.024
2456404.8344400004	17.504	0.015
2456405.85349	17.507	0.015
2456407.7670299998	17.507	0.019
2456409.91245	17.526	0.025
2456416.87235	17.515	0.016
2456418.71539	17.486	0.016
2456419.86831	17.534000000000002	0.018000000000000002
2456421.83643	17.531	0.018000000000000002
2456423.85764	17.5	0.018000000000000002
2456426.67145	17.480999999999998	0.013000000000000001
2456428.85861	17.49	0.019
2456432.5877900003	17.492	0.026000000000000002
2456433.71149	17.518	0.02
2456434.90608	17.516	0.018000000000000002
2456436.64915	17.499000000000002	0.02
2456442.6945	17.495	0.016
2456444.84498	17.524	0.018000000000000002
2456445.94472	17.493	0.034
2456446.85293	17.533	0.016
2456447.9045700002	17.496	0.016
2456448.93107	17.518	0.024
2456450.59248	17.493	0.016
2456451.6523700003	17.507	0.019
2456452.76182	17.517	0.015
2456454.82453	17.537	0.018000000000000002
2456456.6986	17.480999999999998	0.013999999999999999
2456458.56258	17.532	0.021
2456459.61252	17.515	0.016
2456460.84351	17.518	0.016
2456462.69313	17.51	0.018000000000000002
2456463.82747	17.500999999999998	0.018000000000000002
2456468.5487	17.526	0.024
2456469.71905	17.535	0.021
2456473.53976	17.52	0.021
2456474.61527	17.532	0.023
2456475.70516	17.504	0.018000000000000002
2456476.75966	17.494	0.018000000000000002
2456478.51858	17.573	0.024
2456480.57853	17.572	0.02
2456481.73183	17.474	0.02
2456485.54837	17.553	0.02
2456486.71285	17.538	0.018000000000000002
2456487.79375	17.496	0.013999999999999999
2456490.58088	17.55	0.019
2456491.74833	17.559	0.019
2456496.50393	17.525	0.027000000000000003
2456498.53075	17.502	0.015
2456500.57279	17.506	0.021
2456504.7407	17.504	0.021
2456506.7547299997	17.488	0.024
2456509.54888	17.497	0.015
2456510.72881	17.522000000000002	0.019
2456514.70027	17.473	0.015
2456518.54489	17.52	0.015
2456523.53223	17.505	0.019
2456525.54299	17.518	0.025
2456531.4959299997	17.577	0.023
2456533.63817	17.545	0.018000000000000002
2456538.60044	17.543	0.02
2456543.6452900004	17.5	0.02
2456547.60511	17.527	0.031
2456559.5149	17.528	0.021
2456562.62282	17.519000000000002	0.019
2456565.59702	17.524	0.019
2456569.5547599997	17.504	0.016
2456572.52757	17.514	0.023
2456576.49737	17.461	0.034
2456576.56703	17.522000000000002	0.021
2456581.50945	17.515	0.021
2456741.8195599997	17.471	0.02
2456741.90689	17.48	0.015
2456744.84162	17.482	0.016
2456746.7494200002	17.539	0.019
2456748.79358	17.492	0.015
2456754.70342	17.515	0.021
2456756.76522	17.502	0.013999999999999999
2456758.77578	17.505	0.018000000000000002
2456760.7497099997	17.503	0.015
2456762.70796	17.491	0.02
2456763.90766	17.5	0.019
2456765.8234	17.524	0.018000000000000002
2456769.7558	17.528	0.016
2456770.86417	17.516	0.016
2456772.7869	17.524	0.015
2456773.9352599997	17.541	0.04
2456775.88773	17.52	0.016
2456777.8289799998	17.535	0.019
2456789.9118	17.516	0.02
2456791.64761	17.505	0.027000000000000003
2456792.69148	17.489	0.021
2456796.74525	17.512999999999998	0.019
2456797.84638	17.459	0.025
2456803.69517	17.509	0.016
2456804.70679	17.499000000000002	0.015
2456805.76168	17.522000000000002	0.018000000000000002
2456807.75248	17.516	0.024
2456808.77729	17.533	0.019
2456809.82132	17.512	0.016
2456810.86249	17.515	0.021
2456811.87676	17.512999999999998	0.027000000000000003
2456814.6344	17.503	0.019
2456815.71065	17.539	0.021
2456816.81203	17.506	0.02
2456817.89076	17.47	0.026000000000000002
2456819.73551	17.529	0.024
2456824.58183	17.529	0.032
2456825.61072	17.483	0.02
2456826.6212299997	17.51	0.02
2456827.66747	17.503	0.018000000000000002
2456828.73919	17.504	0.016
2456829.7341400003	17.499000000000002	0.02
2456830.75734	17.517	0.015
2456832.50795	17.528	0.021
2456833.5751099996	17.495	0.024
2456834.58895	17.504	0.024
2456835.64088	17.515	0.021
2456836.69308	17.518	0.02
2456837.70707	17.51	0.018000000000000002
2456838.7077	17.494	0.021
2456839.7232	17.53	0.023
2456840.77205	17.516	0.021
2456842.52283	17.548	0.028999999999999998
2456844.55203	17.499000000000002	0.02
2456845.54105	17.522000000000002	0.019
2456847.53687	17.491	0.02
2456851.48961	17.521	0.026000000000000002
2456852.54392	17.471	0.03
2456855.61083	17.524	0.018000000000000002
2456856.65918	17.514	0.016
2456857.70364	17.509	0.016
2456858.7637099996	17.533	0.019
2456862.722	17.521	0.023
2456864.47288	17.52	0.026000000000000002
2456870.53057	17.494	0.021
2456872.67433	17.504	0.019
2456879.58132	17.476	0.027000000000000003
2456881.54066	17.51	0.023
2456882.72514	17.511	0.025
2456885.6715	17.566	0.019
2456887.57994	17.515	0.016
2456889.49464	17.516	0.02
2456890.6708299997	17.542	0.025
2456895.6337099997	17.533	0.018000000000000002
2456908.60679	17.528	0.027000000000000003
2456919.50402	17.486	0.026000000000000002
2456923.56597	17.535999999999998	0.027000000000000003
2456926.5808	17.532	0.021
2456930.49166	17.514	0.032
2456931.4975099997	17.49	0.02
2456932.51622	17.507	0.027000000000000003
2456938.49265	17.496	0.026000000000000002
2456942.54021	17.512999999999998	0.025
2457065.88461	17.465	0.02
2457070.8867900004	17.5	0.016
2457072.8941900004	17.523	0.023
2457076.88776	17.502	0.018000000000000002
2457078.86359	17.524	0.019
2457080.88597	17.523	0.018000000000000002
2457082.90513	17.515	0.025
2457086.80166	17.495	0.023
2457088.86017	17.500999999999998	0.018000000000000002
2457090.8827299997	17.504	0.019
2457092.89307	17.511	0.019
2457098.8130200002	17.491	0.016
2457100.8152799997	17.505	0.018000000000000002
2457102.88462	17.521	0.025
2457110.8187	17.47	0.015
2457112.77403	17.553	0.023
2457113.8135900004	17.488	0.016
2457115.82381	17.516	0.018000000000000002
2457117.81545	17.548	0.021
2457119.86368	17.528	0.024
2457125.76866	17.500999999999998	0.021
2457129.7235	17.504	0.019
2457130.88707	17.498	0.019
2457132.7724	17.512999999999998	0.018000000000000002
2457134.86856	17.497	0.019
2457136.73598	17.518	0.02
2457137.8721	17.496	0.018000000000000002
2457139.72852	17.516	0.018000000000000002
2457140.84907	17.507	0.019
2457142.6844900004	17.477999999999998	0.018000000000000002
2457143.78628	17.503	0.021
2457145.75416	17.5	0.024
2457146.7922799997	17.519000000000002	0.021
2457147.81392	17.512999999999998	0.024
2457153.65912	17.492	0.018000000000000002
2457154.7467900002	17.486	0.018000000000000002
2457155.84304	17.500999999999998	0.019
2457157.71238	17.512999999999998	0.016
2457158.86784	17.52	0.02
2457159.9128	17.515	0.019
2457161.6431400003	17.504	0.02
2457162.70785	17.524	0.019
2457163.77203	17.477999999999998	0.021
2457164.91285	17.502	0.021
2457166.93569	17.469	0.024
2457169.9177900003	17.525	0.019
2457172.5954	17.49	0.025
2457173.6082099997	17.558	0.031
2457174.62491	17.54	0.023
2457175.6355	17.523	0.021
2457178.63928	17.516	0.02
2457179.5937099997	17.504	0.025
2457180.59026	17.54	0.023
2457181.5854700003	17.502	0.018000000000000002
2457182.60288	17.529	0.019
2457183.61436	17.519000000000002	0.019
2457184.6499400004	17.534000000000002	0.025
2457185.66655	17.542	0.024
2457186.83232	17.525	0.023
2457187.84575	17.535	0.018000000000000002
2457189.54238	17.508	0.02
2457190.59058	17.54	0.021
2457191.68584	17.496	0.018000000000000002
2457194.6323599997	17.502	0.016
2457197.74464	17.52	0.018000000000000002
2457198.77065	17.508	0.018000000000000002
2457199.77268	17.525	0.016
2457200.75425	17.495	0.016
2457206.62176	17.482	0.034
2457207.64837	17.514	0.021
2457209.78775	17.509	0.024
2457211.77704	17.508	0.021
2457214.76411	17.553	0.025
2457219.6918900004	17.492	0.015
2457220.8073299997	17.53	0.018000000000000002
2457222.49755	17.518	0.023
2457223.63393	17.514	0.02
2457224.73456	17.489	0.023
2457226.63525	17.492	0.018000000000000002
2457227.64376	17.509	0.016
2457228.71238	17.502	0.02
2457229.75335	17.494	0.02
2457235.63779	17.497	0.023
2457249.53472	17.461	0.025
2457252.5865599997	17.507	0.023
2457255.55904	17.523	0.021
2457257.67254	17.546	0.021
2457261.66857	17.486	0.031
2457264.62837	17.474	0.02
2457267.62562	17.538	0.018000000000000002
2457269.64216	17.509	0.019
2457272.48446	17.456	0.027000000000000003
2457275.65455	17.522000000000002	0.024
2457278.64378	17.516	0.024
2457291.53608	17.525	0.034
2457294.57356	17.494	0.027000000000000003
2457312.52979	17.496	0.025
2457439.85979	17.418	0.021
2457446.80501	17.422	0.018000000000000002
2457451.90634	17.43	0.02
2457456.84609	17.413	0.016
2457461.80632	17.421	0.015
2457465.86075	17.382	0.016
2457471.7925299997	17.36	0.021
2457474.86927	17.396	0.018000000000000002
2457484.81915	17.359	0.015
2457486.74216	17.372	0.023
2457487.8496	17.342	0.018000000000000002
2457489.82435	17.369	0.016
2457492.71828	17.338	0.015
2457493.71172	17.336	0.018000000000000002
2457494.70403	17.320999999999998	0.015
2457494.9294	17.337	0.025
2457495.8985900003	17.339000000000002	0.018000000000000002
2457498.8177	17.308	0.019
2457499.78492	17.325	0.016
2457500.72626	17.29	0.019
2457500.92784	17.309	0.023
2457508.78249	17.264	0.013000000000000001
2457509.8790700003	17.275	0.015
2457512.82439	17.236	0.013000000000000001
2457522.88564	17.192999999999998	0.021
2457526.7921700003	17.225	0.019
2457529.817	17.14	0.024
2457534.79789	17.139	0.013000000000000001
2457536.79698	17.137	0.013999999999999999
2457545.93872	17.064	0.016
2457547.57437	17.058	0.016
2457548.61026	17.009	0.011000000000000001
2457549.8275900004	17.044	0.013000000000000001
2457550.80613	17.042	0.013000000000000001
2457555.53604	16.982	0.015
2457555.86712	17.003	0.013000000000000001
2457557.84499	17.0	0.015
2457562.63313	16.913	0.015
2457566.82758	16.936	0.015
2457567.7714299997	16.929000000000002	0.013999999999999999
2457568.77031	16.921	0.015
2457569.7878900003	16.898	0.013000000000000001
2457575.57637	16.879	0.013999999999999999
2457576.59047	16.866	0.011000000000000001
2457579.62011	16.852999999999998	0.012
2457584.53089	16.831	0.013999999999999999
2457589.5180200003	16.835	0.016
2457590.5394	16.8	0.012
2457593.50212	16.808	0.013000000000000001
2457595.70147	16.825	0.013999999999999999
2457599.7880700002	16.834	0.012
2457602.57343	16.85	0.013000000000000001
2457603.6347	16.847	0.011000000000000001
2457604.64097	16.846	0.011000000000000001
2457605.68323	16.854	0.012
2457607.6471599997	16.866	0.012
2457608.75585	16.886	0.015
2457610.6231400003	16.887999999999998	0.012
2457612.6046	16.869	0.019
2457616.6806900003	16.910999999999998	0.013000000000000001
2457618.5704200002	16.916	0.013999999999999999
2457621.64181	16.959	0.018000000000000002
2457623.55444	16.955	0.012
2457625.49719	16.979	0.013000000000000001
2457630.53648	17.018	0.013999999999999999
2457632.54294	17.035999999999998	0.013999999999999999
2457635.5469299997	17.077	0.018000000000000002
2457637.63235	17.058	0.015
2457644.50703	17.179000000000002	0.027000000000000003
2457648.56206	17.148	0.018000000000000002
2457654.49433	17.177	0.016
2457659.59301	17.204	0.016
2457797.8926	17.489	0.026000000000000002
2457802.89744	17.496	0.031
2457809.87575	17.487000000000002	0.02
2457812.89059	17.49	0.016
2457816.8481799997	17.474	0.019
2457818.89135	17.472	0.018000000000000002
2457821.84846	17.524	0.021
2457823.8889200003	17.504	0.02
2457826.80537	17.495	0.023
2457828.8232400003	17.484	0.021
2457830.87262	17.485	0.019
2457835.8526	17.526	0.024
2457837.85035	17.493	0.018000000000000002
2457839.85728	17.497	0.015
2457841.85341	17.508	0.026000000000000002
2457843.80259	17.476	0.021
2457845.74625	17.522000000000002	0.021
2457846.90124	17.468	0.018000000000000002
2457848.83322	17.517	0.018000000000000002
2457850.75104	17.509	0.021
2457851.88906	17.515	0.018000000000000002
2457854.80878	17.482	0.019
2457856.72826	17.502	0.027000000000000003
2457858.82643	17.48	0.019
2457862.84826	17.486	0.02
2457865.7543599997	17.503	0.018000000000000002
2457866.8838	17.494	0.015
2457868.82029	17.522000000000002	0.025
2457870.70638	17.469	0.016
2457871.86131	17.49	0.016
2457873.7223799997	17.477999999999998	0.016
2457874.81003	17.492	0.023
2457876.70993	17.512	0.019
2457877.80097	17.477	0.016
2457879.66672	17.533	0.024
2457880.81974	17.522000000000002	0.021
2457882.76244	17.482	0.023
2457890.84163	17.508	0.024
2457893.90099	17.518	0.021
2457894.89874	17.495	0.019
2457901.65353	17.526	0.021
2457902.77728	17.511	0.019
2457903.93811	17.454	0.023
2457904.93576	17.545	0.025
2457905.8950799997	17.514	0.02
2457906.86001	17.519000000000002	0.02
2457908.60537	17.528	0.024
2457908.93018	17.518	0.027000000000000003
2457909.86998	17.537	0.019
2457910.79378	17.499000000000002	0.019
2457911.6595400004	17.484	0.021
2457916.7069099997	17.537	0.021
2457917.69141	17.503	0.02
2457923.57394	17.489	0.023
2457924.54262	17.528	0.02
2457924.88454	17.49	0.023
2457926.5983700003	17.504	0.019
2457932.60973	17.535	0.02
2457933.60032	17.500999999999998	0.023
2457934.61199	17.505	0.019
2457935.6341	17.514	0.018000000000000002
2457936.60824	17.507	0.018000000000000002
2457937.5969	17.512	0.02
2457938.62252	17.507	0.026000000000000002
2457944.72963	17.52	0.02
2457945.6441099998	17.51	0.016
2457946.58798	17.526	0.019
2457947.61967	17.508	0.019
2457948.6422900003	17.499000000000002	0.021
2457949.69136	17.5	0.027000000000000003
2457953.61172	17.503	0.019
2457954.63517	17.504	0.016
2457956.6069099996	17.499000000000002	0.016
2457958.57711	17.525	0.025
2457959.5830200003	17.521	0.018000000000000002
2457960.62182	17.562	0.016
2457961.66707	17.531	0.018000000000000002
2457964.59648	17.494	0.018000000000000002
2457966.55334	17.511	0.025
2457971.49409	17.525	0.039
2457972.50683	17.538	0.035
2457973.6206400003	17.455	0.026000000000000002
2457974.71458	17.500999999999998	0.021
2457980.52023	17.504	0.023
2457982.47812	17.48	0.024
2457983.64348	17.515	0.018000000000000002
2457985.6072	17.493	0.023
2457987.6490599997	17.508	0.018000000000000002
2457991.63074	17.486	0.021
2457993.59411	17.529	0.019
2457998.55351	17.519000000000002	0.02
2458001.5308	17.508	0.02
2458004.52343	17.465	0.021
2458010.52401	17.514	0.021
2458014.48447	17.504	0.02
2458017.52496	17.532	0.021
2458021.52481	17.518	0.025
2458030.5358599997	17.512999999999998	0.021
2458046.51852	17.5	0.032
2458048.50815	17.514	0.019
2458049.5165	17.551	0.018000000000000002
2458053.51498	17.561	0.04
2458055.50472	17.525	0.032
