2455378.5844900003	17.238	0.016
2455380.6173799997	17.234	0.016
2455382.76365	17.215	0.025
2455385.5507400003	17.223	0.016
2455385.65405	17.229	0.017
2455385.75238	17.213	0.016
2455388.6462	17.25	0.016
2455391.76465	17.244	0.019
2455397.6562200002	17.233	0.023
2455404.79295	17.24	0.024
2455408.7773599997	17.229	0.025
2455413.48455	17.227999999999998	0.02
2455422.5217	17.215	0.017
2455431.66667	17.244	0.023
2455433.65532	17.229	0.027000000000000003
2455439.54805	17.215	0.022000000000000002
2455447.4797799997	17.239	0.019
2455457.52269	17.192	0.015
2455460.54703	17.245	0.023
2455464.60579	17.197	0.024
2455472.56062	17.226	0.019
2455481.52456	17.238	0.027000000000000003
2455483.5139	17.275	0.042
2455490.5008	17.236	0.03
2455606.88302	17.206	0.019
2455612.88691	17.264	0.024
2455615.89573	17.229	0.018000000000000002
2455621.86418	17.233	0.016
2455624.79175	17.24	0.018000000000000002
2455626.88305	17.243	0.017
2455628.7967	17.213	0.019
2455629.87678	17.227999999999998	0.017
2455631.85219	17.207	0.018000000000000002
2455633.80716	17.241	0.016
2455634.88361	17.22	0.018000000000000002
2455637.7943599997	17.213	0.022000000000000002
2455642.80496	17.21	0.019
2455649.85239	17.244	0.015
2455654.83524	17.247	0.015
2455658.89096	17.244	0.017
2455663.7617	17.265	0.018000000000000002
2455668.87924	17.234	0.024
2455675.86305	17.246	0.017
2455680.66352	17.234	0.02
2455683.70269	17.229	0.016
2455686.8681799998	17.207	0.017
2455692.7252	17.230999999999998	0.017
2455694.88069	17.233	0.017
2455697.7401799997	17.234	0.02
2455702.67937	17.183	0.05
2455707.60783	17.22	0.018000000000000002
2455712.6041099997	17.225	0.018000000000000002
2455716.57293	17.246	0.018000000000000002
2455723.57765	17.257	0.019
2455726.58336	17.191	0.025
2455729.7439	17.189	0.042
2455735.7487	17.242	0.018000000000000002
2455737.84301	17.204	0.016
2455740.71658	17.237000000000002	0.016
2455742.7220099997	17.202	0.015
2455745.7686799997	17.223	0.019
2455749.5566	17.235	0.02
2455760.6342599997	17.208	0.022000000000000002
2455765.6072	17.229	0.016
2455769.50339	17.215999999999998	0.017
2455777.7502099997	17.249000000000002	0.017
2455784.57629	17.243	0.02
2455784.6808700003	17.194000000000003	0.032
2455786.56033	17.204	0.023
2455790.63284	17.245	0.023
2455795.57288	17.262999999999998	0.024
2455804.4840700002	17.226	0.017
2455815.54865	17.233	0.017
2455819.58347	17.215999999999998	0.018000000000000002
2455824.5882599996	17.218	0.017
2455829.56415	17.215	0.016
2455834.5173	17.217	0.015
2455841.5589099997	17.252	0.024
2455846.49511	17.264	0.03
2455855.5006	17.249000000000002	0.027000000000000003
2455976.87505	17.26	0.016
2455985.80915	17.222	0.019
2455990.85704	17.248	0.016
2455995.76992	17.232	0.02
2455999.8599	17.227	0.017
2456002.8626099997	17.224	0.018000000000000002
2456003.89502	17.206	0.017
2456007.83512	17.207	0.015
2456010.87316	17.229	0.013000000000000001
2456014.7502900003	17.254	0.017
2456017.74888	17.227	0.013000000000000001
2456019.92946	17.199	0.028999999999999998
2456022.8198599997	17.253	0.017
2456025.74823	17.238	0.02
2456033.7311400003	17.239	0.018000000000000002
2456037.78705	17.219	0.015
2456041.7155299997	17.230999999999998	0.018000000000000002
2456048.819	17.224	0.015
2456051.75974	17.232	0.016
2456057.79282	17.23	0.019
2456058.73645	17.23	0.018000000000000002
2456061.88146	17.209	0.018000000000000002
2456064.87512	17.225	0.016
2456067.63949	17.229	0.015
2456069.73666	17.224	0.013000000000000001
2456071.71117	17.264	0.016
2456076.76425	17.24	0.016
2456078.8900200003	17.206	0.016
2456080.8636	17.236	0.018000000000000002
2456086.64557	17.232	0.016
2456089.6978	17.252	0.015
2456093.8797299997	17.274	0.023
2456097.72057	17.234	0.019
2456100.57608	17.241	0.019
2456102.4948299997	17.267	0.036000000000000004
2456103.80668	17.26	0.015
2456105.73892	17.234	0.016
2456113.7530900002	17.208	0.02
2456115.75483	17.227999999999998	0.019
2456117.7365900003	17.213	0.017
2456119.67828	17.222	0.015
2456121.6867	17.237000000000002	0.013000000000000001
2456124.75502	17.252	0.017
2456127.51008	17.236	0.017
2456132.66	17.215	0.017
2456135.7311299997	17.248	0.017
2456140.7207400003	17.211	0.026000000000000002
2456147.68157	17.227999999999998	0.02
2456151.65094	17.199	0.019
2456158.60816	17.246	0.018000000000000002
2456161.69661	17.268	0.019
2456169.59992	17.219	0.017
2456183.57284	17.208	0.015
2456191.56067	17.236	0.017
2456199.54349	17.252	0.028999999999999998
2456210.54891	17.246	0.018000000000000002
2456217.54236	17.212	0.016
2456347.90061	17.218	0.017
2456363.83267	17.215	0.016
2456371.77556	17.221	0.016
2456372.76846	17.209	0.017
2456375.8692900003	17.243	0.015
2456379.74411	17.215999999999998	0.018000000000000002
2456382.81154	17.206	0.019
2456388.81651	17.245	0.016
2456391.77086	17.235	0.018000000000000002
2456395.88087	17.209	0.013000000000000001
2456398.87765	17.223	0.015
2456401.91788	17.214000000000002	0.013000000000000001
2456404.8982	17.243	0.016
2456409.8202	17.194000000000003	0.024
2456417.78302	17.217	0.015
2456419.9042599997	17.234	0.017
2456423.69936	17.215	0.017
2456426.88639	17.24	0.015
2456431.9435400004	17.23	0.036000000000000004
2456434.71637	17.244	0.016
2456436.7858	17.230999999999998	0.018000000000000002
2456442.6561	17.226	0.016
2456445.73582	17.222	0.017
2456447.7398200002	17.205	0.015
2456449.6582	17.234	0.015
2456451.6002599997	17.246	0.017
2456454.60035	17.201	0.015
2456456.76662	17.256	0.015
2456458.89469	17.206	0.017
2456461.65944	17.23	0.018000000000000002
2456463.8018799997	17.235	0.017
2456469.53334	17.253	0.019
2456473.79597	17.252	0.017
2456475.75167	17.227	0.016
2456477.72744	17.227	0.016
2456480.75041	17.207	0.016
2456485.55	17.23	0.018000000000000002
2456487.6795099997	17.195	0.012
2456490.7552	17.230999999999998	0.015
2456496.57235	17.234	0.025
2456498.76918	17.269000000000002	0.022000000000000002
2456505.5686	17.244	0.017
2456508.7062	17.257	0.016
2456511.69342	17.21	0.015
2456518.60392	17.245	0.015
2456524.62241	17.223	0.017
2456532.51431	17.206	0.015
2456539.50512	17.229	0.016
2456546.54765	17.233	0.018000000000000002
2456560.56131	17.244	0.017
2456567.58621	17.255	0.019
2456576.5125700003	17.494	0.038
2456576.5798400003	17.338	0.044000000000000004
2456741.88462	17.205	0.016
2456742.87765	17.213	0.012
2456745.9270900004	17.26	0.03
2456748.83469	17.213	0.013000000000000001
2456750.9035099996	17.215999999999998	0.013000000000000001
2456754.70515	17.187	0.019
2456756.7015400003	17.214000000000002	0.016
2456758.8384	17.221	0.016
2456760.79269	17.235	0.013000000000000001
2456762.73716	17.23	0.018000000000000002
2456764.7056299997	17.207	0.018000000000000002
2456765.85435	17.215	0.016
2456769.78585	17.245	0.015
2456770.89376	17.221	0.015
2456772.81591	17.217	0.013000000000000001
2456774.7021	17.209	0.015
2456775.91719	17.219	0.015
2456777.8879400003	17.22	0.016
2456790.62539	17.223	0.024
2456791.67716	17.197	0.022000000000000002
2456792.71932	17.203	0.018000000000000002
2456796.77678	17.238	0.02
2456797.87456	17.23	0.02
2456803.72782	17.227	0.015
2456804.73911	17.222	0.015
2456805.8021400003	17.233	0.017
2456807.78375	17.253	0.02
2456808.80728	17.244	0.016
2456809.86075	17.236	0.017
2456810.89247	17.205	0.018000000000000002
2456811.90638	17.242	0.024
2456814.67797	17.215	0.016
2456815.77357	17.232	0.017
2456816.84702	17.244	0.017
2456817.59343	17.227999999999998	0.022000000000000002
2456819.76109	17.201	0.02
2456824.61842	17.227999999999998	0.022000000000000002
2456825.6405	17.236	0.018000000000000002
2456826.65082	17.204	0.016
2456827.74235	17.241	0.017
2456828.78877	17.239	0.016
2456829.76327	17.214000000000002	0.017
2456830.78688	17.227	0.013000000000000001
2456832.54305	17.21	0.017
2456833.61087	17.212	0.018000000000000002
2456834.6179299997	17.221	0.019
2456835.69197	17.245	0.018000000000000002
2456836.72382	17.226	0.019
2456837.7361	17.224	0.017
2456838.73682	17.236	0.017
2456839.75234	17.259	0.019
2456840.80149	17.26	0.022000000000000002
2456842.5526900003	17.208	0.023
2456844.58105	17.215999999999998	0.016
2456845.56977	17.197	0.016
2456847.5617299997	17.222	0.018000000000000002
2456851.52204	17.235	0.02
2456852.58476	17.214000000000002	0.02
2456855.65298	17.199	0.016
2456856.68857	17.215999999999998	0.015
2456857.7370599997	17.222	0.015
2456859.56431	17.221	0.022000000000000002
2456862.7515	17.232	0.018000000000000002
2456864.50592	17.192999999999998	0.018000000000000002
2456870.56307	17.227	0.018000000000000002
2456872.71922	17.24	0.018000000000000002
2456879.61626	17.245	0.024
2456881.58303	17.236	0.02
2456883.49684	17.229	0.018000000000000002
2456885.70215	17.21	0.017
2456887.61142	17.229	0.015
2456889.54614	17.218	0.016
2456890.69825	17.229	0.017
2456895.66482	17.21	0.017
2456909.5054200003	17.236	0.025
2456919.54832	17.226	0.018000000000000002
2456924.50205	17.227	0.019
2456926.6099799997	17.232	0.018000000000000002
2456932.53054	17.227999999999998	0.024
2456936.5263900002	17.212	0.02
2456942.5417299997	17.198	0.019
2457070.85035	17.16	0.016
2457075.88913	17.175	0.018000000000000002
2457078.8903099997	17.167	0.016
2457082.89396	17.16	0.015
2457087.79233	17.191	0.022000000000000002
2457090.85511	17.155	0.016
2457098.77385	17.14	0.017
2457100.91395	17.145	0.016
2457110.8368	17.172	0.013000000000000001
2457113.8431700002	17.115	0.013000000000000001
2457115.8912299997	17.136	0.015
2457117.84578	17.139	0.015
2457119.89461	17.154	0.018000000000000002
2457125.80128	17.111	0.013000000000000001
2457129.75298	17.131	0.015
2457130.9166099997	17.122	0.017
2457132.81039	17.13	0.015
2457134.89883	17.148	0.015
2457136.7648099996	17.14	0.016
2457137.90183	17.142	0.017
2457139.7565099997	17.137	0.015
2457140.88091	17.131	0.016
2457142.7154099997	17.135	0.015
2457143.82222	17.105999999999998	0.015
2457145.78425	17.123	0.016
2457146.81885	17.13	0.018000000000000002
2457147.84003	17.141	0.02
2457153.6883099996	17.118	0.013000000000000001
2457154.777	17.118	0.015
2457155.87172	17.123	0.017
2457157.75785	17.134	0.015
2457158.897	17.132	0.018000000000000002
2457160.61694	17.123	0.019
2457161.69111	17.105	0.013000000000000001
2457162.73699	17.131	0.016
2457163.81175	17.12	0.016
2457164.942	17.124000000000002	0.032
2457168.72818	17.122	0.016
2457169.94577	17.158	0.024
2457172.6244900003	17.123	0.02
2457173.64525	17.141	0.019
2457174.65447	17.125999999999998	0.017
2457175.66833	17.105999999999998	0.017
2457178.64404	17.105	0.016
2457179.62348	17.090999999999998	0.02
2457180.61875	17.113	0.017
2457181.61428	17.119	0.015
2457182.63172	17.124000000000002	0.013000000000000001
2457183.6434400002	17.155	0.017
2457184.67908	17.137999999999998	0.017
2457185.70612	17.119	0.016
2457186.8615	17.133	0.017
2457187.8744200002	17.107	0.016
2457189.57235	17.145	0.016
2457190.6306	17.109	0.016
2457191.80919	17.139	0.018000000000000002
2457194.67587	17.152	0.012
2457197.77438	17.125	0.016
2457198.7993	17.12	0.017
2457199.8015400004	17.1	0.013000000000000001
2457200.78483	17.129	0.016
2457206.65365	17.125999999999998	0.022000000000000002
2457207.68012	17.099	0.018000000000000002
2457209.81644	17.105999999999998	0.025
2457211.80602	17.125	0.02
2457217.55848	17.114	0.019
2457219.72123	17.124000000000002	0.016
2457221.47406	17.12	0.02
2457222.53102	17.123	0.017
2457223.67323	17.115	0.016
2457224.7631200003	17.098	0.018000000000000002
2457226.67395	17.121	0.013000000000000001
2457227.6851	17.102	0.013000000000000001
2457228.74203	17.102999999999998	0.015
2457229.78193	17.137	0.017
2457235.6718599997	17.13	0.019
2457249.57524	17.102999999999998	0.017
2457252.63336	17.113	0.015
2457255.59387	17.081	0.016
2457263.50079	17.09	0.016
2457264.68176	17.097	0.019
2457267.67937	17.072	0.018000000000000002
2457269.66678	17.101	0.015
2457272.51877	17.099	0.019
2457275.6754799997	17.09	0.022000000000000002
2457281.49528	17.054000000000002	0.019
2457292.5850400003	17.046	0.023
2457300.51675	17.024	0.018000000000000002
2457320.52612	16.985	0.024
2457439.83025	16.948	0.018000000000000002
2457446.80725	16.972	0.015
2457451.9048200003	17.014	0.017
2457456.83073	17.008	0.015
2457461.79154	17.007	0.013000000000000001
2457465.83692	17.04	0.015
2457471.77786	17.045	0.018000000000000002
2457474.85622	17.051	0.015
2457484.83318	17.09	0.015
2457486.75613	17.049	0.02
2457487.86389	17.043	0.015
2457489.8519599997	17.061	0.015
2457492.73176	17.055	0.013000000000000001
2457493.72427	17.065	0.015
2457494.7071	17.062	0.015
2457495.69095	17.074	0.018000000000000002
2457495.91159	17.086	0.015
2457498.84218	17.102	0.018000000000000002
2457499.79767	17.079	0.015
2457500.73889	17.074	0.02
2457507.74827	17.096	0.015
2457508.7966400003	17.089000000000002	0.012
2457509.8934299997	17.099	0.015
2457512.8390900004	17.086	0.012
2457522.89982	17.102	0.018000000000000002
2457526.8133	17.073	0.016
2457529.864	17.11	0.027000000000000003
2457534.8119099997	17.08	0.013000000000000001
2457536.8112	17.132	0.015
2457546.6277799997	17.158	0.018000000000000002
2457547.5883400002	17.11	0.02
2457548.6710200002	17.115	0.012
2457549.8415599996	17.112000000000002	0.015
2457550.8201099997	17.122	0.016
2457555.55263	17.095	0.02
2457555.89018	17.12	0.016
2457557.86128	17.122	0.019
2457561.66081	17.114	0.022000000000000002
2457562.65107	17.12	0.019
2457566.84168	17.122	0.024
2457567.78552	17.117	0.017
2457568.78449	17.125	0.018000000000000002
2457569.80195	17.149	0.015
2457575.58927	17.127	0.019
2457575.6033	17.141	0.017
2457576.61296	17.134	0.015
2457579.63398	17.121	0.016
2457584.54357	17.137	0.018000000000000002
2457589.53175	17.102999999999998	0.024
2457590.5520599997	17.124000000000002	0.017
2457593.5146	17.099	0.015
2457596.47686	17.195999999999998	0.013000000000000001
2457600.48558	17.14	0.022000000000000002
2457602.5871099997	17.153	0.017
2457603.6472099996	17.135	0.013000000000000001
2457604.65444	17.148	0.013000000000000001
2457605.69572	17.153	0.016
2457607.6617099997	17.148	0.016
2457609.47947	17.132	0.019
2457610.63774	17.14	0.016
2457612.61714	17.094	0.025
2457616.69746	17.14	0.017
2457618.58489	17.121	0.017
2457621.65656	17.137	0.019
2457623.57887	17.142	0.015
2457625.51395	17.141	0.015
2457630.55125	17.128	0.015
2457632.55795	17.156	0.016
2457635.56171	17.152	0.019
2457637.6446	17.13	0.017
2457644.51965	17.159000000000002	0.023
2457648.57702	17.136	0.018000000000000002
2457653.608	17.146	0.015
2457659.56688	17.117	0.016
2457797.8797299997	17.21	0.022000000000000002
2457802.87764	17.18	0.026000000000000002
2457809.85952	17.266	0.019
2457812.8757	17.197	0.016
2457816.83307	17.197	0.019
2457818.87623	17.223	0.015
2457821.83375	17.203	0.02
2457823.87405	17.212	0.016
2457826.79058	17.226	0.022000000000000002
2457828.80838	17.209	0.02
2457830.8580400003	17.209	0.018000000000000002
2457835.83722	17.232	0.02
2457837.8344900003	17.229	0.017
2457839.83875	17.215999999999998	0.013000000000000001
2457841.83811	17.229	0.019
2457843.78684	17.236	0.017
2457845.72928	17.22	0.02
2457846.88627	17.227	0.016
2457848.8177799997	17.224	0.015
2457850.73585	17.215	0.02
2457851.8621	17.209	0.017
2457854.78837	17.203	0.017
2457856.71294	17.21	0.025
2457858.84905	17.224	0.018000000000000002
2457862.83142	17.254	0.018000000000000002
2457865.73911	17.215999999999998	0.015
2457866.86808	17.204	0.013000000000000001
2457868.79591	17.250999999999998	0.019
2457869.92637	17.205	0.016
2457871.84609	17.209	0.015
2457873.70697	17.219	0.015
2457874.79391	17.239	0.018000000000000002
2457876.6943200002	17.204	0.018000000000000002
2457877.78425	17.202	0.015
2457878.9372	17.175	0.022000000000000002
2457880.7924099998	17.234	0.019
2457882.7472200003	17.208	0.019
2457890.81573	17.227	0.026000000000000002
2457893.88547	17.225	0.019
2457894.8829099997	17.233	0.018000000000000002
2457901.63839	17.241	0.018000000000000002
2457902.75227	17.207	0.016
2457903.91549	17.239	0.02
2457904.9103200003	17.207	0.018000000000000002
2457905.8794299997	17.215999999999998	0.016
2457906.84421	17.221	0.017
2457908.59027	17.244	0.023
2457908.92216	17.202	0.022000000000000002
2457909.85326	17.205	0.016
2457910.77834	17.223	0.017
2457911.64414	17.255	0.022000000000000002
2457916.6935099997	17.202	0.023
2457917.6752400002	17.207	0.018000000000000002
2457923.5599	17.219	0.02
2457924.52716	17.209	0.02
2457924.8692400004	17.242	0.017
2457926.58084	17.223	0.019
2457928.67682	17.237000000000002	0.018000000000000002
2457933.5852200002	17.22	0.02
2457934.59678	17.235	0.017
2457935.6088	17.211	0.016
2457936.59199	17.221	0.017
2457937.58105	17.235	0.018000000000000002
2457938.6049200003	17.223	0.022000000000000002
2457944.7170700002	17.199	0.019
2457945.6281	17.21	0.016
2457946.57194	17.248	0.018000000000000002
2457947.60355	17.214000000000002	0.018000000000000002
2457948.6247	17.218	0.016
2457949.67396	17.189	0.019
2457953.59534	17.22	0.016
2457954.60468	17.223	0.015
2457956.58784	17.232	0.016
2457957.79261	17.238	0.02
2457959.56697	17.215	0.016
2457960.60223	17.221	0.013000000000000001
2457961.65034	17.215999999999998	0.016
2457964.57845	17.243	0.022000000000000002
2457966.5430900003	17.244	0.023
2457971.4792299997	17.262999999999998	0.028999999999999998
2457973.6039	17.219	0.025
2457974.69859	17.245	0.02
2457980.49519	17.262	0.024
2457981.68103	17.219	0.018000000000000002
2457983.6283299997	17.221	0.016
2457985.59153	17.227	0.019
2457987.63364	17.23	0.016
2457991.6152	17.235	0.022000000000000002
2457993.57792	17.211	0.018000000000000002
2457998.54002	17.198	0.018000000000000002
2458001.5147599997	17.203	0.017
2458004.4986099997	17.219	0.02
2458010.50727	17.226	0.02
2458013.5787400003	17.227	0.017
2458017.49954	17.221	0.018000000000000002
2458021.5068900003	17.250999999999998	0.022000000000000002
2458030.52045	17.208	0.018000000000000002
