2455385.54451	17.827	0.023
2455385.64751	17.844	0.023
2455385.74617	17.776	0.022000000000000002
2455639.84143	17.863	0.026000000000000002
2455640.84812	17.803	0.032
2455647.82234	17.798	0.028999999999999998
2455648.7548700003	17.857	0.026000000000000002
2455652.76634	17.846	0.022000000000000002
2455657.81041	17.864	0.022000000000000002
2455660.88302	17.792	0.026000000000000002
2455667.7652	17.846	0.025
2455679.67552	17.82	0.025
2455682.66726	17.809	0.028999999999999998
2455685.85074	17.816	0.02
2455691.71408	17.852	0.026000000000000002
2455694.6036400003	17.727	0.027000000000000003
2455694.60495	17.825	0.03
2455696.80333	17.813	0.027000000000000003
2455698.9317400004	17.843	0.054000000000000006
2455702.6707	17.801	0.05
2455703.79116	17.832	0.039
2455708.81042	17.804000000000002	0.026000000000000002
2455715.6376	17.845	0.025
2455722.5633099996	17.831	0.026000000000000002
2455722.57662	17.833	0.025
2455725.5469	17.83	0.033
2455734.69522	17.857	0.034
2455737.5660599996	17.861	0.025
2455739.7968099997	17.82	0.025
2455741.86555	17.805999999999997	0.023
2455745.50588	17.832	0.03
2455747.78326	17.840999999999998	0.034
2455753.52875	17.767	0.044000000000000004
2455764.63173	17.79	0.022000000000000002
2455768.5787400003	17.817	0.023
2455776.69311	17.813	0.026000000000000002
2455784.56866	17.846	0.064
2455784.67259	17.838	0.032
2455785.49382	17.852999999999998	0.04
2455788.61332	17.835	0.027000000000000003
2455794.5795	17.796	0.026000000000000002
2455801.69623	17.765	0.039
2455806.48848	17.789	0.034
2455806.50632	17.78	0.032
2455806.51786	17.756	0.028999999999999998
2455806.53241	17.805	0.03
2455806.54701	17.808	0.028999999999999998
2455806.56157	17.808	0.04
2455806.60455	17.793	0.03
2455807.54368	17.859	0.03
2455807.55816	17.745	0.032
2455807.5724	17.803	0.034
2455807.6129	17.801	0.033
2455807.61483	17.801	0.034
2455813.56788	17.829	0.026000000000000002
2455818.56261	17.811	0.033
2455823.5671	17.819000000000003	0.033
2455828.5534900003	17.840999999999998	0.025
2455832.57227	17.84	0.03
2455840.5068200002	17.775	0.033
2455844.5597	17.78	0.04
2455851.56171	17.829	0.032
2455983.86662	17.817	0.019
2455989.83633	17.833	0.025
2455994.8387599997	17.861	0.032
2455998.86658	17.814	0.023
2456002.85506	17.829	0.037000000000000005
2456006.87157	17.843	0.02
2456009.9036	17.849	0.022000000000000002
2456013.78585	17.861	0.022000000000000002
2456016.78645	17.832	0.02
2456019.7807400003	17.82	0.025
2456021.9049	17.849	0.023
2456024.8354700003	17.862000000000002	0.025
2456032.8124599997	17.813	0.02
2456036.8381	17.813	0.019
2456040.76747	17.845	0.025
2456047.9031	17.788	0.023
2456050.85088	17.85	0.026000000000000002
2456053.89638	17.833	0.03
2456057.78517	17.828	0.04
2456061.71695	17.859	0.027000000000000003
2456064.66912	17.840999999999998	0.025
2456066.85092	17.854	0.023
2456068.90429	17.867	0.023
2456070.92617	17.8	0.027000000000000003
2456076.5929400004	17.845	0.025
2456078.72827	17.789	0.022000000000000002
2456080.69814	17.789	0.022000000000000002
2456085.84192	17.77	0.033
2456088.62989	17.813	0.02
2456093.69547	17.875999999999998	0.023
2456096.77972	17.788	0.027000000000000003
2456098.8837200003	17.78	0.032
2456101.73282	17.79	0.022000000000000002
2456103.615	17.783	0.023
2456105.56003	17.803	0.028999999999999998
2456113.6075	17.871	0.03
2456115.5518799997	17.817999999999998	0.026000000000000002
2456117.57017	17.847	0.023
2456119.5120599996	17.755	0.028999999999999998
2456121.5185	17.842	0.025
2456124.56352	17.801	0.022000000000000002
2456126.62572	17.826	0.025
2456131.63716	17.824	0.019
2456135.52376	17.772000000000002	0.027000000000000003
2456140.56021	17.829	0.036000000000000004
2456143.69668	17.816	0.039
2456150.68266	17.825	0.027000000000000003
2456157.66625	17.781	0.025
2456161.50637	17.791	0.028999999999999998
2456167.57944	17.817	0.026000000000000002
2456168.60912	17.835	0.026000000000000002
2456175.56265	17.846	0.028999999999999998
2456182.52763	17.807000000000002	0.025
2456190.52099	17.822	0.026000000000000002
2456197.53854	17.837	0.032
2456205.56493	17.824	0.025
2456214.53389	17.789	0.028999999999999998
2456227.53743	17.879	0.052000000000000005
2456344.89326	17.827	0.025
2456353.8487400003	17.826	0.027000000000000003
2456362.82435	17.833	0.023
2456370.7746	17.852	0.022000000000000002
2456374.86732	17.834	0.023
2456378.78327	17.820999999999998	0.022000000000000002
2456381.85375	17.828	0.02
2456387.86251	17.784000000000002	0.022000000000000002
2456390.8326	17.794	0.023
2456395.7168	17.807000000000002	0.025
2456398.70954	17.817999999999998	0.02
2456401.76134	17.812	0.02
2456404.7341400003	17.817	0.023
2456408.72013	17.782	0.053
2456416.9109799997	17.874000000000002	0.022000000000000002
2456419.74134	17.805999999999997	0.022000000000000002
2456422.7543099998	17.838	0.022000000000000002
2456426.6595900003	17.82	0.022000000000000002
2456431.7925400003	17.81	0.023
2456433.84014	17.907	0.019
2456436.60874	17.842	0.032
2456441.87959	17.872	0.036000000000000004
2456444.91573	17.885	0.03
2456447.5710400003	17.789	0.022000000000000002
2456448.88185	17.802	0.027000000000000003
2456450.81962	17.792	0.02
2456452.8258599997	17.828	0.02
2456456.59388	17.815	0.017
2456458.74033	17.835	0.022000000000000002
2456460.80142	17.813	0.019
2456463.62426	17.886	0.032
2456468.64612	17.820999999999998	0.026000000000000002
2456472.8074	17.852999999999998	0.025
2456473.62468	17.822	0.019
2456475.56352	17.817	0.027000000000000003
2456477.5526900003	17.809	0.025
2456480.58029	17.828	0.025
2456484.50011	17.820999999999998	0.026000000000000002
2456487.49051	17.832	0.023
2456490.5827099998	17.808	0.023
2456492.70555	17.785	0.027000000000000003
2456498.60924	17.825	0.022000000000000002
2456504.67276	17.778	0.023
2456508.5457900004	17.817999999999998	0.022000000000000002
2456510.7442400004	17.831	0.03
2456516.5784	17.837	0.025
2456523.67632	17.78	0.032
2456531.54163	17.772000000000002	0.023
2456536.61027	17.855999999999998	0.023
2456545.53317	17.836	0.019
2456558.62831	17.825	0.034
2456565.51747	17.832	0.027000000000000003
2456572.51072	17.771	0.03
2456582.5244299998	17.812	0.03
2456585.55245	17.755	0.042
2456700.86394	17.749000000000002	0.022000000000000002
2456709.82945	17.809	0.025
2456716.83469	17.817999999999998	0.022000000000000002
2456720.81218	17.811	0.026000000000000002
2456723.83911	17.823	0.025
2456726.86338	17.803	0.023
2456729.82094	17.835	0.022000000000000002
2456732.8623900004	17.895	0.034
2456735.7744299998	17.843	0.027000000000000003
2456737.85963	17.795	0.02
2456750.7984599997	17.822	0.023
2456752.8478	17.82	0.02
2456755.91591	17.799	0.02
2456757.89895	17.820999999999998	0.019
2456759.9193599997	17.805	0.019
2456761.85017	17.881	0.025
2456763.84714	17.852999999999998	0.03
2456769.69252	17.805999999999997	0.023
2456770.80328	17.833	0.022000000000000002
2456772.70755	17.81	0.02
2456773.8779	17.893	0.023
2456775.8156	17.828	0.02
2456777.76528	17.801	0.022000000000000002
2456784.9256599997	17.819000000000003	0.033
2456785.91885	17.84	0.026000000000000002
2456789.8330099997	17.858	0.027000000000000003
2456790.92386	17.798	0.028999999999999998
2456792.63728	17.804000000000002	0.037000000000000005
2456796.68555	17.820999999999998	0.028999999999999998
2456797.78538	17.805	0.027000000000000003
2456803.6229	17.85	0.027000000000000003
2456804.63632	17.833	0.025
2456805.6885599997	17.83	0.027000000000000003
2456807.68597	17.845	0.028999999999999998
2456808.6943599996	17.851	0.025
2456809.74875	17.84	0.02
2456810.7932700003	17.849	0.023
2456811.81341	17.82	0.027000000000000003
2456813.9198	17.855999999999998	0.032
2456815.64704	17.820999999999998	0.027000000000000003
2456816.73295	17.862000000000002	0.033
2456817.81242	17.875	0.034
2456819.6729900003	17.817999999999998	0.032
2456823.89091	17.831	0.032
2456825.55142	17.81	0.025
2456826.56238	17.826	0.03
2456827.6079599997	17.869	0.026000000000000002
2456828.65487	17.835	0.022000000000000002
2456829.67133	17.837	0.025
2456830.6974400003	17.859	0.019
2456831.82644	17.857	0.026000000000000002
2456833.51542	17.865	0.042
2456834.5312	17.798	0.03
2456835.58286	17.831	0.027000000000000003
2456836.61936	17.874000000000002	0.034
2456837.62756	17.793	0.025
2456838.62735	17.81	0.027000000000000003
2456839.63994	17.832	0.027000000000000003
2456840.71415	17.81	0.037000000000000005
2456841.80938	17.832	0.034
2456844.49274	17.825	0.032
2456845.48347	17.81	0.027000000000000003
2456847.48728	17.85	0.033
2456847.8053200003	17.814	0.033
2456852.4805799997	17.822	0.042
2456855.5519	17.864	0.033
2456856.5778099997	17.840999999999998	0.023
2456857.64452	17.85	0.022000000000000002
2456858.7025599997	17.828	0.022000000000000002
2456862.66095	17.835	0.028999999999999998
2456863.74163	17.819000000000003	0.026000000000000002
2456865.59961	17.862000000000002	0.028999999999999998
2456872.59384	17.833	0.026000000000000002
2456879.50282	17.76	0.04
2456880.72441	17.819000000000003	0.044000000000000004
2456882.65873	17.833	0.025
2456885.60635	17.826	0.022000000000000002
2456887.49452	17.831	0.026000000000000002
2456888.6787400004	17.808	0.028999999999999998
2456890.61157	17.842	0.03
2456895.57136	17.82	0.022000000000000002
2456918.57885	17.811	0.032
2456923.50358	17.859	0.042
2456926.51763	17.855	0.036000000000000004
2456929.55135	17.799	0.03
2456940.49788	17.839000000000002	0.037000000000000005
2457065.8607900003	17.851	0.032
2457072.8451400003	17.826	0.03
2457077.86174	17.842	0.027000000000000003
2457080.8999400004	17.816	0.03
2457085.90265	17.859	0.025
2457089.84417	17.798	0.027000000000000003
2457092.87099	17.783	0.023
2457097.7691	17.819000000000003	0.025
2457100.7639	17.808	0.027000000000000003
2457109.8834700002	17.777	0.025
2457112.7905	17.823	0.027000000000000003
2457113.75348	17.859	0.025
2457115.76625	17.803	0.028999999999999998
2457117.7560799997	17.844	0.026000000000000002
2457119.8053099997	17.799	0.03
2457125.7067299997	17.828	0.03
2457126.91601	17.805	0.02
2457130.81628	17.813	0.027000000000000003
2457132.71471	17.802	0.025
2457134.7869	17.817999999999998	0.025
2457136.67747	17.857	0.026000000000000002
2457137.78998	17.822	0.019
2457138.91675	17.829	0.025
2457140.7724	17.822	0.023
2457141.90831	17.785999999999998	0.022000000000000002
2457143.7272900003	17.834	0.027000000000000003
2457144.8605299997	17.884	0.034
2457146.7425700002	17.808	0.027000000000000003
2457147.76251	17.803	0.033
2457152.92514	17.834	0.028999999999999998
2457154.6831	17.849	0.023
2457155.75881	17.803	0.022000000000000002
2457157.64831	17.852	0.022000000000000002
2457158.79853	17.848	0.023
2457159.85445	17.838	0.023
2457160.9243799997	17.833	0.025
2457162.64894	17.798	0.026000000000000002
2457163.7028799998	17.839000000000002	0.03
2457164.8552	17.852999999999998	0.026000000000000002
2457166.61762	17.837	0.032
2457166.80153	17.831	0.026000000000000002
2457168.72675	17.849	0.028999999999999998
2457169.70786	17.828	0.022000000000000002
2457169.90199	17.808	0.026000000000000002
2457170.69463	17.823	0.027000000000000003
2457170.88369	17.832	0.028999999999999998
2457172.69692	17.807000000000002	0.027000000000000003
2457172.88755	17.816	0.028999999999999998
2457173.6737599997	17.802	0.026000000000000002
2457173.8692099997	17.875	0.03
2457174.63805	17.812	0.026000000000000002
2457174.81036	17.867	0.032
2457175.5923099997	17.812	0.043
2457178.67297	17.785	0.026000000000000002
2457178.84443	17.828	0.028999999999999998
2457179.63639	17.812	0.033
2457179.80117	17.794	0.03
2457180.58885	17.814	0.028999999999999998
2457180.75188	17.874000000000002	0.028999999999999998
2457180.92394	17.873	0.037000000000000005
2457181.71065	17.859	0.025
2457181.88075	17.775	0.03
2457182.6447	17.796	0.023
2457182.83726	17.816	0.025
2457183.59827	17.83	0.023
2457183.7825599997	17.825	0.026000000000000002
2457184.59091	17.867	0.036000000000000004
2457184.77408	17.885	0.027000000000000003
2457185.5523	17.805999999999997	0.028999999999999998
2457185.7372	17.832	0.026000000000000002
2457186.5885900003	17.814	0.028999999999999998
2457186.86006	17.86	0.028999999999999998
2457187.64079	17.817999999999998	0.025
2457187.82988	17.834	0.025
2457188.61094	17.812	0.025
2457188.79872	17.87	0.028999999999999998
2457189.6655200003	17.802	0.025
2457189.83697	17.813	0.026000000000000002
2457190.62764	17.787	0.025
2457190.8254400003	17.847	0.027000000000000003
2457191.65353	17.83	0.023
2457193.55938	17.8	0.022000000000000002
2457193.60793	17.825	0.022000000000000002
2457193.64219	17.802	0.02
2457193.66469	17.831	0.02
2457193.68545	17.874000000000002	0.02
2457194.63095	17.828	0.022000000000000002
2457197.66353	17.815	0.022000000000000002
2457197.85024	17.817999999999998	0.033
2457198.64316	17.857	0.025
2457198.8305	17.820999999999998	0.039
2457199.6031	17.839000000000002	0.023
2457199.78574	17.816	0.022000000000000002
2457200.54365	17.81	0.025
2457200.7212900002	17.834	0.022000000000000002
2457202.69673	17.814	0.034
2457202.88039	17.851	0.042
2457206.69466	17.89	0.036000000000000004
2457207.49719	17.752	0.028999999999999998
2457207.6630700002	17.817	0.028999999999999998
2457207.85055	17.832	0.042
2457209.75691	17.828	0.03
2457211.53472	17.822	0.03
2457211.71756	17.807000000000002	0.023
2457212.8056099997	17.785999999999998	0.032
2457214.66917	17.819000000000003	0.025
2457217.62286	17.766	0.028999999999999998
2457219.53933	17.846	0.026000000000000002
2457219.73447	17.857	0.026000000000000002
2457220.47477	17.839000000000002	0.03
2457220.62811	17.836	0.019
2457220.80589	17.824	0.023
2457221.6134200003	17.805	0.022000000000000002
2457221.7862	17.815	0.022000000000000002
2457222.57797	17.8	0.026000000000000002
2457222.79384	17.754	0.03
2457223.63233	17.855	0.026000000000000002
2457224.48365	17.769000000000002	0.027000000000000003
2457224.68011	17.799	0.026000000000000002
2457225.5139900004	17.843	0.03
2457226.53112	17.774	0.028999999999999998
2457226.7160900002	17.82	0.022000000000000002
2457227.49962	17.861	0.042
2457227.68364	17.798	0.02
2457228.5016799998	17.883	0.033
2457228.6948599997	17.93	0.036000000000000004
2457229.52932	17.85	0.026000000000000002
2457229.6941400003	17.807000000000002	0.025
2457233.5302	17.767	0.062
2457233.72414	17.827	0.064
2457235.71972	17.843	0.032
2457249.57361	17.838	0.027000000000000003
2457249.71568	17.838	0.037000000000000005
2457252.56457	17.775	0.03
2457253.5059599997	17.865	0.027000000000000003
2457255.47849	17.798	0.025
2457255.6689299997	17.809	0.026000000000000002
2457256.66872	17.84	0.033
2457261.5277299997	17.752	0.036000000000000004
2457263.48286	17.774	0.027000000000000003
2457263.65043	17.817999999999998	0.03
2457264.59746	17.861	0.028999999999999998
2457265.56074	17.825	0.025
2457267.5063099996	17.789	0.028999999999999998
2457268.49735	17.808	0.022000000000000002
2457269.48803	17.796	0.027000000000000003
2457269.67808	17.84	0.026000000000000002
2457270.6163	17.836	0.025
2457271.57933	17.799	0.027000000000000003
2457273.55168	17.801	0.033
2457275.56564	17.802	0.036000000000000004
2457277.52966	17.805	0.026000000000000002
2457278.51318	17.768	0.033
2457281.52592	17.803	0.032
2457284.56988	17.753	0.023
2457295.58691	17.784000000000002	0.03
2457318.50292	17.766	0.032
2457415.8695099996	17.799	0.037000000000000005
2457416.8679400003	17.831	0.043
2457424.859	17.782	0.023
2457425.8541099997	17.761	0.032
2457426.85553	17.796	0.039
2457427.8476400003	17.772000000000002	0.036000000000000004
2457428.84336	17.769000000000002	0.023
2457428.8835	17.765	0.027000000000000003
2457430.8688	17.766	0.02
2457432.84216	17.746	0.025
2457433.84032	17.737000000000002	0.027000000000000003
2457434.8867599997	17.762999999999998	0.027000000000000003
2457436.8539	17.738	0.028999999999999998
2457437.88341	17.756	0.023
2457439.82686	17.739	0.037000000000000005
2457440.83921	17.73	0.025
2457441.8810900003	17.734	0.026000000000000002
2457443.81683	17.683	0.04
2457443.90345	17.734	0.036000000000000004
2457444.81555	17.77	0.036000000000000004
2457445.87858	17.779	0.023
2457446.89054	17.78	0.023
2457447.89854	17.753	0.027000000000000003
2457451.8352	17.784000000000002	0.028999999999999998
2457452.87649	17.742	0.019
2457453.88204	17.721	0.017
2457455.8336099996	17.773	0.023
2457456.83996	17.721	0.023
2457457.83581	17.689	0.025
2457458.8303099996	17.705	0.023
2457460.8309	17.708	0.02
2457461.82989	17.729	0.02
2457462.81677	17.734	0.022000000000000002
2457463.84422	17.738	0.022000000000000002
2457465.78589	17.671	0.02
2457465.91511	17.703	0.025
2457467.84922	17.722	0.022000000000000002
2457470.80528	17.692999999999998	0.025
2457471.7584700002	17.701	0.032
2457471.88932	17.692	0.023
2457472.82738	17.691	0.026000000000000002
2457473.8527599997	17.67	0.027000000000000003
2457474.826	17.685	0.027000000000000003
2457475.75324	17.588	0.037000000000000005
2457475.86375	17.659000000000002	0.033
2457484.80673	17.65	0.023
2457485.91329	17.629	0.02
2457486.7406599997	17.666	0.028999999999999998
2457487.84808	17.651	0.023
2457489.82212	17.66	0.02
2457492.71679	17.615	0.022000000000000002
2457493.7102200002	17.6	0.023
2457493.92991	17.660999999999998	0.036000000000000004
2457494.9183900002	17.590999999999998	0.019
2457495.89704	17.572	0.022000000000000002
2457498.81615	17.567999999999998	0.026000000000000002
2457499.78342	17.584	0.02
2457500.72477	17.559	0.025
2457500.9263400002	17.605	0.027000000000000003
2457508.78098	17.515	0.016
2457509.87755	17.539	0.02
2457512.8228	17.493	0.016
2457522.8840900003	17.384	0.025
2457526.77893	17.33	0.019
2457529.8045099997	17.317999999999998	0.028999999999999998
2457534.78537	17.246	0.015
2457536.78452	17.213	0.017
2457545.92642	17.079	0.017
2457547.56048	17.051	0.019
2457547.90111	17.084	0.019
2457549.82615	17.053	0.013000000000000001
2457550.80469	17.045	0.015
2457555.53437	17.023	0.02
2457555.86568	17.017	0.013000000000000001
2457557.8434099997	17.031	0.016
2457561.62806	17.009	0.015
2457562.61257	17.005	0.016
2457566.81511	17.044	0.017
2457567.7590400004	17.055	0.015
2457568.75789	17.054000000000002	0.016
2457569.77539	17.078	0.016
2457570.73974	17.112000000000002	0.015
2457573.66004	17.121	0.015
2457575.58782	17.123	0.017
2457575.7557099997	17.12	0.013000000000000001
2457576.52091	17.125999999999998	0.015
2457576.5335	17.154	0.016
2457576.71419	17.136	0.015
2457577.53191	17.149	0.017
2457579.71365	17.108	0.013000000000000001
2457582.66109	17.227999999999998	0.019
2457584.54208	17.227	0.017
2457584.68491	17.236	0.019
2457589.4879900003	17.28	0.03
2457589.64807	17.291	0.019
2457589.79833	17.33	0.033
2457590.58908	17.29	0.016
2457590.73605	17.336	0.019
2457593.51314	17.313	0.016
2457593.67888	17.345	0.016
2457595.58	17.319000000000003	0.025
2457599.4750099997	17.373	0.026000000000000002
2457599.50347	17.401	0.022000000000000002
2457599.57095	17.413	0.023
2457599.68025	17.377	0.019
2457599.7201099996	17.398	0.017
2457600.51243	17.404	0.023
2457600.5641	17.393	0.02
2457600.60618	17.357	0.02
2457600.73668	17.397000000000002	0.022000000000000002
2457601.73355	17.424	0.019
2457601.7568200002	17.442999999999998	0.022000000000000002
2457602.58539	17.424	0.019
2457602.7450900003	17.417	0.025
2457603.58266	17.418	0.017
2457603.72299	17.430999999999997	0.017
2457604.54887	17.442	0.019
2457604.6903	17.447	0.016
2457605.53262	17.463	0.017
2457605.69422	17.426	0.019
2457606.70755	17.435	0.023
2457607.61658	17.453	0.019
2457608.4917	17.456	0.02
2457608.69682	17.462	0.017
2457609.56342	17.43	0.019
2457610.607	17.465	0.022000000000000002
2457611.5712099997	17.533	0.025
2457612.53715	17.503	0.022000000000000002
2457612.6785	17.492	0.022000000000000002
2457617.49928	17.528	0.028999999999999998
2457617.66462	17.557000000000002	0.027000000000000003
2457618.55454	17.534000000000002	0.025
2457618.7105400003	17.577	0.033
2457621.55549	17.562	0.02
2457622.4911599997	17.594	0.02
2457622.68542	17.623	0.02
2457623.60165	17.602999999999998	0.02
2457624.52599	17.577	0.02
2457625.49553	17.557000000000002	0.02
2457626.483	17.607	0.023
2457626.67983	17.558	0.023
2457630.65361	17.575	0.022000000000000002
2457631.63059	17.604	0.017
2457632.61598	17.596	0.02
2457633.65609	17.634	0.027000000000000003
2457635.5821700003	17.660999999999998	0.026000000000000002
2457636.62634	17.609	0.023
2457637.6158	17.65	0.026000000000000002
2457639.50446	17.67	0.03
2457643.59025	17.67	0.042
2457644.60683	17.761	0.043
2457647.58084	17.654	0.027000000000000003
2457648.61875	17.669	0.03
2457650.50226	17.673	0.019
2457650.5448	17.687	0.023
2457651.51756	17.698	0.025
2457651.57449	17.705	0.025
2457652.50475	17.695999999999998	0.02
2457652.59639	17.664	0.023
2457653.5041900002	17.72	0.022000000000000002
2457654.5088299997	17.697	0.026000000000000002
2457654.53912	17.701	0.03
2457655.5055299997	17.726	0.025
2457656.50735	17.71	0.026000000000000002
2457656.55438	17.62	0.023
2457657.55779	17.662	0.023
2457658.51387	17.694000000000003	0.025
2457659.51589	17.708	0.027000000000000003
2457660.50591	17.691	0.028999999999999998
2457660.56981	17.729	0.032
2457661.50751	17.723	0.028999999999999998
2457662.50758	17.655	0.028999999999999998
2457662.54134	17.725	0.03
2457664.50629	17.625999999999998	0.028999999999999998
2457665.4894	17.686	0.034
2457665.51314	17.667	0.034
2457666.50849	17.734	0.03
2457666.56833	17.718	0.028999999999999998
2457667.51359	17.76	0.027000000000000003
2457671.49495	17.708	0.03
2457672.4961	17.692999999999998	0.027000000000000003
2457673.50264	17.733	0.03
2457675.5013900003	17.742	0.034
2457682.49854	17.785999999999998	0.03
2457683.49772	17.765	0.036000000000000004
2457791.88311	17.829	0.034
2457792.88588	17.796	0.039
2457793.87736	17.796	0.027000000000000003
2457794.88435	17.796	0.04
2457795.88838	17.84	0.042
2457798.8683700003	17.803	0.027000000000000003
2457800.86117	17.865	0.03
2457802.84105	17.815	0.036000000000000004
2457807.86936	17.838	0.025
2457810.84622	17.788	0.023
2457813.81033	17.801	0.03
2457816.839	17.82	0.026000000000000002
2457818.88198	17.828	0.02
2457821.80973	17.789	0.033
2457823.82055	17.828	0.03
2457825.85269	17.809	0.028999999999999998
2457827.8300400004	17.820999999999998	0.028999999999999998
2457829.82584	17.9	0.039
2457834.82127	17.849	0.027000000000000003
2457835.7579799998	17.82	0.032
2457835.89767	17.813	0.027000000000000003
2457836.85275	17.867	0.026000000000000002
2457837.78664	17.81	0.025
2457837.89585	17.81	0.023
2457838.84212	17.866	0.025
2457839.78169	17.827	0.022000000000000002
2457839.90517	17.826	0.02
2457840.83543	17.849	0.026000000000000002
2457841.7754599997	17.824	0.034
2457841.88515	17.793	0.028999999999999998
2457842.79984	17.812	0.025
2457842.9076799997	17.812	0.025
2457843.8408	17.825	0.025
2457844.75138	17.824	0.025
2457844.86773	17.831	0.028999999999999998
2457845.77513	17.823	0.026000000000000002
2457845.8933200003	17.839000000000002	0.025
2457846.82285	17.864	0.025
2457847.7261	17.842	0.032
2457847.8434599997	17.805	0.025
2457848.73991	17.765	0.03
2457848.8473	17.839000000000002	0.023
2457849.75262	17.814	0.025
2457849.8712	17.842	0.02
2457850.76483	17.843	0.028999999999999998
2457850.8846	17.828	0.022000000000000002
2457851.78253	17.776	0.032
2457851.90437	17.842	0.025
2457852.89099	17.858	0.032
2457854.7008700003	17.789	0.032
2457854.8228	17.816	0.025
2457855.73547	17.852999999999998	0.028999999999999998
2457855.84512	17.828	0.027000000000000003
2457856.74419	17.831	0.04
2457856.85515	17.852999999999998	0.034
2457858.77831	17.779	0.023
2457862.70409	17.793	0.03
2457862.814	17.822	0.028999999999999998
2457863.76056	17.787	0.03
2457863.90814	17.839000000000002	0.026000000000000002
2457864.71759	17.812	0.022000000000000002
2457864.86887	17.833	0.022000000000000002
2457865.7223	17.829	0.023
2457866.71848	17.808	0.023
2457867.7217599996	17.81	0.022000000000000002
2457867.85158	17.79	0.022000000000000002
2457868.7785900002	17.805999999999997	0.027000000000000003
2457868.92473	17.822	0.034
2457869.7774	17.840999999999998	0.022000000000000002
2457869.9094599998	17.829	0.023
2457870.7985799997	17.804000000000002	0.02
2457870.92013	17.823	0.023
2457871.82223	17.802	0.02
2457872.67267	17.784000000000002	0.023
2457872.82403	17.844	0.02
2457873.67495	17.819000000000003	0.023
2457873.78287	17.812	0.02
2457873.91821	17.827	0.023
2457874.7513900003	17.794	0.027000000000000003
2457874.87483	17.785	0.025
2457875.83167	17.805	0.022000000000000002
2457875.93843	17.849	0.052000000000000005
2457876.75653	17.804000000000002	0.023
2457876.8933599996	17.819000000000003	0.026000000000000002
2457877.71672	17.832	0.023
2457877.84968	17.802	0.023
2457878.75536	17.799	0.023
2457878.88961	17.817	0.022000000000000002
2457879.7138799997	17.748	0.032
2457879.8665400003	17.787	0.034
2457880.74251	17.829	0.032
2457880.8714799997	17.778	0.03
2457881.82194	17.81	0.028999999999999998
2457882.6998900003	17.815	0.042
2457882.83005	17.842	0.032
2457883.8001599996	17.762	0.046
2457890.71288	17.83	0.03
2457890.87223	17.85	0.034
2457893.6915599997	17.777	0.032
2457893.82105	17.813	0.027000000000000003
2457893.93	17.832	0.036000000000000004
2457894.67576	17.785999999999998	0.023
2457894.80347	17.813	0.025
2457894.91254	17.809	0.025
2457895.78033	17.784000000000002	0.025
2457897.71741	17.813	0.026000000000000002
2457901.65208	17.829	0.027000000000000003
2457901.80803	17.819000000000003	0.026000000000000002
2457902.64304	17.822	0.034
2457902.77569	17.831	0.023
2457903.81213	17.820999999999998	0.025
2457904.6685200003	17.823	0.022000000000000002
2457904.80014	17.832	0.022000000000000002
2457904.90885	17.823	0.03
2457905.63796	17.794	0.025
2457905.76681	17.824	0.023
2457905.87795	17.819000000000003	0.025
2457906.58635	17.792	0.026000000000000002
2457906.70458	17.832	0.022000000000000002
2457906.82706	17.815	0.025
2457907.69938	17.801	0.026000000000000002
2457907.83068	17.835	0.026000000000000002
2457908.65022	17.85	0.028999999999999998
2457908.7798599997	17.840999999999998	0.028999999999999998
2457908.88905	17.82	0.036000000000000004
2457909.5808200003	17.793	0.034
2457909.70107	17.807000000000002	0.025
2457909.81303	17.82	0.026000000000000002
2457909.91304	17.782	0.033
2457910.5980700003	17.813	0.03
2457910.71716	17.822	0.025
2457910.8516	17.844	0.03
2457911.5762099996	17.852	0.046
2457911.6739	17.834	0.03
2457911.87948	17.762999999999998	0.049
2457916.62282	17.811	0.027000000000000003
2457916.7217900003	17.805999999999997	0.028999999999999998
2457916.82345	17.832	0.03
2457917.54318	17.785	0.037000000000000005
2457917.6576900003	17.819000000000003	0.026000000000000002
2457917.77273	17.8	0.027000000000000003
2457917.87978	17.814	0.037000000000000005
2457918.6540599996	17.802	0.036000000000000004
2457922.63436	17.815	0.026000000000000002
2457923.52725	17.816	0.03
2457923.63393	17.805	0.027000000000000003
2457923.7708400004	17.817999999999998	0.03
2457923.88059	17.809	0.033
2457924.5564099997	17.812	0.027000000000000003
2457924.66198	17.831	0.026000000000000002
2457924.7908	17.817	0.025
2457925.5805599997	17.812	0.03
2457925.70624	17.82	0.025
2457925.83146	17.866	0.032
2457926.5967900003	17.826	0.026000000000000002
2457926.74433	17.840999999999998	0.027000000000000003
2457928.59251	17.823	0.025
2457932.62365	17.814	0.026000000000000002
2457932.7576	17.825	0.028999999999999998
2457933.6145599997	17.805	0.028999999999999998
2457933.73687	17.798	0.026000000000000002
2457934.54966	17.813	0.023
2457934.6856	17.831	0.022000000000000002
2457934.78027	17.798	0.026000000000000002
2457935.51914	17.81	0.026000000000000002
2457935.64854	17.828	0.023
2457935.7609	17.813	0.02
2457936.51188	17.829	0.028999999999999998
2457936.62273	17.84	0.027000000000000003
2457936.7672599996	17.844	0.025
2457937.56385	17.814	0.032
2457937.67501	17.848	0.027000000000000003
2457937.80605	17.840999999999998	0.03
2457938.58773	17.83	0.037000000000000005
2457944.48233	17.783	0.034
2457944.5231	17.797	0.033
2457944.57475	17.840999999999998	0.03
2457944.61492	17.805999999999997	0.027000000000000003
2457944.67478	17.766	0.028999999999999998
2457944.72511	17.777	0.026000000000000002
2457944.7850900004	17.826	0.04
2457945.48988	17.77	0.036000000000000004
2457945.5953900004	17.845	0.025
2457945.70757	17.831	0.023
2457945.8172299997	17.816	0.03
2457946.5386200002	17.817999999999998	0.026000000000000002
2457946.66785	17.839000000000002	0.026000000000000002
2457946.7799299997	17.836	0.03
2457947.52441	17.809	0.032
2457947.63507	17.83	0.028999999999999998
2457948.52345	17.852999999999998	0.025
2457948.65868	17.822	0.03
2457948.79168	17.823	0.03
2457949.58515	17.875	0.032
2457949.70435	17.792	0.039
2457949.70775	17.776	0.036000000000000004
2457952.72745	17.886	0.028999999999999998
2457953.4909	17.887999999999998	0.033
2457953.6322	17.820999999999998	0.025
2457953.75121	17.852999999999998	0.023
2457954.5076200003	17.854	0.025
2457954.65011	17.814	0.02
2457954.788	17.801	0.025
2457956.4908	17.817	0.027000000000000003
2457956.6247400003	17.782	0.022000000000000002
2457956.75206	17.848	0.027000000000000003
2457957.67804	17.839000000000002	0.028999999999999998
2457958.596	17.835	0.028999999999999998
2457958.68447	17.809	0.032
2457958.79366	17.820999999999998	0.036000000000000004
2457959.5487900004	17.816	0.022000000000000002
2457959.6655599996	17.819000000000003	0.022000000000000002
2457959.78309	17.84	0.032
2457960.53528	17.83	0.025
2457960.67122	17.827	0.023
2457961.61368	17.820999999999998	0.023
2457961.7261200002	17.854	0.026000000000000002
2457962.54486	17.855999999999998	0.023
2457963.72103	17.81	0.025
2457964.6110799997	17.799	0.025
2457964.75635	17.767	0.027000000000000003
2457965.68761	17.867	0.026000000000000002
2457966.5616	17.782	0.03
2457966.66491	17.851	0.032
2457967.60108	17.774	0.036000000000000004
2457967.68711	17.859	0.036000000000000004
2457971.4730700003	17.8	0.044000000000000004
2457971.51584	17.844	0.032
2457971.5671599996	17.817	0.032
2457971.60463	17.814	0.033
2457971.65462	17.766	0.027000000000000003
2457971.69537	17.791	0.033
2457972.4737	17.805	0.049
2457972.52758	17.799	0.044000000000000004
2457972.5761599997	17.788	0.036000000000000004
2457972.62084	17.817	0.036000000000000004
2457972.67828	17.798	0.039
2457972.72382	17.812	0.044000000000000004
2457973.5584	17.823	0.042
2457973.68216	17.833	0.04
2457974.54695	17.831	0.026000000000000002
2457974.6630599997	17.852999999999998	0.03
2457975.49603	17.754	0.034
2457979.5435900004	17.811	0.022000000000000002
2457979.6718200003	17.83	0.023
2457980.59647	17.812	0.032
2457981.49444	17.805	0.03
2457981.64806	17.833	0.026000000000000002
2457982.55817	17.838	0.026000000000000002
2457982.66845	17.855	0.027000000000000003
2457983.5967	17.826	0.025
2457984.50713	17.823	0.033
2457984.62283	17.812	0.027000000000000003
2457985.55915	17.845	0.036000000000000004
2457986.51042	17.825	0.022000000000000002
2457986.64825	17.822	0.023
2457987.5754400003	17.843	0.023
2457990.49456	17.839000000000002	0.027000000000000003
2457990.62641	17.833	0.028999999999999998
2457991.54645	17.813	0.03
2457992.47959	17.826	0.025
2457992.60102	17.867	0.028999999999999998
2457993.52896	17.804000000000002	0.026000000000000002
2457993.63916	17.807000000000002	0.028999999999999998
2457994.5729900002	17.845	0.028999999999999998
2457998.4821900004	17.812	0.044000000000000004
2457998.5339099998	17.819000000000003	0.033
2457998.57275	17.820999999999998	0.03
2457998.62629	17.807000000000002	0.039
2458000.5070700003	17.832	0.043
2458000.5507	17.816	0.032
2458000.6071	17.957	0.052000000000000005
2458001.4972	17.839000000000002	0.03
2458001.6069900002	17.863	0.03
2458002.5778099997	17.759	0.066
2458004.4805799997	17.827	0.037000000000000005
2458004.61004	17.833	0.034
2458007.57465	17.852999999999998	0.034
2458008.59227	17.847	0.033
2458011.54268	17.819000000000003	0.04
2458012.55714	17.858	0.027000000000000003
2458013.56098	17.837	0.027000000000000003
2458014.57108	17.813	0.027000000000000003
2458015.57237	17.829	0.03
2458017.48275	17.814	0.033
2458018.5079799998	17.812	0.026000000000000002
2458019.545	17.801	0.025
2458021.48635	17.817	0.036000000000000004
2458026.52783	17.785	0.039
2458029.49567	17.836	0.034
2458030.53428	17.782	0.028999999999999998
2458036.54181	17.778	0.039
2458040.5157	17.823	0.04
