2457179.8061900004	14.797	0.006999999999999999
2457180.79341	14.797	0.006999999999999999
2457181.7935599997	14.786	0.006999999999999999
2457182.7985	14.802	0.006999999999999999
2457183.78742	14.79	0.006999999999999999
2457184.8080599997	14.787	0.006999999999999999
2457185.8004	14.782	0.006999999999999999
2457187.58745	14.81	0.006999999999999999
2457188.60153	14.794	0.006999999999999999
2457189.64668	14.792	0.006999999999999999
2457190.663	14.804	0.006999999999999999
2457191.7982900003	14.815999999999999	0.008
2457194.6214	14.788	0.006999999999999999
2457197.66807	14.802999999999999	0.006999999999999999
2457198.74442	14.800999999999998	0.006999999999999999
2457199.7609099997	14.797	0.006999999999999999
2457200.75703	14.8	0.006999999999999999
2457206.76874	14.804	0.006999999999999999
2457207.74246	14.8	0.006999999999999999
2457211.5531099997	14.800999999999998	0.006999999999999999
2457214.53425	14.811	0.006999999999999999
2457220.61579	14.800999999999998	0.006999999999999999
2457622.54823	14.475	0.006
2457623.69378	14.459000000000001	0.006
2457625.63116	14.47	0.006
2457630.61297	14.501	0.006
2457632.59055	14.501	0.006
2457635.58743	14.520999999999999	0.006999999999999999
2457639.50979	14.533	0.006999999999999999
2457821.88086	14.790999999999999	0.008
2457823.83429	14.795	0.006999999999999999
2457824.90263	14.785	0.006999999999999999
2457826.82492	14.782	0.008
2457827.8862799997	14.79	0.006999999999999999
2457829.8396	14.792	0.006999999999999999
2457834.8091700003	14.807	0.006999999999999999
2457835.7615900002	14.790999999999999	0.008
2457835.90178	14.795	0.006999999999999999
2457836.8609	14.796	0.006999999999999999
2457837.81068	14.785	0.006999999999999999
2457838.7592700003	14.806	0.008
2457839.7680900004	14.802	0.006999999999999999
2457840.78625	14.800999999999998	0.006999999999999999
2457841.81233	14.8	0.008
2457842.8059900003	14.777999999999999	0.006999999999999999
2457843.80406	14.794	0.006999999999999999
2457844.81234	14.796	0.008
2457845.80548	14.793	0.006999999999999999
2457846.8002299997	14.793	0.006999999999999999
2457847.77696	14.812000000000001	0.006999999999999999
2457848.7625599997	14.780999999999999	0.008
2457849.75692	14.789000000000001	0.006999999999999999
2457850.73796	14.811	0.008
2457850.92298	14.794	0.008
2457851.9077	14.79	0.006999999999999999
2457854.7573700002	14.782	0.006999999999999999
2457855.74351	14.79	0.006999999999999999
2457856.7163	14.808	0.008
2457856.9072	14.807	0.008
2457869.68189	14.802	0.006999999999999999
2457870.73284	14.789000000000001	0.006999999999999999
2457871.77874	14.795	0.006999999999999999
2457872.849	14.81	0.006999999999999999
2457873.87548	14.799000000000001	0.006999999999999999
2457874.87893	14.795	0.006999999999999999
2457876.8667099997	14.796	0.006999999999999999
2457877.8684	14.802999999999999	0.006999999999999999
2457879.66876	14.800999999999998	0.008
2457880.7345	14.802	0.006999999999999999
2457881.8624299997	14.785	0.006999999999999999
2457882.90042	14.807	0.006999999999999999
2457893.66752	14.794	0.006999999999999999
2457893.93431	14.834000000000001	0.008
2457894.85835	14.798	0.006999999999999999
2457901.6282200003	14.806	0.006999999999999999
2457902.6777	14.795	0.006999999999999999
2457903.81869	14.796	0.006999999999999999
2457904.7467	14.806	0.006999999999999999
2457905.65886	14.806	0.006999999999999999
2457906.59218	14.797	0.006999999999999999
2457906.86512	14.800999999999998	0.006999999999999999
2457908.74088	14.795	0.006999999999999999
2457909.6499099997	14.790999999999999	0.006999999999999999
2457910.7234	14.807	0.006999999999999999
2457916.6452099998	14.782	0.006999999999999999
2457916.8783	14.793	0.008
2457917.77539	14.8	0.006999999999999999
2457922.5707099997	14.769	0.01
2457923.6242400003	14.806	0.006999999999999999
2457924.54629	14.792	0.006999999999999999
2457924.81182	14.808	0.006999999999999999
2457925.7842900003	14.809000000000001	0.008
2457926.7513599996	14.796	0.006999999999999999
2457933.56403	14.815999999999999	0.01
2457934.55593	14.800999999999998	0.006999999999999999
2457934.81776	14.8	0.006999999999999999
2458189.79912	14.79	0.006999999999999999
2458190.9021	14.8	0.006999999999999999
2458192.89675	14.819	0.006999999999999999
