2457450.8749599997	16.252	0.016
2457862.8837	15.635	0.011000000000000001
2457865.71472	15.663	0.01
2457866.75396	15.662	0.011000000000000001
2457867.8133400003	15.669	0.01
2457869.78431	15.695	0.011000000000000001
2457870.84852	15.714	0.011000000000000001
2457871.91604	15.732999999999999	0.011000000000000001
2457873.69656	15.731	0.011000000000000001
2457874.70144	15.753	0.012
2457876.68236	15.758	0.012
2457877.6894	15.767999999999999	0.011000000000000001
2457878.75965	15.77	0.011000000000000001
2457879.7648400003	15.787	0.012
2457880.8522200002	15.774000000000001	0.013999999999999999
2457882.7329599997	15.812999999999999	0.012
2457890.7376099997	15.868	0.012
2457893.78198	15.899000000000001	0.012
2457894.6938400003	15.897	0.011000000000000001
2457902.79538	15.959000000000001	0.012
2457903.93901	15.984000000000002	0.018000000000000002
2457904.8544900003	15.953	0.012
2457905.77378	15.953	0.012
2457906.6968	15.985999999999999	0.012
2457908.55446	16.015	0.018000000000000002
2457908.84692	16.012	0.013999999999999999
2457909.75696	15.972999999999999	0.012
2457910.54704	15.998	0.016
2457910.83024	15.994000000000002	0.013999999999999999
2457911.81582	16.006	0.016
2457916.74105	16.027	0.013999999999999999
2457917.61521	16.052	0.015
2457917.86856	16.017	0.013999999999999999
2457922.68144	16.067999999999998	0.013999999999999999
2457923.7475099997	16.076	0.018000000000000002
2457924.63966	16.059	0.012
2457925.60291	16.07	0.015
2457926.56493	16.069000000000003	0.013999999999999999
2457928.59551	16.097	0.015
2457932.79158	16.098	0.015
2457933.6701700003	16.092	0.015
2457934.6882599997	16.118	0.013999999999999999
2458193.8604099997	16.29	0.015
2458195.8251900002	16.281	0.016
2458197.75295	16.287	0.015
2458198.84088	16.278	0.013999999999999999
2458200.7905	16.285	0.015
2458201.87117	16.301	0.015
2458203.7554900004	16.295	0.013999999999999999
2458204.81262	16.285	0.016
2458205.8953400003	16.314	0.015
2458207.77182	16.28	0.015
2458208.81303	16.284000000000002	0.015
2458209.85595	16.282	0.015
2458210.87379	16.285999999999998	0.015
2458211.90416	16.26	0.015
2458212.91127	16.250999999999998	0.013999999999999999
2458214.798	16.299	0.02
2458215.84179	16.31	0.015
2458220.78445	16.29	0.016
2458221.84458	16.269000000000002	0.013999999999999999
2458222.8953	16.276	0.015
2458224.7628599997	16.27	0.015
2458226.85875	16.267	0.015
2458227.88994	16.27	0.013999999999999999
2458229.70577	16.295	0.013999999999999999
2458230.73467	16.273	0.013999999999999999
2458232.87626	16.281	0.013999999999999999
2458236.7403	16.257	0.013999999999999999
2458238.87464	16.281	0.016
2458244.8308	16.292	0.015
2458245.90644	16.304000000000002	0.018000000000000002
2458246.91805	16.311	0.019
2458247.86076	16.285999999999998	0.015
2458249.72821	16.281	0.015
2458250.68858	16.295	0.013999999999999999
2458250.93422	16.291	0.018000000000000002
2458251.8774900003	16.273	0.013999999999999999
2458253.73353	16.269000000000002	0.013999999999999999
2458254.7909	16.281	0.013999999999999999
2458255.76773	16.269000000000002	0.013999999999999999
2458256.69233	16.292	0.019
2458257.62768	16.324	0.018000000000000002
2458257.904	16.274	0.015
2458259.62736	16.297	0.013999999999999999
2458259.9300599997	16.27	0.015
2458261.7371799997	16.277	0.013999999999999999
2458262.7338400004	16.254	0.013999999999999999
2458263.6726	16.276	0.013999999999999999
2458264.70615	16.274	0.015
2458265.6181900003	16.319000000000003	0.019
2458266.61584	16.327	0.025
2458271.75615	16.274	0.019
2458272.70933	16.292	0.015
2458273.6948	16.279	0.013999999999999999
2458274.6729200003	16.282	0.016
2458275.6934700003	16.313	0.013999999999999999
2458276.6713400004	16.29	0.013999999999999999
2458277.70194	16.297	0.013999999999999999
2458278.6490599997	16.287	0.013999999999999999
2458282.63469	16.298	0.013999999999999999
2458283.62968	16.287	0.015
2458283.91011	16.282	0.016
2458284.63146	16.305	0.015
2458284.91034	16.314	0.018000000000000002
2458286.63075	16.285999999999998	0.013999999999999999
2458287.64072	16.277	0.013999999999999999
2458288.63195	16.304000000000002	0.015
2458289.62289	16.287	0.013999999999999999
2458290.63747	16.293	0.015
2458291.68147	16.27	0.015
2458292.63806	16.292	0.018000000000000002
2458301.52594	16.275	0.021
2458381.52235	16.301	0.02
2458383.5852099997	16.269000000000002	0.019
2458390.56019	16.250999999999998	0.016
