2456500.7908799998	16.21	0.018000000000000002
2456507.7911	16.182000000000002	0.021
2456510.77798	16.156	0.015
2456515.76489	16.187	0.013999999999999999
2456516.73001	16.195	0.015
2456520.57025	16.224	0.017
2456520.62596	16.202	0.015
2456521.62042	16.205	0.021
2456524.70574	16.199	0.018000000000000002
2456529.7087	16.188	0.019
2456532.7021	16.203	0.015
2456538.6447400004	16.22	0.013999999999999999
2456548.52042	16.19	0.017
2456793.80905	16.174	0.015
2456829.90531	16.162	0.022000000000000002
2456838.8785599996	16.164	0.021
2456845.86193	16.17	0.018000000000000002
2456848.67564	16.183	0.015
2456859.8048400003	16.16	0.019
2456886.73722	16.147000000000002	0.021
2456890.72845	16.207	0.019
2456896.70562	16.21	0.021
2456910.66194	16.206	0.022000000000000002
2456922.64468	16.169	0.018000000000000002
2456925.6439900002	16.183	0.019
2456928.63105	16.18	0.019
2456937.58949	16.169	0.019
2457148.8191299997	16.197	0.017
2457203.75929	16.176	0.017
2457230.704	16.185	0.017
2457255.69749	16.177	0.017
2457264.67137	16.199	0.018000000000000002
2457267.6686400003	16.194000000000003	0.015
2457269.61499	16.173	0.013999999999999999
2457271.6216	16.165	0.015
2457277.57212	16.177	0.017
2457286.5666799997	16.183	0.019
2457287.56635	16.177	0.025
2457293.58673	16.205	0.015
2457312.55691	16.17	0.017
2457313.54772	16.17	0.018000000000000002
2457476.8719099998	16.102	0.013999999999999999
2457610.7546	15.652000000000001	0.011000000000000001
2457624.71145	15.642000000000001	0.012
2457626.7075900002	15.649000000000001	0.011000000000000001
2457630.69387	15.683	0.011000000000000001
2457632.6848400002	15.697000000000001	0.011000000000000001
2457633.68164	15.683	0.013999999999999999
2457637.66877	15.718	0.012
2457647.64805	15.807	0.017
2457649.6433099997	15.805	0.012
2457650.6354799997	15.792	0.013999999999999999
2457652.62857	15.815999999999999	0.012
2457655.6220299997	15.847999999999999	0.015
2457659.6179299997	15.884	0.013999999999999999
2457661.61136	15.874	0.013999999999999999
2457662.60129	15.901	0.013999999999999999
2457667.58997	15.924000000000001	0.012
2457671.5771	15.939	0.017
2457672.59458	15.927999999999999	0.013999999999999999
2457681.54812	16.008	0.013999999999999999
2457682.5479099997	15.959000000000001	0.013999999999999999
2457683.5465700002	16.004	0.013999999999999999
2457689.53168	16.012999999999998	0.013999999999999999
2457690.52917	16.049	0.015
2457691.5318	16.032	0.013999999999999999
2457935.851	16.183	0.013999999999999999
2457948.7338799997	16.162	0.018000000000000002
2457979.69782	16.174	0.015
2457980.70667	16.177	0.018000000000000002
2457981.7088900004	16.204	0.018000000000000002
2457982.6987	16.16	0.017
2457983.70933	16.183	0.017
2457984.69999	16.180999999999997	0.015
2457986.6943599996	16.145	0.015
2457987.69332	16.180999999999997	0.013999999999999999
2457990.6866599997	16.18	0.018000000000000002
2457991.68477	16.176	0.017
2457992.67587	16.168	0.017
2457993.67826	16.184	0.018000000000000002
2457994.6768400003	16.19	0.017
2458001.65169	16.179000000000002	0.017
2458003.6376400003	16.185	0.019
2458004.64083	16.179000000000002	0.017
2458007.63978	16.185	0.017
2458010.62399	16.171	0.018000000000000002
2458011.61944	16.169	0.017
2458012.6194	16.177	0.015
2458013.5940400003	16.183	0.017
2458013.62065	16.185	0.017
2458013.62433	16.177	0.017
2458014.6065599998	16.148	0.017
2458014.63035	16.179000000000002	0.017
2458015.5868599997	16.183	0.015
2458017.5874900003	16.195	0.018000000000000002
2458017.59528	16.182000000000002	0.017
2458017.6159200002	16.167	0.017
2458018.58468	16.187	0.015
2458018.6137099997	16.172	0.015
2458020.58754	16.169	0.015
2458020.6166	16.175	0.017
2458021.59439	16.160999999999998	0.017
2458021.61584	16.173	0.017
2458026.59546	16.152	0.022000000000000002
2458027.59796	16.2	0.024
2458029.5928599997	16.191	0.019
2458030.5852200002	16.165	0.017
2458032.52512	16.174	0.021
2458033.51068	16.169	0.018000000000000002
2458033.5704900003	16.174	0.021
2458036.51267	16.163	0.019
2458040.5871200003	16.197	0.019
2458041.54825	16.16	0.018000000000000002
2458045.5225	16.152	0.019
2458047.51456	16.186	0.018000000000000002
2458048.54794	16.180999999999997	0.012
2458055.5438200003	16.188	0.018000000000000002
2458056.5353099997	16.164	0.018000000000000002
2458705.5377700003	16.169	0.017
2458705.7391	16.201	0.021
2458732.54772	16.22	0.019
