2456438.7724200003	18.035	0.075
2456467.76755	18.059	0.08
2456521.58278	17.996	0.057999999999999996
2456522.59466	18.078	0.062
2456766.91193	18.186	0.049
2456767.9236	18.067	0.049
2456793.7779900003	17.949	0.059000000000000004
2456794.7894900003	18.076	0.08
2456795.7644700003	18.051	0.049
2456849.70566	18.155	0.142
2456877.62547	18.102999999999998	0.077
2456931.5348799997	18.147000000000002	0.059000000000000004
2457060.85782	18.201	0.063
2457062.8511799998	18.073	0.055999999999999994
2457064.84541	18.019000000000002	0.055999999999999994
2457067.83194	18.079	0.066
2457068.85323	18.083	0.051
2457070.82718	18.044	0.049
2457072.81208	18.055	0.063
2457074.8215799998	18.111	0.07
2457076.81658	18.085	0.052000000000000005
2457077.81021	18.067999999999998	0.068
2457078.81128	18.154	0.061
2457079.78232	17.977999999999998	0.066
2457080.7817	18.147000000000002	0.075
2457082.77915	18.038	0.065
2457083.79057	18.061	0.057999999999999996
2457085.75287	18.137999999999998	0.07
2457087.7476	18.012	0.07200000000000001
2457088.7608	18.066	0.059000000000000004
2457089.76816	18.102	0.063
2457091.75972	18.115	0.076
2457092.76597	18.094	0.055999999999999994
2457093.7544299997	17.921	0.051
2457097.7497799997	17.994	0.045
2457098.75584	18.033	0.055
2457100.7377299997	18.076	0.055999999999999994
2457108.7348	18.054000000000002	0.065
2457109.69829	17.984	0.055999999999999994
2457110.71974	17.965999999999998	0.044000000000000004
2457113.69619	18.132	0.065
2457114.69905	18.096	0.055
2457115.7001900002	18.000999999999998	0.055999999999999994
2457117.67974	18.17	0.09300000000000001
2457119.69018	18.089000000000002	0.083
2457125.68137	18.062	0.055
2457127.66748	18.11	0.061
2457130.64938	18.102999999999998	0.055999999999999994
2457131.65067	18.092	0.055999999999999994
2457132.64323	18.09	0.065
2457134.62455	18.162	0.075
2457135.64351	18.029	0.054000000000000006
2457136.63665	18.095	0.048
2457137.63107	18.007	0.045
2457138.61497	18.118	0.076
2457139.6042400002	18.052	0.075
2457140.6136	18.111	0.073
2457141.59815	18.061	0.055999999999999994
2457142.62992	18.047	0.052000000000000005
2457143.61073	18.063	0.069
2457144.60281	18.205	0.107
2457146.5996	18.128	0.092
2457147.60135	18.107	0.08900000000000001
2457148.74488	18.099	0.057999999999999996
2457150.63422	18.147000000000002	0.08199999999999999
2457150.76817	18.098	0.061
2457151.85427	18.174	0.077
2457153.58619	17.974	0.049
2457155.59614	18.135	0.068
2457156.57252	17.957	0.052000000000000005
2457157.58629	18.105999999999998	0.062
2457158.56371	18.132	0.065
2457159.56929	17.921	0.055
2457160.55152	17.97	0.069
2457161.57618	17.985	0.052000000000000005
2457162.56103	18.055999999999997	0.059000000000000004
2457163.5501900003	18.189	0.084
2457164.58975	18.045	0.055
2457166.5501900003	17.944000000000003	0.066
2457169.5525	18.042	0.062
2457170.52386	17.993	0.062
2457173.51934	18.01	0.09300000000000001
2457174.52374	17.995	0.094
2457175.52825	18.067999999999998	0.10400000000000001
2457179.52017	18.028	0.062
2457180.5189900002	18.053	0.059000000000000004
2457181.50653	18.053	0.07200000000000001
2457182.51656	17.96	0.048
2457183.5024	18.012999999999998	0.08
2457184.54998	18.234	0.08900000000000001
2457185.50869	18.015	0.069
2457186.49988	18.055999999999997	0.08900000000000001
2457187.50643	18.127	0.073
2457189.49769	18.055	0.059000000000000004
2457190.48917	18.051	0.073
2457191.48605	18.146	0.10800000000000001
2457194.47997	18.055999999999997	0.049
2457197.48504	18.067999999999998	0.07200000000000001
2457203.72401	18.067	0.075
2457204.71446	18.054000000000002	0.07
2457205.71104	18.19	0.08900000000000001
2457230.6499400004	18.055999999999997	0.059000000000000004
2457260.58605	18.067	0.073
2457286.51526	18.345	0.111
2457287.5214299997	18.021	0.083
2457413.86014	18.222	0.125
2457425.82216	18.037	0.061
2457431.81498	18.029	0.061
2457434.8252	18.127	0.075
2457438.80519	18.014	0.054000000000000006
2457440.80306	18.063	0.062
2457443.80768	17.985	0.059000000000000004
2457446.79	18.105999999999998	0.054000000000000006
2457449.78655	18.026	0.055
2457450.82857	18.066	0.062
2457458.76588	17.987000000000002	0.055999999999999994
2457461.7651299997	18.034000000000002	0.047
2457466.75496	18.259	0.086
2457470.72	18.042	0.083
2457474.72499	18.066	0.09
2457479.77653	18.115	0.07200000000000001
2457485.67692	17.992	0.061
2457500.66207	17.952	0.083
2457560.72466	18.077	0.07200000000000001
2457568.54485	18.154	0.073
2457795.82405	17.578	0.066
2457803.81022	17.637999999999998	0.038
2457824.77518	17.577	0.045
2457838.70624	17.567	0.04
2457846.73583	17.553	0.037000000000000005
2457909.5251	17.577	0.054000000000000006
2458162.82472	17.93	0.045
2458214.82065	18.047	0.076
2458270.89873	18.035	0.09300000000000001
2458514.87019	18.059	0.047
2458532.82502	18.004	0.068
2458548.79445	17.995	0.048
2458566.74418	18.105	0.059000000000000004
2458575.71703	18.092	0.07200000000000001
2458587.65167	17.972	0.059000000000000004
2458595.87304	17.916	0.079
2458617.61112	18.168	0.061
2458618.6036900003	18.008	0.055999999999999994
2458640.5397799998	18.078	0.062
2458649.79567	18.079	0.121
2458661.49962	17.980999999999998	0.063
2458707.5115900002	17.967	0.10400000000000001
2458734.5584400003	18.213	0.079
