2456438.7642599996	15.857999999999999	0.015
2456465.73918	15.812999999999999	0.013000000000000001
2456467.75944	15.825	0.016
2456494.67765	15.873	0.018000000000000002
2456520.54103	15.819	0.015
2456521.57234	15.899000000000001	0.016
2456522.5846	15.867	0.015
2456739.91601	15.847999999999999	0.013000000000000001
2456766.9030400002	15.828	0.012
2456767.9155599996	15.857999999999999	0.012
2456793.77049	15.835	0.015
2456795.7569	15.852	0.013000000000000001
2456803.61936	15.81	0.015
2456822.7986	15.780999999999999	0.023
2456849.69801	15.78	0.021
2456877.60714	15.856	0.017
2456904.58153	15.828	0.017
2456931.52768	15.853	0.015
2457060.85032	15.831	0.015
2457061.83566	15.834000000000001	0.015
2457062.84406	15.844000000000001	0.015
2457063.81818	15.833	0.016
2457064.83805	15.844000000000001	0.015
2457065.82692	15.835	0.015
2457066.8536799997	15.802	0.015
2457067.82461	15.84	0.015
2457068.84595	15.850999999999999	0.013000000000000001
2457069.83626	15.842	0.013000000000000001
2457070.8199299998	15.841	0.013000000000000001
2457072.80418	15.823	0.016
2457074.81434	15.819	0.016
2457075.8102700002	15.833	0.016
2457076.80923	15.82	0.013000000000000001
2457077.8028599997	15.829	0.015
2457078.78765	15.823	0.015
2457079.77515	15.817	0.017
2457080.77456	15.824000000000002	0.016
2457082.77195	15.831	0.015
2457083.78327	15.856	0.015
2457084.7726	15.835	0.015
2457085.74536	15.839	0.015
2457086.7932700003	15.847000000000001	0.015
2457087.74023	15.835	0.015
2457089.76085	15.839	0.015
2457090.77555	15.819	0.016
2457091.7521900004	15.859000000000002	0.016
2457092.75859	15.842	0.015
2457093.74701	15.853	0.015
2457097.74244	15.825999999999999	0.013000000000000001
2457098.74855	15.828	0.015
2457100.73031	15.845999999999998	0.015
2457108.7258599997	15.828	0.016
2457110.7121200003	15.845999999999998	0.013000000000000001
2457111.71533	15.831	0.013000000000000001
2457112.71508	15.831	0.016
2457113.68877	15.832	0.015
2457115.66922	15.837	0.016
2457117.67203	15.794	0.018000000000000002
2457118.69577	15.850999999999999	0.016
2457119.68278	15.828	0.016
2457125.66812	15.842	0.015
2457129.67091	15.819	0.015
2457130.64197	15.889000000000001	0.015
2457131.64333	15.83	0.015
2457132.63586	15.837	0.016
2457134.61693	15.841	0.016
2457135.63584	15.841	0.013000000000000001
2457136.6286400002	15.839	0.013000000000000001
2457137.5994	15.86	0.015
2457138.6074	15.81	0.015
2457139.59688	15.815999999999999	0.016
2457140.60598	15.839	0.015
2457141.5893200003	15.83	0.015
2457142.62255	15.825999999999999	0.015
2457143.60325	15.855	0.016
2457144.59537	15.835999999999999	0.017
2457146.59212	15.839	0.017
2457147.59394	15.796	0.018000000000000002
2457148.73725	15.822000000000001	0.015
2457150.58341	15.828	0.017
2457150.76088	15.843	0.015
2457152.74752	15.827	0.015
2457153.57881	15.845	0.015
2457155.58865	15.815999999999999	0.015
2457156.56498	15.818	0.015
2457157.57765	15.844000000000001	0.015
2457158.55522	15.862	0.016
2457159.56131	15.842	0.016
2457160.54398	15.837	0.017
2457161.5682099997	15.855	0.015
2457163.60067	15.811	0.016
2457166.54278	15.835	0.018000000000000002
2457169.54508	15.886	0.016
2457170.55926	15.824000000000002	0.016
2457172.54648	15.850999999999999	0.02
2457173.50861	15.834000000000001	0.017
2457203.71654	15.818	0.017
2457204.70708	15.833	0.016
2457205.7033599997	15.832	0.017
2457207.46638	15.852	0.016
2457230.64225	15.849	0.015
2457260.5787	15.854000000000001	0.017
2457286.50801	15.843	0.017
2457287.51208	15.835	0.018000000000000002
2457413.85297	15.850999999999999	0.017
2457425.81497	15.844000000000001	0.015
2457427.83211	15.847999999999999	0.016
2457433.8039599997	15.849	0.015
2457436.79801	15.85	0.015
2457439.81126	15.842	0.015
2457442.7939400002	15.806	0.015
2457445.80457	15.832	0.015
2457449.77913	15.882	0.015
2457453.76787	15.814	0.012
2457461.75666	15.847999999999999	0.013000000000000001
2457466.7475799997	15.833	0.016
2457473.72902	15.823	0.018000000000000002
2457479.76918	15.847999999999999	0.016
2457485.66957	15.852	0.016
2457500.65448	15.824000000000002	0.017
2457560.7163400003	15.839	0.017
2457568.4769200003	15.825999999999999	0.016
2457584.4912	15.829	0.016
2457794.83673	15.536	0.015
2457802.81864	15.567	0.013000000000000001
2457824.76795	15.667	0.015
2457834.7826900003	15.669	0.015
2457843.73193	15.652000000000001	0.013000000000000001
2457852.70477	15.66	0.016
2457908.52819	15.675999999999998	0.016
2458175.8036599997	15.83	0.013000000000000001
2458216.89602	15.833	0.015
2458513.87324	15.815	0.013000000000000001
2458532.8133	15.856	0.017
2458543.90255	15.864	0.015
2458552.79128	15.856	0.016
2458561.76309	15.850999999999999	0.015
2458567.74639	15.84	0.013000000000000001
2458577.70348	15.825	0.016
2458592.72054	15.882	0.017
2458627.57901	15.847999999999999	0.013000000000000001
2458641.54014	15.878	0.017
2458656.5258	15.905	0.013000000000000001
2458707.50315	15.839	0.02
