2456393.67073	16.709	0.02
2456438.73637	16.711	0.022000000000000002
2456465.71507	16.725	0.022000000000000002
2456467.73591	16.757	0.028999999999999998
2456494.6538299997	16.729	0.033
2456520.5167099996	16.669	0.023
2456521.5479599996	16.711	0.022000000000000002
2456522.5594	16.711	0.022000000000000002
2456739.89329	16.683	0.017
2456740.9103599996	16.695	0.017
2456766.87921	16.675	0.017
2456767.89269	16.674	0.017
2456773.67285	16.719	0.018000000000000002
2456789.6252	16.671	0.025
2456793.74878	16.646	0.023
2456795.7351900004	16.66	0.02
2456803.59805	16.633	0.021
2456814.5532299997	16.593	0.023
2456822.77704	16.586	0.027000000000000003
2456824.53573	16.589000000000002	0.022000000000000002
2456850.49952	16.402	0.025
2456877.57913	15.841	0.016
2456904.55937	16.113	0.022000000000000002
2456905.52599	16.186	0.027000000000000003
2456932.50229	16.585	0.027000000000000003
2457053.87913	16.695999999999998	0.022000000000000002
2457057.8902	16.695	0.027999999999999997
2457060.82938	16.722	0.022000000000000002
2457061.8146599997	16.701	0.022000000000000002
2457062.82325	16.715	0.021
2457063.79713	16.73	0.027999999999999997
2457064.81713	16.694000000000003	0.023
2457065.80527	16.667	0.02
2457066.83278	16.708	0.021
2457067.8037	16.666	0.022000000000000002
2457068.82399	16.705	0.02
2457069.81537	16.660999999999998	0.018000000000000002
2457070.79721	16.7	0.018000000000000002
2457071.81982	16.697	0.018000000000000002
2457072.79188	16.692	0.022000000000000002
2457074.79341	16.711	0.026000000000000002
2457075.7872	16.677	0.022000000000000002
2457076.7873	16.711	0.021
2457077.78192	16.709	0.021
2457078.76715	16.69	0.021
2457079.75094	16.637999999999998	0.027999999999999997
2457080.75395	16.697	0.022000000000000002
2457081.76936	16.718	0.026000000000000002
2457082.75142	16.711	0.025
2457083.76247	16.683	0.023
2457084.75207	16.715999999999998	0.022000000000000002
2457085.72409	16.678	0.022000000000000002
2457086.76918	16.697	0.023
2457087.71913	16.703	0.023
2457088.75305	16.714000000000002	0.022000000000000002
2457089.73992	16.678	0.021
2457091.73126	16.703	0.023
2457092.73752	16.692999999999998	0.021
2457093.7265	16.711	0.021
2457097.72187	16.713	0.018000000000000002
2457098.7278299998	16.679000000000002	0.018000000000000002
2457099.74815	16.695	0.02
2457100.70973	16.705	0.02
2457101.7666	16.71	0.027999999999999997
2457108.70433	16.706	0.022000000000000002
2457109.6724900003	16.718	0.027000000000000003
2457110.69119	16.695999999999998	0.018000000000000002
2457111.69429	16.694000000000003	0.02
2457112.6934599997	16.692	0.025
2457114.6916799997	16.741	0.021
2457116.67834	16.692	0.026000000000000002
2457118.67506	16.698	0.025
2457120.69306	16.687	0.021
2457125.6472400003	16.706	0.025
2457127.65973	16.706	0.021
2457130.62117	16.707	0.02
2457131.62271	16.737000000000002	0.021
2457134.5850400003	16.725	0.026000000000000002
2457135.59193	16.682000000000002	0.021
2457136.60776	16.639	0.022000000000000002
2457137.5786599996	16.736	0.021
2457138.5866	16.747	0.027999999999999997
2457139.57609	16.683	0.023
2457140.58516	16.718	0.023
2457141.56848	16.703	0.022000000000000002
2457142.6019099997	16.712	0.021
2457143.58183	16.689	0.023
2457144.57448	16.736	0.028999999999999998
2457145.66599	16.722	0.028999999999999998
2457146.57105	16.713	0.027000000000000003
2457147.56014	16.699	0.036000000000000004
2457148.5429700003	16.752	0.04
2457150.56259	16.699	0.027999999999999997
2457150.73954	16.74	0.023
2457151.68913	16.69	0.026000000000000002
2457156.5439400002	16.711	0.022000000000000002
2457157.55304	16.737000000000002	0.022000000000000002
2457159.53889	16.713	0.023
2457160.52277	16.732	0.025
2457161.54341	16.682000000000002	0.02
2457162.5529099996	16.725	0.021
2457163.54214	16.704	0.027000000000000003
2457166.52012	16.736	0.027000000000000003
2457170.5120200003	16.695999999999998	0.023
2457203.69506	16.688	0.025
2457204.68557	16.709	0.025
2457205.67986	16.673	0.027000000000000003
2457230.60955	16.708	0.025
2457233.64767	16.675	0.023
2457260.5310299997	16.724	0.031
2457287.4895900004	16.709	0.027999999999999997
2457412.8605	16.646	0.027999999999999997
2457416.85915	16.660999999999998	0.022000000000000002
2457426.83552	16.694000000000003	0.021
2457429.8206	16.708	0.021
2457434.8179099998	16.734	0.026000000000000002
2457438.79707	16.72	0.02
2457440.79513	16.695	0.022000000000000002
2457443.79991	16.69	0.022000000000000002
2457446.7814700003	16.695999999999998	0.02
2457450.82063	16.701	0.02
2457455.77759	16.703	0.02
2457458.72437	16.680999999999997	0.021
2457465.74401	16.706	0.02
2457472.7442400004	16.721	0.022000000000000002
2457476.7463700003	16.712	0.021
2457485.64842	16.648	0.022000000000000002
2457498.69498	16.741	0.025
2457508.6439900002	16.676	0.018000000000000002
2457560.69231	16.675	0.022000000000000002
2457566.47488	16.652	0.018000000000000002
2457568.5329	16.708	0.022000000000000002
2457787.8661700003	16.685	0.021
2457798.8324	16.715	0.022000000000000002
2457810.78292	16.691	0.021
2457823.7431099997	16.691	0.025
2457828.75987	16.69	0.022000000000000002
2457841.6838700003	16.68	0.023
2457848.6910900003	16.687	0.022000000000000002
2457905.56313	16.683	0.021
2458173.76838	16.715	0.022000000000000002
2458187.90342	16.67	0.018000000000000002
2458216.91752	16.738	0.023
2458513.8499	16.699	0.022000000000000002
2458532.78856	16.633	0.026000000000000002
2458542.8297099997	16.72	0.018000000000000002
2458552.7702200003	16.761	0.025
2458560.76021	16.727999999999998	0.02
2458564.7142	16.714000000000002	0.022000000000000002
2458576.70071	16.754	0.022000000000000002
2458591.66695	16.737000000000002	0.023
2458618.59522	16.73	0.021
2458638.53216	16.721	0.02
2458650.58645	16.687	0.027000000000000003
2458661.48911	16.711	0.021
