2456393.68761	16.073	0.013999999999999999
2456438.75758	16.064	0.015
2456465.73226	16.079	0.015
2456467.7525	16.03	0.018000000000000002
2456494.6705099996	16.1	0.021
2456520.53365	16.078	0.015
2456521.5649	16.076	0.015
2456522.5769700003	16.088	0.013999999999999999
2456739.90941	16.022000000000002	0.012
2456766.89605	15.969000000000001	0.012
2456767.9089900004	15.959000000000001	0.012
2456793.76433	15.833	0.013999999999999999
2456795.75074	15.817	0.012
2456803.61326	15.776	0.013000000000000001
2456822.79238	15.535	0.015
2456849.69152	14.780999999999999	0.011000000000000001
2456877.60043	14.099	0.008
2456904.5746	15.312999999999999	0.012
2456931.52074	15.713	0.013999999999999999
2457060.84416	16.046	0.015
2457061.8294599997	16.057000000000002	0.013999999999999999
2457062.8379	16.05	0.013999999999999999
2457063.81197	16.052	0.015
2457064.83193	16.04	0.013999999999999999
2457065.82076	16.043	0.013999999999999999
2457066.8474	16.053	0.013999999999999999
2457067.81848	16.049	0.015
2457068.83979	16.045	0.013999999999999999
2457069.8301	16.048	0.013999999999999999
2457070.81379	16.055999999999997	0.013000000000000001
2457072.79806	16.054000000000002	0.015
2457074.80822	16.084	0.015
2457075.80412	16.067999999999998	0.013999999999999999
2457076.8031900004	16.058	0.013999999999999999
2457077.7968099997	16.063	0.015
2457078.78163	16.055999999999997	0.016
2457079.7691200003	16.03	0.018000000000000002
2457080.76853	16.084	0.016
2457082.7659400003	16.090999999999998	0.015
2457083.77726	16.090999999999998	0.015
2457084.76657	16.035	0.015
2457085.73905	16.062	0.016
2457086.78703	16.066	0.015
2457087.73401	16.059	0.016
2457089.75475	16.094	0.015
2457090.7694099997	16.059	0.015
2457091.74606	16.098	0.015
2457092.75264	16.076	0.013999999999999999
2457093.74107	16.077	0.015
2457097.7365200003	16.049	0.013999999999999999
2457098.74258	16.037	0.013999999999999999
2457099.76283	16.051	0.013000000000000001
2457100.72434	16.054000000000002	0.013999999999999999
2457108.71914	16.062	0.015
2457109.6888599996	16.055	0.016
2457110.70616	16.09	0.013999999999999999
2457111.70927	16.065	0.013999999999999999
2457112.7091099997	16.078	0.016
2457113.68282	16.08	0.015
2457115.6633	16.077	0.016
2457117.6661	16.061	0.016
2457118.68984	16.047	0.015
2457119.6769	16.084	0.018000000000000002
2457125.66219	16.098	0.015
2457129.66495	16.055	0.015
2457130.63605	16.087	0.015
2457131.63741	16.073	0.015
2457132.62993	16.067	0.016
2457134.61102	16.067	0.016
2457135.62992	16.065	0.013999999999999999
2457136.62271	16.073	0.013999999999999999
2457137.59345	16.067	0.013999999999999999
2457138.60147	16.029	0.018000000000000002
2457139.59089	16.073	0.016
2457140.6000099997	16.096	0.016
2457141.58335	16.047	0.015
2457142.61661	16.063	0.013999999999999999
2457143.5972599997	16.092	0.016
2457144.58922	16.073	0.019
2457146.58616	16.074	0.019
2457147.5879	16.062	0.019
2457148.73112	16.063	0.015
2457150.57741	16.093	0.019
2457150.75477	16.095	0.016
2457152.74142	16.069000000000003	0.015
2457153.57279	16.070999999999998	0.015
2457155.58262	16.035	0.015
2457156.5589400004	16.059	0.013999999999999999
2457157.57165	16.039	0.015
2457158.54922	16.047	0.016
2457159.55529	16.053	0.015
2457160.53793	16.043	0.015
2457161.56218	16.070999999999998	0.013999999999999999
2457163.59461	16.070999999999998	0.015
2457166.5355599998	16.067999999999998	0.018000000000000002
2457169.539	16.053	0.015
2457170.5518099996	16.086	0.015
2457172.53661	16.064	0.021
2457173.50251	16.042	0.024
2457203.7102	16.07	0.016
2457204.7007299997	16.061	0.016
2457205.697	16.076	0.018000000000000002
2457207.4599900004	16.08	0.018000000000000002
2457230.6357299997	16.096	0.015
2457286.5012	16.099	0.02
2457287.50523	16.059	0.019
2457413.84674	16.104	0.018000000000000002
2457425.80852	16.037	0.016
2457427.82597	16.1	0.021
2457433.79783	16.062	0.015
2457436.79178	16.073	0.015
2457439.80512	16.124000000000002	0.015
2457442.7878	16.06	0.015
2457445.79853	16.093	0.016
2457449.7730900003	16.07	0.015
2457453.76196	16.077	0.013000000000000001
2457461.75042	16.08	0.013000000000000001
2457466.73815	16.065	0.018000000000000002
2457473.72305	16.06	0.016
2457479.7633	16.069000000000003	0.015
2457485.6636799998	16.088	0.015
2457500.64854	16.086	0.016
2457560.70947	16.055999999999997	0.016
2457568.4698099997	16.069000000000003	0.015
2457584.48408	16.09	0.016
2457789.88971	16.062	0.019
2457794.8303099996	16.031	0.016
2457802.81257	16.079	0.019
2457824.76195	16.032	0.015
2457834.7766400003	16.075	0.016
2457843.726	16.08	0.015
2457852.6988	16.07	0.018000000000000002
2457906.5586099997	16.063	0.015
2458175.7976	16.064	0.013999999999999999
2458216.8884799997	16.055	0.015
2458513.86703	16.047	0.013999999999999999
2458532.80565	16.052	0.015
2458543.89645	16.064	0.013000000000000001
2458552.78526	16.06	0.013999999999999999
2458561.75386	16.074	0.013999999999999999
2458567.74056	16.053	0.013999999999999999
2458577.69762	16.066	0.016
2458592.71412	16.077	0.016
2458611.80707	16.067999999999998	0.013000000000000001
2458627.57302	16.064	0.013000000000000001
2458641.5340299997	16.065	0.018000000000000002
2458656.5196	16.066	0.013000000000000001
2458707.49652	16.048	0.015
