2456437.66705	18.695	0.16399999999999998
2456438.6768099996	18.848	0.149
2456465.65184	18.746	0.122
2456467.67583	19.154	0.20199999999999999
2456480.45111	19.025	0.391
2456494.5887	18.85	0.196
2456521.48887	18.843	0.127
2456522.49965	18.773	0.14300000000000002
2456695.8425	18.801	0.066
2456705.8377099996	18.968	0.14
2456712.87784	18.855	0.081
2456713.87814	18.807000000000002	0.083
2456716.79355	19.272000000000002	0.1
2456718.79181	18.686	0.09
2456722.78401	18.9	0.08900000000000001
2456738.87722	18.674	0.081
2456739.83578	18.925	0.091
2456740.85244	18.698	0.069
2456742.73862	18.825	0.08199999999999999
2456745.6893	18.855	0.084
2456746.69421	18.919	0.102
2456747.66862	18.932000000000002	0.113
2456748.76536	18.548	0.077
2456749.71111	18.754	0.08
2456759.6588	18.637999999999998	0.1
2456760.65716	18.826	0.085
2456761.64646	18.85	0.087
2456762.66309	19.019000000000002	0.154
2456763.67251	18.722	0.098
2456764.65455	18.72	0.096
2456765.6535799997	18.942	0.128
2456766.82086	18.641	0.08
2456767.8300799998	18.684	0.075
2456769.64543	18.761	0.07
2456770.63398	18.717	0.068
2456771.62334	18.704	0.066
2456772.6274599996	18.768	0.079
2456773.61437	18.715	0.09699999999999999
2456774.6592599996	18.695999999999998	0.099
2456775.61745	18.706	0.057999999999999996
2456776.6115	18.822	0.07400000000000001
2456784.59306	18.745	0.094
2456785.5898700003	18.632	0.086
2456786.6002599997	18.755	0.085
2456789.57118	18.783	0.111
2456790.56678	18.86	0.163
2456791.57043	18.862000000000002	0.159
2456792.57064	18.805	0.15
2456794.74687	18.761	0.161
2456795.67953	18.717	0.102
2456796.56685	18.769000000000002	0.09300000000000001
2456797.56698	18.838	0.111
2456803.54201	18.628	0.086
2456805.54959	18.757	0.109
2456809.52205	18.695999999999998	0.079
2456810.5254599997	18.75	0.107
2456811.52244	18.652	0.08800000000000001
2456814.49791	18.621	0.09699999999999999
2456816.51161	18.62	0.128
2456817.50636	18.836	0.11900000000000001
2456818.4947599997	18.76	0.165
2456819.49932	19.177	0.27399999999999997
2456822.70885	18.811	0.14800000000000002
2456824.47855	18.871	0.151
2456825.48371	18.776	0.10300000000000001
2456826.4914599997	18.783	0.14400000000000002
2456827.4799	19.002	0.13
2456828.4815700003	18.752	0.107
2456829.4821200003	18.698	0.128
2456830.4794099997	18.833	0.109
2456832.4855400003	18.78	0.10099999999999999
2456833.47842	18.783	0.125
2456834.4731799997	18.807000000000002	0.14
2456835.46874	18.663	0.128
2456838.4638099996	18.885	0.126
2456844.4556	18.699	0.217
2456848.62508	18.668	0.105
2456877.53934	18.902	0.2
2457032.8629	18.519000000000002	0.083
2457043.86565	18.697	0.091
2457049.83731	18.73	0.075
2457052.8716599997	18.639	0.075
2457053.8273400003	18.849	0.10800000000000001
2457056.85319	18.793	0.106
2457067.87594	18.859	0.102
2457068.89373	18.777	0.10099999999999999
2457081.78353	18.81	0.1
2457099.7097	18.767	0.084
2457116.62095	18.852999999999998	0.171
2457124.6853	18.71	0.071
2457134.55255	18.915	0.14400000000000002
2457136.57502	18.744	0.092
2457138.54975	18.553	0.128
2457140.55229	18.762999999999998	0.113
2457150.59213	18.614	0.10300000000000001
2457150.6858200002	18.843	0.139
2457160.59094	18.704	0.09
2457173.4740400002	18.727	0.152
2457178.58878	18.748	0.11
2457187.48196	18.845	0.142
2457191.46167	18.76	0.153
2457194.45878	18.705	0.09300000000000001
2457197.4575	18.511	0.13699999999999998
2457199.46175	18.553	0.092
2457203.64003	18.776	0.11900000000000001
2457204.6288900003	18.746	0.11599999999999999
2457205.6255900003	18.863	0.184
2457230.55583	18.588	0.10099999999999999
2457260.4774599997	18.734	0.153
2457397.86613	18.492	0.111
2457409.85264	18.567999999999998	0.076
2457415.83108	18.596	0.087
2457426.8001599996	18.484	0.105
2457431.79539	18.569000000000003	0.077
2457435.8154700003	18.577	0.08
2457438.77446	18.58	0.07400000000000001
2457441.79044	18.532	0.09
2457444.7711099996	18.53	0.08
2457447.78892	18.461	0.061
2457450.7395	18.538	0.102
2457456.77313	18.297	0.069
2457460.74305	18.471	0.079
2457464.77899	18.358	0.068
2457465.6825	18.285	0.068
2457472.70574	18.295	0.09
2457475.70111	18.147000000000002	0.095
2457484.7006	18.367	0.078
2457491.68048	18.045	0.057
2457498.62759	18.095	0.079
2457508.60626	17.817999999999998	0.035
2457546.51896	16.809	0.027000000000000003
2457555.49643	16.980999999999998	0.039
2457560.6331	17.124000000000002	0.035
2457582.6790299998	17.659000000000002	0.048
2457583.47106	17.652	0.063
2457596.49217	17.983	0.048
2457602.50632	18.124000000000002	0.084
2457605.50683	18.026	0.052000000000000005
2457608.5117599997	18.111	0.057999999999999996
2457621.49951	18.257	0.08199999999999999
2457622.50002	18.301	0.071
2457625.5213599997	18.262	0.069
2457626.46835	18.124000000000002	0.121
2457630.46869	18.334	0.198
2457631.48726	18.232	0.065
2457632.48709	18.358	0.066
2457635.49388	18.430999999999997	0.11
2457639.48967	18.46	0.106
2457647.48716	18.331	0.147
2457654.47633	18.817	0.366
2457657.47929	18.317999999999998	0.125
2457784.78358	18.618	0.102
2457791.8492099997	18.754	0.09300000000000001
2457800.7718599997	18.689	0.085
2457815.76145	18.627	0.081
2457825.7006599996	18.845	0.129
2457836.68462	18.705	0.115
2457845.6354099996	18.915	0.162
2457852.65107	18.680999999999997	0.136
2457870.58426	18.737000000000002	0.086
2457902.48606	18.673	0.095
2458167.74767	18.737000000000002	0.09300000000000001
2458512.85461	19.037	0.124
2458523.8445200003	18.811	0.081
2458534.82308	18.855999999999998	0.113
2458541.80345	18.811	0.081
2458549.71126	18.77	0.071
2458555.76558	18.713	0.075
2458559.74602	18.723	0.083
2458563.74225	18.805999999999997	0.11599999999999999
2458567.71247	18.799	0.086
2458577.66979	18.727999999999998	0.08800000000000001
2458591.63453	18.78	0.10300000000000001
2458609.65047	18.813	0.087
2458620.58348	18.804000000000002	0.136
2458638.49862	18.805999999999997	0.099
2458650.55149	18.654	0.136
2458658.51676	18.601	0.067
2458667.46525	18.795	0.132
2458708.5357	18.663	0.08800000000000001
2458843.8462099996	18.687	0.10099999999999999
