2456437.64835	17.19	0.05
2456438.65762	17.285	0.05
2456465.6329	17.292	0.04
2456467.65703	17.215999999999998	0.046
2456478.47945	17.315	0.04
2456494.56588	17.177	0.059000000000000004
2456522.4811299997	17.256	0.052000000000000005
2456693.84256	17.223	0.027000000000000003
2456699.83075	17.242	0.031
2456702.85097	17.334	0.035
2456705.8192	17.299	0.042
2456712.85922	17.276	0.032
2456713.85863	17.205	0.031
2456716.7747299997	17.203	0.028999999999999998
2456718.77322	17.371	0.043
2456722.76537	17.28	0.03
2456724.78018	17.205	0.035
2456732.76009	17.218	0.043
2456738.8585599996	17.241	0.03
2456739.8166799997	17.254	0.028999999999999998
2456740.83362	17.305	0.03
2456742.71925	17.312	0.031
2456744.74675	17.238	0.03
2456745.67069	17.269000000000002	0.032
2456746.67551	17.215	0.036000000000000004
2456747.6501	17.214000000000002	0.037000000000000005
2456748.74435	17.239	0.039
2456749.68309	17.215	0.027000000000000003
2456756.67608	17.203	0.027000000000000003
2456757.6804400003	17.194000000000003	0.042
2456759.6384799997	17.2	0.037000000000000005
2456760.63766	17.215	0.03
2456761.6276	17.24	0.033
2456762.64267	17.208	0.04
2456763.65352	17.212	0.034
2456764.63595	17.187	0.033
2456765.63378	17.187	0.049
2456766.80168	17.225	0.031
2456767.8106299997	17.26	0.03
2456769.6252099997	17.202	0.028999999999999998
2456770.61356	17.249000000000002	0.031
2456771.60415	17.249000000000002	0.028999999999999998
2456772.60832	17.199	0.032
2456773.59516	17.219	0.037000000000000005
2456774.61297	17.2	0.035
2456775.5983599997	17.230999999999998	0.028999999999999998
2456776.59256	17.245	0.032
2456784.57407	17.254	0.042
2456785.5677	17.215999999999998	0.035
2456786.57871	17.22	0.038
2456789.55322	17.259	0.046
2456790.54943	17.208	0.047
2456791.55255	17.229	0.057
2456792.5531099997	17.213	0.048
2456795.66218	17.283	0.038
2456796.54925	17.271	0.038
2456797.5493099997	17.257	0.040999999999999995
2456803.5243	17.272000000000002	0.04
2456804.5237	17.203	0.031
2456805.5320099997	17.217	0.04
2456806.50699	17.309	0.051
2456808.53977	17.315	0.04
2456809.50451	17.213	0.034
2456810.50793	17.207	0.042
2456811.5046900003	17.249000000000002	0.038
2456814.48053	17.29	0.049
2456815.5572200003	17.218	0.049
2456816.4940400003	17.22	0.049
2456817.48289	17.208	0.052000000000000005
2456818.47731	17.262999999999998	0.048
2456819.48185	17.255	0.055999999999999994
2456822.68646	17.168	0.054000000000000006
2456824.4610200003	17.174	0.057999999999999996
2456825.4635799997	17.255	0.04
2456826.46994	17.219	0.05
2456827.46146	17.227999999999998	0.042
2456828.4616099996	17.293	0.054000000000000006
2456829.46417	17.244	0.047
2456830.4645700003	17.255	0.059000000000000004
2456832.45635	17.248	0.048
2456833.46105	17.234	0.053
2456834.45566	17.188	0.063
2456835.45617	17.246	0.071
2456836.46226	17.209	0.05
2456839.45985	17.24	0.05
2456849.5241	17.264	0.061
2457032.84554	17.115	0.033
2457043.8487400003	17.109	0.034
2457048.84717	17.065	0.032
2457052.8547	17.069000000000003	0.027999999999999997
2457056.83616	17.070999999999998	0.031
2457068.77526	17.062	0.028999999999999998
2457081.8084400003	17.047	0.034
2457101.70653	17.136	0.035
2457109.63695	16.953	0.037000000000000005
2457117.6194	16.98	0.035
2457175.49969	16.811	0.037000000000000005
2457177.67345	16.825	0.038
2457178.57127	16.866	0.027000000000000003
2457188.49245	16.86	0.039
2457189.47113	16.832	0.028999999999999998
2457190.46361	16.852999999999998	0.031
2457192.47989	16.808	0.026000000000000002
2457195.49896	16.837	0.024
2457198.47165	16.871	0.034
2457203.62262	16.84	0.036000000000000004
2457204.61118	16.788	0.031
2457205.60739	16.77	0.036000000000000004
2457230.5389400003	16.814	0.03
2457383.85418	17.039	0.036000000000000004
2457385.85043	17.137	0.046
2457390.84167	17.092	0.033
2457397.84913	17.112000000000002	0.036000000000000004
2457407.87292	17.055999999999997	0.042
2457412.83377	17.105	0.047
2457415.8143700003	17.085	0.038
2457426.78359	17.055999999999997	0.035
2457431.7548700003	17.141	0.034
2457435.79085	17.167	0.034
2457439.7614700003	17.165	0.035
2457442.76521	17.184	0.036000000000000004
2457445.75496	17.288	0.05
2457449.73895	17.148	0.039
2457452.78769	17.134	0.03
2457458.69129	17.213	0.035
2457460.7332099997	17.186	0.033
2457460.7568900003	17.169	0.037000000000000005
2457460.77888	17.171	0.032
2457461.65498	17.169	0.032
2457461.68242	17.176	0.028999999999999998
2457461.70849	17.173	0.027999999999999997
2457461.73382	17.169	0.028999999999999998
2457462.66984	17.184	0.035
2457462.6978599997	17.179000000000002	0.033
2457462.7115700003	17.188	0.031
2457462.7221	17.156	0.028999999999999998
2457462.7463	17.187	0.033
2457464.72643	17.173	0.031
2457464.7658	17.178	0.037000000000000005
2457464.79456	17.165	0.032
2457465.66144	17.171	0.035
2457467.67509	17.134	0.04
2457467.74922	17.157	0.033
2457470.69937	17.125	0.046
2457473.6962099997	17.147000000000002	0.035
2457479.73531	17.152	0.034
2457481.56054	17.178	0.035
2457481.58695	17.162	0.037000000000000005
2457481.61359	17.179000000000002	0.039
2457485.57876	17.168	0.035
2457485.5962799997	17.184	0.036000000000000004
2457485.61066	17.16	0.035
2457485.62383	17.172	0.033
2457492.64413	17.137999999999998	0.034
2457495.57902	17.197	0.044000000000000004
2457495.67674	17.171	0.033
2457498.61018	17.171	0.055
2457498.64327	17.185	0.051
2457498.6672400003	17.164	0.047
2457499.59937	17.182000000000002	0.038
2457499.65175	17.2	0.039
2457500.63087	17.172	0.040999999999999995
2457508.51463	17.164	0.032
2457508.57089	17.173	0.03
2457508.59589	17.177	0.03
2457508.6200200003	17.168	0.028999999999999998
2457509.54226	17.156	0.035
2457511.51142	17.164	0.034
2457511.5822099997	17.17	0.031
2457511.66902	17.165	0.028999999999999998
2457530.6083400003	17.148	0.040999999999999995
2457536.50047	17.171	0.034
2457554.51907	17.186	0.046
2457560.6134900004	17.209	0.05
2457792.80766	17.291	0.04
2457801.75335	17.283	0.043
2457815.74462	17.276	0.034
2457825.68379	17.199	0.040999999999999995
2457836.66756	17.254	0.052000000000000005
2457846.6371	17.271	0.039
2457856.67334	17.278	0.048
2457895.4674	17.254	0.047
2458139.85408	17.314	0.048
2458165.75613	17.333	0.035
2458215.72672	17.248	0.046
2458512.83775	17.347	0.039
2458521.85517	17.258	0.032
2458534.80559	17.323	0.039
2458541.78237	17.317999999999998	0.033
2458549.6941299997	17.344	0.035
2458555.74808	17.279	0.033
2458559.72892	17.289	0.034
2458563.72468	17.336	0.042
2458567.69261	17.325	0.034
2458579.6173799997	17.334	0.040999999999999995
2458593.6384	17.334	0.071
2458614.61026	17.403	0.049
2458621.64426	17.394000000000002	0.063
2458640.5022299998	17.333	0.04
2458646.53833	17.314	0.047
2458657.51647	17.26	0.032
2458666.47211	17.28	0.037000000000000005
2458705.49877	17.297	0.042
2458706.5314700003	17.268	0.042
2458708.49921	17.304000000000002	0.035
2458842.85841	17.309	0.049
