2456357.8670099997	19.354	0.154
2456429.5619	19.496	0.16899999999999998
2456437.6211599996	20.910999999999998	1.263
2456438.6312599997	19.211	0.248
2456465.60425	19.235	0.193
2456478.45249	18.945999999999998	0.28
2456500.4734099996	19.391	0.292
2456686.86666	19.569000000000003	0.18100000000000002
2456691.85133	19.169	0.10800000000000001
2456693.8173	19.482	0.14
2456697.83227	19.301	0.11599999999999999
2456699.80515	19.307000000000002	0.134
2456700.84242	19.283	0.132
2456702.82276	19.44	0.205
2456705.79324	19.447	0.23600000000000002
2456706.7878900003	19.249000000000002	0.149
2456709.82229	19.142	0.114
2456712.83388	19.327	0.14800000000000002
2456713.83233	19.467	0.163
2456715.80574	19.399	0.129
2456718.74664	19.734	0.294
2456720.77286	19.472	0.152
2456722.7393	19.051	0.105
2456724.75336	19.593	0.21100000000000002
2456726.7573599997	19.192	0.113
2456732.73344	19.805	0.295
2456736.7387599996	19.625999999999998	0.263
2456738.77372	19.894000000000002	0.233
2456739.79127	19.364	0.129
2456740.80808	19.785999999999998	0.193
2456741.8021	19.714000000000002	0.217
2456742.69257	19.391	0.16699999999999998
2456744.72102	19.347	0.145
2456745.64531	19.649	0.21100000000000002
2456746.65001	19.495	0.272
2456747.6244799998	19.879	0.381
2456748.71857	19.402	0.134
2456750.74384	19.345	0.134
2456751.69577	19.317	0.11900000000000001
2456752.69039	19.17	0.10800000000000001
2456754.6845299997	19.612000000000002	0.248
2456756.6496200003	19.335	0.12300000000000001
2456757.64591	19.759	0.426
2456759.61248	19.188	0.158
2456760.61192	19.651	0.20199999999999999
2456761.6013700003	19.475	0.17600000000000002
2456762.61348	19.34	0.218
2456763.62243	19.939	0.331
2456764.60791	19.334	0.179
2456765.60456	19.428	0.223
2456766.77526	19.133	0.12300000000000001
2456767.78107	19.418	0.184
2456769.5975	19.317999999999998	0.134
2456770.58759	19.552	0.16399999999999998
2456771.57757	19.519000000000002	0.14800000000000002
2456772.58215	19.225	0.13699999999999998
2456773.5691	19.378	0.23800000000000002
2456774.58684	19.105	0.136
2456775.57235	19.778	0.239
2456776.5666099996	19.377	0.175
2456784.5465	19.247	0.166
2456785.5432599997	19.328	0.154
2456786.55447	19.36	0.188
2456789.52925	19.49	0.23800000000000002
2456790.52536	19.295	0.254
2456791.52861	19.307000000000002	0.242
2456792.52899	19.391	0.272
2456793.7083400004	19.199	0.20199999999999999
2456794.72088	19.217	0.248
2456795.6372700003	19.403	0.188
2456796.52526	19.253	0.149
2456797.52536	19.37	0.248
2456800.5140299997	19.691	0.38799999999999996
2456803.50018	19.592	0.212
2456804.49976	18.993	0.114
2456805.508	19.229	0.163
2456806.4823	19.685	0.309
2456808.5155700003	19.387	0.188
2456809.48041	19.381	0.17600000000000002
2456810.48177	19.329	0.23
2456811.48055	19.482	0.2
2456814.45638	18.78	0.166
2456815.53139	20.381	0.6829999999999999
2456816.46869	19.631	0.45
2456817.4588	19.329	0.266
2456818.45261	19.5	0.34299999999999997
2456819.45765	19.269000000000002	0.307
2456822.6535400003	19.602999999999998	0.33
2456823.6668700003	19.082	0.158
2456849.49	19.272000000000002	0.318
2457031.8528400003	19.199	0.163
2457041.81679	19.687	0.28600000000000003
2457048.87343	19.208	0.13699999999999998
2457052.83102	19.393	0.132
2457056.81319	19.227999999999998	0.142
2457086.69781	19.589000000000002	0.27399999999999997
2457114.62607	19.644000000000002	0.259
2457130.5876	19.26	0.142
2457176.67234	19.471	0.259
2457177.6397599997	19.575	0.235
2457178.5458	19.118	0.136
2457203.5980700003	19.328	0.292
2457204.58726	19.303	0.20600000000000002
2457205.58277	19.046	0.22
2457382.84534	19.078	0.196
2457383.8278200002	19.492	0.247
2457385.82529	19.722	0.319
2457390.81908	19.174	0.184
2457397.8262	19.453	0.179
2457407.8473900002	19.441	0.233
2457410.85909	19.248	0.294
2457414.8195700003	19.651	0.337
2457425.77189	19.077	0.142
2457430.81941	19.714000000000002	0.24100000000000002
2457434.7868	19.373	0.191
2457437.76764	19.514	0.17300000000000001
2457440.76329	19.474	0.242
2457443.74853	19.569000000000003	0.22899999999999998
2457446.7496599997	19.252	0.11900000000000001
2457450.7151200003	19.114	0.14800000000000002
2457455.74511	19.340999999999998	0.17
2457460.7201900003	19.219	0.157
2457465.63381	19.584	0.203
2457467.73115	19.432000000000002	0.16699999999999998
2457473.66986	19.347	0.19
2457476.70658	19.336	0.158
2457484.65925	19.369	0.251
2457488.6456400002	19.505	0.20199999999999999
2457495.61395	19.328	0.17
2457508.5821700003	19.338	0.125
2457530.56887	19.058	0.21100000000000002
2457547.49656	19.754	0.289
2457560.58666	19.436	0.268
2457765.86827	18.865	0.179
2457771.87518	18.636	0.11900000000000001
2457778.8533900003	18.83	0.096
2457780.88095	18.855999999999998	0.179
2457794.77384	18.846	0.136
2457803.7310099998	18.465999999999998	0.08
2457813.799	18.456	0.08
2457822.67393	18.44	0.092
2457828.62469	18.079	0.077
2457842.64029	17.868	0.06
2457849.63209	17.598	0.047
2457867.5924	17.275	0.036000000000000004
2457894.4654099997	18.045	0.065
2458133.82113	19.315	0.16399999999999998
2458160.78597	19.36	0.14300000000000002
2458214.69591	19.303	0.179
2458270.66926	19.452	0.284
2458511.8135	20.248	0.49200000000000005
2458519.86662	19.189	0.113
2458528.82501	19.232	0.185
2458535.81207	19.468	0.214
2458542.90287	19.21	0.172
2458550.77196	19.49	0.134
2458555.7241	19.367	0.14300000000000002
2458559.70503	19.439	0.166
2458563.70106	19.541	0.253
2458567.66926	19.416	0.14300000000000002
2458577.6262	19.437	0.22399999999999998
2458587.58828	19.547	0.242
2458595.60358	19.435	0.24100000000000002
2458613.61187	19.945	0.322
2458619.58634	19.516	0.271
2458627.5059700003	19.352	0.152
2458641.48667	19.85	0.423
2458647.4848599997	19.511	0.284
2458660.48616	19.41	0.196
2458663.5478	19.355	0.244
2458705.47415	19.522000000000002	0.33899999999999997
2458706.49457	19.476	0.23600000000000002
2458708.47571	19.205	0.151
2458842.83549	19.459	0.196
