2456631.71962	16.901	0.018000000000000002
2456651.71349	16.849	0.018000000000000002
2456676.69361	16.897000000000002	0.021
2456683.6147	16.937	0.023
2456685.6263900003	16.899	0.021
2456920.8520299997	16.905	0.026000000000000002
2456921.88814	16.933	0.02
2456924.8749599997	16.899	0.021
2456925.8615	16.910999999999998	0.022000000000000002
2456927.8790599997	16.866	0.021
2456930.8849400003	16.904	0.022000000000000002
2456938.89159	16.879	0.044000000000000004
2456949.88066	16.893	0.023
2456957.87627	16.829	0.027000000000000003
2456965.8722599996	16.889	0.025
2456975.86327	16.901	0.026000000000000002
2456978.85819	16.872	0.022000000000000002
2456981.73815	16.915	0.026000000000000002
2456983.83098	16.873	0.021
2456986.8439	16.861	0.025
2456987.8664599997	16.857	0.028999999999999998
2456988.86468	16.925	0.033
2456990.84107	16.907	0.027000000000000003
2456992.85523	16.901	0.025
2456994.75206	16.87	0.023
2456996.72448	16.872	0.031
2456997.71514	16.881	0.037000000000000005
2457004.70737	16.846	0.025
2457005.77007	16.895	0.025
2457007.79468	16.904	0.023
2457008.7075799997	16.909000000000002	0.022000000000000002
2457010.71848	16.922	0.022000000000000002
2457011.6658	16.877	0.022000000000000002
2457013.70858	16.907	0.026000000000000002
2457015.70505	16.872	0.022000000000000002
2457017.7135	16.891	0.023
2457019.70745	16.897000000000002	0.021
2457021.70553	16.916	0.023
2457023.70964	16.927	0.026000000000000002
2457031.69246	16.916	0.023
2457033.70884	16.897000000000002	0.027000000000000003
2457035.68789	16.928	0.023
2457037.68437	16.874000000000002	0.022000000000000002
2457039.67616	16.887	0.021
2457041.66654	16.949	0.025
2457043.66212	16.882	0.025
2457045.66456	16.938	0.027000000000000003
2457047.6570200003	16.922	0.027000000000000003
2457049.65559	16.886	0.021
2457051.6337200003	16.873	0.023
2457059.621	16.894000000000002	0.027999999999999997
2457061.60101	16.879	0.027000000000000003
2457064.65278	16.877	0.02
2457066.63114	16.87	0.023
2457069.60421	16.902	0.021
2457071.60288	16.902	0.021
2457074.61267	16.88	0.023
2457076.59636	16.893	0.021
2457078.57994	16.909000000000002	0.027000000000000003
2457084.5734200003	16.865	0.027999999999999997
2457086.56895	16.897000000000002	0.028999999999999998
2457088.56039	16.905	0.025
2457090.56226	16.896	0.025
2457093.55234	16.903	0.026000000000000002
2457098.53638	16.87	0.022000000000000002
2457100.54534	16.864	0.028999999999999998
2457102.51497	16.887	0.025
2457104.51533	16.864	0.02
2457111.49412	16.941	0.04
2457115.48203	16.869	0.034
2457126.4734799997	16.864	0.028999999999999998
2457308.86769	16.882	0.027000000000000003
2457317.82923	16.887999999999998	0.027000000000000003
2457318.85791	16.895	0.021
2457320.8558900002	16.882	0.027999999999999997
2457322.83421	16.88	0.037000000000000005
2457330.83273	16.952	0.027000000000000003
2457331.81296	16.941	0.027000000000000003
2457332.82398	16.877	0.022000000000000002
2457333.81282	16.91	0.023
2457334.81163	16.861	0.023
2457336.83311	16.914	0.027999999999999997
2457337.79753	16.91	0.028999999999999998
2457338.84357	16.910999999999998	0.026000000000000002
2457339.82888	16.885	0.022000000000000002
2457340.80747	16.843	0.021
2457341.8048900003	16.884	0.023
2457342.81424	16.883	0.022000000000000002
2457344.80338	16.887	0.025
2457345.8078400004	16.892	0.023
2457346.8067	16.881	0.022000000000000002
2457348.8108599996	16.878	0.025
2457357.7752	16.933	0.027000000000000003
2457360.74162	16.892	0.023
2457361.75532	16.919	0.022000000000000002
2457362.82035	16.92	0.021
2457363.79793	16.906	0.02
2457364.80938	16.91	0.023
2457371.73961	16.891	0.025
2457375.77204	16.921	0.025
2457376.73332	16.907	0.025
2457377.70859	16.869	0.025
2457378.72031	16.914	0.025
2457399.65827	16.86	0.023
2457403.67638	16.88	0.022000000000000002
2457406.66748	16.868	0.034
2457412.64034	16.903	0.033
2457416.62216	16.843	0.023
2457428.61968	16.9	0.02
2457439.53934	16.868	0.04
2457442.54643	16.904	0.026000000000000002
2457446.54252	16.86	0.021
2457450.56677	16.922	0.022000000000000002
2457454.51138	16.909000000000002	0.031
2457455.56816	16.896	0.027999999999999997
2457458.50635	16.896	0.027999999999999997
2457471.5128099998	16.951	0.033
2457481.48282	16.837	0.023
2457487.4849400003	16.887	0.031
2457701.79525	15.937000000000001	0.012
2457704.77357	15.978	0.015
2457713.77049	16.154	0.015
2457714.8344099997	16.189	0.018000000000000002
2457717.8056	16.205	0.015
2457719.85311	16.294	0.016
2457720.81988	16.292	0.015
2457724.7820599996	16.317	0.016
2457734.74821	16.447	0.025
2457735.71687	16.467	0.025
2457742.72493	16.558	0.02
2457747.74659	16.587	0.022000000000000002
2457756.6984099997	16.65	0.022000000000000002
2457757.7022599997	16.65	0.022000000000000002
2457760.66133	16.678	0.021
2457762.6775	16.685	0.025
2457767.6921099997	16.68	0.037000000000000005
2457770.7047	16.734	0.025
2457774.65886	16.73	0.022000000000000002
2457779.66328	16.787	0.018000000000000002
2457840.48745	16.875999999999998	0.037000000000000005
2458083.73576	16.891	0.023
2458098.7524599996	16.875999999999998	0.022000000000000002
2458109.78197	16.891	0.021
2458116.81745	16.924	0.027000000000000003
2458409.84164	16.906	0.022000000000000002
2458471.6817900003	16.924	0.026000000000000002
2458479.68989	16.886	0.022000000000000002
2458490.71594	16.9	0.022000000000000002
2458491.72677	16.867	0.02
2458495.7274700003	16.902	0.023
2458498.6872799997	16.942999999999998	0.021
2458533.6368299997	16.845	0.027000000000000003
2458542.6118900003	16.882	0.021
2458574.5384299997	16.866	0.027999999999999997
2458588.47711	16.921	0.037000000000000005
2458796.84633	16.903	0.022000000000000002
2458801.8520400003	16.831	0.087
2458804.83415	16.925	0.10300000000000001
2458811.80318	16.87	0.031
2458817.84825	16.89	0.021
2458822.7829400003	16.897000000000002	0.023
2458824.79434	16.910999999999998	0.025
2458826.7917400002	16.915	0.026000000000000002
2458832.83198	16.908	0.037000000000000005
2458836.75755	16.941	0.022000000000000002
2458844.77525	16.88	0.02
